,timestamp,bkr_price_long,bkr_price_short,psize_long,pprice_long,psize_short,pprice_short,price,closest_bkr_long,closest_bkr_short,balance_long,balance_short,equity_long,equity_short,wallet_exposure_long,wallet_exposure_short
0,1619827201000.0,0.0,0.0,0.0,0.0,0.0,0.0,18.231,1.0,1.0,1050.0,1050.0,1050.0,1050.0,0.0,0.0
1,1619830801000.0,0.0,0.0,0.0,0.0,0.0,0.0,18.311,1.0,1.0,1050.0,1050.0,1050.0,1050.0,0.0,0.0
2,1619834401000.0,0.0,0.0,0.0,0.0,0.0,0.0,18.264,1.0,1.0,1050.0,1050.0,1050.0,1050.0,0.0,0.0
3,1619838001000.0,0.0,0.0,0.0,0.0,0.0,0.0,18.468,1.0,1.0,1050.0,1050.0,1050.0,1050.0,0.0,0.0
4,1619841601000.0,0.0,0.0,0.0,0.0,0.0,0.0,18.538,1.0,1.0,1050.0,1050.0,1050.0,1050.0,0.0,0.0
5,1619845201000.0,0.0,0.0,0.0,0.0,0.0,0.0,18.382,1.0,1.0,1050.0,1050.0,1050.0,1050.0,0.0,0.0
6,1619848801000.0,0.0,0.0,0.0,0.0,0.0,0.0,18.39,1.0,1.0,1050.0,1050.0,1050.0,1050.0,0.0,0.0
7,1619852401000.0,0.0,0.0,0.1,18.304,0.0,0.0,18.299,1.0,1.0,1049.99981696,1050.0,1049.99931696,1050.0,0.0017432383991260539,0.0
8,1619856001000.0,0.0,0.0,0.1,18.304,0.0,0.0,18.201,1.0,1.0,1049.99981696,1050.0,1049.9895169600002,1050.0,0.0017432383991260539,0.0
9,1619859601000.0,0.0,0.0,0.1,18.304,0.0,0.0,17.91,1.0,1.0,1049.99981696,1050.0,1049.9604169600002,1050.0,0.0017432383991260539,0.0
10,1619863201000.0,0.0,0.0,0.2,18.083,0.0,0.0,17.861,1.0,1.0,1049.99963834,1050.0,1049.95523834,1050.0,0.0034443821387573756,0.0
11,1619866801000.0,0.0,0.0,0.2,18.083,0.0,0.0,17.946,1.0,1.0,1049.99963834,1050.0,1049.97223834,1050.0,0.0034443821387573756,0.0
12,1619870401000.0,0.0,0.0,0.2,18.083,0.0,0.0,18.019,1.0,1.0,1049.99963834,1050.0,1049.98683834,1050.0,0.0034443821387573756,0.0
13,1619874001000.0,0.0,0.0,0.2,18.083,0.0,0.0,17.973,1.0,1.0,1049.99963834,1050.0,1049.97763834,1050.0,0.0034443821387573756,0.0
14,1619877601000.0,0.0,0.0,0.2,18.083,0.0,0.0,17.958,1.0,1.0,1049.99963834,1050.0,1049.97463834,1050.0,0.0034443821387573756,0.0
15,1619881201000.0,0.0,0.0,0.2,18.083,0.0,0.0,17.872,1.0,1.0,1049.99963834,1050.0,1049.95743834,1050.0,0.0034443821387573756,0.0
16,1619884801000.0,0.0,0.0,0.2,18.083,0.0,0.0,17.987,1.0,1.0,1049.99963834,1050.0,1049.98043834,1050.0,0.0034443821387573756,0.0
17,1619888401000.0,0.0,0.0,0.2,18.083,0.0,0.0,18.178,1.0,1.0,1049.99963834,1050.0,1050.01863834,1050.0,0.0034443821387573756,0.0
18,1619892001000.0,0.0,0.0,0.1,18.335,0.0,0.0,18.336,1.0,1.0,1050.0344255,1050.0,1050.0345255,1050.0,0.0017461332271338948,0.0
19,1619895601000.0,0.0,0.0,0.1,18.46,0.0,0.0,18.393,1.0,1.0,1050.0460563499998,1050.0,1050.03935635,1050.0,0.0017580181258113254,0.0
20,1619899201000.0,0.0,0.0,0.1,18.46,0.0,0.0,18.291,1.0,1.0,1050.0460563499998,1050.0,1050.0291563499998,1050.0,0.0017580181258113254,0.0
21,1619902801000.0,0.0,0.0,0.1,18.46,0.0,0.0,18.418,1.0,1.0,1050.0460563499998,1050.0,1050.0418563499998,1050.0,0.0017580181258113254,0.0
22,1619906401000.0,0.0,0.0,0.1,18.46,0.0,0.0,18.03,1.0,1.0,1050.0460563499998,1050.0,1050.00305635,1050.0,0.0017580181258113254,0.0
23,1619910001000.0,0.0,0.0,0.2,18.237000000000002,0.0,0.0,18.168,1.0,1.0,1050.0458762099997,1050.0,1050.0320762099998,1050.0,0.003473562520110839,0.0
24,1619913601000.0,0.0,0.0,0.2,18.237000000000002,0.0,0.0,18.211,1.0,1.0,1050.0458762099997,1050.0,1050.0406762099997,1050.0,0.003473562520110839,0.0
25,1619917201000.0,0.0,0.0,0.2,18.237000000000002,0.0,0.0,18.32,1.0,1.0,1050.0458762099997,1050.0,1050.0624762099997,1050.0,0.003473562520110839,0.0
26,1619920801000.0,0.0,0.0,0.2,18.237000000000002,0.0,0.0,18.162,1.0,1.0,1050.0458762099997,1050.0,1050.0308762099996,1050.0,0.003473562520110839,0.0
27,1619924401000.0,0.0,0.0,0.2,18.237000000000002,0.0,0.0,18.228,1.0,1.0,1050.0458762099997,1050.0,1050.0440762099997,1050.0,0.003473562520110839,0.0
28,1619928001000.0,0.0,0.0,0.5,17.970000000000002,0.0,0.0,17.715,1.0,1.0,1050.0453424499997,1050.0,1049.9178424499996,1050.0,0.008556773347554602,0.0
29,1619931601000.0,0.0,0.0,1.2,17.705166666666667,0.0,0.0,17.733,1.0,1.0,1050.0441163299997,1050.0,1050.0775163299998,1050.0,0.020233626063500466,0.0
30,1619935201000.0,0.0,0.0,1.2,17.705166666666667,0.0,0.0,17.645,1.0,1.0,1050.0441163299997,1050.0,1049.9719163299997,1050.0,0.020233626063500466,0.0
31,1619938801000.0,0.0,0.0,1.2,17.705166666666667,0.0,0.0,17.488,1.0,1.0,1050.0441163299997,1050.0,1049.7835163299997,1050.0,0.020233626063500466,0.0
32,1619942401000.0,0.0,0.0,2.8,17.430214285714285,0.0,0.0,17.367,1.0,1.0,1050.0413604899998,1050.0,1049.8643604899999,1050.0,0.04647874058715689,0.0
33,1619946001000.0,0.0,0.0,2.8,17.430214285714285,0.0,0.0,17.035,1.0,1.0,1050.0413604899998,1050.0,1048.9347604899997,1050.0,0.04647874058715689,0.0
34,1619949601000.0,0.0,0.0,6.5,17.118153846153845,0.0,0.0,17.077,1.0,1.0,1050.0351141499998,1050.0,1049.7676141499999,1050.0,0.10596598009017165,0.0
35,1619953201000.0,0.0,0.0,0.1,17.234,0.0,0.0,17.268,1.0,1.0,1050.750742309998,1050.0,1050.754142309998,1050.0,0.001640160630494757,0.0
36,1619956801000.0,0.0,0.0,0.1,17.35,0.0,0.0,17.375,1.0,1.0,1050.761695339998,1050.0,1050.764195339998,1050.0,0.0016511831442795424,0.0
37,1619960401000.0,0.0,0.0,0.1,17.35,0.0,0.0,17.399,1.0,1.0,1050.761695339998,1050.0,1050.7665953399978,1050.0,0.0016511831442795424,0.0
38,1619964001000.0,0.0,0.0,0.1,17.35,0.0,0.0,17.318,1.0,1.0,1050.761695339998,1050.0,1050.7584953399978,1050.0,0.0016511831442795424,0.0
39,1619967601000.0,0.0,0.0,0.1,17.493,0.0,0.0,17.505,1.0,1.0,1050.772745769998,1050.0,1050.773945769998,1050.0,0.0016647748117202322,0.0
40,1619971201000.0,0.0,0.0,0.1,17.493,0.0,0.0,17.479,1.0,1.0,1050.772745769998,1050.0,1050.7713457699979,1050.0,0.0016647748117202322,0.0
41,1619974801000.0,0.0,0.0,0.1,17.493,0.0,0.0,17.402,1.0,1.0,1050.772745769998,1050.0,1050.763645769998,1050.0,0.0016647748117202322,0.0
42,1619978401000.0,0.0,0.0,0.1,17.493,0.0,0.0,17.483,1.0,1.0,1050.772745769998,1050.0,1050.771745769998,1050.0,0.0016647748117202322,0.0
43,1619982001000.0,0.0,0.0,0.1,17.493,0.0,0.0,17.571,1.0,1.0,1050.772745769998,1050.0,1050.780545769998,1050.0,0.0016647748117202322,0.0
44,1619985601000.0,0.0,0.0,0.1,17.493,0.0,0.0,17.523,1.0,1.0,1050.772745769998,1050.0,1050.775745769998,1050.0,0.0016647748117202322,0.0
45,1619989201000.0,0.0,0.0,0.1,17.61,0.0,0.0,17.587,1.0,1.0,1050.783893589998,1050.0,1050.7815935899978,1050.0,0.0016758916945172737,0.0
46,1619992801000.0,0.0,0.0,0.1,17.61,0.0,0.0,17.463,1.0,1.0,1050.783893589998,1050.0,1050.769193589998,1050.0,0.0016758916945172737,0.0
47,1619996401000.0,0.0,0.0,0.2,17.3975,0.0,0.0,17.211,1.0,1.0,1050.7837217399979,1050.0,1050.746421739998,1050.0,0.003311337935686974,0.0
48,1620000001000.0,0.0,0.0,0.2,17.3975,0.0,0.0,17.346,1.0,1.0,1050.7837217399979,1050.0,1050.773421739998,1050.0,0.003311337935686974,0.0
49,1620003601000.0,0.0,0.0,0.1,17.64,0.0,0.0,17.66,1.0,1.0,1050.8172435699978,1050.0,1050.8192435699978,1050.0,0.0016786934272291425,0.0
50,1620007201000.0,0.0,0.0,0.1,17.64,0.0,0.0,17.74,1.0,1.0,1050.8172435699978,1050.0,1050.8272435699978,1050.0,0.0016786934272291425,0.0
51,1620010801000.0,0.0,0.0,0.1,17.758,0.0,0.0,17.757,1.0,1.0,1050.8284884299978,1050.0,1050.8283884299979,1050.0,0.001689904698580407,0.0
52,1620014401000.0,0.0,0.0,0.1,17.758,0.0,0.0,17.769,1.0,1.0,1050.8284884299978,1050.0,1050.8295884299978,1050.0,0.001689904698580407,0.0
53,1620018001000.0,0.0,0.0,0.1,17.758,0.0,0.0,17.666,1.0,1.0,1050.8284884299978,1050.0,1050.8192884299979,1050.0,0.001689904698580407,0.0
54,1620021601000.0,0.0,0.0,0.1,17.758,0.0,0.0,17.862,1.0,1.0,1050.8284884299978,1050.0,1050.8388884299977,1050.0,0.001689904698580407,0.0
55,1620025201000.0,0.0,0.0,0.1,17.875,0.0,0.0,17.909,1.0,1.0,1050.839730939998,1050.0,1050.843130939998,1050.0,0.0017010205718059825,0.0
56,1620028801000.0,0.0,0.0,0.1,18.008,0.0,0.0,18.042,1.0,1.0,1050.851070939998,1050.0,1050.854470939998,1050.0,0.0017136586237564229,0.0
57,1620032401000.0,0.0,0.0,0.1,18.127,0.0,0.0,18.141,1.0,1.0,1050.8625084099979,1050.0,1050.863908409998,1050.0,0.0017249640038473695,0.0
58,1620036001000.0,0.0,0.0,0.1,18.547,0.0,0.0,18.42,1.0,1.0,1050.8974036299978,1050.0,1050.8847036299978,1050.0,0.0017648725685243075,0.0
59,1620039601000.0,0.0,0.0,0.1,18.937,0.0,0.0,19.024,1.0,1.0,1050.9329754199978,1050.0,1050.9416754199979,1050.0,0.0018019227146652207,0.0
60,1620043201000.0,0.0,0.0,0.1,19.065,0.0,0.0,19.082,1.0,1.0,1050.944994159998,1050.0,1050.946694159998,1050.0,0.0018140816223439292,0.0
61,1620046801000.0,0.0,0.0,0.1,19.198,0.0,0.0,18.856,1.0,1.0,1050.9571102799982,1050.0,1050.9229102799982,1050.0,0.001826715839515585,0.0
62,1620050401000.0,0.0,0.0,1.2,18.41191666666667,0.0,0.0,18.289,1.0,1.0,1050.9550928299984,1050.0,1050.8075928299984,1050.0,0.021023067636986043,0.0
63,1620054001000.0,0.0,0.0,0.1,18.662,0.0,0.0,18.572,1.0,1.0,1051.1098103099982,1050.0,1051.1008103099982,1050.0,0.0017754567426686006,0.0
64,1620057601000.0,0.0,0.0,0.1,18.662,0.0,0.0,18.507,1.0,1.0,1051.1098103099982,1050.0,1051.0943103099983,1050.0,0.0017754567426686006,0.0
65,1620061201000.0,0.0,0.0,0.1,18.8,0.0,0.0,18.742,1.0,1.0,1051.121634469998,1050.0,1051.1158344699982,1050.0,0.0017885656030169556,0.0
66,1620064801000.0,0.0,0.0,0.1,19.059,0.0,0.0,19.01,1.0,1.0,1051.1455748699982,1050.0,1051.1406748699983,1050.0,0.0018131646515619066,0.0
67,1620068401000.0,0.0,0.0,0.1,19.059,0.0,0.0,19.004,1.0,1.0,1051.1455748699982,1050.0,1051.1400748699982,1050.0,0.0018131646515619066,0.0
68,1620072001000.0,0.0,0.0,0.1,19.059,0.0,0.0,18.844,1.0,1.0,1051.1455748699982,1050.0,1051.1240748699981,1050.0,0.0018131646515619066,0.0
69,1620075601000.0,0.0,0.0,0.5,18.553,0.0,0.0,18.487,1.0,1.0,1051.144837809998,1050.0,1051.1118378099982,1050.0,0.008825139663271404,0.0
70,1620079201000.0,0.0,0.0,0.3,18.553,0.0,0.0,18.678,1.0,1.0,1051.1688643099978,1050.0,1051.2063643099978,1050.0,0.005294962768568621,0.0
71,1620082801000.0,0.0,0.0,0.1,18.9,0.0,0.0,18.95,1.0,1.0,1051.2466353099985,1050.0,1051.2516353099986,1050.0,0.0017978654451937096,0.0
72,1620086401000.0,0.0,0.0,0.1,18.9,0.0,0.0,18.896,1.0,1.0,1051.2466353099985,1050.0,1051.2462353099986,1050.0,0.0017978654451937096,0.0
73,1620090001000.0,0.0,0.0,6.5,17.523246153846152,0.0,0.0,17.379,1.0,1.0,1051.2354341999985,1050.0,1050.2978341999985,1050.0,0.10834975334205696,0.0
74,1620093601000.0,0.0,0.0,0.1,17.834,0.0,0.0,17.739,1.0,1.0,1052.5301351099974,1050.0,1052.5206351099976,1050.0,0.0016943932914696273,0.0
75,1620097201000.0,0.0,0.0,0.2,17.619,0.0,0.0,17.408,1.0,1.0,1052.5299610699974,1050.0,1052.4877610699973,1050.0,0.0033479331993720354,0.0
76,1620100801000.0,0.0,0.0,0.2,17.619,0.0,0.0,17.44,1.0,1.0,1052.5299610699974,1050.0,1052.4941610699973,1050.0,0.0033479331993720354,0.0
77,1620104401000.0,0.0,0.0,0.1,17.867,0.0,0.0,17.877,1.0,1.0,1052.5638717399975,1050.0,1052.5648717399974,1050.0,0.0016974741846747974,0.0
78,1620108001000.0,0.0,0.0,0.1,18.115,0.0,0.0,18.146,1.0,1.0,1052.5866497099973,1050.0,1052.5897497099972,1050.0,0.00172099845699078,0.0
79,1620111601000.0,0.0,0.0,0.1,18.24,0.0,0.0,18.057,1.0,1.0,1052.5981849699972,1050.0,1052.5798849699972,1050.0,0.0017328549735737863,0.0
80,1620115201000.0,0.0,0.0,0.2,18.02,0.0,0.0,17.813,1.0,1.0,1052.5980069699972,1050.0,1052.5566069699971,1050.0,0.0034239092000320757,0.0
81,1620118801000.0,0.0,0.0,0.5,17.756,0.0,0.0,17.814,1.0,1.0,1052.5974795699972,1050.0,1052.6264795699972,1050.0,0.008434373226531764,0.0
82,1620122401000.0,0.0,0.0,0.1,18.021,0.0,0.0,17.972,1.0,1.0,1052.665746549998,1050.0,1052.660846549998,1050.0,0.001711939431777081,0.0
83,1620126001000.0,0.0,0.0,0.1,18.398,0.0,0.0,18.397,1.0,1.0,1052.700350649998,1050.0,1052.700250649998,1050.0,0.001747695817583799,0.0
84,1620129601000.0,0.0,0.0,0.1,18.536,0.0,0.0,18.564,1.0,1.0,1052.712080099998,1050.0,1052.714880099998,1050.0,0.001760785342012913,0.0
85,1620133201000.0,0.0,0.0,0.5,18.044,0.0,0.0,17.815,1.0,1.0,1052.711363259998,1050.0,1052.5968632599981,1050.0,0.008570250417038343,0.0
86,1620136801000.0,0.0,0.0,1.2,17.778000000000002,0.0,0.0,17.643,1.0,1.0,1052.710132099998,1050.0,1052.548132099998,1050.0,0.02026540768392025,0.0
87,1620140401000.0,0.0,0.0,2.8,17.502000000000002,0.0,0.0,17.164,1.0,1.0,1052.7073648999979,1050.0,1051.7609648999978,1050.0,0.046551968413990626,0.0
88,1620144001000.0,0.0,0.0,0.1,16.925,0.0,0.0,16.566,1.0,1.0,1055.654853429997,1050.0,1055.618953429997,1050.0,0.001603270230322712,0.0
89,1620147601000.0,0.0,0.0,0.2,16.5215,0.0,0.0,16.539,1.0,1.0,1055.7175064499977,1050.0,1055.7210064499977,1050.0,0.003129909260585424,0.0
90,1620151201000.0,0.0,0.0,0.1,16.758,0.0,0.0,16.789,1.0,1.0,1055.7492723999974,1050.0,1055.7523723999973,1050.0,0.0015873086951700788,0.0
91,1620154801000.0,0.0,0.0,0.1,17.0,0.0,0.0,17.043,1.0,1.0,1055.7706949499975,1050.0,1055.7749949499976,1050.0,0.0016101981312149549,0.0
92,1620158401000.0,0.0,0.0,0.1,17.117,0.0,0.0,17.094,1.0,1.0,1055.7814526699974,1050.0,1055.7791526699973,1050.0,0.0016212635632793422,0.0
93,1620162001000.0,0.0,0.0,0.1,17.23,0.0,0.0,17.19,1.0,1.0,1055.7923080799974,1050.0,1055.7883080799975,1050.0,0.0016319497564188054,0.0
94,1620165601000.0,0.0,0.0,0.1,17.23,0.0,0.0,16.895,1.0,1.0,1055.7923080799974,1050.0,1055.7588080799974,1050.0,0.0016319497564188054,0.0
95,1620169201000.0,0.0,0.0,0.2,17.022,0.0,0.0,16.966,1.0,1.0,1055.7921399399975,1050.0,1055.7809399399976,1050.0,0.003224498337516964,0.0
96,1620172801000.0,0.0,0.0,0.5,16.773,0.0,0.0,16.489,1.0,1.0,1055.7916417299975,1050.0,1055.6496417299975,1050.0,0.007943328653613947,0.0
97,1620176401000.0,0.0,0.0,0.1,16.975,0.0,0.0,16.99,1.0,1.0,1056.0722787799982,1050.0,1056.0737787799983,1050.0,0.0016073710427860067,0.0
98,1620180001000.0,0.0,0.0,0.1,17.205,0.0,0.0,17.116,1.0,1.0,1056.0938929699983,1050.0,1056.0849929699982,1050.0,0.001629116512700899,0.0
99,1620183601000.0,0.0,0.0,0.2,16.9975,0.0,0.0,16.764,1.0,1.0,1056.0937250699983,1050.0,1056.0470250699982,1050.0,0.0032189377886651864,0.0
100,1620187201000.0,0.0,0.0,0.2,16.9975,0.0,0.0,16.74,1.0,1.0,1056.0937250699983,1050.0,1056.0422250699983,1050.0,0.0032189377886651864,0.0
101,1620190801000.0,0.0,0.0,0.5,16.748799999999996,0.0,0.0,16.521,1.0,1.0,1056.0932275799983,1050.0,1055.9793275799982,1050.0,0.007929602975666883,0.0
102,1620194401000.0,0.0,0.0,0.2,16.748799999999996,0.0,0.0,16.84,1.0,1.0,1056.1257818099982,1050.0,1056.1440218099983,1050.0,0.0031717434208065154,0.0
103,1620198001000.0,0.0,0.0,0.1,16.87,0.0,0.0,16.826,1.0,1.0,1056.1473159299983,1050.0,1056.1429159299983,1050.0,0.001597315047394217,0.0
104,1620201601000.0,0.0,0.0,0.1,17.109,0.0,0.0,17.217,1.0,1.0,1056.168834279998,1050.0,1056.179634279998,1050.0,0.0016199114615669755,0.0
105,1620205201000.0,0.0,0.0,0.1,17.359,0.0,0.0,17.384,1.0,1.0,1056.1906424899978,1050.0,1056.1931424899979,1050.0,0.0016435479828788952,0.0
106,1620208801000.0,0.0,0.0,0.1,17.476,0.0,0.0,17.493,1.0,1.0,1056.201692999998,1050.0,1056.203392999998,1050.0,0.0016546082169553986,0.0
107,1620212401000.0,0.0,0.0,0.1,17.476,0.0,0.0,17.538,1.0,1.0,1056.201692999998,1050.0,1056.207892999998,1050.0,0.0016546082169553986,0.0
108,1620216001000.0,0.0,0.0,0.1,17.476,0.0,0.0,17.255,1.0,1.0,1056.201692999998,1050.0,1056.179592999998,1050.0,0.0016546082169553986,0.0
109,1620219601000.0,0.0,0.0,0.1,17.604,0.0,0.0,17.562,1.0,1.0,1056.212841049998,1050.0,1056.2086410499978,1050.0,0.0016667095225333167,0.0
110,1620223201000.0,0.0,0.0,0.1,17.724,0.0,0.0,17.589,1.0,1.0,1056.223986619998,1050.0,1056.210486619998,1050.0,0.0016780531615001695,0.0
111,1620226801000.0,0.0,0.0,0.1,17.635,0.0,0.0,17.599,1.0,1.0,1056.2462848099979,1050.0,1056.2426848099979,1050.0,0.0016695916713375483,0.0
112,1620230401000.0,0.0,0.0,0.1,17.635,0.0,0.0,17.475,1.0,1.0,1056.2462848099979,1050.0,1056.2302848099978,1050.0,0.0016695916713375483,0.0
113,1620234001000.0,0.0,0.0,0.1,17.878,0.0,0.0,17.947,1.0,1.0,1056.2687721599982,1050.0,1056.2756721599983,1050.0,0.0016925616349937808,0.0
114,1620237601000.0,0.0,0.0,0.1,17.878,0.0,0.0,17.696,1.0,1.0,1056.2687721599982,1050.0,1056.2505721599982,1050.0,0.0016925616349937808,0.0
115,1620241201000.0,0.0,0.0,0.1,17.878,0.0,0.0,17.704,1.0,1.0,1056.2687721599982,1050.0,1056.2513721599983,1050.0,0.0016925616349937808,0.0
116,1620244801000.0,0.0,0.0,0.1,17.878,0.0,0.0,17.586,1.0,1.0,1056.2687721599982,1050.0,1056.2395721599983,1050.0,0.0016925616349937808,0.0
117,1620248401000.0,0.0,0.0,0.5,17.404200000000003,0.0,0.0,17.337,1.0,1.0,1056.2680807299982,1050.0,1056.2344807299983,1050.0,0.00823853353022453,0.0
118,1620252001000.0,0.0,0.0,0.5,17.404200000000003,0.0,0.0,17.269,1.0,1.0,1056.2680807299982,1050.0,1056.2004807299982,1050.0,0.00823853353022453,0.0
119,1620255601000.0,0.0,0.0,0.1,17.645,0.0,0.0,17.666,1.0,1.0,1056.3350768099976,1050.0,1056.3371768099976,1050.0,0.0016703980003471754,0.0
120,1620259201000.0,0.0,0.0,0.1,17.767,0.0,0.0,17.697,1.0,1.0,1056.3463215299976,1050.0,1056.3393215299975,1050.0,0.001681929461757061,0.0
121,1620262801000.0,0.0,0.0,0.2,17.552500000000002,0.0,0.0,17.437,1.0,1.0,1056.3461481499976,1050.0,1056.3230481499975,1050.0,0.003323247787808965,0.0
122,1620266401000.0,0.0,0.0,0.2,17.552500000000002,0.0,0.0,17.309,1.0,1.0,1056.3461481499976,1050.0,1056.2974481499975,1050.0,0.003323247787808965,0.0
123,1620270001000.0,0.0,0.0,0.2,17.552500000000002,0.0,0.0,17.472,1.0,1.0,1056.3461481499976,1050.0,1056.3300481499975,1050.0,0.003323247787808965,0.0
124,1620273601000.0,0.0,0.0,0.2,17.552500000000002,0.0,0.0,17.486,1.0,1.0,1056.3461481499976,1050.0,1056.3328481499975,1050.0,0.003323247787808965,0.0
125,1620277201000.0,0.0,0.0,0.1,17.67,0.0,0.0,17.422,1.0,1.0,1056.3687180899972,1050.0,1056.3439180899973,1050.0,0.0016727114025062043,0.0
126,1620280801000.0,0.0,0.0,0.1,17.67,0.0,0.0,17.51,1.0,1.0,1056.3687180899972,1050.0,1056.352718089997,1050.0,0.0016727114025062043,0.0
127,1620284401000.0,0.0,0.0,0.2,17.457,0.0,0.0,17.095,1.0,1.0,1056.3685456499973,1050.0,1056.2961456499972,1050.0,0.0033050965161516587,0.0
128,1620288001000.0,0.0,0.0,0.1,17.45,0.0,0.0,17.425,1.0,1.0,1056.434346859997,1050.0,1056.431846859997,1050.0,0.0016517827209864982,0.0
129,1620291601000.0,0.0,0.0,0.1,17.572,0.0,0.0,17.516,1.0,1.0,1056.4453954999972,1050.0,1056.4397954999972,1050.0,0.0016633136056864993,0.0
130,1620295201000.0,0.0,0.0,0.1,17.974,0.0,0.0,17.945,1.0,1.0,1056.4791258599973,1050.0,1056.4762258599974,1050.0,0.0017013114182799181,0.0
131,1620298801000.0,0.0,0.0,0.1,18.1,0.0,0.0,18.098,1.0,1.0,1056.4905639399972,1050.0,1056.4903639399972,1050.0,0.00171321927689531,0.0
132,1620302401000.0,0.0,0.0,0.1,18.1,0.0,0.0,18.164,1.0,1.0,1056.4905639399972,1050.0,1056.4969639399972,1050.0,0.00171321927689531,0.0
133,1620306001000.0,0.0,0.0,0.1,18.227,0.0,0.0,18.343,1.0,1.0,1056.502099479997,1050.0,1056.513699479997,1050.0,0.0017252213704990462,0.0
134,1620309601000.0,0.0,0.0,0.1,18.349,0.0,0.0,18.383,1.0,1.0,1056.5137325199971,1050.0,1056.5171325199972,1050.0,0.0017367497870788633,0.0
135,1620313201000.0,0.0,0.0,0.1,18.479,0.0,0.0,18.143,1.0,1.0,1056.525363039997,1050.0,1056.491763039997,1050.0,0.001749035153006586,0.0
136,1620316801000.0,0.0,0.0,0.2,18.256,0.0,0.0,18.063,1.0,1.0,1056.5251827099971,1050.0,1056.486582709997,1050.0,0.003455857048891762,0.0
137,1620320401000.0,0.0,0.0,0.2,18.256,0.0,0.0,17.907,1.0,1.0,1056.5251827099971,1050.0,1056.4553827099971,1050.0,0.003455857048891762,0.0
138,1620324001000.0,0.0,0.0,0.1,18.775,0.0,0.0,18.515,1.0,1.0,1056.5839128399964,1050.0,1056.5579128399963,1050.0,0.001776953043846238,0.0
139,1620327601000.0,0.0,0.0,5.0,17.408846153846156,0.0,0.0,17.428,1.0,1.0,1056.7413871592269,1050.0,1056.8371563899962,1050.0,0.08237041893781263,0.0
140,1620331201000.0,0.0,0.0,0.1,17.714,0.0,0.0,17.767,1.0,1.0,1057.463701699996,1050.0,1057.469001699996,1050.0,0.0016751402408917379,0.0
141,1620334801000.0,0.0,0.0,0.1,17.714,0.0,0.0,17.534,1.0,1.0,1057.463701699996,1050.0,1057.4457016999959,1050.0,0.0016751402408917379,0.0
142,1620338401000.0,0.0,0.0,0.1,17.957,0.0,0.0,18.018,1.0,1.0,1057.486286039996,1050.0,1057.492386039996,1050.0,0.0016980834869494313,0.0
143,1620342001000.0,0.0,0.0,0.1,18.572,0.0,0.0,18.645,1.0,1.0,1057.5441536799958,1050.0,1057.5514536799958,1050.0,0.0017561441699974387,0.0
144,1620345601000.0,0.0,0.0,0.1,18.572,0.0,0.0,18.457,1.0,1.0,1057.5441536799958,1050.0,1057.5326536799957,1050.0,0.0017561441699974387,0.0
145,1620349201000.0,0.0,0.0,0.1,19.096,0.0,0.0,19.031,1.0,1.0,1057.5918421199958,1050.0,1057.5853421199959,1050.0,0.0018056115071501603,0.0
146,1620352801000.0,0.0,0.0,0.2,18.8655,0.0,0.0,18.596,1.0,1.0,1057.591655769996,1050.0,1057.5377557699958,1050.0,0.0035676340479945793,0.0
147,1620356401000.0,0.0,0.0,1.2,18.31491666666667,0.0,0.0,18.229,1.0,1.0,1057.589835289996,1050.0,1057.486735289996,1050.0,0.020781118791647197,0.0
148,1620360001000.0,0.0,0.0,1.2,18.31491666666667,0.0,0.0,18.14,1.0,1.0,1057.589835289996,1050.0,1057.379935289996,1050.0,0.020781118791647197,0.0
149,1620363601000.0,0.0,0.0,1.6,18.02982142857143,0.0,0.0,18.179,1.0,1.0,1057.7266212557101,1050.0,1057.965306969996,1050.0,0.027273317798758728,0.0
150,1620367201000.0,0.0,0.0,0.1,18.175,0.0,0.0,18.206,1.0,1.0,1057.9126215399958,1050.0,1057.9157215399957,1050.0,0.0017180057813794474,0.0
151,1620370801000.0,0.0,0.0,0.1,18.419,0.0,0.0,18.464,1.0,1.0,1057.9357872899957,1050.0,1057.9402872899957,1050.0,0.001741031943647737,0.0
152,1620374401000.0,0.0,0.0,0.1,18.419,0.0,0.0,18.403,1.0,1.0,1057.9357872899957,1050.0,1057.9341872899956,1050.0,0.001741031943647737,0.0
153,1620378001000.0,0.0,0.0,0.1,18.419,0.0,0.0,18.386,1.0,1.0,1057.9357872899957,1050.0,1057.9324872899956,1050.0,0.001741031943647737,0.0
154,1620381601000.0,0.0,0.0,0.1,18.419,0.0,0.0,18.428,1.0,1.0,1057.9357872899957,1050.0,1057.9366872899957,1050.0,0.001741031943647737,0.0
155,1620385201000.0,0.0,0.0,0.1,18.543,0.0,0.0,18.262,1.0,1.0,1057.9475164599955,1050.0,1057.9194164599955,1050.0,0.001752733449580452,0.0
156,1620388801000.0,0.0,0.0,0.1,18.543,0.0,0.0,18.199,1.0,1.0,1057.9475164599955,1050.0,1057.9131164599955,1050.0,0.001752733449580452,0.0
157,1620392401000.0,0.0,0.0,0.1,18.543,0.0,0.0,18.448,1.0,1.0,1057.9475164599955,1050.0,1057.9380164599957,1050.0,0.001752733449580452,0.0
158,1620396001000.0,0.0,0.0,0.1,19.915,0.0,0.0,19.901,1.0,1.0,1058.0692572599953,1050.0,1058.0678572599952,1050.0,0.001882201931806659,0.0
159,1620399601000.0,0.0,0.0,0.1,20.347,0.0,0.0,20.246,1.0,1.0,1058.107446039995,1050.0,1058.097346039995,1050.0,0.0019229616118995646,0.0
160,1620403201000.0,0.0,0.0,0.1,20.39,0.0,0.0,20.498,1.0,1.0,1058.145932739995,1050.0,1058.156732739995,1050.0,0.001926955381967166,0.0
161,1620406801000.0,0.0,0.0,0.2,20.278,0.0,0.0,19.938,1.0,1.0,1058.158721939995,1050.0,1058.090721939995,1050.0,0.003832695337580916,0.0
162,1620410401000.0,0.0,0.0,0.5,19.9804,0.0,0.0,19.864,1.0,1.0,1058.1581284799952,1050.0,1058.0999284799952,1050.0,0.009441122012974139,0.0
163,1620414001000.0,0.0,0.0,1.2,19.684416666666664,0.0,0.0,19.434,1.0,1.0,1058.1567653699951,1050.0,1057.856265369995,1050.0,0.02232306287031163,0.0
164,1620417601000.0,0.0,0.0,2.8,19.375035714285715,0.0,0.0,19.201,1.0,1.0,1058.153702489995,1050.0,1057.666402489995,1050.0,0.05126863883039046,0.0
165,1620421201000.0,0.0,0.0,2.0,19.375035714285715,0.0,0.0,19.169,1.0,1.0,1058.2537137585664,1050.0,1057.841642329995,1050.0,0.036616995456547015,0.0
166,1620424801000.0,0.0,0.0,4.7,19.042972644376903,0.0,0.0,18.842,1.0,1.0,1058.2486385685663,1050.0,1057.304067139995,1050.0,0.08457556019125691,0.0
167,1620428401000.0,0.0,0.0,17.2,18.521102990033224,0.0,0.0,18.399,1.0,1.0,1058.2257324685663,1050.0,1056.1255610399949,1050.0,0.30103498871214046,0.0
168,1620432001000.0,0.0,0.0,1.2,18.521102990033224,0.0,0.0,18.793,1.0,1.0,1060.516218828035,1050.0,1060.8424952399953,1050.0,0.02095708032886176,0.0
169,1620435601000.0,0.0,0.0,0.1,18.777,0.0,0.0,18.803,1.0,1.0,1060.741889089995,1050.0,1060.744489089995,1050.0,0.001770176156247463,0.0
170,1620439201000.0,0.0,0.0,0.1,19.038,0.0,0.0,19.017,1.0,1.0,1060.7658303899952,1050.0,1060.7637303899953,1050.0,0.0017947410686296897,0.0
171,1620442801000.0,0.0,0.0,0.1,19.038,0.0,0.0,19.104,1.0,1.0,1060.7658303899952,1050.0,1060.7724303899952,1050.0,0.0017947410686296897,0.0
172,1620446401000.0,0.0,0.0,0.1,19.038,0.0,0.0,18.991,1.0,1.0,1060.7658303899952,1050.0,1060.7611303899953,1050.0,0.0017947410686296897,0.0
173,1620450001000.0,0.0,0.0,0.1,19.038,0.0,0.0,18.863,1.0,1.0,1060.7658303899952,1050.0,1060.7483303899953,1050.0,0.0017947410686296897,0.0
174,1620453601000.0,0.0,0.0,0.1,19.038,0.0,0.0,18.69,1.0,1.0,1060.7658303899952,1050.0,1060.7310303899953,1050.0,0.0017947410686296897,0.0
175,1620457201000.0,0.0,0.0,0.1,19.038,0.0,0.0,18.754,1.0,1.0,1060.7658303899952,1050.0,1060.7374303899953,1050.0,0.0017947410686296897,0.0
176,1620460801000.0,0.0,0.0,0.1,18.957,0.0,0.0,18.874,1.0,1.0,1060.7896764199954,1050.0,1060.7813764199955,1050.0,0.0017870649028162687,0.0
177,1620464401000.0,0.0,0.0,0.1,19.09,0.0,0.0,18.987,1.0,1.0,1060.8016947099954,1050.0,1060.7913947099955,1050.0,0.0017995823437309715,0.0
178,1620468001000.0,0.0,0.0,0.1,19.09,0.0,0.0,19.147,1.0,1.0,1060.8016947099954,1050.0,1060.8073947099954,1050.0,0.0017995823437309715,0.0
179,1620471601000.0,0.0,0.0,0.1,19.09,0.0,0.0,18.783,1.0,1.0,1060.8016947099954,1050.0,1060.7709947099954,1050.0,0.0017995823437309715,0.0
180,1620475201000.0,0.0,0.0,0.1,19.09,0.0,0.0,18.742,1.0,1.0,1060.8016947099954,1050.0,1060.7668947099955,1050.0,0.0017995823437309715,0.0
181,1620478801000.0,0.0,0.0,0.2,18.8595,0.0,0.0,18.894,1.0,1.0,1060.8015084199953,1050.0,1060.8084084199954,1050.0,0.0035557076135930795,0.0
182,1620482401000.0,0.0,0.0,0.2,18.8595,0.0,0.0,18.869,1.0,1.0,1060.8015084199953,1050.0,1060.8034084199953,1050.0,0.0035557076135930795,0.0
183,1620486001000.0,0.0,0.0,0.2,18.8595,0.0,0.0,18.872,1.0,1.0,1060.8015084199953,1050.0,1060.8040084199954,1050.0,0.0035557076135930795,0.0
184,1620489601000.0,0.0,0.0,0.5,18.5832,0.0,0.0,18.239,1.0,1.0,1060.8009564499953,1050.0,1060.6288564499953,1050.0,0.00875904187633337,0.0
185,1620493201000.0,0.0,0.0,0.1,18.808,0.0,0.0,18.725,1.0,1.0,1060.9011290799947,1050.0,1060.8928290799947,1050.0,0.0017728324991330864,0.0
186,1620496801000.0,0.0,0.0,0.1,18.933,0.0,0.0,18.91,1.0,1.0,1060.9130504399948,1050.0,1060.9107504399947,1050.0,0.00178459488194135,0.0
187,1620500401000.0,0.0,0.0,0.1,18.933,0.0,0.0,18.962,1.0,1.0,1060.9130504399948,1050.0,1060.9159504399947,1050.0,0.00178459488194135,0.0
188,1620504001000.0,0.0,0.0,0.1,18.933,0.0,0.0,18.788,1.0,1.0,1060.9130504399948,1050.0,1060.8985504399948,1050.0,0.00178459488194135,0.0
189,1620507601000.0,0.0,0.0,0.2,18.7045,0.0,0.0,18.395,1.0,1.0,1060.9128656799949,1050.0,1060.850965679995,1050.0,0.003526114274806405,0.0
190,1620511201000.0,0.0,0.0,0.2,18.7045,0.0,0.0,18.392,1.0,1.0,1060.9128656799949,1050.0,1060.8503656799949,1050.0,0.003526114274806405,0.0
191,1620514801000.0,0.0,0.0,0.2,18.7045,0.0,0.0,18.447,1.0,1.0,1060.9128656799949,1050.0,1060.8613656799948,1050.0,0.003526114274806405,0.0
192,1620518401000.0,0.0,0.0,0.2,18.7045,0.0,0.0,18.427,1.0,1.0,1060.9128656799949,1050.0,1060.857365679995,1050.0,0.003526114274806405,0.0
193,1620522001000.0,0.0,0.0,0.2,18.7045,0.0,0.0,18.357,1.0,1.0,1060.9128656799949,1050.0,1060.8433656799948,1050.0,0.003526114274806405,0.0
194,1620525601000.0,0.0,0.0,0.2,18.7045,0.0,0.0,18.482,1.0,1.0,1060.9128656799949,1050.0,1060.868365679995,1050.0,0.003526114274806405,0.0
195,1620529201000.0,0.0,0.0,0.2,18.7045,0.0,0.0,18.4,1.0,1.0,1060.9128656799949,1050.0,1060.851965679995,1050.0,0.003526114274806405,0.0
196,1620532801000.0,0.0,0.0,0.5,18.4306,0.0,0.0,18.082,1.0,1.0,1060.9123182399949,1050.0,1060.738018239995,1050.0,0.008686203224869479,0.0
197,1620536401000.0,0.0,0.0,2.8,17.876714285714286,0.0,0.0,17.926,1.0,1.0,1060.9082342899949,1050.0,1061.0462342899948,1050.0,0.04718108351143001,0.0
198,1620540001000.0,0.0,0.0,0.6,17.876714285714286,0.0,0.0,18.05,1.0,1.0,1061.1623041814244,1050.0,1061.2662756099958,1050.0,0.010107811528136198,0.0
199,1620543601000.0,0.0,0.0,0.1,18.384,0.0,0.0,18.165,1.0,1.0,1061.3962956399953,1050.0,1061.3743956399953,1050.0,0.0017320580517868598,0.0
200,1620547201000.0,0.0,0.0,0.2,18.162,0.0,0.0,17.885,1.0,1.0,1061.3961162399953,1050.0,1061.3407162399953,1050.0,0.003422284992777068,0.0
201,1620550801000.0,0.0,0.0,0.2,18.162,0.0,0.0,18.119,1.0,1.0,1061.3961162399953,1050.0,1061.3875162399954,1050.0,0.003422284992777068,0.0
202,1620554401000.0,0.0,0.0,0.2,18.162,0.0,0.0,18.032,1.0,1.0,1061.3961162399953,1050.0,1061.3701162399952,1050.0,0.003422284992777068,0.0
203,1620558001000.0,0.0,0.0,0.2,18.162,0.0,0.0,18.047,1.0,1.0,1061.3961162399953,1050.0,1061.3731162399954,1050.0,0.003422284992777068,0.0
204,1620561601000.0,0.0,0.0,0.2,18.162,0.0,0.0,17.779,1.0,1.0,1061.3961162399953,1050.0,1061.3195162399952,1050.0,0.003422284992777068,0.0
205,1620565201000.0,0.0,0.0,1.2,17.633000000000003,0.0,0.0,17.238,1.0,1.0,1061.3943635199953,1050.0,1060.9203635199954,1050.0,0.019935662678503926,0.0
206,1620568801000.0,0.0,0.0,1.2,17.633000000000003,0.0,0.0,17.626,1.0,1.0,1061.3943635199953,1050.0,1061.3859635199954,1050.0,0.019935662678503926,0.0
207,1620572401000.0,0.0,0.0,0.8,17.633000000000003,0.0,0.0,17.696,1.0,1.0,1061.4400535599957,1050.0,1061.4904535599958,1050.0,0.013289869694183975,0.0
208,1620576001000.0,0.0,0.0,0.1,17.754,0.0,0.0,17.771,1.0,1.0,1061.5312560999964,1050.0,1061.5329560999965,1050.0,0.001672489613280645,0.0
209,1620579601000.0,0.0,0.0,0.1,18.006,0.0,0.0,18.015,1.0,1.0,1061.5538384699962,1050.0,1061.5547384699962,1050.0,0.0016961928210774326,0.0
210,1620583201000.0,0.0,0.0,0.1,18.006,0.0,0.0,17.955,1.0,1.0,1061.5538384699962,1050.0,1061.5487384699961,1050.0,0.0016961928210774326,0.0
211,1620586801000.0,0.0,0.0,0.1,18.006,0.0,0.0,17.768,1.0,1.0,1061.5538384699962,1050.0,1061.5300384699963,1050.0,0.0016961928210774326,0.0
212,1620590401000.0,0.0,0.0,0.2,17.789,0.0,0.0,17.607,1.0,1.0,1061.5536627499962,1050.0,1061.5172627499962,1050.0,0.0033515027311792987,0.0
213,1620594001000.0,0.0,0.0,0.2,17.789,0.0,0.0,17.752,1.0,1.0,1061.5536627499962,1050.0,1061.5462627499962,1050.0,0.0033515027311792987,0.0
214,1620597601000.0,0.0,0.0,0.1,17.917,0.0,0.0,17.72,1.0,1.0,1061.5765254599964,1050.0,1061.5568254599964,1050.0,0.0016877728143278514,0.0
215,1620601201000.0,0.0,0.0,0.1,17.917,0.0,0.0,17.675,1.0,1.0,1061.5765254599964,1050.0,1061.5523254599964,1050.0,0.0016877728143278514,0.0
216,1620604801000.0,0.0,0.0,0.1,17.917,0.0,0.0,17.82,1.0,1.0,1061.5765254599964,1050.0,1061.5668254599964,1050.0,0.0016877728143278514,0.0
217,1620608401000.0,0.0,0.0,0.1,17.917,0.0,0.0,17.952,1.0,1.0,1061.5765254599964,1050.0,1061.5800254599965,1050.0,0.0016877728143278514,0.0
218,1620612001000.0,0.0,0.0,0.1,18.042,0.0,0.0,18.07,1.0,1.0,1061.5878646999963,1050.0,1061.5906646999963,1050.0,0.0016995296008869367,0.0
219,1620615601000.0,0.0,0.0,0.1,18.042,0.0,0.0,17.979,1.0,1.0,1061.5878646999963,1050.0,1061.5815646999963,1050.0,0.0016995296008869367,0.0
220,1620619201000.0,0.0,0.0,0.1,18.171,0.0,0.0,18.107,1.0,1.0,1061.5993013899963,1050.0,1061.5929013899963,1050.0,0.0017116627692018967,0.0
221,1620622801000.0,0.0,0.0,0.1,18.171,0.0,0.0,18.194,1.0,1.0,1061.5993013899963,1050.0,1061.6016013899964,1050.0,0.0017116627692018967,0.0
222,1620626401000.0,0.0,0.0,0.1,18.171,0.0,0.0,18.133,1.0,1.0,1061.5993013899963,1050.0,1061.5955013899963,1050.0,0.0017116627692018967,0.0
223,1620630001000.0,0.0,0.0,0.1,18.171,0.0,0.0,18.265,1.0,1.0,1061.5993013899963,1050.0,1061.6087013899962,1050.0,0.0017116627692018967,0.0
224,1620633601000.0,0.0,0.0,0.1,18.291,0.0,0.0,18.065,1.0,1.0,1061.6108355799963,1050.0,1061.5882355799963,1050.0,0.0017229477494930586,0.0
225,1620637201000.0,0.0,0.0,0.2,18.070500000000003,0.0,0.0,18.108,1.0,1.0,1061.6106570799964,1050.0,1061.6181570799963,1050.0,0.0034043554253126384,0.0
226,1620640801000.0,0.0,0.0,0.2,18.070500000000003,0.0,0.0,17.742,1.0,1.0,1061.6106570799964,1050.0,1061.5449570799963,1050.0,0.0034043554253126384,0.0
227,1620644401000.0,0.0,0.0,0.5,17.805600000000002,0.0,0.0,17.592,1.0,1.0,1061.6101282099964,1050.0,1061.5033282099964,1050.0,0.008386129487113318,0.0
228,1620648001000.0,0.0,0.0,0.1,17.661,0.0,0.0,17.596,1.0,1.0,1061.7442177199955,1050.0,1061.7377177199955,1050.0,0.001663394978305178,0.0
229,1620651601000.0,0.0,0.0,0.1,17.661,0.0,0.0,17.598,1.0,1.0,1061.7442177199955,1050.0,1061.7379177199955,1050.0,0.001663394978305178,0.0
230,1620655201000.0,0.0,0.0,0.1,17.661,0.0,0.0,17.456,1.0,1.0,1061.7442177199955,1050.0,1061.7237177199954,1050.0,0.001663394978305178,0.0
231,1620658801000.0,0.0,0.0,0.2,17.448,0.0,0.0,17.104,1.0,1.0,1061.7440453699955,1050.0,1061.6752453699955,1050.0,0.0032866678322494834,0.0
232,1620662401000.0,0.0,0.0,0.2,17.448,0.0,0.0,17.527,1.0,1.0,1061.7440453699955,1050.0,1061.7598453699954,1050.0,0.0032866678322494834,0.0
233,1620666001000.0,0.0,0.0,0.1,17.564,0.0,0.0,17.351,1.0,1.0,1061.766318489996,1050.0,1061.7450184899958,1050.0,0.0016542246343789527,0.0
234,1620669601000.0,0.0,0.0,0.2,17.352,0.0,0.0,17.05,1.0,1.0,1061.766147089996,1050.0,1061.7057470899958,1050.0,0.003268516339036987,0.0
235,1620673201000.0,0.0,0.0,0.2,17.352,0.0,0.0,17.016,1.0,1.0,1061.766147089996,1050.0,1061.698947089996,1050.0,0.003268516339036987,0.0
236,1620676801000.0,0.0,0.0,2.8,16.587678571428576,0.0,0.0,16.401,1.0,1.0,1061.761849579996,1050.0,1061.239149579996,1050.0,0.04374380188775156,0.0
237,1620680401000.0,0.0,0.0,0.1,16.129,0.0,0.0,16.175,1.0,1.0,1065.8713413699963,1050.0,1065.8759413699963,1050.0,0.0015132220347785048,0.0
238,1620684001000.0,0.0,0.0,0.1,16.486,0.0,0.0,16.522,1.0,1.0,1065.9023595799965,1050.0,1065.9059595799965,1050.0,0.0015466707482002452,0.0
239,1620687601000.0,0.0,0.0,0.1,16.707,0.0,0.0,16.665,1.0,1.0,1065.9233935799964,1050.0,1065.9191935799963,1050.0,0.0015673734248282222,0.0
240,1620691201000.0,0.0,0.0,0.2,16.505499999999998,0.0,0.0,16.251,1.0,1.0,1065.9232305399964,1050.0,1065.8723305399965,1050.0,0.003096939728321395,0.0
241,1620694801000.0,0.0,0.0,0.2,16.4965,0.0,0.0,16.127,1.0,1.0,1066.0137343799972,1050.0,1065.9398343799971,1050.0,0.003094988266655778,0.0
242,1620698401000.0,0.0,0.0,0.5,16.2556,0.0,0.0,16.314,1.0,1.0,1066.0132515299972,1050.0,1066.0424515299972,1050.0,0.007624483080613269,0.0
243,1620702001000.0,0.0,0.0,0.2,16.169,0.0,0.0,15.845,1.0,1.0,1066.0653100499972,1050.0,1066.000510049997,1050.0,0.0030333976441352726,0.0
244,1620705601000.0,0.0,0.0,0.2,16.169,0.0,0.0,16.129,1.0,1.0,1066.0653100499972,1050.0,1066.057310049997,1050.0,0.0030333976441352726,0.0
245,1620709201000.0,0.0,0.0,0.1,16.291,0.0,0.0,16.195,1.0,1.0,1066.0860216399972,1050.0,1066.076421639997,1050.0,0.0015281130855593615,0.0
246,1620712801000.0,0.0,0.0,0.2,16.0945,0.0,0.0,16.055,1.0,1.0,1066.0858626599972,1050.0,1066.0779626599972,1050.0,0.003019362804388479,0.0
247,1620716401000.0,0.0,0.0,0.1,16.522,0.0,0.0,16.483,1.0,1.0,1066.1360165199974,1050.0,1066.1321165199975,1050.0,0.001549708455955732,0.0
248,1620720001000.0,0.0,0.0,0.1,16.522,0.0,0.0,16.561,1.0,1.0,1066.1360165199974,1050.0,1066.1399165199973,1050.0,0.001549708455955732,0.0
249,1620723601000.0,0.0,0.0,0.1,16.522,0.0,0.0,16.338,1.0,1.0,1066.1360165199974,1050.0,1066.1176165199975,1050.0,0.001549708455955732,0.0
250,1620727201000.0,0.0,0.0,0.1,16.522,0.0,0.0,16.585,1.0,1.0,1066.1360165199974,1050.0,1066.1423165199974,1050.0,0.001549708455955732,0.0
251,1620730801000.0,0.0,0.0,0.1,16.752,0.0,0.0,16.717,1.0,1.0,1066.1570489499973,1050.0,1066.1535489499972,1050.0,0.0015712506911151763,0.0
252,1620734401000.0,0.0,0.0,0.1,16.752,0.0,0.0,16.392,1.0,1.0,1066.1570489499973,1050.0,1066.1210489499972,1050.0,0.0015712506911151763,0.0
253,1620738001000.0,0.0,0.0,0.5,16.3082,0.0,0.0,16.324,1.0,1.0,1066.1564010599973,1050.0,1066.1643010599973,1050.0,0.007648127415352012,0.0
254,1620741601000.0,0.0,0.0,0.1,16.563,0.0,0.0,16.554,1.0,1.0,1066.2192851599975,1050.0,1066.2183851599975,1050.0,0.0015534327910336515,0.0
255,1620745201000.0,0.0,0.0,0.1,16.675,0.0,0.0,16.727,1.0,1.0,1066.2298516899975,1050.0,1066.2350516899976,1050.0,0.0015639216978937294,0.0
256,1620748801000.0,0.0,0.0,0.1,16.9,0.0,0.0,16.811,1.0,1.0,1066.2510780499977,1050.0,1066.2421780499976,1050.0,0.0015849925358019231,0.0
257,1620752401000.0,0.0,0.0,0.1,16.9,0.0,0.0,16.844,1.0,1.0,1066.2510780499977,1050.0,1066.2454780499977,1050.0,0.0015849925358019231,0.0
258,1620756001000.0,0.0,0.0,0.1,17.014,0.0,0.0,17.013,1.0,1.0,1066.2618377999977,1050.0,1066.2617377999977,1050.0,0.0015956680992264278,0.0
259,1620759601000.0,0.0,0.0,0.1,17.13,0.0,0.0,17.03,1.0,1.0,1066.2726952399978,1050.0,1066.2626952399978,1050.0,0.0016065308693049072,0.0
260,1620763201000.0,0.0,0.0,0.1,17.247,0.0,0.0,17.28,1.0,1.0,1066.2835503499978,1050.0,1066.2868503499978,1050.0,0.001617487205381611,0.0
261,1620766801000.0,0.0,0.0,0.1,17.815,0.0,0.0,17.851,1.0,1.0,1066.3279415099976,1050.0,1066.3315415099976,1050.0,0.0016706867846652009,0.0
262,1620770401000.0,0.0,0.0,0.1,17.941,0.0,0.0,17.974,1.0,1.0,1066.3392827799976,1050.0,1066.3425827799977,1050.0,0.001682485142367348,0.0
263,1620774001000.0,0.0,0.0,0.1,18.325,0.0,0.0,18.18,1.0,1.0,1066.3737911799976,1050.0,1066.3592911799976,1050.0,0.001718440583552081,0.0
264,1620777601000.0,0.0,0.0,0.1,18.451,0.0,0.0,18.422,1.0,1.0,1066.3854222199975,1050.0,1066.3825222199976,1050.0,0.00173023745594616,0.0
265,1620781201000.0,0.0,0.0,0.1,18.701,0.0,0.0,18.664,1.0,1.0,1066.4089767299974,1050.0,1066.4052767299975,1050.0,0.001753642402499663,0.0
266,1620784801000.0,0.0,0.0,0.1,18.828,0.0,0.0,18.799,1.0,1.0,1066.4209002099976,1050.0,1066.4180002099977,1050.0,0.001765531789211223,0.0
267,1620788401000.0,0.0,0.0,0.1,19.223,0.0,0.0,19.129,1.0,1.0,1066.4569552399978,1050.0,1066.4475552399979,1050.0,0.0018025106316338865,0.0
268,1620792001000.0,0.0,0.0,0.2,18.991,0.0,0.0,18.904,1.0,1.0,1066.4567676499978,1050.0,1066.4393676499978,1050.0,0.0035615133357628404,0.0
269,1620795601000.0,0.0,0.0,0.5,18.712600000000002,0.0,0.0,18.321,1.0,1.0,1066.4562118399979,1050.0,1066.260411839998,1050.0,0.008773262226919957,0.0
270,1620799201000.0,0.0,0.0,1.2,18.436333333333337,0.0,0.0,18.536,1.0,1.0,1066.454935109998,1050.0,1066.574535109998,1050.0,0.0207449928465267,0.0
271,1620802801000.0,0.0,0.0,0.1,18.705,0.0,0.0,18.376,1.0,1.0,1066.7091385599967,1050.0,1066.6762385599968,1050.0,0.0017535239292363052,0.0
272,1620806401000.0,0.0,0.0,0.1,18.705,0.0,0.0,18.635,1.0,1.0,1066.7091385599967,1050.0,1066.7021385599967,1050.0,0.0017535239292363052,0.0
273,1620810001000.0,0.0,0.0,0.2,18.6175,0.0,0.0,18.507,1.0,1.0,1066.720877929997,1050.0,1066.698777929997,1050.0,0.0034906038468334477,0.0
274,1620813601000.0,0.0,0.0,0.1,19.982,0.0,0.0,19.717,1.0,1.0,1066.8306943899966,1050.0,1066.8041943899966,1050.0,0.0018730244738060817,0.0
275,1620817201000.0,0.0,0.0,0.5,19.220600000000005,0.0,0.0,19.084,1.0,1.0,1066.914887669997,1050.0,1066.846587669997,1050.0,0.009007560125988724,0.0
276,1620820801000.0,0.0,0.0,0.1,19.882,0.0,0.0,19.956,1.0,1.0,1067.0559368599966,1050.0,1067.0633368599965,1050.0,0.0018632575212979322,0.0
277,1620824401000.0,0.0,0.0,0.1,20.359,0.0,0.0,20.214,1.0,1.0,1067.1301251099965,1050.0,1067.1156251099965,1050.0,0.0019078273137403425,0.0
278,1620828001000.0,0.0,0.0,0.2,21.229999999999997,0.0,0.0,20.81,1.0,1.0,1067.3041019099962,1050.0,1067.2201019099962,1050.0,0.003978247616964614,0.0
279,1620831601000.0,0.0,0.0,0.5,20.829,0.0,0.0,20.333,1.0,1.0,1067.330433079996,1050.0,1067.082433079996,1050.0,0.009757521829436525,0.0
280,1620835201000.0,0.0,0.0,4.4,19.85449188311688,0.0,0.0,19.574,1.0,1.0,1067.4709523857107,1050.0,1066.2367880999964,1050.0,0.08183807165007377,0.0
281,1620838801000.0,0.0,0.0,0.1,19.703,0.0,0.0,19.704,1.0,1.0,1071.2984681099963,1050.0,1071.2985681099963,1050.0,0.0018391699966453215,0.0
282,1620842401000.0,0.0,0.0,0.1,20.15,0.0,0.0,19.958,1.0,1.0,1071.3739774899957,1050.0,1071.3547774899957,1050.0,0.0018807624996835578,0.0
283,1620846001000.0,0.0,0.0,0.4,18.67527692307692,0.0,0.0,18.922,1.0,1.0,1072.4930446592266,1050.0,1072.5917338899958,1050.0,0.006965183416741241,0.0
284,1620849601000.0,0.0,0.0,0.1,19.506,0.0,0.0,19.506,1.0,1.0,1072.647449019996,1050.0,1072.647449019996,1050.0,0.0018184912496478959,0.0
285,1620853201000.0,0.0,0.0,0.1,19.506,0.0,0.0,19.447,1.0,1.0,1072.647449019996,1050.0,1072.6415490199959,1050.0,0.0018184912496478959,0.0
286,1620856801000.0,0.0,0.0,0.1,20.6475,0.0,0.0,20.594,1.0,1.0,1072.7757426599956,1050.0,1072.7703926599957,1050.0,0.001924679984728551,0.0
287,1620860401000.0,0.0,0.0,0.1,20.866,0.0,0.0,20.661,1.0,1.0,1078.6524963599954,1050.0,1078.6319963599954,1050.0,0.0019344506289480712,0.0
288,1620864001000.0,0.0,0.0,9.3,18.307011426645833,0.0,0.0,18.0,1.0,1.0,1079.6907785378014,1050.0,1076.835572269995,1050.0,0.15768885837700555,0.0
289,1620867601000.0,0.0,0.0,0.1,18.526,0.0,0.0,18.093,1.0,1.0,1082.7749520399955,1050.0,1082.7316520399954,1050.0,0.0017109741932149617,0.0
290,1620871201000.0,0.0,0.0,0.1,18.731,0.0,0.0,18.792,1.0,1.0,1082.8218723899952,1050.0,1082.8279723899952,1050.0,0.0017298320691155878,0.0
291,1620874801000.0,0.0,0.0,0.1,19.997,0.0,0.0,19.963,1.0,1.0,1083.0180637899955,1050.0,1083.0146637899954,1050.0,0.0018464142629367587,0.0
292,1620878401000.0,0.0,0.0,0.1,20.382,0.0,0.0,20.361,1.0,1.0,1083.0813598099955,1050.0,1083.0792598099956,1050.0,0.0018818530866024329,0.0
293,1620882001000.0,0.0,0.0,0.1,20.778,0.0,0.0,20.659,1.0,1.0,1083.2579264599956,1050.0,1083.2460264599956,1050.0,0.0019181027428897678,0.0
294,1620885601000.0,0.0,0.0,0.1,21.307,0.0,0.0,21.388,1.0,1.0,1083.4171500199961,1050.0,1083.4252500199962,1050.0,0.0019666478419329753,0.0
295,1620889201000.0,0.0,0.0,0.0,22.396,0.0,0.0,22.897,1.0,1.0,1083.5568614399963,1050.0,1083.5568614399963,1050.0,0.0,0.0
296,1620892801000.0,0.0,0.0,1.2,21.680750000000003,0.0,0.0,21.624,1.0,1.0,1083.5542597499962,1050.0,1083.4861597499962,1050.0,0.02401070344737768,0.0
297,1620896401000.0,0.0,0.0,0.5,21.03503157894737,0.0,0.0,20.764,1.0,1.0,1083.92189498947,1050.0,1083.7863791999964,1050.0,0.009703204481883686,0.0
298,1620900001000.0,0.0,0.0,16.8,19.484239035087715,0.0,0.0,19.43,1.0,1.0,1083.8902132194703,1050.0,1082.9789974299968,1050.0,0.30200034265204084,0.0
299,1620903601000.0,0.0,0.0,1.2,19.389583333333334,0.0,0.0,19.332,1.0,1.0,1091.001407459996,1050.0,1090.932307459996,1050.0,0.02132673692343807,0.0
300,1620907201000.0,0.0,0.0,0.1,20.275,0.0,0.0,20.123,1.0,1.0,1091.3683412099974,1050.0,1091.3531412099974,1050.0,0.0018577595880709858,0.0
301,1620910801000.0,0.0,0.0,0.2,21.2105,0.0,0.0,20.963,1.0,1.0,1091.5102759199967,1050.0,1091.4607759199966,1050.0,0.0038864498975279722,0.0
302,1620914401000.0,0.0,0.0,0.1,20.853,0.0,0.0,20.82,1.0,1.0,1091.6785328999972,1050.0,1091.6752328999971,1050.0,0.0019101777099715335,0.0
303,1620918001000.0,0.0,0.0,0.1,21.03,0.0,0.0,20.855,1.0,1.0,1091.7316531499973,1050.0,1091.7141531499974,1050.0,0.001926297542012424,0.0
304,1620921601000.0,0.0,0.0,1.2,20.168333333333337,0.0,0.0,19.776,1.0,1.0,1091.7294432499973,1050.0,1091.2586432499972,1050.0,0.02216849618707035,0.0
305,1620925201000.0,0.0,0.0,2.8,19.43714285714286,0.0,0.0,19.142,1.0,1.0,1091.9066469799973,1050.0,1091.0802469799974,1050.0,0.049843088830465745,0.0
306,1620928801000.0,0.0,0.0,0.6,18.569774011299437,0.0,0.0,18.901,1.0,1.0,1095.7839372867772,1050.0,1095.9826728799976,1050.0,0.010167939159947487,0.0
307,1620932401000.0,0.0,0.0,0.5,18.5892,0.0,0.0,18.178,1.0,1.0,1096.0261048099974,1050.0,1095.8205048099974,1050.0,0.008480272467243173,0.0
308,1620936001000.0,0.0,0.0,0.2,18.6415,0.0,0.0,18.346,1.0,1.0,1096.0976209399967,1050.0,1096.0385209399967,1050.0,0.0034014306105350973,0.0
309,1620939601000.0,0.0,0.0,0.1,18.769,0.0,0.0,18.508,1.0,1.0,1096.1215579699967,1050.0,1096.0954579699967,1050.0,0.001712310086735266,0.0
310,1620943201000.0,0.0,0.0,0.1,18.926,0.0,0.0,18.613,1.0,1.0,1096.1688603199966,1050.0,1096.1375603199965,1050.0,0.0017265588072329539,0.0
311,1620946801000.0,0.0,0.0,0.2,18.573,0.0,0.0,18.21,1.0,1.0,1096.2588531799968,1050.0,1096.1862531799968,1050.0,0.003388433296775477,0.0
312,1620950401000.0,0.0,0.0,0.1,18.538,0.0,0.0,18.481,1.0,1.0,1096.5093891199979,1050.0,1096.503689119998,1050.0,0.0016906375981766693,0.0
313,1620954001000.0,0.0,0.0,0.1,19.09,0.0,0.0,19.06,1.0,1.0,1096.5569799699979,1050.0,1096.553979969998,1050.0,0.0017409036054398476,0.0
314,1620957601000.0,0.0,0.0,0.1,19.229,0.0,0.0,19.224,1.0,1.0,1096.5690955299979,1050.0,1096.5685955299978,1050.0,0.0017535602707010605,0.0
315,1620961201000.0,0.0,0.0,0.2,19.0345,0.0,0.0,18.75,1.0,1.0,1096.605260699998,1050.0,1096.548360699998,1050.0,0.0034715317684778707,0.0
316,1620964801000.0,0.0,0.0,0.1,20.127,0.0,0.0,20.0,1.0,1.0,1096.702500199998,1050.0,1096.689800199998,1050.0,0.0018352287877824278,0.0
317,1620968401000.0,0.0,0.0,0.0,21.503,0.0,0.0,21.59,1.0,1.0,1096.9156750399973,1050.0,1096.9156750399973,1050.0,0.0,0.0
318,1620972001000.0,0.0,0.0,0.5,20.994600000000002,0.0,0.0,20.599,1.0,1.0,1096.9146253099973,1050.0,1096.7168253099974,1050.0,0.009569842317521636,0.0
319,1620975601000.0,0.0,0.0,2.8,20.357428571428578,0.0,0.0,20.163,1.0,1.0,1096.9099749599975,1050.0,1096.3655749599975,1050.0,0.05196488435806114,0.0
320,1620979201000.0,0.0,0.0,0.3,20.357428571428578,0.0,0.0,20.528,1.0,1.0,1097.2387807814246,1050.0,1097.289952209996,1050.0,0.005565997737592874,0.0
321,1620982801000.0,0.0,0.0,0.1,20.79,0.0,0.0,20.733,1.0,1.0,1097.3041039699958,1050.0,1097.298403969996,1050.0,0.0018946434197031376,0.0
322,1620986401000.0,0.0,0.0,0.1,20.931,0.0,0.0,20.783,1.0,1.0,1097.3172853999959,1050.0,1097.302485399996,1050.0,0.001907470180092005,0.0
323,1620990001000.0,0.0,0.0,0.1,20.931,0.0,0.0,20.719,1.0,1.0,1097.3172853999959,1050.0,1097.296085399996,1050.0,0.001907470180092005,0.0
324,1620993601000.0,0.0,0.0,0.1,20.931,0.0,0.0,20.573,1.0,1.0,1097.3172853999959,1050.0,1097.2814853999957,1050.0,0.001907470180092005,0.0
325,1620997201000.0,0.0,0.0,0.1,20.512,0.0,0.0,20.517,1.0,1.0,1097.382045469996,1050.0,1097.382545469996,1050.0,0.0018691758339471419,0.0
326,1621000801000.0,0.0,0.0,0.1,20.949,0.0,0.0,20.989,1.0,1.0,1097.421297449996,1050.0,1097.425297449996,1050.0,0.0019089296014828385,0.0
327,1621004401000.0,0.0,0.0,0.1,21.866,0.0,0.0,21.434,1.0,1.0,1097.4889471799963,1050.0,1097.4457471799963,1050.0,0.001992366306392862,0.0
328,1621008001000.0,0.0,0.0,0.1,21.866,0.0,0.0,21.672,1.0,1.0,1097.4889471799963,1050.0,1097.4695471799964,1050.0,0.001992366306392862,0.0
329,1621011601000.0,0.0,0.0,0.5,21.4272,0.0,0.0,21.348,1.0,1.0,1097.5019557299963,1050.0,1097.4623557299963,1050.0,0.009761804928059484,0.0
330,1621015201000.0,0.0,0.0,0.1,21.854,0.0,0.0,21.389,1.0,1.0,1097.608020909996,1050.0,1097.561520909996,1050.0,0.001991056878564122,0.0
331,1621018801000.0,0.0,0.0,0.1,22.003,0.0,0.0,22.008,1.0,1.0,1097.6610133099962,1050.0,1097.6615133099963,1050.0,0.002004535073505978,0.0
332,1621022401000.0,0.0,0.0,0.2,21.737000000000002,0.0,0.0,21.248,1.0,1.0,1097.6607985999963,1050.0,1097.5629985999963,1050.0,0.0039606042281412086,0.0
333,1621026001000.0,0.0,0.0,2.8,20.76685714285715,0.0,0.0,20.418,1.0,1.0,1097.6554186199962,1050.0,1096.6786186199963,1050.0,0.05297400168907683,0.0
334,1621029601000.0,0.0,0.0,1.0,20.76685714285715,0.0,0.0,20.968,1.0,1.0,1097.9306098328539,1050.0,1098.1317526899968,1050.0,0.018914544286199146,0.0
335,1621033201000.0,0.0,0.0,0.1,21.217,0.0,0.0,21.094,1.0,1.0,1098.0911082299974,1050.0,1098.0788082299973,1050.0,0.0019321711869791462,0.0
336,1621036801000.0,0.0,0.0,0.1,21.572,0.0,0.0,21.164,1.0,1.0,1098.1181500299974,1050.0,1098.0773500299974,1050.0,0.0019644516393259428,0.0
337,1621040401000.0,0.0,0.0,1.2,20.687333333333335,0.0,0.0,20.403,1.0,1.0,1098.1158832699975,1050.0,1097.7746832699975,1050.0,0.022606721547525636,0.0
338,1621044001000.0,0.0,0.0,0.1,21.102,0.0,0.0,21.093,1.0,1.0,1098.367645199998,1050.0,1098.366745199998,1050.0,0.0019212146399448624,0.0
339,1621047601000.0,0.0,0.0,0.1,22.334,0.0,0.0,21.94,1.0,1.0,1098.4636988699976,1050.0,1098.4242988699978,1050.0,0.002033203284093525,0.0
340,1621051201000.0,0.0,0.0,0.1,22.359,0.0,0.0,22.275,1.0,1.0,1098.5746907099967,1050.0,1098.5662907099968,1050.0,0.0020352735402587537,0.0
341,1621054801000.0,0.0,0.0,0.2,22.551000000000002,0.0,0.0,22.231,1.0,1.0,1098.6173080799967,1050.0,1098.5533080799967,1050.0,0.0041053422031756175,0.0
342,1621058401000.0,0.0,0.0,0.5,22.2192,0.0,0.0,21.958,1.0,1.0,1098.6166481399966,1050.0,1098.4860481399967,1050.0,0.010112353584673063,0.0
343,1621062001000.0,0.0,0.0,2.8,21.541535714285715,0.0,0.0,21.164,1.0,1.0,1098.6117274699968,1050.0,1097.5546274699968,1050.0,0.0549022903104293,0.0
344,1621065601000.0,0.0,0.0,0.5,21.6119,0.0,0.0,21.345,1.0,1.0,1100.0470853799975,1050.0,1099.9136353799975,1050.0,0.00982317042935232,0.0
345,1621069201000.0,0.0,0.0,0.1,21.929,0.0,0.0,21.638,1.0,1.0,1100.130691279998,1050.0,1100.101591279998,1050.0,0.001993308629039854,0.0
346,1621072801000.0,0.0,0.0,0.2,21.811,0.0,0.0,21.703,1.0,1.0,1100.1444343299981,1050.0,1100.122834329998,1050.0,0.003965115728333103,0.0
347,1621076401000.0,0.0,0.0,1.2,21.171750000000003,0.0,0.0,20.97,1.0,1.0,1100.142329939998,1050.0,1099.900229939998,1050.0,0.02309346646209464,0.0
348,1621080001000.0,0.0,0.0,0.9,21.171750000000003,0.0,0.0,21.283,1.0,1.0,1100.1831656399977,1050.0,1100.2832906399976,1050.0,0.017319456973253714,0.0
349,1621083601000.0,0.0,0.0,0.1,21.596,0.0,0.0,21.487,1.0,1.0,1100.3326986699967,1050.0,1100.3217986699967,1050.0,0.001962679108428178,0.0
350,1621087201000.0,0.0,0.0,0.1,21.596,0.0,0.0,21.291,1.0,1.0,1100.3326986699967,1050.0,1100.3021986699966,1050.0,0.001962679108428178,0.0
351,1621090801000.0,0.0,0.0,0.1,21.0218,0.0,0.0,21.223,1.0,1.0,1100.386297139996,1050.0,1100.406417139996,1050.0,0.0019104018338503097,0.0
352,1621094401000.0,0.0,0.0,0.2,21.021,0.0,0.0,20.821,1.0,1.0,1100.4108839799958,1050.0,1100.3708839799958,1050.0,0.0038205728980016413,0.0
353,1621098001000.0,0.0,0.0,1.2,20.406000000000006,0.0,0.0,20.215,1.0,1.0,1100.408855679996,1050.0,1100.179655679996,1050.0,0.022252819825653056,0.0
354,1621101601000.0,0.0,0.0,2.8,20.085428571428576,0.0,0.0,19.757,1.0,1.0,1100.405680479996,1050.0,1099.486080479996,1050.0,0.05110769691362237,0.0
355,1621105201000.0,0.0,0.0,2.8,20.085428571428576,0.0,0.0,19.747,1.0,1.0,1100.405680479996,1050.0,1099.458080479996,1050.0,0.05110769691362237,0.0
356,1621108801000.0,0.0,0.0,6.5,19.716892307692305,0.0,0.0,19.735,1.0,1.0,1100.3984884199958,1050.0,1100.5161884199958,1050.0,0.1164667176015644,0.0
357,1621112401000.0,0.0,0.0,0.1,19.716892307692305,0.0,0.0,19.965,1.0,1.0,1101.500947320766,1050.0,1101.5257580899968,1050.0,0.0017900023014642572,0.0
358,1621116001000.0,0.0,0.0,0.1,20.066,0.0,0.0,20.06,1.0,1.0,1101.534856829997,1050.0,1101.5342568299968,1050.0,0.0018216400394033873,0.0
359,1621119601000.0,0.0,0.0,0.1,20.066,0.0,0.0,19.72,1.0,1.0,1101.534856829997,1050.0,1101.500256829997,1050.0,0.0018216400394033873,0.0
360,1621123201000.0,0.0,0.0,0.5,19.532799999999998,0.0,0.0,19.226,1.0,1.0,1101.534080849997,1050.0,1101.3806808499971,1050.0,0.008866180511150205,0.0
361,1621126801000.0,0.0,0.0,0.1,20.076,0.0,0.0,19.738,1.0,1.0,1101.6348047799959,1050.0,1101.601004779996,1050.0,0.0018223825094205622,0.0
362,1621130401000.0,0.0,0.0,0.1,20.21,0.0,0.0,20.121,1.0,1.0,1101.647600599996,1050.0,1101.638700599996,1050.0,0.001834524941459767,0.0
363,1621134001000.0,0.0,0.0,0.1,20.21,0.0,0.0,20.027,1.0,1.0,1101.647600599996,1050.0,1101.629300599996,1050.0,0.001834524941459767,0.0
364,1621137601000.0,0.0,0.0,0.1,20.21,0.0,0.0,20.015,1.0,1.0,1101.647600599996,1050.0,1101.6281005999958,1050.0,0.001834524941459767,0.0
365,1621141201000.0,0.0,0.0,0.1,20.21,0.0,0.0,20.012,1.0,1.0,1101.647600599996,1050.0,1101.627800599996,1050.0,0.001834524941459767,0.0
366,1621144801000.0,0.0,0.0,0.1,20.21,0.0,0.0,20.078,1.0,1.0,1101.647600599996,1050.0,1101.6344005999958,1050.0,0.001834524941459767,0.0
367,1621148401000.0,0.0,0.0,0.1,20.633,0.0,0.0,20.521,1.0,1.0,1101.6862714599963,1050.0,1101.6750714599964,1050.0,0.0018728562327146336,0.0
368,1621152001000.0,0.0,0.0,0.1,20.633,0.0,0.0,20.481,1.0,1.0,1101.6862714599963,1050.0,1101.6710714599963,1050.0,0.0018728562327146336,0.0
369,1621155601000.0,0.0,0.0,0.1,20.633,0.0,0.0,20.191,1.0,1.0,1101.6862714599963,1050.0,1101.6420714599963,1050.0,0.0018728562327146336,0.0
370,1621159201000.0,0.0,0.0,0.2,20.384,0.0,0.0,20.162,1.0,1.0,1101.6860701099963,1050.0,1101.6416701099963,1050.0,0.00370050971016903,0.0
371,1621162801000.0,0.0,0.0,0.1,20.522,0.0,0.0,20.529,1.0,1.0,1101.7122545299965,1050.0,1101.7129545299965,1050.0,0.0018627368367391836,0.0
372,1621166401000.0,0.0,0.0,0.1,20.522,0.0,0.0,20.241,1.0,1.0,1101.7122545299965,1050.0,1101.6841545299965,1050.0,0.0018627368367391836,0.0
373,1621170001000.0,0.0,0.0,0.5,19.976399999999998,0.0,0.0,19.751,1.0,1.0,1101.7114609299965,1050.0,1101.5987609299966,1050.0,0.009066076149891897,0.0
374,1621173601000.0,0.0,0.0,0.5,19.976399999999998,0.0,0.0,19.925,1.0,1.0,1101.7114609299965,1050.0,1101.6857609299966,1050.0,0.009066076149891897,0.0
375,1621177201000.0,0.0,0.0,0.5,19.976399999999998,0.0,0.0,19.63,1.0,1.0,1101.7114609299965,1050.0,1101.5382609299966,1050.0,0.009066076149891897,0.0
376,1621180801000.0,0.0,0.0,2.8,19.373,0.0,0.0,19.122,1.0,1.0,1101.7070353099966,1050.0,1101.0042353099966,1050.0,0.0492366829487812,0.0
377,1621184401000.0,0.0,0.0,2.8,19.373,0.0,0.0,18.992,1.0,1.0,1101.7070353099966,1050.0,1100.6402353099966,1050.0,0.0492366829487812,0.0
378,1621188001000.0,0.0,0.0,1.0,19.02121538461538,0.0,0.0,19.21,1.0,1.0,1102.8599326346118,1050.0,1103.0487172499963,1050.0,0.017247172394028114,0.0
379,1621191601000.0,0.0,0.0,0.5,18.842599999999997,0.0,0.0,18.433,1.0,1.0,1103.1775409499965,1050.0,1102.9727409499965,1050.0,0.008540148480440319,0.0
380,1621195201000.0,0.0,0.0,2.1,18.285642857142857,0.0,0.0,18.244,1.0,1.0,1103.210075529996,1050.0,1103.122625529996,1050.0,0.034807377898132624,0.0
381,1621198801000.0,0.0,0.0,2.8,18.00241836734694,0.0,0.0,17.522,1.0,1.0,1103.3336920385673,1050.0,1101.988520609996,1050.0,0.04568588070163768,0.0
382,1621202401000.0,0.0,0.0,0.1,18.088,0.0,0.0,18.087,1.0,1.0,1104.999726499994,1050.0,1104.999626499994,1050.0,0.001636923482080165,0.0
383,1621206001000.0,0.0,0.0,0.1,18.602,0.0,0.0,18.544,1.0,1.0,1105.046154449994,1050.0,1105.040354449994,1050.0,0.0016833686018534338,0.0
384,1621209601000.0,0.0,0.0,0.1,18.858,0.0,0.0,18.871,1.0,1.0,1105.069902899994,1050.0,1105.071202899994,1050.0,0.0017064983808274617,0.0
385,1621213201000.0,0.0,0.0,0.2,18.630499999999998,0.0,0.0,18.38,1.0,1.0,1105.0697188699942,1050.0,1105.0196188699942,1050.0,0.0033718234572658276,0.0
386,1621216801000.0,0.0,0.0,1.2,18.087833333333332,0.0,0.0,17.992,1.0,1.0,1105.067920939994,1050.0,1104.952920939994,1050.0,0.01964168861361655,0.0
387,1621220401000.0,0.0,0.0,0.1,18.84,0.0,0.0,18.512,1.0,1.0,1105.5339409199944,1050.0,1105.5011409199944,1050.0,0.0017041539208033614,0.0
388,1621224001000.0,0.0,0.0,2.2,17.7905,0.0,0.0,17.357,1.0,1.0,1105.5979735599944,1050.0,1104.6442735599944,1050.0,0.035400842743925444,0.0
389,1621227601000.0,0.0,0.0,0.2,17.429499999999997,0.0,0.0,17.482,1.0,1.0,1110.5998513399948,1050.0,1110.6103513399948,1050.0,0.0031387542469000743,0.0
390,1621231201000.0,0.0,0.0,0.1,17.536,0.0,0.0,17.522,1.0,1.0,1110.8804098399946,1050.0,1110.8790098399945,1050.0,0.0015785677598298628,0.0
391,1621234801000.0,0.0,0.0,0.2,17.7255,0.0,0.0,17.593,1.0,1.0,1110.9139670099948,1050.0,1110.887467009995,1050.0,0.0031911562058595535,0.0
392,1621238401000.0,0.0,0.0,0.1,18.22,0.0,0.0,18.211,1.0,1.0,1110.9710460299946,1050.0,1110.9701460299946,1050.0,0.0016400067369089731,0.0
393,1621242001000.0,0.0,0.0,0.1,18.465,0.0,0.0,18.328,1.0,1.0,1110.9942099699945,1050.0,1110.9805099699945,1050.0,0.00166202486334278,0.0
394,1621245601000.0,0.0,0.0,0.1,18.63,0.0,0.0,18.324,1.0,1.0,1111.0390044099947,1050.0,1111.0084044099947,1050.0,0.0016768088182370572,0.0
395,1621249201000.0,0.0,0.0,1.2,17.87016666666667,0.0,0.0,17.751,1.0,1.0,1111.0370462899948,1050.0,1110.8940462899948,1050.0,0.019301066577039047,0.0
396,1621252801000.0,0.0,0.0,0.1,18.587,0.0,0.0,18.623,1.0,1.0,1111.3668206799944,1050.0,1111.3704206799944,1050.0,0.0016724451058047125,0.0
397,1621256401000.0,0.0,0.0,0.2,18.877499999999998,0.0,0.0,18.671,1.0,1.0,1111.4024970599944,1050.0,1111.3611970599943,1050.0,0.003397059130231732,0.0
398,1621260001000.0,0.0,0.0,0.5,18.6012,0.0,0.0,18.679,1.0,1.0,1111.4019445499944,1050.0,1111.4408445499944,1050.0,0.008368349583701515,0.0
399,1621263601000.0,0.0,0.0,0.1,18.51,0.0,0.0,18.426,1.0,1.0,1111.4732590699946,1050.0,1111.4648590699946,1050.0,0.001665357204858704,0.0
400,1621267201000.0,0.0,0.0,1.2,17.754916666666666,0.0,0.0,17.65,1.0,1.0,1111.4713135799946,1050.0,1111.3454135799946,1050.0,0.019169095719955866,0.0
401,1621270801000.0,0.0,0.0,1.1,17.48925,0.0,0.0,17.101,1.0,1.0,1111.616517249994,1050.0,1111.189442249994,1050.0,0.01730648537644343,0.0
402,1621274401000.0,0.0,0.0,0.1,17.959,0.0,0.0,17.875,1.0,1.0,1112.2151605199952,1050.0,1112.2067605199952,1050.0,0.0016147055567560875,0.0
403,1621278001000.0,0.0,0.0,0.1,19.566,0.0,0.0,19.341,1.0,1.0,1112.3577432999953,1050.0,1112.3352432999952,1050.0,0.0017589664941742742,0.0
404,1621281601000.0,0.0,0.0,0.1,20.388,0.0,0.0,20.404,1.0,1.0,1112.4339288999954,1050.0,1112.4355288999955,1050.0,0.0018327380593434618,0.0
405,1621285201000.0,0.0,0.0,0.1,20.917,0.0,0.0,20.768,1.0,1.0,1112.5260187299955,1050.0,1112.5111187299956,1050.0,0.0018801358033745416,0.0
406,1621288801000.0,0.0,0.0,1.2,19.960750000000004,0.0,0.0,19.798,1.0,1.0,1112.5501033199955,1050.0,1112.3548033199954,1050.0,0.021529727001526857,0.0
407,1621292401000.0,0.0,0.0,0.5,19.752000000000002,0.0,0.0,19.565,1.0,1.0,1112.8141916999955,1050.0,1112.7206916999955,1050.0,0.008874796955018058,0.0
408,1621296001000.0,0.0,0.0,0.1,20.631,0.0,0.0,20.48,1.0,1.0,1113.0036563999952,1050.0,1112.988556399995,1050.0,0.00185363272450792,0.0
409,1621299601000.0,0.0,0.0,0.1,20.909,0.0,0.0,20.591,1.0,1.0,1113.0299228499953,1050.0,1112.9981228499953,1050.0,0.0018785658472200786,0.0
410,1621303201000.0,0.0,0.0,0.1,20.909,0.0,0.0,21.0,1.0,1.0,1113.0299228499953,1050.0,1113.0390228499953,1050.0,0.0018785658472200786,0.0
411,1621306801000.0,0.0,0.0,0.1,20.796,0.0,0.0,21.024,1.0,1.0,1113.056387149995,1050.0,1113.079187149995,1050.0,0.0018683689559743338,0.0
412,1621310401000.0,0.0,0.0,0.1,21.277,0.0,0.0,21.109,1.0,1.0,1113.096220769995,1050.0,1113.0794207699948,1050.0,0.0019115148899958923,0.0
413,1621314001000.0,0.0,0.0,0.1,21.731,0.0,0.0,21.735,1.0,1.0,1113.1369262299947,1050.0,1113.1373262299946,1050.0,0.0019522306275113162,0.0
414,1621317601000.0,0.0,0.0,0.2,21.7675,0.0,0.0,21.637,1.0,1.0,1113.1643329799952,1050.0,1113.138232979995,1050.0,0.003910923006619758,0.0
415,1621321201000.0,0.0,0.0,0.1,21.929,0.0,0.0,21.526,1.0,1.0,1113.192175489995,1050.0,1113.151875489995,1050.0,0.001969920421902668,0.0
416,1621324801000.0,0.0,0.0,0.1,21.975,0.0,0.0,21.982,1.0,1.0,1113.2335677399951,1050.0,1113.2342677399952,1050.0,0.0019739792831267233,0.0
417,1621328401000.0,0.0,0.0,0.1,21.975,0.0,0.0,21.851,1.0,1.0,1113.2335677399951,1050.0,1113.221167739995,1050.0,0.0019739792831267233,0.0
418,1621332001000.0,0.0,0.0,0.1,21.877,0.0,0.0,21.904,1.0,1.0,1113.2611974899949,1050.0,1113.2638974899949,1050.0,0.001965127325853519,0.0
419,1621335601000.0,0.0,0.0,0.1,22.49,0.0,0.0,22.267,1.0,1.0,1113.3172172799948,1050.0,1113.2949172799947,1050.0,0.0020200891220335682,0.0
420,1621339201000.0,0.0,0.0,0.1,22.49,0.0,0.0,22.259,1.0,1.0,1113.3172172799948,1050.0,1113.2941172799947,1050.0,0.0020200891220335682,0.0
421,1621342801000.0,0.0,0.0,0.1,23.057,0.0,0.0,22.64,1.0,1.0,1113.4442753399946,1050.0,1113.4025753399947,1050.0,0.0020707816736458993,0.0
422,1621346401000.0,0.0,0.0,0.2,23.4685,0.0,0.0,23.051,1.0,1.0,1113.5451377299948,1050.0,1113.461637729995,1050.0,0.0042150963090443645,0.0
423,1621350001000.0,0.0,0.0,0.7,22.794514285714286,0.0,0.0,22.63,1.0,1.0,1113.5734435199954,1050.0,1113.4582835199953,1050.0,0.014328789980445945,0.0
424,1621353601000.0,0.0,0.0,0.1,23.939,0.0,0.0,23.988,1.0,1.0,1113.7752840699945,1050.0,1113.7801840699944,1050.0,0.0021493563685954058,0.0
425,1621357201000.0,0.0,0.0,0.0,25.45,0.0,0.0,25.774,1.0,1.0,1113.9474860799942,1050.0,1113.9474860799942,1050.0,0.0,0.0
426,1621360801000.0,0.0,0.0,1.2,24.537583333333338,0.0,0.0,24.118,1.0,1.0,1113.9607287599938,1050.0,1113.4572287599938,1050.0,0.02643279896659987,0.0
427,1621364401000.0,0.0,0.0,1.2,24.14239285714286,0.0,0.0,24.163,1.0,1.0,1114.2847888685658,1050.0,1114.3095174399944,1050.0,0.02599952159266948,0.0
428,1621368001000.0,0.0,0.0,0.1,24.684,0.0,0.0,24.712,1.0,1.0,1114.6463597999943,1050.0,1114.6491597999943,1050.0,0.002214514027967503,0.0
429,1621371601000.0,0.0,0.0,0.1,24.354,0.0,0.0,24.08,1.0,1.0,1114.739041239994,1050.0,1114.7116412399942,1050.0,0.0021847265681938905,0.0
430,1621375201000.0,0.0,0.0,0.5,23.9054,0.0,0.0,23.756,1.0,1.0,1114.7536008299942,1050.0,1114.6789008299943,1050.0,0.010722279785506475,0.0
431,1621378801000.0,0.0,0.0,2.8,23.1715,0.0,0.0,22.769,1.0,1.0,1114.748308079994,1050.0,1113.6213080799942,1050.0,0.058201658194707226,0.0
432,1621382401000.0,0.0,0.0,0.3,22.7312,0.0,0.0,23.394,1.0,1.0,1116.2894311099928,1050.0,1116.4882711099929,1050.0,0.0061089532964753645,0.0
433,1621386001000.0,0.0,0.0,0.5,23.386,0.0,0.0,22.864,1.0,1.0,1116.5178477499921,1050.0,1116.2568477499922,1050.0,0.010472738992541628,0.0
434,1621389601000.0,0.0,0.0,6.5,22.241784615384617,0.0,0.0,21.849,1.0,1.0,1116.5045598899922,1050.0,1113.951459889992,1050.0,0.1294859019780846,0.0
435,1621393201000.0,0.0,0.0,1.8,22.241784615384617,0.0,0.0,21.67,1.0,1.0,1117.1812498376837,1050.0,1116.1520375299915,1050.0,0.035835914999029085,0.0
436,1621396801000.0,0.0,0.0,0.1,22.276,0.0,0.0,21.943,1.0,1.0,1118.3845305699924,1050.0,1118.3512305699924,1050.0,0.0019918015129060202,0.0
437,1621400401000.0,0.0,0.0,16.8,20.085380952380948,0.0,0.0,19.771,1.0,1.0,1118.3510098899922,1050.0,1113.0694098899921,1050.0,0.301724947727451,0.0
438,1621404001000.0,0.0,0.0,0.5,20.5034,0.0,0.0,20.243,1.0,1.0,1123.3656022899922,1050.0,1123.2354022899922,1050.0,0.009125880282520494,0.0
439,1621407601000.0,0.0,0.0,0.2,20.881500000000003,0.0,0.0,20.736,1.0,1.0,1123.4711984199919,1050.0,1123.442098419992,1050.0,0.003717318259581014,0.0
440,1621411201000.0,0.0,0.0,0.1,21.606,0.0,0.0,21.512,1.0,1.0,1123.7415663499908,1050.0,1123.7321663499908,1050.0,0.0019226840625089759,0.0
441,1621414801000.0,0.0,0.0,0.1,20.984,0.0,0.0,20.965,1.0,1.0,1123.9557777499917,1050.0,1123.9538777499918,1050.0,0.0018669773682739679,0.0
442,1621418401000.0,0.0,0.0,0.2,20.4266,0.0,0.0,20.556,1.0,1.0,1123.9943694599915,1050.0,1124.0202494599914,1050.0,0.0036346445418251865,0.0
443,1621422001000.0,0.0,0.0,1.1,19.590633333333336,0.0,0.0,19.691,1.0,1.0,1124.017996726658,1050.0,1124.1284000599915,1050.0,0.01917202102584056,0.0
444,1621425601000.0,0.0,0.0,18.3,18.447091256830603,0.0,0.0,18.418,1.0,1.0,1124.0112806599914,1050.0,1123.4789106599912,1050.0,0.3003366387940346,0.0
445,1621429201000.0,0.0,0.0,18.9,17.94502993610316,0.0,0.0,12.595,1.0,1.0,1125.7992932623413,1050.0,1024.6837274699915,1050.0,0.30126246109955246,0.0
446,1621432801000.0,0.0,0.0,18.9,17.94502993610316,0.0,0.0,13.311,1.0,1.0,1125.7992932623413,1050.0,1038.2161274699915,1050.0,0.30126246109955246,0.0
447,1621436401000.0,0.0,0.0,18.9,17.94502993610316,0.0,0.0,15.762,1.0,1.0,1125.7992932623413,1050.0,1084.5400274699916,1050.0,0.30126246109955246,0.0
448,1621440001000.0,0.0,0.0,17.5,17.94502993610316,0.0,0.0,17.346,1.0,1.0,1123.8794308017966,1050.0,1113.3964069199913,1050.0,0.27942323284426046,0.0
449,1621443601000.0,0.0,0.0,11.9,17.94502993610316,0.0,0.0,17.954,1.0,1.0,1124.529947879619,1050.0,1124.6366916399913,1050.0,0.18989788279296918,0.0
450,1621447201000.0,0.0,0.0,1.0,17.607678571428576,0.0,0.0,17.39,1.0,1.0,1128.19718096142,1050.0,1127.9795023899912,1050.0,0.015606915943916626,0.0
451,1621450801000.0,0.0,0.0,1.2,16.520275248988487,0.0,0.0,16.317,1.0,1.0,1129.347256978777,1050.0,1129.103326679991,1050.0,0.017553795058412865,0.0
452,1621454401000.0,0.0,0.0,0.6,16.274975106709352,0.0,0.0,16.211,1.0,1.0,1129.553122894018,1050.0,1129.5147378299926,1050.0,0.008644998509682155,0.0
453,1621458001000.0,0.0,0.0,2.8,15.739250000000002,0.0,0.0,15.594,1.0,1.0,1129.6328875199931,1050.0,1129.2261875199931,1050.0,0.03901258584702813,0.0
454,1621461601000.0,0.0,0.0,0.1,15.691,0.0,0.0,15.682,1.0,1.0,1131.4693138599935,1050.0,1131.4684138599935,1050.0,0.001386780870483385,0.0
455,1621465201000.0,0.0,0.0,0.1,16.393,0.0,0.0,16.149,1.0,1.0,1131.5201052799935,1050.0,1131.4957052799934,1050.0,0.00144875905637961,0.0
456,1621468801000.0,0.0,0.0,23.0,14.80436956521739,0.0,0.0,14.354,1.0,1.0,1131.4862191599934,1050.0,1121.1277191599934,1050.0,0.3009320787422271,0.0
457,1621472401000.0,0.0,0.0,25.4,13.451686441874006,0.0,0.0,13.381,1.0,1.0,1135.2618705835935,1050.0,1133.4664349599936,1050.0,0.3009638960638739,0.0
458,1621476001000.0,0.0,0.0,0.1,13.886,0.0,0.0,13.898,1.0,1.0,1142.8487789599938,1050.0,1142.8499789599937,1050.0,0.0012150338921161931,0.0
459,1621479601000.0,0.0,0.0,0.1,14.604,0.0,0.0,14.583,1.0,1.0,1142.930399079993,1050.0,1142.9282990799932,1050.0,0.0012777680960936514,0.0
460,1621483201000.0,0.0,0.0,0.1,14.874,0.0,0.0,14.915,1.0,1.0,1142.9773178599935,1050.0,1142.9814178599936,1050.0,0.001301338160222525,0.0
461,1621486801000.0,0.0,0.0,0.2,15.493,0.0,0.0,15.499,1.0,1.0,1143.0449197699934,1050.0,1143.0461197699933,1050.0,0.002710829597688522,0.0
462,1621490401000.0,0.0,0.0,0.1,16.093,0.0,0.0,16.052,1.0,1.0,1143.1049805799935,1050.0,1143.1008805799934,1050.0,0.0014078322003141536,0.0
463,1621494001000.0,0.0,0.0,0.1,16.477,0.0,0.0,16.292,1.0,1.0,1143.166633219994,1050.0,1143.1481332199942,1050.0,0.0014413471773217093,0.0
464,1621497601000.0,0.0,0.0,0.5,16.7808,0.0,0.0,16.722,1.0,1.0,1143.240894139994,1050.0,1143.211494139994,1050.0,0.007339135647620181,0.0
465,1621501201000.0,0.0,0.0,1.2,16.535333333333334,0.0,0.0,16.569,1.0,1.0,1143.239748939994,1050.0,1143.280148939994,1050.0,0.01735628945581867,0.0
466,1621504801000.0,0.0,0.0,0.1,16.455,0.0,0.0,16.4,1.0,1.0,1144.4141475999952,1050.0,1144.4086475999952,1050.0,0.0014378535982370155,0.0
467,1621508401000.0,0.0,0.0,0.1,16.497,0.0,0.0,16.585,1.0,1.0,1144.445459949995,1050.0,1144.454259949995,1050.0,0.0014414841578139351,0.0
468,1621512001000.0,0.0,0.0,0.1,16.687,0.0,0.0,16.749,1.0,1.0,1144.487335429995,1050.0,1144.493535429995,1050.0,0.0014580327351311874,0.0
469,1621515601000.0,0.0,0.0,0.1,17.825,0.0,0.0,17.798,1.0,1.0,1144.5856176699951,1050.0,1144.5829176699951,1050.0,0.0015573321667527078,0.0
470,1621519201000.0,0.0,0.0,0.7,17.45041666666667,0.0,0.0,17.47,1.0,1.0,1144.674335076662,1050.0,1144.6880434099953,1050.0,0.010671412202011654,0.0
471,1621522801000.0,0.0,0.0,0.5,17.106,0.0,0.0,16.843,1.0,1.0,1144.7524585599951,1050.0,1144.6209585599952,1050.0,0.007471484281203444,0.0
472,1621526401000.0,0.0,0.0,2.8,16.598178571428573,0.0,0.0,16.547,1.0,1.0,1144.7486663699951,1050.0,1144.6053663699952,1050.0,0.040598343868241564,0.0
473,1621530001000.0,0.0,0.0,21.7,15.863797235023043,0.0,0.0,15.747,1.0,1.0,1144.7188894199953,1050.0,1142.1843894199953,1050.0,0.30072396217242586,0.0
474,1621533601000.0,0.0,0.0,0.9,15.863797235023043,0.0,0.0,15.991,1.0,1.0,1147.1540633915163,1050.0,1147.2685458799956,1050.0,0.012445945986810272,0.0
475,1621537201000.0,0.0,0.0,0.1,16.252,0.0,0.0,16.065,1.0,1.0,1147.3511128799948,1050.0,1147.3324128799948,1050.0,0.0014164800833465394,0.0
476,1621540801000.0,0.0,0.0,0.1,16.389,0.0,0.0,16.08,1.0,1.0,1147.392216029995,1050.0,1147.3613160299951,1050.0,0.0014283694599834691,0.0
477,1621544401000.0,0.0,0.0,0.5,15.998,0.0,0.0,15.929,1.0,1.0,1147.4226026599952,1050.0,1147.3881026599952,1050.0,0.006971276303479153,0.0
478,1621548001000.0,0.0,0.0,0.1,16.639,0.0,0.0,16.639,1.0,1.0,1147.5244170599954,1050.0,1147.5244170599954,1050.0,0.0014499909328840078,0.0
479,1621551601000.0,0.0,0.0,0.1,16.747,0.0,0.0,16.607,1.0,1.0,1147.9790780799956,1050.0,1147.9650780799957,1050.0,0.0014588244960012247,0.0
480,1621555201000.0,0.0,0.0,0.2,16.346249999999998,0.0,0.0,16.232,1.0,1.0,1147.9894366299955,1050.0,1147.9665866299954,1050.0,0.002847804949840928,0.0
481,1621558801000.0,0.0,0.0,0.1,17.145,0.0,0.0,17.14,1.0,1.0,1148.0620380299954,1050.0,1148.0615380299953,1050.0,0.0014933861962215717,0.0
482,1621562401000.0,0.0,0.0,0.1,17.145,0.0,0.0,16.874,1.0,1.0,1148.0620380299954,1050.0,1148.0349380299954,1050.0,0.0014933861962215717,0.0
483,1621566001000.0,0.0,0.0,0.5,16.691,0.0,0.0,16.365,1.0,1.0,1148.0613749299955,1050.0,1147.8983749299955,1050.0,0.007269210673086948,0.0
484,1621569601000.0,0.0,0.0,2.8,16.196214285714287,0.0,0.0,16.0,1.0,1.0,1148.0576745399956,1050.0,1147.5082745399955,1050.0,0.03950097717710099,0.0
485,1621573201000.0,0.0,0.0,2.8,16.196214285714287,0.0,0.0,15.983,1.0,1.0,1148.0576745399956,1050.0,1147.4606745399956,1050.0,0.03950097717710099,0.0
486,1621576801000.0,0.0,0.0,2.8,16.196214285714287,0.0,0.0,16.016,1.0,1.0,1148.0576745399956,1050.0,1147.5530745399956,1050.0,0.03950097717710099,0.0
487,1621580401000.0,0.0,0.0,0.1,16.47,0.0,0.0,16.469,1.0,1.0,1149.0940960899954,1050.0,1149.0939960899955,1050.0,0.001433302986765158,0.0
488,1621584001000.0,0.0,0.0,0.1,16.533,0.0,0.0,16.328,1.0,1.0,1149.1255069799954,1050.0,1149.1050069799953,1050.0,0.0014387462378631039,0.0
489,1621587601000.0,0.0,0.0,0.1,17.215,0.0,0.0,17.062,1.0,1.0,1149.2101272299951,1050.0,1149.194827229995,1050.0,0.0014979854068545558,0.0
490,1621591201000.0,0.0,0.0,0.1,17.757,0.0,0.0,17.498,1.0,1.0,1149.2544242399952,1050.0,1149.228524239995,1050.0,0.0015450886788400012,0.0
491,1621594801000.0,0.0,0.0,0.2,17.543,0.0,0.0,17.254,1.0,1.0,1149.2542509499951,1050.0,1149.196450949995,1050.0,0.0030529362820278677,0.0
492,1621598401000.0,0.0,0.0,0.1,17.515,0.0,0.0,17.468,1.0,1.0,1149.3186913799952,1050.0,1149.3139913799953,1050.0,0.0015239463284956773,0.0
493,1621602001000.0,0.0,0.0,0.1,18.3,0.0,0.0,18.157,1.0,1.0,1149.409515859995,1050.0,1149.395215859995,1050.0,0.0015921218458251436,0.0
494,1621605601000.0,0.0,0.0,0.0,19.143,0.0,0.0,19.353,1.0,1.0,1149.525743419995,1050.0,1149.525743419995,1050.0,0.0,0.0
495,1621609201000.0,0.0,0.0,0.1,17.215,0.0,0.0,17.176,1.0,1.0,1156.3462192099955,1050.0,1156.3423192099956,1050.0,0.001488740976881571,0.0
496,1621612801000.0,0.0,0.0,2.6,16.603903846153845,0.0,0.0,16.304,1.0,1.0,1156.8175768899962,1050.0,1156.0378268899963,1050.0,0.0373180273730446,0.0
497,1621616401000.0,0.0,0.0,0.3,16.8978,0.0,0.0,16.899,1.0,1.0,1158.211835539996,1050.0,1158.212195539996,1050.0,0.004376867723542567,0.0
498,1621620001000.0,0.0,0.0,0.1,16.961,0.0,0.0,16.82,1.0,1.0,1158.3193593999952,1050.0,1158.305259399995,1050.0,0.0014642766575865339,0.0
499,1621623601000.0,0.0,0.0,0.1,16.499,0.0,0.0,16.552,1.0,1.0,1158.4893139599935,1050.0,1158.4946139599936,1050.0,0.0014241823209920229,0.0
500,1621627201000.0,0.0,0.0,0.6,15.321661538461537,0.0,0.0,15.38,1.0,1.0,1159.3860854430693,1050.0,1159.4210885199923,1050.0,0.007929193767720388,0.0
501,1621630801000.0,0.0,0.0,0.5,14.8868,0.0,0.0,14.533,1.0,1.0,1159.7009288899915,1050.0,1159.5240288899915,1050.0,0.00641837892388726,0.0
502,1621634401000.0,0.0,0.0,0.1,15.859,0.0,0.0,15.811,1.0,1.0,1167.5523874999913,1050.0,1167.5475874999913,1050.0,0.001358311641497981,0.0
503,1621638001000.0,0.0,0.0,0.2,15.816500000000001,0.0,0.0,15.759,1.0,1.0,1167.590781489991,1050.0,1167.579281489991,1050.0,0.0027092540041839283,0.0
504,1621641601000.0,0.0,0.0,0.1,16.321,0.0,0.0,16.369,1.0,1.0,1167.672363209991,1050.0,1167.677163209991,1050.0,0.001397737971217606,0.0
505,1621645201000.0,0.0,0.0,0.1,17.449,0.0,0.0,17.376,1.0,1.0,1167.8106774899904,1050.0,1167.8033774899905,1050.0,0.0014941634236042137,0.0
506,1621648801000.0,0.0,0.0,0.2,17.1025,0.0,0.0,17.005,1.0,1.0,1167.9031578799904,1050.0,1167.8836578799903,1050.0,0.0029287531050168447,0.0
507,1621652401000.0,0.0,0.0,0.5,16.8858,0.0,0.0,16.569,1.0,1.0,1167.9354237199902,1050.0,1167.7770237199902,1050.0,0.007228909945302049,0.0
508,1621656001000.0,0.0,0.0,1.2,16.10306153846154,0.0,0.0,16.208,1.0,1.0,1168.4786840961433,1050.0,1168.6046102499895,1050.0,0.016537463720274318,0.0
509,1621659601000.0,0.0,0.0,1.9,15.153815384615385,0.0,0.0,15.339,1.0,1.0,1169.3013222307598,1050.0,1169.6531729999906,1050.0,0.024623464186151946,0.0
510,1621663201000.0,0.0,0.0,0.1,14.754,0.0,0.0,14.556,1.0,1.0,1170.2186930299906,1050.0,1170.1988930299906,1050.0,0.001260789977794508,0.0
511,1621666801000.0,0.0,0.0,0.1,14.113,0.0,0.0,14.145,1.0,1.0,1170.5053616899913,1050.0,1170.5085616899914,1050.0,0.0012057185265365604,0.0
512,1621670401000.0,0.0,0.0,0.1,14.024,0.0,0.0,14.01,1.0,1.0,1170.6066729999914,1050.0,1170.6052729999913,1050.0,0.001198011281112875,0.0
513,1621674001000.0,0.0,0.0,0.1,14.466,0.0,0.0,14.31,1.0,1.0,1170.642829389991,1050.0,1170.627229389991,1050.0,0.0012357313124736838,0.0
514,1621677601000.0,0.0,0.0,0.1,14.598,0.0,0.0,14.479,1.0,1.0,1170.7240634299906,1050.0,1170.7121634299906,1050.0,0.0012469206413363318,0.0
515,1621681201000.0,0.0,0.0,0.1,15.159,0.0,0.0,15.037,1.0,1.0,1170.7987972299907,1050.0,1170.7865972299908,1050.0,0.0012947570526946981,0.0
516,1621684801000.0,0.0,0.0,0.2,14.976500000000001,0.0,0.0,14.736,1.0,1.0,1170.7986492899906,1050.0,1170.7505492899907,1050.0,0.0025583391318536666,0.0
517,1621688401000.0,0.0,0.0,0.2,14.681000000000001,0.0,0.0,14.431,1.0,1.0,1170.8454745299905,1050.0,1170.7954745299905,1050.0,0.0025077604721311935,0.0
518,1621692001000.0,0.0,0.0,0.2,14.943,0.0,0.0,14.887,1.0,1.0,1170.892583129991,1050.0,1170.881383129991,1050.0,0.0025524117609584426,0.0
519,1621695601000.0,0.0,0.0,0.8,14.221666666666668,0.0,0.0,14.235,1.0,1.0,1170.9748587633242,1050.0,1170.9855254299907,1050.0,0.009716120929657728,0.0
520,1621699201000.0,0.0,0.0,0.1,14.427,0.0,0.0,14.272,1.0,1.0,1171.1019444399915,1050.0,1171.0864444399915,1050.0,0.0012319166634890046,0.0
521,1621702801000.0,0.0,0.0,0.1,14.556,0.0,0.0,14.357,1.0,1.0,1171.1383930299912,1050.0,1171.1184930299912,1050.0,0.0012428932470005055,0.0
522,1621706401000.0,0.0,0.0,2.8,13.756821428571431,0.0,0.0,13.74,1.0,1.0,1171.1346866799913,1050.0,1171.0875866799913,1050.0,0.0328904099913533,0.0
523,1621710001000.0,0.0,0.0,0.1,14.09,0.0,0.0,14.161,1.0,1.0,1171.5649935199908,1050.0,1171.5720935199909,1050.0,0.001202664818250186,0.0
524,1621713601000.0,0.0,0.0,0.5,14.5552,0.0,0.0,14.397,1.0,1.0,1171.619564049991,1050.0,1171.540464049991,1050.0,0.006211572615639148,0.0
525,1621717201000.0,0.0,0.0,0.1,15.306,0.0,0.0,15.358,1.0,1.0,1171.7235823199912,1050.0,1171.7287823199913,1050.0,0.001306280784218271,0.0
526,1621720801000.0,0.0,0.0,0.1,15.452,0.0,0.0,15.423,1.0,1.0,1171.7626489099914,1050.0,1171.7597489099915,1050.0,0.0013186970940210385,0.0
527,1621724401000.0,0.0,0.0,0.1,15.16,0.0,0.0,15.18,1.0,1.0,1171.8104425599906,1050.0,1171.8124425599906,1050.0,0.0012937246033480271,0.0
528,1621728001000.0,0.0,0.0,0.2,15.0815,0.0,0.0,14.879,1.0,1.0,1171.8198883399907,1050.0,1171.7793883399906,1050.0,0.002574030386421342,0.0
529,1621731601000.0,0.0,0.0,0.1,15.262,0.0,0.0,15.286,1.0,1.0,1171.9938049399907,1050.0,1171.9962049399908,1050.0,0.0013022253134504802,0.0
530,1621735201000.0,0.0,0.0,0.1,15.389,0.0,0.0,15.054,1.0,1.0,1172.0034974299906,1050.0,1171.9699974299906,1050.0,0.0013130506891613828,0.0
531,1621738801000.0,0.0,0.0,0.2,15.204,0.0,0.0,14.936,1.0,1.0,1172.0033472399905,1050.0,1171.9497472399905,1050.0,0.0025945318391461364,0.0
532,1621742401000.0,0.0,0.0,0.1,15.456,0.0,0.0,15.309,1.0,1.0,1172.0326786499904,1050.0,1172.0179786499905,1050.0,0.0013187345610365612,0.0
533,1621746001000.0,0.0,0.0,0.1,15.27,0.0,0.0,15.258,1.0,1.0,1172.0423741099903,1050.0,1172.0411741099904,1050.0,0.0013028539187071224,0.0
534,1621749601000.0,0.0,0.0,0.1,15.195,0.0,0.0,15.115,1.0,1.0,1172.0615694399903,1050.0,1172.0535694399903,1050.0,0.0012964336000932232,0.0
535,1621753201000.0,0.0,0.0,0.2,15.112,0.0,0.0,15.036,1.0,1.0,1172.0711142499904,1050.0,1172.0559142499903,1050.0,0.002578683121914524,0.0
536,1621756801000.0,0.0,0.0,1.5,14.458684210526314,0.0,0.0,14.507,1.0,1.0,1172.1436355957799,1050.0,1172.2161092799904,1050.0,0.01850287426998299,0.0
537,1621760401000.0,0.0,0.0,10.3,13.313636763587873,0.0,0.0,13.144,1.0,1.0,1173.1022265149456,1050.0,1171.3549678499905,1050.0,0.11689557445674834,0.0
538,1621764001000.0,0.0,0.0,4.4,12.756796302334681,0.0,0.0,12.524,1.0,1.0,1176.3398754002635,1050.0,1175.315571669991,1050.0,0.04771571966917617,0.0
539,1621767601000.0,0.0,0.0,0.2,13.149000000000001,0.0,0.0,12.912,1.0,1.0,1176.9903039499916,1050.0,1176.9429039499917,1050.0,0.002234342960323772,0.0
540,1621771201000.0,0.0,0.0,0.5,12.9576,0.0,0.0,12.653,1.0,1.0,1176.9899190499916,1050.0,1176.8376190499916,1050.0,0.005504550119876446,0.0
541,1621774801000.0,0.0,0.0,29.9,11.831267558528427,0.0,0.0,11.614,1.0,1.0,1176.9551914399917,1050.0,1170.4588914399917,1050.0,0.30056785727516505,0.0
542,1621778401000.0,0.0,0.0,29.9,11.831267558528427,0.0,0.0,11.525,1.0,1.0,1176.9551914399917,1050.0,1167.7977914399917,1050.0,0.30056785727516505,0.0
543,1621782001000.0,0.0,0.0,29.9,11.831267558528427,0.0,0.0,11.385,1.0,1.0,1176.9551914399917,1050.0,1163.6117914399917,1050.0,0.30056785727516505,0.0
544,1621785601000.0,0.0,0.0,29.9,11.831267558528427,0.0,0.0,10.892,1.0,1.0,1176.9551914399917,1050.0,1148.8710914399917,1050.0,0.30056785727516505,0.0
545,1621789201000.0,0.0,0.0,29.9,11.831267558528427,0.0,0.0,10.1,1.0,1.0,1176.9551914399917,1050.0,1125.1902914399918,1050.0,0.30056785727516505,0.0
546,1621792801000.0,0.0,0.0,29.9,11.831267558528427,0.0,0.0,10.407,1.0,1.0,1176.9551914399917,1050.0,1134.3695914399918,1050.0,0.30056785727516505,0.0
547,1621796401000.0,0.0,0.0,29.9,11.831267558528427,0.0,0.0,10.287,1.0,1.0,1176.9551914399917,1050.0,1130.7815914399919,1050.0,0.30056785727516505,0.0
548,1621800001000.0,0.0,0.0,29.9,11.831267558528427,0.0,0.0,10.624,1.0,1.0,1176.9551914399917,1050.0,1140.8578914399918,1050.0,0.30056785727516505,0.0
549,1621803601000.0,0.0,0.0,27.7,11.831267558528427,0.0,0.0,11.35,1.0,1.0,1175.0045947512288,1050.0,1161.6734833799912,1050.0,0.27891474878923633,0.0
550,1621807201000.0,0.0,0.0,27.7,11.831267558528427,0.0,0.0,11.606,1.0,1.0,1175.0045947512288,1050.0,1168.7646833799913,1050.0,0.27891474878923633,0.0
551,1621810801000.0,0.0,0.0,8.2,11.456000163145443,0.0,0.0,11.512,1.0,1.0,1178.1350506277838,1050.0,1178.5942492899912,1050.0,0.07973551189036941,0.0
552,1621814401000.0,0.0,0.0,0.1,11.834,0.0,0.0,11.727,1.0,1.0,1179.3342478799923,1050.0,1179.3235478799922,1050.0,0.001003447497710947,0.0
553,1621818001000.0,0.0,0.0,0.1,12.045,0.0,0.0,11.939,1.0,1.0,1179.4106405299924,1050.0,1179.4000405299923,1050.0,0.0010212727938919842,0.0
554,1621821601000.0,0.0,0.0,0.1,11.897,0.0,0.0,11.774,1.0,1.0,1179.4555282599927,1050.0,1179.4432282599926,1050.0,0.0010086857634684376,0.0
555,1621825201000.0,0.0,0.0,0.1,11.926,0.0,0.0,11.942,1.0,1.0,1179.4780187499923,1050.0,1179.4796187499924,1050.0,0.0010111252444228798,0.0
556,1621828801000.0,0.0,0.0,0.2,12.074,0.0,0.0,11.971,1.0,1.0,1179.5008726799927,1050.0,1179.4802726799926,1050.0,0.002047306666686251,0.0
557,1621832401000.0,0.0,0.0,1.2,11.727416666666667,0.0,0.0,11.723,1.0,1.0,1179.4997068699927,1050.0,1179.4944068699926,1050.0,0.01193124501687659,0.0
558,1621836001000.0,0.0,0.0,0.1,12.013,0.0,0.0,11.99,1.0,1.0,1179.8036438499926,1050.0,1179.8013438499925,1050.0,0.001018220282893736,0.0
559,1621839601000.0,0.0,0.0,0.1,12.445,0.0,0.0,12.451,1.0,1.0,1179.842417169993,1050.0,1179.8430171699931,1050.0,0.0010548018802249005,0.0
560,1621843201000.0,0.0,0.0,0.0,13.367,0.0,0.0,13.567,1.0,1.0,1179.9414245199935,1050.0,1179.9414245199935,1050.0,0.0,0.0
561,1621846801000.0,0.0,0.0,0.1,13.339500000000001,0.0,0.0,13.384,1.0,1.0,1179.9583040799935,1050.0,1179.9627540799934,1050.0,0.0011305060487201478,0.0
562,1621850401000.0,0.0,0.0,1.2,12.800041666666669,0.0,0.0,12.597,1.0,1.0,1179.9569014699935,1050.0,1179.7132514699933,1050.0,0.013017466977704364,0.0
563,1621854001000.0,0.0,0.0,0.2,12.805,0.0,0.0,12.849,1.0,1.0,1180.0768471899935,1050.0,1180.0856471899936,1050.0,0.0021701976494990726,0.0
564,1621857601000.0,0.0,0.0,0.1,13.522,0.0,0.0,13.519,1.0,1.0,1180.1506644899935,1050.0,1180.1503644899935,1050.0,0.0011457859074157776,0.0
565,1621861201000.0,0.0,0.0,0.2,13.8245,0.0,0.0,13.652,1.0,1.0,1180.1855210899932,1050.0,1180.1510210899933,1050.0,0.0023427672603934338,0.0
566,1621864801000.0,0.0,0.0,0.2,13.469999999999999,0.0,0.0,13.368,1.0,1.0,1180.3039234499913,1050.0,1180.2835234499912,1050.0,0.0022824629711689194,0.0
567,1621868401000.0,0.0,0.0,0.1,13.4504,0.0,0.0,13.511,1.0,1.0,1180.380228539991,1050.0,1180.386288539991,1050.0,0.0011394972293492886,0.0
568,1621872001000.0,0.0,0.0,0.1,13.972,0.0,0.0,13.922,1.0,1.0,1180.423713229991,1050.0,1180.418713229991,1050.0,0.0011836427753360228,0.0
569,1621875601000.0,0.0,0.0,0.4,13.516666666666667,0.0,0.0,13.518,1.0,1.0,1180.5007288566574,1050.0,1180.5012621899907,1050.0,0.00457997740662401,0.0
570,1621879201000.0,0.0,0.0,0.1,13.991,0.0,0.0,13.944,1.0,1.0,1180.5911451199909,1050.0,1180.586445119991,1050.0,0.0011850842739107624,0.0
571,1621882801000.0,0.0,0.0,0.1,14.423,0.0,0.0,14.177,1.0,1.0,1180.6272049399904,1050.0,1180.6026049399904,1050.0,0.0012216387983989495,0.0
572,1621886401000.0,0.0,0.0,0.1,14.433,0.0,0.0,14.441,1.0,1.0,1180.7206201799893,1050.0,1180.7214201799893,1050.0,0.0012223890862344583,0.0
573,1621890001000.0,0.0,0.0,0.2,14.2595,0.0,0.0,14.042,1.0,1.0,1180.7204793199892,1050.0,1180.6769793199892,1050.0,0.0024153896285787225,0.0
574,1621893601000.0,0.0,0.0,0.5,14.0522,0.0,0.0,13.794,1.0,1.0,1180.720061899989,1050.0,1180.590961899989,1050.0,0.005950690791764605,0.0
575,1621897201000.0,0.0,0.0,2.2,13.641357142857144,0.0,0.0,13.718,1.0,1.0,1180.769906784275,1050.0,1180.9385210699893,1050.0,0.02541645543458848,0.0
576,1621900801000.0,0.0,0.0,0.1,13.862,0.0,0.0,13.895,1.0,1.0,1181.0614771299886,1050.0,1181.0647771299887,1050.0,0.0011736899618201956,0.0
577,1621904401000.0,0.0,0.0,0.1,14.48,0.0,0.0,14.309,1.0,1.0,1181.1153713499884,1050.0,1181.0982713499884,1050.0,0.0012259598301095419,0.0
578,1621908001000.0,0.0,0.0,1.2,13.987000000000002,0.0,0.0,13.898,1.0,1.0,1181.1230471599883,1050.0,1181.0162471599883,1050.0,0.014210543127033301,0.0
579,1621911601000.0,0.0,0.0,5.0,13.548538461538463,0.0,0.0,13.208,1.0,1.0,1181.2480656576809,1050.0,1179.5453733499885,1050.0,0.05734840485853018,0.0
580,1621915201000.0,0.0,0.0,11.7,13.29053780407627,0.0,0.0,12.926,1.0,1.0,1181.2392899976808,1050.0,1176.9741976899884,1050.0,0.13164080607917947,0.0
581,1621918801000.0,0.0,0.0,9.7,12.943196083916085,0.0,0.0,12.97,1.0,1.0,1182.7055660039744,1050.0,1182.9655639899884,1050.0,0.1061540637186484,0.0
582,1621922401000.0,0.0,0.0,5.8,12.943196083916085,0.0,0.0,13.069,1.0,1.0,1183.0312203567016,1050.0,1183.7608830699883,1050.0,0.06345609143271672,0.0
583,1621926001000.0,0.0,0.0,0.1,13.517,0.0,0.0,13.492,1.0,1.0,1183.8623221699875,1050.0,1183.8598221699874,1050.0,0.0011417712809056806,0.0
584,1621929601000.0,0.0,0.0,0.1,13.611,0.0,0.0,13.614,1.0,1.0,1183.8709499999875,1050.0,1183.8712499999874,1050.0,0.0011497030145050983,0.0
585,1621933201000.0,0.0,0.0,0.5,13.3412,0.0,0.0,13.16,1.0,1.0,1183.8790459399877,1050.0,1183.7884459399877,1050.0,0.005634528310029858,0.0
586,1621936801000.0,0.0,0.0,1.2,13.148583333333335,0.0,0.0,13.004,1.0,1.0,1183.8781351699877,1050.0,1183.7046351699876,1050.0,0.013327638657448865,0.0
587,1621940401000.0,0.0,0.0,4.3,12.391923344947733,0.0,0.0,12.37,1.0,1.0,1186.4583178032633,1050.0,1186.364047419988,1050.0,0.044911203018015274,0.0
588,1621944001000.0,0.0,0.0,0.5,12.1492,0.0,0.0,12.057,1.0,1.0,1186.9437622899875,1050.0,1186.8976622899875,1050.0,0.005117849887243342,0.0
589,1621947601000.0,0.0,0.0,0.1,12.239,0.0,0.0,12.283,1.0,1.0,1186.9829284499879,1050.0,1186.987328449988,1050.0,0.0010311016027822913,0.0
590,1621951201000.0,0.0,0.0,0.1,12.789,0.0,0.0,12.629,1.0,1.0,1187.0305212799876,1050.0,1187.0145212799875,1050.0,0.0010773943694564387,0.0
591,1621954801000.0,0.0,0.0,0.2,13.122499999999999,0.0,0.0,12.926,1.0,1.0,1187.0717837899876,1050.0,1187.0324837899877,1050.0,0.0022109025215145007,0.0
592,1621958401000.0,0.0,0.0,0.1,13.02,0.0,0.0,13.052,1.0,1.0,1187.1131185899876,1050.0,1187.1163185899877,1050.0,0.0010967783774022068,0.0
593,1621962001000.0,0.0,0.0,0.1,12.952,0.0,0.0,12.916,1.0,1.0,1187.1295030399879,1050.0,1187.1259030399879,1050.0,0.0010910351370118142,0.0
594,1621965601000.0,0.0,0.0,0.1,13.195,0.0,0.0,13.186,1.0,1.0,1187.1707999699875,1050.0,1187.1698999699875,1050.0,0.0011114660165440036,0.0
595,1621969201000.0,0.0,0.0,0.1,13.407,0.0,0.0,13.364,1.0,1.0,1187.1876661699876,1050.0,1187.1833661699875,1050.0,0.0011293075544873727,0.0
596,1621972801000.0,0.0,0.0,0.5,13.1404,0.0,0.0,12.938,1.0,1.0,1187.1956741999875,1050.0,1187.0944741999874,1050.0,0.005534218278235762,0.0
597,1621976401000.0,0.0,0.0,0.1,13.1404,0.0,0.0,13.149,1.0,1.0,1187.2297851199874,1050.0,1187.2306451199875,1050.0,0.0011068118543430888,0.0
598,1621980001000.0,0.0,0.0,0.1,13.429,0.0,0.0,13.408,1.0,1.0,1187.2551456299875,1050.0,1187.2530456299876,1050.0,0.0011310963822249206,0.0
599,1621983601000.0,0.0,0.0,0.1,13.82,0.0,0.0,13.815,1.0,1.0,1187.2896527799876,1050.0,1187.2891527799875,1050.0,0.0011639956574742369,0.0
600,1621987201000.0,0.0,0.0,0.2,13.654,0.0,0.0,13.607,1.0,1.0,1187.2895178999877,1050.0,1187.2801178999878,1050.0,0.0023000287283173266,0.0
601,1621990801000.0,0.0,0.0,0.1,13.94,0.0,0.0,13.856,1.0,1.0,1187.3496958499873,1050.0,1187.3412958499873,1050.0,0.0011740433377565977,0.0
602,1621994401000.0,0.0,0.0,0.1,14.135,0.0,0.0,14.077,1.0,1.0,1187.3675325799875,1050.0,1187.3617325799876,1050.0,0.0011904485858129012,0.0
603,1621998001000.0,0.0,0.0,0.2,14.279,0.0,0.0,14.327,1.0,1.0,1187.3946308399875,1050.0,1187.4042308399876,1050.0,0.0024050976194660307,0.0
604,1622001601000.0,0.0,0.0,0.1,14.573,0.0,0.0,14.626,1.0,1.0,1187.4313187199873,1050.0,1187.4366187199873,1050.0,0.0012272709815089957,0.0
605,1622005201000.0,0.0,0.0,0.2,14.506499999999999,0.0,0.0,14.433,1.0,1.0,1187.4404818999874,1050.0,1187.4257818999874,1050.0,0.0024433224605562697,0.0
606,1622008801000.0,0.0,0.0,0.2,14.438,0.0,0.0,14.316,1.0,1.0,1187.4590010999873,1050.0,1187.4346010999873,1050.0,0.002431747114911007,0.0
607,1622012401000.0,0.0,0.0,0.1,14.958,0.0,0.0,14.982,1.0,1.0,1187.5149814199874,1050.0,1187.5173814199875,1050.0,0.001259605161537732,0.0
608,1622016001000.0,0.0,0.0,0.1,15.068,0.0,0.0,14.89,1.0,1.0,1187.5244801799874,1050.0,1187.5066801799874,1050.0,0.0012688580531591412,0.0
609,1622019601000.0,0.0,0.0,0.5,14.669599999999999,0.0,0.0,14.544,1.0,1.0,1187.5238973799876,1050.0,1187.4610973799877,1050.0,0.006176549386654563,0.0
610,1622023201000.0,0.0,0.0,0.1,14.776,0.0,0.0,14.628,1.0,1.0,1187.5712113199875,1050.0,1187.5564113199875,1050.0,0.0012442201241621923,0.0
611,1622026801000.0,0.0,0.0,0.5,14.3856,0.0,0.0,14.382,1.0,1.0,1187.5706397999875,1050.0,1187.5688397999875,1050.0,0.0060567344450444,0.0
612,1622030401000.0,0.0,0.0,0.5,14.3856,0.0,0.0,14.396,1.0,1.0,1187.5706397999875,1050.0,1187.5758397999875,1050.0,0.0060567344450444,0.0
613,1622034001000.0,0.0,0.0,0.1,14.646,0.0,0.0,14.633,1.0,1.0,1187.6481662199874,1050.0,1187.6468662199875,1050.0,0.0012331935009519588,0.0
614,1622037601000.0,0.0,0.0,2.8,13.84257142857143,0.0,0.0,13.56,1.0,1.0,1187.6444367599872,1050.0,1186.8532367599873,1050.0,0.0326353568461441,0.0
615,1622041201000.0,0.0,0.0,0.1,13.84257142857143,0.0,0.0,13.886,1.0,1.0,1187.8924312328465,1050.0,1187.8967740899893,1050.0,0.0011653051290347063,0.0
616,1622044801000.0,0.0,0.0,0.1,13.84257142857143,0.0,0.0,13.813,1.0,1.0,1187.8924312328465,1050.0,1187.8894740899893,1050.0,0.0011653051290347063,0.0
617,1622048401000.0,0.0,0.0,0.2,13.872,0.0,0.0,13.725,1.0,1.0,1187.9099774399897,1050.0,1187.8805774399898,1050.0,0.00233553051383488,0.0
618,1622052001000.0,0.0,0.0,0.2,13.670399999999999,0.0,0.0,13.805,1.0,1.0,1187.9434378199896,1050.0,1187.9703578199897,1050.0,0.0023015237198644287,0.0
619,1622055601000.0,0.0,0.0,0.1,13.87,0.0,0.0,13.854,1.0,1.0,1187.9696677399893,1050.0,1187.9680677399892,1050.0,0.0011675382273342457,0.0
620,1622059201000.0,0.0,0.0,0.2,13.703,0.0,0.0,13.668,1.0,1.0,1187.9695323799892,1050.0,1187.9625323799892,1050.0,0.0023069615215715648,0.0
621,1622062801000.0,0.0,0.0,0.1,13.877,0.0,0.0,13.89,1.0,1.0,1187.9945170099893,1050.0,1187.9958170099892,1050.0,0.0011681030342569599,0.0
622,1622066401000.0,0.0,0.0,0.1,13.973,0.0,0.0,13.929,1.0,1.0,1188.0033375999892,1050.0,1187.9989375999892,1050.0,0.001176175146799531,0.0
623,1622070001000.0,0.0,0.0,0.1,14.187,0.0,0.0,14.121,1.0,1.0,1188.0211723599891,1050.0,1188.0145723599892,1050.0,0.0011941706368597542,0.0
624,1622073601000.0,0.0,0.0,0.1,14.48,0.0,0.0,14.544,1.0,1.0,1188.048409739989,1050.0,1188.054809739989,1050.0,0.0012188055538215846,0.0
625,1622077201000.0,0.0,0.0,0.5,14.0978,0.0,0.0,13.995,1.0,1.0,1188.047849649989,1050.0,1187.996449649989,1050.0,0.005933178534919007,0.0
626,1622080801000.0,0.0,0.0,6.5,13.458830769230769,0.0,0.0,13.249,1.0,1.0,1188.0398062999893,1050.0,1186.6759062999893,1050.0,0.07363591652072136,0.0
627,1622084401000.0,0.0,0.0,6.5,13.458830769230769,0.0,0.0,13.244,1.0,1.0,1188.0398062999893,1050.0,1186.6434062999892,1050.0,0.07363591652072136,0.0
628,1622088001000.0,0.0,0.0,27.3,13.090347985347982,0.0,0.0,13.137,1.0,1.0,1188.0128178899893,1050.0,1189.2864178899893,1050.0,0.3008103066048672,0.0
629,1622091601000.0,0.0,0.0,4.4,13.090347985347982,0.0,0.0,13.209,1.0,1.0,1189.9440759855202,1050.0,1190.466144849989,1050.0,0.0484035613924364,0.0
630,1622095201000.0,0.0,0.0,1.1,13.090347985347982,0.0,0.0,13.435,1.0,1.0,1190.5631454738718,1050.0,1190.942262689989,1050.0,0.012094598122430114,0.0
631,1622098801000.0,0.0,0.0,0.1,13.491,0.0,0.0,13.514,1.0,1.0,1190.934082579989,1050.0,1190.9363825799892,1050.0,0.0011328082886647823,0.0
632,1622102401000.0,0.0,0.0,0.1,13.588,0.0,0.0,13.522,1.0,1.0,1190.9427108999892,1050.0,1190.9361108999892,1050.0,0.001140944889761458,0.0
633,1622106001000.0,0.0,0.0,0.1,13.69,0.0,0.0,13.67,1.0,1.0,1190.9513372299893,1050.0,1190.9493372299894,1050.0,0.0011495012073155992,0.0
634,1622109601000.0,0.0,0.0,0.1,13.884,0.0,0.0,13.857,1.0,1.0,1190.9688839199894,1050.0,1190.9661839199894,1050.0,0.0011657735300608192,0.0
635,1622113201000.0,0.0,0.0,0.1,13.884,0.0,0.0,13.726,1.0,1.0,1190.9688839199894,1050.0,1190.9530839199895,1050.0,0.0011657735300608192,0.0
636,1622116801000.0,0.0,0.0,0.1,14.076,0.0,0.0,14.031,1.0,1.0,1190.9866228899893,1050.0,1190.9821228899893,1050.0,0.001181877254493747,0.0
637,1622120401000.0,0.0,0.0,0.1,14.076,0.0,0.0,13.792,1.0,1.0,1190.9866228899893,1050.0,1190.9582228899894,1050.0,0.001181877254493747,0.0
638,1622124001000.0,0.0,0.0,0.1,14.186,0.0,0.0,14.005,1.0,1.0,1190.9955393499893,1050.0,1190.9774393499893,1050.0,0.0011911043770778777,0.0
639,1622127601000.0,0.0,0.0,0.1,14.186,0.0,0.0,14.05,1.0,1.0,1190.9955393499893,1050.0,1190.9819393499893,1050.0,0.0011911043770778777,0.0
640,1622131201000.0,0.0,0.0,0.2,14.0155,0.0,0.0,13.855,1.0,1.0,1190.9954008999894,1050.0,1190.9633008999895,1050.0,0.0023535775183361795,0.0
641,1622134801000.0,0.0,0.0,1.2,13.611833333333333,0.0,0.0,13.487,1.0,1.0,1190.9940477899893,1050.0,1190.8442477899894,1050.0,0.013714762076527394,0.0
642,1622138401000.0,0.0,0.0,1.2,13.611833333333333,0.0,0.0,13.593,1.0,1.0,1190.9940477899893,1050.0,1190.9714477899893,1050.0,0.013714762076527394,0.0
643,1622142001000.0,0.0,0.0,1.2,13.611833333333333,0.0,0.0,13.564,1.0,1.0,1190.9940477899893,1050.0,1190.9366477899894,1050.0,0.013714762076527394,0.0
644,1622145601000.0,0.0,0.0,1.2,13.611833333333333,0.0,0.0,13.425,1.0,1.0,1190.9940477899893,1050.0,1190.7698477899892,1050.0,0.013714762076527394,0.0
645,1622149201000.0,0.0,0.0,2.8,13.4085,0.0,0.0,13.242,1.0,1.0,1190.9919268299893,1050.0,1190.5257268299893,1050.0,0.03152313559331059,0.0
646,1622152801000.0,0.0,0.0,0.7,13.4085,0.0,0.0,13.606,1.0,1.0,1191.2397359799895,1050.0,1191.3779859799895,1050.0,0.007879144488307822,0.0
647,1622156401000.0,0.0,0.0,0.1,13.532,0.0,0.0,13.373,1.0,1.0,1191.3438015499892,1050.0,1191.327901549989,1050.0,0.0011358601926995627,0.0
648,1622160001000.0,0.0,0.0,0.2,13.3695,0.0,0.0,13.336,1.0,1.0,1191.343669479989,1050.0,1191.3369694799892,1050.0,0.0022444405157809196,0.0
649,1622163601000.0,0.0,0.0,0.2,13.311,0.0,0.0,13.081,1.0,1.0,1191.360634119989,1050.0,1191.314634119989,1050.0,0.002234587851701565,0.0
650,1622167201000.0,0.0,0.0,0.1,13.211,0.0,0.0,13.217,1.0,1.0,1191.4025521399897,1050.0,1191.4031521399897,1050.0,0.0011088611465764017,0.0
651,1622170801000.0,0.0,0.0,0.1,13.399,0.0,0.0,13.39,1.0,1.0,1191.4194180999898,1050.0,1191.4185180999898,1050.0,0.0011246249470541609,0.0
652,1622174401000.0,0.0,0.0,0.1,13.399,0.0,0.0,13.322,1.0,1.0,1191.4194180999898,1050.0,1191.4117180999897,1050.0,0.0011246249470541609,0.0
653,1622178001000.0,0.0,0.0,0.5,13.0454,0.0,0.0,12.742,1.0,1.0,1191.4188998199897,1050.0,1191.2671998199899,1050.0,0.00547473269140309,0.0
654,1622181601000.0,0.0,0.0,6.5,12.458815384615384,0.0,0.0,12.386,1.0,1.0,1191.41145385999,1050.0,1190.9381538599898,1050.0,0.06797173196348734,0.0
655,1622185201000.0,0.0,0.0,6.5,12.458815384615384,0.0,0.0,12.263,1.0,1.0,1191.41145385999,1050.0,1190.13865385999,1050.0,0.06797173196348734,0.0
656,1622188801000.0,0.0,0.0,6.5,12.458815384615384,0.0,0.0,12.365,1.0,1.0,1191.41145385999,1050.0,1190.80165385999,1050.0,0.06797173196348734,0.0
657,1622192401000.0,0.0,0.0,15.2,12.20936842105263,0.0,0.0,11.899,1.0,1.0,1191.4009938499898,1050.0,1186.68339384999,1050.0,0.15576820982857664,0.0
658,1622196001000.0,0.0,0.0,30.1,11.910657807308969,0.0,0.0,11.894,1.0,1.0,1191.3837010099899,1050.0,1190.88230100999,1050.0,0.3009196782666022,0.0
659,1622199601000.0,0.0,0.0,26.4,11.910657807308969,0.0,0.0,11.849,1.0,1.0,1191.6691311929467,1050.0,1190.0413650799899,1050.0,0.2638663349433062,0.0
660,1622203201000.0,0.0,0.0,26.4,11.910657807308969,0.0,0.0,11.539,1.0,1.0,1191.6691311929467,1050.0,1181.85736507999,1050.0,0.2638663349433062,0.0
661,1622206801000.0,0.0,0.0,0.1,12.21,0.0,0.0,12.215,1.0,1.0,1194.9027297899913,1050.0,1194.9032297899914,1050.0,0.0010218404976065252,0.0
662,1622210401000.0,0.0,0.0,0.1,12.464,0.0,0.0,12.433,1.0,1.0,1194.9261872899915,1050.0,1194.9230872899916,1050.0,0.001043076981036584,0.0
663,1622214001000.0,0.0,0.0,0.1,12.464,0.0,0.0,12.221,1.0,1.0,1194.9261872899915,1050.0,1194.9018872899915,1050.0,0.001043076981036584,0.0
664,1622217601000.0,0.0,0.0,0.1,12.406,0.0,0.0,12.274,1.0,1.0,1194.9418936899915,1050.0,1194.9286936899914,1050.0,0.0010382094782609185,0.0
665,1622221201000.0,0.0,0.0,0.5,12.078800000000001,0.0,0.0,11.824,1.0,1.0,1194.9414138099914,1050.0,1194.8140138099914,1050.0,0.005054138998115208,0.0
666,1622224801000.0,0.0,0.0,0.1,11.99,0.0,0.0,12.01,1.0,1.0,1195.0325312799926,1050.0,1195.0345312799925,1050.0,0.001003319967127387,0.0
667,1622228401000.0,0.0,0.0,0.1,12.074,0.0,0.0,12.024,1.0,1.0,1195.0401898499927,1050.0,1195.0351898499925,1050.0,0.0010103425895254274,0.0
668,1622232001000.0,0.0,0.0,0.1,12.074,0.0,0.0,11.937,1.0,1.0,1195.0401898499927,1050.0,1195.0264898499927,1050.0,0.0010103425895254274,0.0
669,1622235601000.0,0.0,0.0,1.2,11.665833333333335,0.0,0.0,11.557,1.0,1.0,1195.0465684199928,1050.0,1194.9159684199929,1050.0,0.011714187856719679,0.0
670,1622239201000.0,0.0,0.0,6.5,11.308969230769232,0.0,0.0,11.162,1.0,1.0,1195.0406174899927,1050.0,1194.0853174899926,1050.0,0.061511131022804394,0.0
671,1622242801000.0,0.0,0.0,0.6,11.308969230769232,0.0,0.0,11.412,1.0,1.0,1195.6008700384543,1050.0,1195.6626884999928,1050.0,0.005675289896906231,0.0
672,1622246401000.0,0.0,0.0,0.1,11.896,0.0,0.0,11.921,1.0,1.0,1195.7050480099933,1050.0,1195.7075480099934,1050.0,0.0009948941856353674,0.0
673,1622250001000.0,0.0,0.0,0.1,12.161,0.0,0.0,12.17,1.0,1.0,1195.7279240999937,1050.0,1195.7288240999937,1050.0,0.0010170373840816171,0.0
674,1622253601000.0,0.0,0.0,0.1,12.33,0.0,0.0,12.267,1.0,1.0,1195.7434326699938,1050.0,1195.7371326699938,1050.0,0.0010311576600063907,0.0
675,1622257201000.0,0.0,0.0,0.1,12.33,0.0,0.0,12.251,1.0,1.0,1195.7434326699938,1050.0,1195.7355326699937,1050.0,0.0010311576600063907,0.0
676,1622260801000.0,0.0,0.0,0.1,12.412,0.0,0.0,12.342,1.0,1.0,1195.751284439994,1050.0,1195.7442844399939,1050.0,0.0010380085023962914,0.0
677,1622264401000.0,0.0,0.0,0.5,12.084800000000001,0.0,0.0,11.998,1.0,1.0,1195.750804319994,1050.0,1195.7074043199939,1050.0,0.005053226791209416,0.0
678,1622268001000.0,0.0,0.0,0.1,12.503,0.0,0.0,12.399,1.0,1.0,1195.8251729299936,1050.0,1195.8147729299938,1050.0,0.0010455541732212687,0.0
679,1622271601000.0,0.0,0.0,0.1,12.503,0.0,0.0,12.296,1.0,1.0,1195.8251729299936,1050.0,1195.8044729299936,1050.0,0.0010455541732212687,0.0
680,1622275201000.0,0.0,0.0,0.2,12.353,0.0,0.0,12.105,1.0,1.0,1195.8250508999936,1050.0,1195.7754508999935,1050.0,0.002066021278062869,0.0
681,1622278801000.0,0.0,0.0,1.2,11.99825,0.0,0.0,11.833,1.0,1.0,1195.8238581699936,1050.0,1195.6255581699936,1050.0,0.012040151149044269,0.0
682,1622282401000.0,0.0,0.0,2.8,11.820964285714286,0.0,0.0,11.868,1.0,1.0,1195.8219880899937,1050.0,1195.9536880899936,1050.0,0.027678617996367783,0.0
683,1622286001000.0,0.0,0.0,2.0,11.820964285714286,0.0,0.0,11.79,1.0,1.0,1195.8834647414224,1050.0,1195.8215361699938,1050.0,0.019769425089041184,0.0
684,1622289601000.0,0.0,0.0,0.1,11.998,0.0,0.0,11.95,1.0,1.0,1196.1341886499954,1050.0,1196.1293886499955,1050.0,0.0010030647158026157,0.0
685,1622293201000.0,0.0,0.0,0.2,11.854,0.0,0.0,11.636,1.0,1.0,1196.1340715499955,1050.0,1196.0904715499955,1050.0,0.0019820520595386338,0.0
686,1622296801000.0,0.0,0.0,1.2,11.513916666666667,0.0,0.0,11.504,1.0,1.0,1196.1329269599955,1050.0,1196.1210269599956,1050.0,0.011551140921365253,0.0
687,1622300401000.0,0.0,0.0,0.5,11.513916666666667,0.0,0.0,11.276,1.0,1.0,1196.1853739933283,1050.0,1196.066415659995,1050.0,0.0048127643578473,0.0
688,1622304001000.0,0.0,0.0,2.8,11.181270833333334,0.0,0.0,11.153,1.0,1.0,1196.1828189333285,1050.0,1196.1036605999952,1050.0,0.02617288748658939,0.0
689,1622307601000.0,0.0,0.0,0.1,11.343,0.0,0.0,11.346,1.0,1.0,1196.3931696699926,1050.0,1196.3934696699926,1050.0,0.0009480996956150125,0.0
690,1622311201000.0,0.0,0.0,1.2,10.8855,0.0,0.0,10.756,1.0,1.0,1196.3919768399928,1050.0,1196.2365768399927,1050.0,0.010918327983527602,0.0
691,1622314801000.0,0.0,0.0,2.8,10.725785714285717,0.0,0.0,10.66,1.0,1.0,1196.390279879993,1050.0,1196.206079879993,1050.0,0.025102343695915404,0.0
692,1622318401000.0,0.0,0.0,2.2,10.555138461538462,0.0,0.0,10.596,1.0,1.0,1196.6822581253778,1050.0,1196.7721535099931,1050.0,0.019404737103532535,0.0
693,1622322001000.0,0.0,0.0,0.1,10.628,0.0,0.0,10.619,1.0,1.0,1196.884804599992,1050.0,1196.883904599992,1050.0,0.0008879718381546299,0.0
694,1622325601000.0,0.0,0.0,0.1,10.842,0.0,0.0,10.85,1.0,1.0,1196.9052584099923,1050.0,1196.9060584099923,1050.0,0.0009058361072289769,0.0
695,1622329201000.0,0.0,0.0,0.1,10.842,0.0,0.0,10.852,1.0,1.0,1196.9052584099923,1050.0,1196.9062584099922,1050.0,0.0009058361072289769,0.0
696,1622332801000.0,0.0,0.0,0.1,11.04,0.0,0.0,10.902,1.0,1.0,1196.9191193199922,1050.0,1196.9053193199923,1050.0,0.000922368088352718,0.0
697,1622336401000.0,0.0,0.0,2.8,10.440214285714287,0.0,0.0,10.456,1.0,1.0,1196.916306459992,1050.0,1196.960506459992,1050.0,0.024423261544876552,0.0
698,1622340001000.0,0.0,0.0,0.5,10.440214285714287,0.0,0.0,10.498,1.0,1.0,1197.1448892528488,1050.0,1197.1737821099916,1050.0,0.004360463958640018,0.0
699,1622343601000.0,0.0,0.0,0.1,10.731,0.0,0.0,10.731,1.0,1.0,1197.198912159992,1050.0,1197.198912159992,1050.0,0.0008963422778792104,0.0
700,1622347201000.0,0.0,0.0,0.1,10.888,0.0,0.0,10.862,1.0,1.0,1197.2126783699923,1050.0,1197.2100783699923,1050.0,0.0009094457648764659,0.0
701,1622350801000.0,0.0,0.0,0.1,10.971,0.0,0.0,10.94,1.0,1.0,1197.2196590599922,1050.0,1197.2165590599923,1050.0,0.0009163731915840723,0.0
702,1622354401000.0,0.0,0.0,0.1,11.392,0.0,0.0,11.414,1.0,1.0,1197.2551362899922,1050.0,1197.257336289992,1050.0,0.0009515098039421312,0.0
703,1622358001000.0,0.0,0.0,0.1,11.636,0.0,0.0,11.637,1.0,1.0,1197.277043289992,1050.0,1197.277143289992,1050.0,0.000971871971087451,0.0
704,1622361601000.0,0.0,0.0,0.1,11.796,0.0,0.0,11.85,1.0,1.0,1197.291873179992,1050.0,1197.297273179992,1050.0,0.0009852234249840828,0.0
705,1622365201000.0,0.0,0.0,0.2,11.8155,0.0,0.0,11.771,1.0,1.0,1197.306879789992,1050.0,1197.297979789992,1050.0,0.0019736794633757456,0.0
706,1622368801000.0,0.0,0.0,0.1,11.902,0.0,0.0,11.874,1.0,1.0,1197.3220229099918,1050.0,1197.3192229099918,1050.0,0.0009940517064133821,0.0
707,1622372401000.0,0.0,0.0,0.1,11.902,0.0,0.0,11.867,1.0,1.0,1197.3220229099918,1050.0,1197.3185229099918,1050.0,0.0009940517064133821,0.0
708,1622376001000.0,0.0,0.0,0.1,12.173,0.0,0.0,12.231,1.0,1.0,1197.3448987199922,1050.0,1197.3506987199921,1050.0,0.0010166661262776837,0.0
709,1622379601000.0,0.0,0.0,0.2,12.211500000000001,0.0,0.0,12.045,1.0,1.0,1197.3603855899921,1050.0,1197.327085589992,1050.0,0.0020397367654656218,0.0
710,1622383201000.0,0.0,0.0,0.2,12.211500000000001,0.0,0.0,12.047,1.0,1.0,1197.3603855899921,1050.0,1197.3274855899922,1050.0,0.0020397367654656218,0.0
711,1622386801000.0,0.0,0.0,1.2,11.860833333333336,0.0,0.0,11.805,1.0,1.0,1197.359206519992,1050.0,1197.292206519992,1050.0,0.011886992577078712,0.0
712,1622390401000.0,0.0,0.0,1.2,11.860833333333336,0.0,0.0,11.882,1.0,1.0,1197.359206519992,1050.0,1197.384606519992,1050.0,0.011886992577078712,0.0
713,1622394001000.0,0.0,0.0,0.1,12.005,0.0,0.0,11.992,1.0,1.0,1197.502648669992,1050.0,1197.501348669992,1050.0,0.0010025030018374801,0.0
714,1622397601000.0,0.0,0.0,0.1,12.166,0.0,0.0,12.131,1.0,1.0,1197.5179636599921,1050.0,1197.514463659992,1050.0,0.0010159346556119185,0.0
715,1622401201000.0,0.0,0.0,0.1,12.332,0.0,0.0,12.298,1.0,1.0,1197.5334721399922,1050.0,1197.5300721399922,1050.0,0.0010297833243828015,0.0
716,1622404801000.0,0.0,0.0,0.1,12.332,0.0,0.0,12.147,1.0,1.0,1197.5334721399922,1050.0,1197.5149721399923,1050.0,0.0010297833243828015,0.0
717,1622408401000.0,0.0,0.0,0.2,12.184000000000001,0.0,0.0,12.07,1.0,1.0,1197.5333517799922,1050.0,1197.5105517799923,1050.0,0.002034849381337049,0.0
718,1622412001000.0,0.0,0.0,0.2,12.184000000000001,0.0,0.0,11.931,1.0,1.0,1197.5333517799922,1050.0,1197.4827517799922,1050.0,0.002034849381337049,0.0
719,1622415601000.0,0.0,0.0,0.5,12.007,0.0,0.0,11.801,1.0,1.0,1197.5329951099923,1050.0,1197.4299951099922,1050.0,0.005013223038124794,0.0
720,1622419201000.0,0.0,0.0,1.2,11.834333333333333,0.0,0.0,11.738,1.0,1.0,1197.5321753399924,1050.0,1197.4165753399923,1050.0,0.011858721036842393,0.0
721,1622422801000.0,0.0,0.0,0.2,11.780000000000001,0.0,0.0,11.661,1.0,1.0,1197.7391987499925,1050.0,1197.7153987499926,1050.0,0.0019670392373054286,0.0
722,1622426401000.0,0.0,0.0,0.5,11.609,0.0,0.0,11.413,1.0,1.0,1197.7388538999926,1050.0,1197.6408538999926,1050.0,0.004846215000122771,0.0
723,1622430001000.0,0.0,0.0,1.2,11.442166666666667,0.0,0.0,11.379,1.0,1.0,1197.7380612899926,1050.0,1197.6622612899926,1050.0,0.011463775297590371,0.0
724,1622433601000.0,0.0,0.0,1.2,11.442166666666667,0.0,0.0,11.278,1.0,1.0,1197.7380612899926,1050.0,1197.5410612899927,1050.0,0.011463775297590371,0.0
725,1622437201000.0,0.0,0.0,1.2,11.442166666666667,0.0,0.0,11.307,1.0,1.0,1197.7380612899926,1050.0,1197.5758612899926,1050.0,0.011463775297590371,0.0
726,1622440801000.0,0.0,0.0,1.2,11.442166666666667,0.0,0.0,11.318,1.0,1.0,1197.7380612899926,1050.0,1197.5890612899925,1050.0,0.011463775297590371,0.0
727,1622444401000.0,0.0,0.0,0.1,11.662,0.0,0.0,11.662,1.0,1.0,1197.8957240299915,1050.0,1197.8957240299915,1050.0,0.0009735404982302134,0.0
728,1622448001000.0,0.0,0.0,0.1,11.991,0.0,0.0,11.968,1.0,1.0,1197.925775019992,1050.0,1197.9234750199919,1050.0,0.0010009802151389458,0.0
729,1622451601000.0,0.0,0.0,0.1,12.2,0.0,0.0,12.231,1.0,1.0,1197.9410898499923,1050.0,1197.9441898499922,1050.0,0.0010184140191340878,0.0
730,1622455201000.0,0.0,0.0,0.1,12.37,0.0,0.0,12.233,1.0,1.0,1197.9566968799923,1050.0,1197.9429968799923,1050.0,0.0010325915813331932,0.0
731,1622458801000.0,0.0,0.0,0.1,12.542,0.0,0.0,12.619,1.0,1.0,1197.9724970899922,1050.0,1197.9801970899923,1050.0,0.0010469355540687207,0.0
732,1622462401000.0,0.0,0.0,0.1,12.806,0.0,0.0,12.64,1.0,1.0,1197.9966341799923,1050.0,1197.9800341799923,1050.0,0.0010689512503318076,0.0
733,1622466001000.0,0.0,0.0,0.2,12.652,0.0,0.0,12.571,1.0,1.0,1197.9965091999923,1050.0,1197.9803091999922,1050.0,0.002112193132924712,0.0
734,1622469601000.0,0.0,0.0,0.1,12.738,0.0,0.0,12.717,1.0,1.0,1198.0127271199922,1050.0,1198.0106271199923,1050.0,0.0010632608245007542,0.0
735,1622473201000.0,0.0,0.0,0.2,12.585,0.0,0.0,12.59,1.0,1.0,1198.0126027999922,1050.0,1198.0136027999922,1050.0,0.002100979567424645,0.0
736,1622476801000.0,0.0,0.0,0.1,13.002,0.0,0.0,12.992,1.0,1.0,1198.0601467499919,1050.0,1198.059146749992,1050.0,0.0010852543618340745,0.0
737,1622480401000.0,0.0,0.0,0.1,13.18,0.0,0.0,13.068,1.0,1.0,1198.0767213599916,1050.0,1198.0655213599916,1050.0,0.0011000964934064308,0.0
738,1622484001000.0,0.0,0.0,0.2,13.0215,0.0,0.0,12.978,1.0,1.0,1198.0765927299915,1050.0,1198.0678927299914,1050.0,0.0021737341467173853,0.0
739,1622487601000.0,0.0,0.0,0.2,13.0215,0.0,0.0,12.809,1.0,1.0,1198.0765927299915,1050.0,1198.0340927299915,1050.0,0.0021737341467173853,0.0
740,1622491201000.0,0.0,0.0,0.2,13.0215,0.0,0.0,12.907,1.0,1.0,1198.0765927299915,1050.0,1198.0536927299916,1050.0,0.0021737341467173853,0.0
741,1622494801000.0,0.0,0.0,0.2,13.0215,0.0,0.0,12.765,1.0,1.0,1198.0765927299915,1050.0,1198.0252927299914,1050.0,0.0021737341467173853,0.0
742,1622498401000.0,0.0,0.0,0.2,13.0215,0.0,0.0,12.923,1.0,1.0,1198.0765927299915,1050.0,1198.0568927299914,1050.0,0.0021737341467173853,0.0
743,1622502001000.0,0.0,0.0,0.2,13.0215,0.0,0.0,12.902,1.0,1.0,1198.0765927299915,1050.0,1198.0526927299916,1050.0,0.0021737341467173853,0.0
744,1622505601000.0,0.0,0.0,0.1,13.217,0.0,0.0,13.298,1.0,1.0,1198.1016352799918,1050.0,1198.1097352799918,1050.0,0.0011031618362586776,0.0
745,1622509201000.0,0.0,0.0,0.1,13.414,0.0,0.0,13.249,1.0,1.0,1198.118500829992,1050.0,1198.102000829992,1050.0,0.0011195887544268371,0.0
746,1622512801000.0,0.0,0.0,0.2,13.2525,0.0,0.0,12.939,1.0,1.0,1198.118369919992,1050.0,1198.055669919992,1050.0,0.0022122188145541877,0.0
747,1622516401000.0,0.0,0.0,1.2,12.870833333333334,0.0,0.0,12.801,1.0,1.0,1198.1170904699918,1050.0,1198.0332904699917,1050.0,0.012891060584021306,0.0
748,1622520001000.0,0.0,0.0,1.2,12.870833333333334,0.0,0.0,12.762,1.0,1.0,1198.1170904699918,1050.0,1197.9864904699918,1050.0,0.012891060584021306,0.0
749,1622523601000.0,0.0,0.0,0.1,12.959,0.0,0.0,12.879,1.0,1.0,1198.2164062799893,1050.0,1198.2084062799893,1050.0,0.0010815241664260645,0.0
750,1622527201000.0,0.0,0.0,0.1,13.136,0.0,0.0,13.135,1.0,1.0,1198.2329826399891,1050.0,1198.2328826399892,1050.0,0.0010962809562342628,0.0
751,1622530801000.0,0.0,0.0,0.1,13.136,0.0,0.0,12.966,1.0,1.0,1198.2329826399891,1050.0,1198.215982639989,1050.0,0.0010962809562342628,0.0
752,1622534401000.0,0.0,0.0,0.2,12.978,0.0,0.0,12.812,1.0,1.0,1198.232854439989,1050.0,1198.199654439989,1050.0,0.002166189977500734,0.0
753,1622538001000.0,0.0,0.0,1.2,12.604916666666668,0.0,0.0,12.468,1.0,1.0,1198.2316014099893,1050.0,1198.0673014099893,1050.0,0.012623519511754635,0.0
754,1622541601000.0,0.0,0.0,1.2,12.604916666666668,0.0,0.0,12.502,1.0,1.0,1198.2316014099893,1050.0,1198.1081014099893,1050.0,0.012623519511754635,0.0
755,1622545201000.0,0.0,0.0,0.1,12.779,0.0,0.0,12.74,1.0,1.0,1198.3376963499907,1050.0,1198.3337963499907,1050.0,0.001066393892049251,0.0
756,1622548801000.0,0.0,0.0,0.1,12.864,0.0,0.0,12.831,1.0,1.0,1198.3458390799906,1050.0,1198.3425390799905,1050.0,0.0010734797568852175,0.0
757,1622552401000.0,0.0,0.0,0.2,12.7095,0.0,0.0,12.438,1.0,1.0,1198.3457135299907,1050.0,1198.2914135299907,1050.0,0.0021211741914712364,0.0
758,1622556001000.0,0.0,0.0,0.1,12.783,0.0,0.0,12.75,1.0,1.0,1198.4140268799908,1050.0,1198.4107268799908,1050.0,0.0010666597447361228,0.0
759,1622559601000.0,0.0,0.0,0.2,12.6295,0.0,0.0,12.504,1.0,1.0,1198.4139021199908,1050.0,1198.3888021199907,1050.0,0.002107702518747229,0.0
760,1622563201000.0,0.0,0.0,0.5,12.4462,0.0,0.0,12.43,1.0,1.0,1198.4135323999908,1050.0,1198.4054323999908,1050.0,0.005192781816755166,0.0
761,1622566801000.0,0.0,0.0,0.1,12.6,0.0,0.0,12.406,1.0,1.0,1198.460379329991,1050.0,1198.440979329991,1050.0,0.0010513488987465847,0.0
762,1622570401000.0,0.0,0.0,0.2,12.4485,0.0,0.0,12.428,1.0,1.0,1198.460256359991,1050.0,1198.456156359991,1050.0,0.0020774155728466217,0.0
763,1622574001000.0,0.0,0.0,0.1,12.537,0.0,0.0,12.479,1.0,1.0,1198.4761803899908,1050.0,1198.4703803899909,1050.0,0.0010460783622683592,0.0
764,1622577601000.0,0.0,0.0,0.2,12.386500000000002,0.0,0.0,12.174,1.0,1.0,1198.4760580299908,1050.0,1198.4335580299908,1050.0,0.0020670417096792836,0.0
765,1622581201000.0,0.0,0.0,0.1,12.504,0.0,0.0,12.501,1.0,1.0,1198.4919836299905,1050.0,1198.4916836299906,1050.0,0.0010433111085255578,0.0
766,1622584801000.0,0.0,0.0,0.1,12.504,0.0,0.0,12.455,1.0,1.0,1198.4919836299905,1050.0,1198.4870836299906,1050.0,0.0010433111085255578,0.0
767,1622588401000.0,0.0,0.0,0.1,12.504,0.0,0.0,12.352,1.0,1.0,1198.4919836299905,1050.0,1198.4767836299905,1050.0,0.0010433111085255578,0.0
768,1622592001000.0,0.0,0.0,0.1,12.726,0.0,0.0,12.676,1.0,1.0,1198.5079774999904,1050.0,1198.5029774999903,1050.0,0.001061820216378168,0.0
769,1622595601000.0,0.0,0.0,0.2,12.573,0.0,0.0,12.307,1.0,1.0,1198.5078532999903,1050.0,1198.4546532999902,1050.0,0.00209810890523267,0.0
770,1622599201000.0,0.0,0.0,0.5,12.3906,0.0,0.0,12.36,1.0,1.0,1198.5074852299904,1050.0,1198.4921852299904,1050.0,0.0051691792302916975,0.0
771,1622602801000.0,0.0,0.0,0.1,12.485,0.0,0.0,12.426,1.0,1.0,1198.5474367799898,1050.0,1198.5415367799897,1050.0,0.0010416775854564526,0.0
772,1622606401000.0,0.0,0.0,0.1,12.571,0.0,0.0,12.507,1.0,1.0,1198.5553853999897,1050.0,1198.5489853999898,1050.0,0.0010488459818487842,0.0
773,1622610001000.0,0.0,0.0,0.1,12.655,0.0,0.0,12.563,1.0,1.0,1198.5634323099896,1050.0,1198.5542323099896,1050.0,0.0010558473301333778,0.0
774,1622613601000.0,0.0,0.0,0.1,12.655,0.0,0.0,12.572,1.0,1.0,1198.5634323099896,1050.0,1198.5551323099896,1050.0,0.0010558473301333778,0.0
775,1622617201000.0,0.0,0.0,0.1,12.655,0.0,0.0,12.585,1.0,1.0,1198.5634323099896,1050.0,1198.5564323099895,1050.0,0.0010558473301333778,0.0
776,1622620801000.0,0.0,0.0,0.1,12.744,0.0,0.0,12.69,1.0,1.0,1198.5714774899895,1050.0,1198.5660774899895,1050.0,0.0010632657492140628,0.0
777,1622624401000.0,0.0,0.0,0.1,12.914,0.0,0.0,12.977,1.0,1.0,1198.5877626499896,1050.0,1198.5940626499896,1050.0,0.001077434661225649,0.0
778,1622628001000.0,0.0,0.0,0.1,13.1,0.0,0.0,12.933,1.0,1.0,1198.6042407699895,1050.0,1198.5875407699896,1050.0,0.001092937898466344,0.0
779,1622631601000.0,0.0,0.0,0.2,12.942499999999999,0.0,0.0,12.803,1.0,1.0,1198.6041129199896,1050.0,1198.5762129199895,1050.0,0.002159595459499971,0.0
780,1622635201000.0,0.0,0.0,0.2,12.942499999999999,0.0,0.0,12.806,1.0,1.0,1198.6041129199896,1050.0,1198.5768129199896,1050.0,0.002159595459499971,0.0
781,1622638801000.0,0.0,0.0,0.2,12.942499999999999,0.0,0.0,12.943,1.0,1.0,1198.6041129199896,1050.0,1198.6042129199895,1050.0,0.002159595459499971,0.0
782,1622642401000.0,0.0,0.0,0.1,13.398,0.0,0.0,13.163,1.0,1.0,1198.6530234799895,1050.0,1198.6295234799895,1050.0,0.0011177546577325818,0.0
783,1622646001000.0,0.0,0.0,0.1,13.398,0.0,0.0,13.345,1.0,1.0,1198.6530234799895,1050.0,1198.6477234799895,1050.0,0.0011177546577325818,0.0
784,1622649601000.0,0.0,0.0,0.1,13.398,0.0,0.0,13.263,1.0,1.0,1198.6530234799895,1050.0,1198.6395234799895,1050.0,0.0011177546577325818,0.0
785,1622653201000.0,0.0,0.0,0.2,13.237,0.0,0.0,13.133,1.0,1.0,1198.6528927199895,1050.0,1198.6320927199895,1050.0,0.0022086460693324706,0.0
786,1622656801000.0,0.0,0.0,0.2,13.237,0.0,0.0,13.216,1.0,1.0,1198.6528927199895,1050.0,1198.6486927199894,1050.0,0.0022086460693324706,0.0
787,1622660401000.0,0.0,0.0,0.2,13.237,0.0,0.0,13.123,1.0,1.0,1198.6528927199895,1050.0,1198.6300927199895,1050.0,0.0022086460693324706,0.0
788,1622664001000.0,0.0,0.0,0.2,13.237,0.0,0.0,13.106,1.0,1.0,1198.6528927199895,1050.0,1198.6266927199895,1050.0,0.0022086460693324706,0.0
789,1622667601000.0,0.0,0.0,0.5,13.0444,0.0,0.0,12.985,1.0,1.0,1198.6525052399895,1050.0,1198.6228052399895,1050.0,0.005441276743249413,0.0
790,1622671201000.0,0.0,0.0,0.5,13.0444,0.0,0.0,12.909,1.0,1.0,1198.6525052399895,1050.0,1198.5848052399895,1050.0,0.005441276743249413,0.0
791,1622674801000.0,0.0,0.0,1.2,12.856333333333334,0.0,0.0,12.824,1.0,1.0,1198.6516146999895,1050.0,1198.6128146999895,1050.0,0.012870795659722507,0.0
792,1622678401000.0,0.0,0.0,1.1,12.856333333333334,0.0,0.0,12.826,1.0,1.0,1198.6599519566562,1050.0,1198.6265852899894,1050.0,0.011798147292384091,0.0
793,1622682001000.0,0.0,0.0,1.1,12.856333333333334,0.0,0.0,12.82,1.0,1.0,1198.6599519566562,1050.0,1198.6199852899895,1050.0,0.011798147292384091,0.0
794,1622685601000.0,0.0,0.0,0.1,12.948,0.0,0.0,12.667,1.0,1.0,1198.7515322999895,1050.0,1198.7234322999896,1050.0,0.001080123749677906,0.0
795,1622689201000.0,0.0,0.0,0.1,12.7925,0.0,0.0,12.912,1.0,1.0,1198.7597271599896,1050.0,1198.7716771599896,1050.0,0.001067144625412719,0.0
796,1622692801000.0,0.0,0.0,0.1,13.492,0.0,0.0,13.536,1.0,1.0,1198.8166948599896,1050.0,1198.8210948599897,1050.0,0.00112544311885611,0.0
797,1622696401000.0,0.0,0.0,0.1,13.674,0.0,0.0,13.673,1.0,1.0,1198.8339497799896,1050.0,1198.8338497799896,1050.0,0.001140608338837039,0.0
798,1622700001000.0,0.0,0.0,0.1,13.859,0.0,0.0,13.868,1.0,1.0,1198.8513973099896,1050.0,1198.8522973099896,1050.0,0.0011560231761081603,0.0
799,1622703601000.0,0.0,0.0,0.1,13.964,0.0,0.0,13.912,1.0,1.0,1198.8602181699896,1050.0,1198.8550181699895,1050.0,0.00116477298924102,0.0
800,1622707201000.0,0.0,0.0,0.1,13.964,0.0,0.0,13.887,1.0,1.0,1198.8602181699896,1050.0,1198.8525181699895,1050.0,0.00116477298924102,0.0
801,1622710801000.0,0.0,0.0,0.1,13.964,0.0,0.0,13.862,1.0,1.0,1198.8602181699896,1050.0,1198.8500181699897,1050.0,0.00116477298924102,0.0
802,1622714401000.0,0.0,0.0,0.1,14.06,0.0,0.0,14.077,1.0,1.0,1198.8691370099896,1050.0,1198.8708370099896,1050.0,0.0011727718702531623,0.0
803,1622718001000.0,0.0,0.0,0.1,14.06,0.0,0.0,13.79,1.0,1.0,1198.8691370099896,1050.0,1198.8421370099895,1050.0,0.0011727718702531623,0.0
804,1622721601000.0,0.0,0.0,0.5,13.6888,0.0,0.0,13.423,1.0,1.0,1198.8685931699897,1050.0,1198.7356931699896,1050.0,0.005709049381218982,0.0
805,1622725201000.0,0.0,0.0,1.2,13.490583333333333,0.0,0.0,13.504,1.0,1.0,1198.8676587399898,1050.0,1198.8837587399898,1050.0,0.01350332531033019,0.0
806,1622728801000.0,0.0,0.0,2.8,13.289678571428572,0.0,0.0,13.135,1.0,1.0,1198.8655564999897,1050.0,1198.4324564999897,1050.0,0.031038592941676796,0.0
807,1622732401000.0,0.0,0.0,2.8,13.289678571428572,0.0,0.0,13.102,1.0,1.0,1198.8655564999897,1050.0,1198.3400564999897,1050.0,0.031038592941676796,0.0
808,1622736001000.0,0.0,0.0,2.8,13.289678571428572,0.0,0.0,13.051,1.0,1.0,1198.8655564999897,1050.0,1198.1972564999896,1050.0,0.031038592941676796,0.0
809,1622739601000.0,0.0,0.0,2.8,13.289678571428572,0.0,0.0,13.271,1.0,1.0,1198.8655564999897,1050.0,1198.8132564999896,1050.0,0.031038592941676796,0.0
810,1622743201000.0,0.0,0.0,2.8,13.289678571428572,0.0,0.0,13.233,1.0,1.0,1198.8655564999897,1050.0,1198.7068564999897,1050.0,0.031038592941676796,0.0
811,1622746801000.0,0.0,0.0,2.8,13.289678571428572,0.0,0.0,13.099,1.0,1.0,1198.8655564999897,1050.0,1198.3316564999898,1050.0,0.031038592941676796,0.0
812,1622750401000.0,0.0,0.0,2.8,13.289678571428572,0.0,0.0,13.139,1.0,1.0,1198.8655564999897,1050.0,1198.4436564999896,1050.0,0.031038592941676796,0.0
813,1622754001000.0,0.0,0.0,2.8,13.289678571428572,0.0,0.0,13.27,1.0,1.0,1198.8655564999897,1050.0,1198.8104564999896,1050.0,0.031038592941676796,0.0
814,1622757601000.0,0.0,0.0,1.6,13.289678571428572,0.0,0.0,13.237,1.0,1.0,1198.9687369742755,1050.0,1198.8844512599899,1050.0,0.017734812475549925,0.0
815,1622761201000.0,0.0,0.0,0.4,13.289678571428572,0.0,0.0,13.404,1.0,1.0,1199.07191744856,1050.0,1199.1176460199886,1050.0,0.0044333215974924865,0.0
816,1622764801000.0,0.0,0.0,0.1,13.546,0.0,0.0,13.555,1.0,1.0,1199.1291040999886,1050.0,1199.1300040999886,1050.0,0.0011296531752656449,0.0
817,1622768401000.0,0.0,0.0,0.2,13.383,0.0,0.0,13.27,1.0,1.0,1199.1289718999885,1050.0,1199.1063718999885,1050.0,0.0022321201995136497,0.0
818,1622772001000.0,0.0,0.0,2.8,12.80489285714286,0.0,0.0,12.698,1.0,1.0,1199.1256541899884,1050.0,1198.8263541899885,1050.0,0.029899869020998674,0.0
819,1622775601000.0,0.0,0.0,1.6,12.595476923076923,0.0,0.0,12.68,1.0,1.0,1199.5192033569115,1050.0,1199.6544402799884,1050.0,0.016800700664503423,0.0
820,1622779201000.0,0.0,0.0,0.1,12.68,0.0,0.0,12.586,1.0,1.0,1199.7111787899871,1050.0,1199.7017787899872,1050.0,0.001056921051014035,0.0
821,1622782801000.0,0.0,0.0,0.1,12.68,0.0,0.0,12.504,1.0,1.0,1199.7111787899871,1050.0,1199.6935787899872,1050.0,0.001056921051014035,0.0
822,1622786401000.0,0.0,0.0,0.5,12.3454,0.0,0.0,12.076,1.0,1.0,1199.710688319987,1050.0,1199.575988319987,1050.0,0.0051451571283772845,0.0
823,1622790001000.0,0.0,0.0,0.7,12.16725,0.0,0.0,12.065,1.0,1.0,1199.749108169987,1050.0,1199.677533169987,1050.0,0.007099046744024128,0.0
824,1622793601000.0,0.0,0.0,0.2,11.996109375,0.0,0.0,12.009,1.0,1.0,1199.8567968749876,1050.0,1199.8593749999875,1050.0,0.001999590185469419,0.0
825,1622797201000.0,0.0,0.0,0.1,12.084,0.0,0.0,12.047,1.0,1.0,1199.8722126599878,1050.0,1199.8685126599878,1050.0,0.0010071072462967596,0.0
826,1622800801000.0,0.0,0.0,0.1,12.246,0.0,0.0,12.246,1.0,1.0,1199.887624469988,1050.0,1199.887624469988,1050.0,0.0010205955749738882,0.0
827,1622804401000.0,0.0,0.0,0.1,12.246,0.0,0.0,12.04,1.0,1.0,1199.887624469988,1050.0,1199.8670244699879,1050.0,0.0010205955749738882,0.0
828,1622808001000.0,0.0,0.0,0.2,12.099,0.0,0.0,11.973,1.0,1.0,1199.887504949988,1050.0,1199.862304949988,1050.0,0.0020166890562802044,0.0
829,1622811601000.0,0.0,0.0,0.1,12.125,0.0,0.0,12.092,1.0,1.0,1200.1508379499878,1050.0,1200.1475379499877,1050.0,0.0010102896749804434,0.0
830,1622815201000.0,0.0,0.0,0.1,12.216,0.0,0.0,12.177,1.0,1.0,1200.1585937399877,1050.0,1200.1546937399878,1050.0,0.0010178654774226092,0.0
831,1622818801000.0,0.0,0.0,0.1,12.216,0.0,0.0,12.161,1.0,1.0,1200.1585937399877,1050.0,1200.1530937399878,1050.0,0.0010178654774226092,0.0
832,1622822401000.0,0.0,0.0,0.1,12.216,0.0,0.0,12.215,1.0,1.0,1200.1585937399877,1050.0,1200.1584937399878,1050.0,0.0010178654774226092,0.0
833,1622826001000.0,0.0,0.0,0.1,12.216,0.0,0.0,12.138,1.0,1.0,1200.1585937399877,1050.0,1200.1507937399876,1050.0,0.0010178654774226092,0.0
834,1622829601000.0,0.0,0.0,0.1,12.497,0.0,0.0,12.375,1.0,1.0,1200.1821499399878,1050.0,1200.1699499399879,1050.0,0.0010412586123385423,0.0
835,1622833201000.0,0.0,0.0,0.1,12.497,0.0,0.0,12.342,1.0,1.0,1200.1821499399878,1050.0,1200.1666499399878,1050.0,0.0010412586123385423,0.0
836,1622836801000.0,0.0,0.0,0.2,12.347,0.0,0.0,12.2,1.0,1.0,1200.1820279699878,1050.0,1200.1526279699879,1050.0,0.0020575212279897188,0.0
837,1622840401000.0,0.0,0.0,0.2,12.347,0.0,0.0,12.262,1.0,1.0,1200.1820279699878,1050.0,1200.1650279699877,1050.0,0.0020575212279897188,0.0
838,1622844001000.0,0.0,0.0,0.1,12.429,0.0,0.0,12.396,1.0,1.0,1200.197855119988,1050.0,1200.1945551199879,1050.0,0.0010355792544519613,0.0
839,1622847601000.0,0.0,0.0,0.1,12.429,0.0,0.0,12.337,1.0,1.0,1200.197855119988,1050.0,1200.188655119988,1050.0,0.0010355792544519613,0.0
840,1622851201000.0,0.0,0.0,0.1,12.195,0.0,0.0,12.198,1.0,1.0,1200.2366433599875,1050.0,1200.2369433599874,1050.0,0.0010160496321676082,0.0
841,1622854801000.0,0.0,0.0,0.1,12.625,0.0,0.0,12.683,1.0,1.0,1200.2759985999876,1050.0,1200.2817985999875,1050.0,0.0010518414110359544,0.0
842,1622858401000.0,0.0,0.0,0.1,12.625,0.0,0.0,12.635,1.0,1.0,1200.2759985999876,1050.0,1200.2769985999876,1050.0,0.0010518414110359544,0.0
843,1622862001000.0,0.0,0.0,0.1,12.625,0.0,0.0,12.553,1.0,1.0,1200.2759985999876,1050.0,1200.2687985999876,1050.0,0.0010518414110359544,0.0
844,1622865601000.0,0.0,0.0,0.1,12.625,0.0,0.0,12.523,1.0,1.0,1200.2759985999876,1050.0,1200.2657985999876,1050.0,0.0010518414110359544,0.0
845,1622869201000.0,0.0,0.0,0.1,12.625,0.0,0.0,12.576,1.0,1.0,1200.2759985999876,1050.0,1200.2710985999877,1050.0,0.0010518414110359544,0.0
846,1622872801000.0,0.0,0.0,0.1,12.808,0.0,0.0,12.642,1.0,1.0,1200.2921882799876,1050.0,1200.2755882799877,1050.0,0.0010670735113550809,0.0
847,1622876401000.0,0.0,0.0,0.1,12.808,0.0,0.0,12.829,1.0,1.0,1200.2921882799876,1050.0,1200.2942882799875,1050.0,0.0010670735113550809,0.0
848,1622880001000.0,0.0,0.0,0.1,13.0,0.0,0.0,12.816,1.0,1.0,1200.3085705299877,1050.0,1200.2901705299878,1050.0,0.0010830548343298042,0.0
849,1622883601000.0,0.0,0.0,0.1,13.0,0.0,0.0,12.922,1.0,1.0,1200.3085705299877,1050.0,1200.3007705299876,1050.0,0.0010830548343298042,0.0
850,1622887201000.0,0.0,0.0,1.2,12.474583333333333,0.0,0.0,12.307,1.0,1.0,1200.3072035799878,1050.0,1200.1061035799878,1050.0,0.012471390620128392,0.0
851,1622890801000.0,0.0,0.0,1.2,12.474583333333333,0.0,0.0,12.251,1.0,1.0,1200.3072035799878,1050.0,1200.0389035799878,1050.0,0.012471390620128392,0.0
852,1622894401000.0,0.0,0.0,2.8,12.289678571428572,0.0,0.0,12.041,1.0,1.0,1200.3052594199878,1050.0,1199.6089594199877,1050.0,0.028668623860423764,0.0
853,1622898001000.0,0.0,0.0,3.5,12.090061538461537,0.0,0.0,12.035,1.0,1.0,1200.5370063746032,1050.0,1200.3442909899877,1050.0,0.035246906309368504,0.0
854,1622901601000.0,0.0,0.0,3.5,12.090061538461537,0.0,0.0,11.826,1.0,1.0,1200.5370063746032,1050.0,1199.6127909899878,1050.0,0.035246906309368504,0.0
855,1622905201000.0,0.0,0.0,8.2,11.884831144465291,0.0,0.0,11.75,1.0,1.0,1200.5314923346032,1050.0,1199.4258769499877,1050.0,0.0811770586668236,0.0
856,1622908801000.0,0.0,0.0,1.4,11.884831144465291,0.0,0.0,12.063,1.0,1.0,1201.1380973922392,1050.0,1201.3875337899879,1050.0,0.013852498424931664,0.0
857,1622912401000.0,0.0,0.0,0.1,11.966,0.0,0.0,11.829,1.0,1.0,1201.2457393099876,1050.0,1201.2320393099876,1050.0,0.00099613256542108,0.0
858,1622916001000.0,0.0,0.0,0.1,11.966,0.0,0.0,11.733,1.0,1.0,1201.2457393099876,1050.0,1201.2224393099875,1050.0,0.00099613256542108,0.0
859,1622919601000.0,0.0,0.0,0.1,11.966,0.0,0.0,11.818,1.0,1.0,1201.2457393099876,1050.0,1201.2309393099877,1050.0,0.00099613256542108,0.0
860,1622923201000.0,0.0,0.0,0.2,11.822,0.0,0.0,11.655,1.0,1.0,1201.2456225299875,1050.0,1201.2122225299875,1050.0,0.001968290211139542,0.0
861,1622926801000.0,0.0,0.0,0.2,11.822,0.0,0.0,11.821,1.0,1.0,1201.2456225299875,1050.0,1201.2454225299875,1050.0,0.001968290211139542,0.0
862,1622930401000.0,0.0,0.0,1.2,11.48275,0.0,0.0,11.413,1.0,1.0,1201.2444810399875,1050.0,1201.1607810399876,1050.0,0.011470853949789184,0.0
863,1622934001000.0,0.0,0.0,0.1,11.561,0.0,0.0,11.453,1.0,1.0,1201.3332784699867,1050.0,1201.3224784699867,1050.0,0.0009623474357360719,0.0
864,1622937601000.0,0.0,0.0,0.1,11.67,0.0,0.0,11.639,1.0,1.0,1201.3406453999867,1050.0,1201.3375453999868,1050.0,0.0009714147310910696,0.0
865,1622941201000.0,0.0,0.0,0.1,11.67,0.0,0.0,11.608,1.0,1.0,1201.3406453999867,1050.0,1201.3344453999866,1050.0,0.0009714147310910696,0.0
866,1622944801000.0,0.0,0.0,0.1,11.755,0.0,0.0,11.798,1.0,1.0,1201.3481103799868,1050.0,1201.3524103799868,1050.0,0.0009784840795464265,0.0
867,1622948401000.0,0.0,0.0,0.1,11.755,0.0,0.0,11.732,1.0,1.0,1201.3481103799868,1050.0,1201.3458103799867,1050.0,0.0009784840795464265,0.0
868,1622952001000.0,0.0,0.0,0.1,11.833,0.0,0.0,11.751,1.0,1.0,1201.3555737299869,1050.0,1201.3473737299869,1050.0,0.000984970666366555,0.0
869,1622955601000.0,0.0,0.0,0.1,11.833,0.0,0.0,11.749,1.0,1.0,1201.3555737299869,1050.0,1201.347173729987,1050.0,0.000984970666366555,0.0
870,1622959201000.0,0.0,0.0,0.1,11.833,0.0,0.0,11.854,1.0,1.0,1201.3555737299869,1050.0,1201.3576737299868,1050.0,0.000984970666366555,0.0
871,1622962801000.0,0.0,0.0,0.2,11.774000000000001,0.0,0.0,11.716,1.0,1.0,1201.3630191399868,1050.0,1201.3514191399868,1050.0,0.001960106947262051,0.0
872,1622966401000.0,0.0,0.0,0.1,11.855,0.0,0.0,11.92,1.0,1.0,1201.378063569987,1050.0,1201.384563569987,1050.0,0.0009867834580541582,0.0
873,1622970001000.0,0.0,0.0,0.1,12.097,0.0,0.0,12.084,1.0,1.0,1201.4008426799874,1050.0,1201.3995426799875,1050.0,0.0010069079003652932,0.0
874,1622973601000.0,0.0,0.0,0.1,12.178,0.0,0.0,12.124,1.0,1.0,1201.4084991399875,1050.0,1201.4030991399875,1050.0,0.0010136435699195955,0.0
875,1622977201000.0,0.0,0.0,0.1,12.178,0.0,0.0,12.124,1.0,1.0,1201.4084991399875,1050.0,1201.4030991399875,1050.0,0.0010136435699195955,0.0
876,1622980801000.0,0.0,0.0,0.1,12.178,0.0,0.0,12.016,1.0,1.0,1201.4084991399875,1050.0,1201.3922991399875,1050.0,0.0010136435699195955,0.0
877,1622984401000.0,0.0,0.0,0.2,12.031500000000001,0.0,0.0,11.885,1.0,1.0,1201.4083802899875,1050.0,1201.3790802899875,1050.0,0.002002899296756349,0.0
878,1622988001000.0,0.0,0.0,0.5,11.8566,0.0,0.0,11.675,1.0,1.0,1201.4080280899875,1050.0,1201.3172280899876,1050.0,0.0049344601179541646,0.0
879,1622991601000.0,0.0,0.0,0.5,11.8566,0.0,0.0,11.838,1.0,1.0,1201.4080280899875,1050.0,1201.3987280899876,1050.0,0.0049344601179541646,0.0
880,1622995201000.0,0.0,0.0,0.4,11.8566,0.0,0.0,11.839,1.0,1.0,1201.4157487399875,1050.0,1201.4087087399876,1050.0,0.00394754272613286,0.0
881,1622998801000.0,0.0,0.0,0.1,11.937,0.0,0.0,11.942,1.0,1.0,1201.4465119699876,1050.0,1201.4470119699877,1050.0,0.0009935523455328146,0.0
882,1623002401000.0,0.0,0.0,0.1,11.937,0.0,0.0,11.894,1.0,1.0,1201.4465119699876,1050.0,1201.4422119699875,1050.0,0.0009935523455328146,0.0
883,1623006001000.0,0.0,0.0,0.1,11.937,0.0,0.0,11.826,1.0,1.0,1201.4465119699876,1050.0,1201.4354119699876,1050.0,0.0009935523455328146,0.0
884,1623009601000.0,0.0,0.0,0.1,11.937,0.0,0.0,11.746,1.0,1.0,1201.4465119699876,1050.0,1201.4274119699876,1050.0,0.0009935523455328146,0.0
885,1623013201000.0,0.0,0.0,0.1,11.937,0.0,0.0,11.937,1.0,1.0,1201.4465119699876,1050.0,1201.4465119699876,1050.0,0.0009935523455328146,0.0
886,1623016801000.0,0.0,0.0,0.1,12.016,0.0,0.0,11.975,1.0,1.0,1201.4540716599877,1050.0,1201.4499716599876,1050.0,0.0010001214597739976,0.0
887,1623020401000.0,0.0,0.0,0.2,11.871500000000001,0.0,0.0,11.768,1.0,1.0,1201.4539543899878,1050.0,1201.4332543899877,1050.0,0.0019761889261960936,0.0
888,1623024001000.0,0.0,0.0,0.2,11.871500000000001,0.0,0.0,11.906,1.0,1.0,1201.4539543899878,1050.0,1201.4608543899878,1050.0,0.0019761889261960936,0.0
889,1623027601000.0,0.0,0.0,0.1,12.129,0.0,0.0,12.112,1.0,1.0,1201.484612839988,1050.0,1201.4829128399879,1050.0,0.0010095010681268979,0.0
890,1623031201000.0,0.0,0.0,0.1,12.213,0.0,0.0,12.221,1.0,1.0,1201.492368619988,1050.0,1201.493168619988,1050.0,0.0010164858570036218,0.0
891,1623034801000.0,0.0,0.0,0.1,12.213,0.0,0.0,12.254,1.0,1.0,1201.492368619988,1050.0,1201.496468619988,1050.0,0.0010164858570036218,0.0
892,1623038401000.0,0.0,0.0,0.1,12.213,0.0,0.0,12.177,1.0,1.0,1201.492368619988,1050.0,1201.488768619988,1050.0,0.0010164858570036218,0.0
893,1623042001000.0,0.0,0.0,0.1,12.213,0.0,0.0,12.114,1.0,1.0,1201.492368619988,1050.0,1201.482468619988,1050.0,0.0010164858570036218,0.0
894,1623045601000.0,0.0,0.0,0.1,12.213,0.0,0.0,12.211,1.0,1.0,1201.492368619988,1050.0,1201.492168619988,1050.0,0.0010164858570036218,0.0
895,1623049201000.0,0.0,0.0,0.1,12.213,0.0,0.0,12.096,1.0,1.0,1201.492368619988,1050.0,1201.480668619988,1050.0,0.0010164858570036218,0.0
896,1623052801000.0,0.0,0.0,0.1,12.213,0.0,0.0,12.056,1.0,1.0,1201.492368619988,1050.0,1201.476668619988,1050.0,0.0010164858570036218,0.0
897,1623056401000.0,0.0,0.0,0.2,12.0665,0.0,0.0,11.949,1.0,1.0,1201.492249419988,1050.0,1201.468749419988,1050.0,0.002008585574451274,0.0
898,1623060001000.0,0.0,0.0,0.2,12.0665,0.0,0.0,12.141,1.0,1.0,1201.492249419988,1050.0,1201.5071494199879,1050.0,0.002008585574451274,0.0
899,1623063601000.0,0.0,0.0,0.1,12.328,0.0,0.0,12.26,1.0,1.0,1201.523293659988,1050.0,1201.5164936599879,1050.0,0.0010260308780570865,0.0
900,1623067201000.0,0.0,0.0,0.1,12.328,0.0,0.0,12.151,1.0,1.0,1201.523293659988,1050.0,1201.5055936599879,1050.0,0.0010260308780570865,0.0
901,1623070801000.0,0.0,0.0,0.1,12.328,0.0,0.0,12.238,1.0,1.0,1201.523293659988,1050.0,1201.514293659988,1050.0,0.0010260308780570865,0.0
902,1623074401000.0,0.0,0.0,0.1,12.328,0.0,0.0,12.103,1.0,1.0,1201.523293659988,1050.0,1201.500793659988,1050.0,0.0010260308780570865,0.0
903,1623078001000.0,0.0,0.0,0.5,12.003,0.0,0.0,11.941,1.0,1.0,1201.522816789988,1050.0,1201.491816789988,1050.0,0.004994911387562099,0.0
904,1623081601000.0,0.0,0.0,0.5,12.003,0.0,0.0,11.918,1.0,1.0,1201.522816789988,1050.0,1201.480316789988,1050.0,0.004994911387562099,0.0
905,1623085201000.0,0.0,0.0,0.5,12.003,0.0,0.0,11.781,1.0,1.0,1201.522816789988,1050.0,1201.4118167899878,1050.0,0.004994911387562099,0.0
906,1623088801000.0,0.0,0.0,1.2,11.830333333333336,0.0,0.0,11.562,1.0,1.0,1201.521997299988,1050.0,1201.199997299988,1050.0,0.011815347560761752,0.0
907,1623092401000.0,0.0,0.0,2.8,11.655857142857146,0.0,0.0,11.459,1.0,1.0,1201.5201532999881,1050.0,1200.968953299988,1050.0,0.02716259058190891,0.0
908,1623096001000.0,0.0,0.0,2.8,11.655857142857146,0.0,0.0,11.594,1.0,1.0,1201.5201532999881,1050.0,1201.3469532999882,1050.0,0.02716259058190891,0.0
909,1623099601000.0,0.0,0.0,15.2,11.244815789473684,0.0,0.0,11.21,1.0,1.0,1201.506324819988,1050.0,1200.9771248199881,1050.0,0.14225576384344688,0.0
910,1623103201000.0,0.0,0.0,15.2,11.244815789473684,0.0,0.0,10.988,1.0,1.0,1201.506324819988,1050.0,1197.602724819988,1050.0,0.14225576384344688,0.0
911,1623106801000.0,0.0,0.0,15.2,11.244815789473684,0.0,0.0,10.979,1.0,1.0,1201.506324819988,1050.0,1197.465924819988,1050.0,0.14225576384344688,0.0
912,1623110401000.0,0.0,0.0,33.0,10.958536363636364,0.0,0.0,10.807,1.0,1.0,1201.4872537699882,1050.0,1196.4865537699882,1050.0,0.3009867136461778,0.0
913,1623114001000.0,0.0,0.0,33.0,10.958536363636364,0.0,0.0,10.835,1.0,1.0,1201.4872537699882,1050.0,1197.4105537699882,1050.0,0.3009867136461778,0.0
914,1623117601000.0,0.0,0.0,33.0,10.958536363636364,0.0,0.0,10.857,1.0,1.0,1201.4872537699882,1050.0,1198.1365537699883,1050.0,0.3009867136461778,0.0
915,1623121201000.0,0.0,0.0,33.0,10.958536363636364,0.0,0.0,10.278,1.0,1.0,1201.4872537699882,1050.0,1179.0295537699883,1050.0,0.3009867136461778,0.0
916,1623124801000.0,0.0,0.0,33.0,10.958536363636364,0.0,0.0,10.378,1.0,1.0,1201.4872537699882,1050.0,1182.3295537699883,1050.0,0.3009867136461778,0.0
917,1623128401000.0,0.0,0.0,33.0,10.958536363636364,0.0,0.0,10.4,1.0,1.0,1201.4872537699882,1050.0,1183.0555537699881,1050.0,0.3009867136461778,0.0
918,1623132001000.0,0.0,0.0,33.0,10.958536363636364,0.0,0.0,10.438,1.0,1.0,1201.4872537699882,1050.0,1184.3095537699883,1050.0,0.3009867136461778,0.0
919,1623135601000.0,0.0,0.0,33.0,10.958536363636364,0.0,0.0,10.116,1.0,1.0,1201.4872537699882,1050.0,1173.6835537699883,1050.0,0.3009867136461778,0.0
920,1623139201000.0,0.0,0.0,33.0,10.958536363636364,0.0,0.0,10.384,1.0,1.0,1201.4872537699882,1050.0,1182.5275537699881,1050.0,0.3009867136461778,0.0
921,1623142801000.0,0.0,0.0,33.1,10.914308541609449,0.0,0.0,10.365,1.0,1.0,1200.3082605972609,1050.0,1182.126147869988,1050.0,0.30097569481652303,0.0
922,1623146401000.0,0.0,0.0,33.1,10.914308541609449,0.0,0.0,10.184,1.0,1.0,1200.3082605972609,1050.0,1176.135047869988,1050.0,0.30097569481652303,0.0
923,1623150001000.0,0.0,0.0,33.1,10.914308541609449,0.0,0.0,10.179,1.0,1.0,1200.3082605972609,1050.0,1175.9695478699882,1050.0,0.30097569481652303,0.0
924,1623153601000.0,0.0,0.0,30.8,10.868410660714817,0.0,0.0,10.405,1.0,1.0,1197.8710717500044,1050.0,1183.598023399988,1050.0,0.27945165071978467,0.0
925,1623157201000.0,0.0,0.0,33.3,10.826406857357851,0.0,0.0,10.132,1.0,1.0,1197.8684945200043,1050.0,1174.7447461699878,1050.0,0.3009673849836742,0.0
926,1623160801000.0,0.0,0.0,33.3,10.826406857357851,0.0,0.0,9.931,1.0,1.0,1197.8684945200043,1050.0,1168.051446169988,1050.0,0.3009673849836742,0.0
927,1623164401000.0,0.0,0.0,33.3,10.826406857357851,0.0,0.0,9.77,1.0,1.0,1197.8684945200043,1050.0,1162.6901461699879,1050.0,0.3009673849836742,0.0
928,1623168001000.0,0.0,0.0,33.3,10.826406857357851,0.0,0.0,9.792,1.0,1.0,1197.8684945200043,1050.0,1163.422746169988,1050.0,0.3009673849836742,0.0
929,1623171601000.0,0.0,0.0,30.9,10.826406857357851,0.0,0.0,9.967,1.0,1.0,1195.9700093323459,1050.0,1169.4143374399882,1050.0,0.2797193652699647,0.0
930,1623175201000.0,0.0,0.0,31.0,10.756391374022684,0.0,0.0,10.025,1.0,1.0,1194.1456976946913,1050.0,1171.472565099988,1050.0,0.27923571909058315,0.0
931,1623178801000.0,0.0,0.0,31.0,10.756391374022684,0.0,0.0,10.217,1.0,1.0,1194.1456976946913,1050.0,1177.424565099988,1050.0,0.27923571909058315,0.0
932,1623182401000.0,0.0,0.0,31.0,10.756391374022684,0.0,0.0,10.295,1.0,1.0,1194.1456976946913,1050.0,1179.8425650999882,1050.0,0.27923571909058315,0.0
933,1623186001000.0,0.0,0.0,31.0,10.756391374022684,0.0,0.0,10.427,1.0,1.0,1194.1456976946913,1050.0,1183.934565099988,1050.0,0.27923571909058315,0.0
934,1623189601000.0,0.0,0.0,31.0,10.756391374022684,0.0,0.0,10.38,1.0,1.0,1194.1456976946913,1050.0,1182.4775650999882,1050.0,0.27923571909058315,0.0
935,1623193201000.0,0.0,0.0,31.0,10.756391374022684,0.0,0.0,10.371,1.0,1.0,1194.1456976946913,1050.0,1182.1985650999882,1050.0,0.27923571909058315,0.0
936,1623196801000.0,0.0,0.0,31.0,10.756391374022684,0.0,0.0,10.392,1.0,1.0,1194.1456976946913,1050.0,1182.849565099988,1050.0,0.27923571909058315,0.0
937,1623200401000.0,0.0,0.0,33.5,10.722478584916512,0.0,0.0,10.099,1.0,1.0,1194.1431222046913,1050.0,1173.2565896099882,1050.0,0.30080400407241237,0.0
938,1623204001000.0,0.0,0.0,33.5,10.722478584916512,0.0,0.0,9.99,1.0,1.0,1194.1431222046913,1050.0,1169.6050896099882,1050.0,0.30080400407241237,0.0
939,1623207601000.0,0.0,0.0,33.6,10.674015828851045,0.0,0.0,10.078,1.0,1.0,1192.9465639093833,1050.0,1172.9204320599881,1050.0,0.300639561485537,0.0
940,1623211201000.0,0.0,0.0,33.6,10.674015828851045,0.0,0.0,10.066,1.0,1.0,1192.9465639093833,1050.0,1172.5172320599881,1050.0,0.300639561485537,0.0
941,1623214801000.0,0.0,0.0,31.2,10.674015828851045,0.0,0.0,10.139,1.0,1.0,1191.6421943501407,1050.0,1174.9497004899881,1050.0,0.2794708809734363,0.0
942,1623218401000.0,0.0,0.0,31.2,10.674015828851045,0.0,0.0,10.26,1.0,1.0,1191.6421943501407,1050.0,1178.7249004899882,1050.0,0.2794708809734363,0.0
943,1623222001000.0,0.0,0.0,31.2,10.674015828851045,0.0,0.0,10.432,1.0,1.0,1191.6421943501407,1050.0,1184.091300489988,1050.0,0.2794708809734363,0.0
944,1623225601000.0,0.0,0.0,31.2,10.674015828851045,0.0,0.0,10.324,1.0,1.0,1191.6421943501407,1050.0,1180.721700489988,1050.0,0.2794708809734363,0.0
945,1623229201000.0,0.0,0.0,33.8,10.590137707786058,0.0,0.0,10.269,1.0,1.0,1190.3780098331567,1050.0,1179.523555309988,1050.0,0.30069998905082135,0.0
946,1623232801000.0,0.0,0.0,33.9,10.566083304556999,0.0,0.0,10.214,1.0,1.0,1189.7090381044707,1050.0,1177.7734140799885,1050.0,0.3010738025451807,0.0
947,1623236401000.0,0.0,0.0,31.5,10.543634683276984,0.0,0.0,10.415,1.0,1.0,1188.486490683213,1050.0,1184.4344981599882,1050.0,0.2794516346015006,0.0
948,1623240001000.0,0.0,0.0,9.6,10.543634683276984,0.0,0.0,10.677,1.0,1.0,1191.0082460494475,1050.0,1192.2885530899885,1050.0,0.08498588762521188,0.0
949,1623243601000.0,0.0,0.0,0.1,10.761,0.0,0.0,10.561,1.0,1.0,1192.7467486999885,1050.0,1192.7267486999885,1050.0,0.0009022032557815602,0.0
950,1623247201000.0,0.0,0.0,0.2,10.632,0.0,0.0,10.534,1.0,1.0,1192.7466436699885,1050.0,1192.7270436699885,1050.0,0.0017827759241956303,0.0
951,1623250801000.0,0.0,0.0,0.5,10.477799999999998,0.0,0.0,10.339,1.0,1.0,1192.7463324199884,1050.0,1192.6769324199884,1050.0,0.004392300238199587,0.0
952,1623254401000.0,0.0,0.0,0.1,10.785,0.0,0.0,10.804,1.0,1.0,1192.8062569199885,1050.0,1192.8081569199885,1050.0,0.0009041703074100692,0.0
953,1623258001000.0,0.0,0.0,0.1,10.858,0.0,0.0,10.828,1.0,1.0,1192.8131397799887,1050.0,1192.8101397799887,1050.0,0.0009102850763366616,0.0
954,1623261601000.0,0.0,0.0,0.1,10.955,0.0,0.0,10.84,1.0,1.0,1192.8200209399888,1050.0,1192.8085209399887,1050.0,0.0009184118146648002,0.0
955,1623265201000.0,0.0,0.0,0.2,10.8235,0.0,0.0,10.665,1.0,1.0,1192.8199140199888,1050.0,1192.7882140199888,1050.0,0.001814775201651877,0.0
956,1623268801000.0,0.0,0.0,0.2,10.8235,0.0,0.0,10.665,1.0,1.0,1192.8199140199888,1050.0,1192.7882140199888,1050.0,0.001814775201651877,0.0
957,1623272401000.0,0.0,0.0,0.5,10.666599999999999,0.0,0.0,10.536,1.0,1.0,1192.8195971599887,1050.0,1192.7542971599887,1050.0,0.004471170672160463,0.0
958,1623276001000.0,0.0,0.0,0.5,10.666599999999999,0.0,0.0,10.591,1.0,1.0,1192.8195971599887,1050.0,1192.7817971599886,1050.0,0.004471170672160463,0.0
959,1623279601000.0,0.0,0.0,0.1,10.821,0.0,0.0,10.82,1.0,1.0,1192.8610365499885,1050.0,1192.8609365499885,1050.0,0.0009071467395143249,0.0
960,1623283201000.0,0.0,0.0,0.1,10.897,0.0,0.0,10.895,1.0,1.0,1192.8679186599886,1050.0,1192.8677186599887,1050.0,0.0009135127057688982,0.0
961,1623286801000.0,0.0,0.0,0.1,10.897,0.0,0.0,10.701,1.0,1.0,1192.8679186599886,1050.0,1192.8483186599885,1050.0,0.0009135127057688982,0.0
962,1623290401000.0,0.0,0.0,0.1,10.897,0.0,0.0,10.758,1.0,1.0,1192.8679186599886,1050.0,1192.8540186599887,1050.0,0.0009135127057688982,0.0
963,1623294001000.0,0.0,0.0,0.1,10.897,0.0,0.0,10.803,1.0,1.0,1192.8679186599886,1050.0,1192.8585186599887,1050.0,0.0009135127057688982,0.0
964,1623297601000.0,0.0,0.0,0.1,10.897,0.0,0.0,10.716,1.0,1.0,1192.8679186599886,1050.0,1192.8498186599886,1050.0,0.0009135127057688982,0.0
965,1623301201000.0,0.0,0.0,0.2,10.766,0.0,0.0,10.644,1.0,1.0,1192.8678123099887,1050.0,1192.8434123099887,1050.0,0.0018050616990245782,0.0
966,1623304801000.0,0.0,0.0,0.2,10.766,0.0,0.0,10.641,1.0,1.0,1192.8678123099887,1050.0,1192.8428123099886,1050.0,0.0018050616990245782,0.0
967,1623308401000.0,0.0,0.0,0.5,10.61,0.0,0.0,10.554,1.0,1.0,1192.8674971299888,1050.0,1192.8394971299888,1050.0,0.004447266785928617,0.0
968,1623312001000.0,0.0,0.0,0.3,10.61,0.0,0.0,10.639,1.0,1.0,1192.881283529989,1050.0,1192.8899835299892,1050.0,0.002668329232713608,0.0
969,1623315601000.0,0.0,0.0,0.7,10.46257142857143,0.0,0.0,10.354,1.0,1.0,1192.8808694499892,1050.0,1192.8048694499892,1050.0,0.006139590454977153,0.0
970,1623319201000.0,0.0,0.0,0.1,10.539,0.0,0.0,10.533,1.0,1.0,1192.927926889989,1050.0,1192.927326889989,1050.0,0.0008834565578052646,0.0
971,1623322801000.0,0.0,0.0,0.1,10.85,0.0,0.0,10.748,1.0,1.0,1192.9550684999895,1050.0,1192.9448684999895,1050.0,0.0009095061739117039,0.0
972,1623326401000.0,0.0,0.0,0.1,10.85,0.0,0.0,10.604,1.0,1.0,1192.9550684999895,1050.0,1192.9304684999895,1050.0,0.0009095061739117039,0.0
973,1623330001000.0,0.0,0.0,0.5,10.5638,0.0,0.0,10.512,1.0,1.0,1192.9546488099895,1050.0,1192.9287488099894,1050.0,0.0044275782027999675,0.0
974,1623333601000.0,0.0,0.0,0.5,10.5638,0.0,0.0,10.534,1.0,1.0,1192.9546488099895,1050.0,1192.9397488099896,1050.0,0.0044275782027999675,0.0
975,1623337201000.0,0.0,0.0,1.2,10.41225,0.0,0.0,10.404,1.0,1.0,1192.9539275299894,1050.0,1192.9440275299894,1050.0,0.010473748995378448,0.0
976,1623340801000.0,0.0,0.0,1.2,10.41225,0.0,0.0,10.388,1.0,1.0,1192.9539275299894,1050.0,1192.9248275299894,1050.0,0.010473748995378448,0.0
977,1623344401000.0,0.0,0.0,1.2,10.41225,0.0,0.0,10.174,1.0,1.0,1192.9539275299894,1050.0,1192.6680275299893,1050.0,0.010473748995378448,0.0
978,1623348001000.0,0.0,0.0,2.5,10.097815384615384,0.0,0.0,10.123,1.0,1.0,1193.2092862815277,1050.0,1193.2722478199894,1050.0,0.02115684042336746,0.0
979,1623351601000.0,0.0,0.0,0.8,10.097815384615384,0.0,0.0,10.129,1.0,1.0,1193.3200722476815,1050.0,1193.3450199399892,1050.0,0.00676956040174242,0.0
980,1623355201000.0,0.0,0.0,0.7,10.097815384615384,0.0,0.0,10.069,1.0,1.0,1193.32658906922,1050.0,1193.3064182999892,1050.0,0.0059233330037036114,0.0
981,1623358801000.0,0.0,0.0,0.2,9.95673173076923,0.0,0.0,10.07,1.0,1.0,1193.4804688561449,1050.0,1193.503122509991,1050.0,0.0016685202633122196,0.0
982,1623362401000.0,0.0,0.0,0.1,10.023,0.0,0.0,9.991,1.0,1.0,1193.4932218399913,1050.0,1193.4900218399912,1050.0,0.0008398036802042064,0.0
983,1623366001000.0,0.0,0.0,0.1,10.023,0.0,0.0,10.004,1.0,1.0,1193.4932218399913,1050.0,1193.4913218399913,1050.0,0.0008398036802042064,0.0
984,1623369601000.0,0.0,0.0,0.1,10.023,0.0,0.0,9.923,1.0,1.0,1193.4932218399913,1050.0,1193.4832218399913,1050.0,0.0008398036802042064,0.0
985,1623373201000.0,0.0,0.0,6.5,9.330415384615385,0.0,0.0,9.06,1.0,1.0,1193.4872572999911,1050.0,1191.729557299991,1050.0,0.05081554045009447,0.0
986,1623376801000.0,0.0,0.0,1.4,8.913280397022332,0.0,0.0,9.022,1.0,1.0,1196.8153821458216,1050.0,1196.9675895899902,1050.0,0.010426497471529704,0.0
987,1623380401000.0,0.0,0.0,0.1,9.071,0.0,0.0,9.067,1.0,1.0,1196.9349389299907,1050.0,1196.9345389299908,1050.0,0.0007578523865389953,0.0
988,1623384001000.0,0.0,0.0,0.2,9.0305,0.0,0.0,9.042,1.0,1.0,1196.9406670099909,1050.0,1196.942967009991,1050.0,0.0015089302667873382,0.0
989,1623387601000.0,0.0,0.0,0.1,9.092,0.0,0.0,9.087,1.0,1.0,1196.9522942899907,1050.0,1196.9517942899906,1050.0,0.0007595958538509007,0.0
990,1623391201000.0,0.0,0.0,0.1,9.156,0.0,0.0,9.14,1.0,1.0,1196.9581112099906,1050.0,1196.9565112099906,1050.0,0.0007649390496000157,0.0
991,1623394801000.0,0.0,0.0,0.2,9.046,0.0,0.0,8.928,1.0,1.0,1196.9580218499907,1050.0,1196.9344218499907,1050.0,0.001511498287303127,0.0
992,1623398401000.0,0.0,0.0,0.2,9.046,0.0,0.0,9.051,1.0,1.0,1196.9580218499907,1050.0,1196.9590218499907,1050.0,0.001511498287303127,0.0
993,1623402001000.0,0.0,0.0,0.1,9.157,0.0,0.0,9.208,1.0,1.0,1196.9746476699909,1050.0,1196.979747669991,1050.0,0.0007650120257621872,0.0
994,1623405601000.0,0.0,0.0,0.1,9.497,0.0,0.0,9.381,1.0,1.0,1197.0043126099915,1050.0,1196.9927126099915,1050.0,0.000793397308593851,0.0
995,1623409201000.0,0.0,0.0,0.1,9.497,0.0,0.0,9.422,1.0,1.0,1197.0043126099915,1050.0,1196.9968126099916,1050.0,0.000793397308593851,0.0
996,1623412801000.0,0.0,0.0,0.2,9.383,0.0,0.0,9.29,1.0,1.0,1197.0042199199916,1050.0,1196.9856199199914,1050.0,0.0015677471881639924,0.0
997,1623416401000.0,0.0,0.0,0.2,9.383,0.0,0.0,9.319,1.0,1.0,1197.0042199199916,1050.0,1196.9914199199916,1050.0,0.0015677471881639924,0.0
998,1623420001000.0,0.0,0.0,0.1,9.511,0.0,0.0,9.41,1.0,1.0,1197.0223463499915,1050.0,1197.0122463499915,1050.0,0.0007945549244758313,0.0
999,1623423601000.0,0.0,0.0,0.2,9.396999999999998,0.0,0.0,9.305,1.0,1.0,1197.0222535199914,1050.0,1197.0038535199915,1050.0,0.0015700627072499217,0.0
1000,1623427201000.0,0.0,0.0,0.5,9.2608,0.0,0.0,9.12,1.0,1.0,1197.0219784199915,1050.0,1196.9515784199914,1050.0,0.003868266484222699,0.0
1001,1623430801000.0,0.0,0.0,1.2,9.1285,0.0,0.0,8.944,1.0,1.0,1197.0213460399914,1050.0,1196.7999460399915,1050.0,0.009151215252960102,0.0
1002,1623434401000.0,0.0,0.0,1.2,9.1285,0.0,0.0,9.045,1.0,1.0,1197.0213460399914,1050.0,1196.9211460399913,1050.0,0.009151215252960102,0.0
1003,1623438001000.0,0.0,0.0,2.8,8.996214285714288,0.0,0.0,9.022,1.0,1.0,1197.0199225199915,1050.0,1197.0921225199916,1050.0,0.021043425866271927,0.0
1004,1623441601000.0,0.0,0.0,2.8,8.996214285714288,0.0,0.0,8.882,1.0,1.0,1197.0199225199915,1050.0,1196.7001225199915,1050.0,0.021043425866271927,0.0
1005,1623445201000.0,0.0,0.0,2.8,8.996214285714288,0.0,0.0,8.821,1.0,1.0,1197.0199225199915,1050.0,1196.5293225199914,1050.0,0.021043425866271927,0.0
1006,1623448801000.0,0.0,0.0,6.5,8.856061538461539,0.0,0.0,8.672,1.0,1.0,1197.0166850199914,1050.0,1195.8202850199914,1050.0,0.04808988940621042,0.0
1007,1623452401000.0,0.0,0.0,6.5,8.856061538461539,0.0,0.0,8.751,1.0,1.0,1197.0166850199914,1050.0,1196.3337850199914,1050.0,0.04808988940621042,0.0
1008,1623456001000.0,0.0,0.0,15.2,8.695190789473685,0.0,0.0,8.636,1.0,1.0,1197.0092247699915,1050.0,1196.1095247699916,1050.0,0.11041427022034539,0.0
1009,1623459601000.0,0.0,0.0,15.2,8.695190789473685,0.0,0.0,8.434,1.0,1.0,1197.0092247699915,1050.0,1193.0391247699915,1050.0,0.11041427022034539,0.0
1010,1623463201000.0,0.0,0.0,42.5,8.460607058823529,0.0,0.0,8.128,1.0,1.0,1196.9864838799915,1050.0,1182.8506838799915,1050.0,0.3004008857597515,0.0
1011,1623466801000.0,0.0,0.0,42.5,8.460607058823529,0.0,0.0,8.055,1.0,1.0,1196.9864838799915,1050.0,1179.7481838799915,1050.0,0.3004008857597515,0.0
1012,1623470401000.0,0.0,0.0,42.5,8.460607058823529,0.0,0.0,8.12,1.0,1.0,1196.9864838799915,1050.0,1182.5106838799916,1050.0,0.3004008857597515,0.0
1013,1623474001000.0,0.0,0.0,42.5,8.460607058823529,0.0,0.0,7.954,1.0,1.0,1196.9864838799915,1050.0,1175.4556838799915,1050.0,0.3004008857597515,0.0
1014,1623477601000.0,0.0,0.0,42.5,8.460607058823529,0.0,0.0,7.983,1.0,1.0,1196.9864838799915,1050.0,1176.6881838799916,1050.0,0.3004008857597515,0.0
1015,1623481201000.0,0.0,0.0,42.5,8.460607058823529,0.0,0.0,8.107,1.0,1.0,1196.9864838799915,1050.0,1181.9581838799916,1050.0,0.3004008857597515,0.0
1016,1623484801000.0,0.0,0.0,42.6,8.434363352665008,0.0,0.0,8.105,1.0,1.0,1196.2139902835208,1050.0,1182.1831114599916,1050.0,0.3003675611069963,0.0
1017,1623488401000.0,0.0,0.0,42.6,8.434363352665008,0.0,0.0,8.047,1.0,1.0,1196.2139902835208,1050.0,1179.7123114599915,1050.0,0.3003675611069963,0.0
1018,1623492001000.0,0.0,0.0,42.6,8.434363352665008,0.0,0.0,8.087,1.0,1.0,1196.2139902835208,1050.0,1181.4163114599914,1050.0,0.3003675611069963,0.0
1019,1623495601000.0,0.0,0.0,5.8,8.434363352665008,0.0,0.0,8.507,1.0,1.0,1197.5262461054488,1050.0,1197.9475386599918,1050.0,0.040850300863593286,0.0
1020,1623499201000.0,0.0,0.0,1.3,8.434363352665008,0.0,0.0,8.521,1.0,1.0,1197.7819895984558,1050.0,1197.8946172399912,1050.0,0.009154146959698656,0.0
1021,1623502801000.0,0.0,0.0,0.1,8.716,0.0,0.0,8.672,1.0,1.0,1197.9415727999908,1050.0,1197.9371727999908,1050.0,0.0007275813944437864,0.0
1022,1623506401000.0,0.0,0.0,0.1,8.716,0.0,0.0,8.718,1.0,1.0,1197.9415727999908,1050.0,1197.9417727999908,1050.0,0.0007275813944437864,0.0
1023,1623510001000.0,0.0,0.0,0.1,8.716,0.0,0.0,8.605,1.0,1.0,1197.9415727999908,1050.0,1197.9304727999909,1050.0,0.0007275813944437864,0.0
1024,1623513601000.0,0.0,0.0,0.2,8.6115,0.0,0.0,8.539,1.0,1.0,1197.9414877299907,1050.0,1197.9269877299907,1050.0,0.0014377162971988132,0.0
1025,1623517201000.0,0.0,0.0,0.2,8.6115,0.0,0.0,8.538,1.0,1.0,1197.9414877299907,1050.0,1197.9267877299908,1050.0,0.0014377162971988132,0.0
1026,1623520801000.0,0.0,0.0,0.2,8.6115,0.0,0.0,8.598,1.0,1.0,1197.9414877299907,1050.0,1197.9387877299907,1050.0,0.0014377162971988132,0.0
1027,1623524401000.0,0.0,0.0,0.1,8.67,0.0,0.0,8.628,1.0,1.0,1197.9525276699906,1050.0,1197.9483276699905,1050.0,0.0007237348559097823,0.0
1028,1623528001000.0,0.0,0.0,0.1,8.67,0.0,0.0,8.488,1.0,1.0,1197.9525276699906,1050.0,1197.9343276699906,1050.0,0.0007237348559097823,0.0
1029,1623531601000.0,0.0,0.0,0.1,8.67,0.0,0.0,8.495,1.0,1.0,1197.9525276699906,1050.0,1197.9350276699906,1050.0,0.0007237348559097823,0.0
1030,1623535201000.0,0.0,0.0,0.2,8.565999999999999,0.0,0.0,8.564,1.0,1.0,1197.9524430499905,1050.0,1197.9520430499906,1050.0,0.001430106854357413,0.0
1031,1623538801000.0,0.0,0.0,0.1,8.565999999999999,0.0,0.0,8.512,1.0,1.0,1197.9579568299905,1050.0,1197.9525568299905,1050.0,0.0007150501360387602,0.0
1032,1623542401000.0,0.0,0.0,0.1,8.565999999999999,0.0,0.0,8.456,1.0,1.0,1197.9579568299905,1050.0,1197.9469568299905,1050.0,0.0007150501360387602,0.0
1033,1623546001000.0,0.0,0.0,0.1,8.521,0.0,0.0,8.505,1.0,1.0,1197.9688176399907,1050.0,1197.9672176399906,1050.0,0.0007112872951723774,0.0
1034,1623549601000.0,0.0,0.0,0.1,8.636,0.0,0.0,8.65,1.0,1.0,1197.9797733799905,1050.0,1197.9811733799907,1050.0,0.0007208802846173533,0.0
1035,1623553201000.0,0.0,0.0,0.1,8.636,0.0,0.0,8.516,1.0,1.0,1197.9797733799905,1050.0,1197.9677733799906,1050.0,0.0007208802846173533,0.0
1036,1623556801000.0,0.0,0.0,0.5,8.4092,0.0,0.0,8.216,1.0,1.0,1197.9794392799906,1050.0,1197.8828392799905,1050.0,0.003509743040771257,0.0
1037,1623560401000.0,0.0,0.0,1.2,8.2895,0.0,0.0,8.283,1.0,1.0,1197.9788649999907,1050.0,1197.9710649999906,1050.0,0.008303485387448866,0.0
1038,1623564001000.0,0.0,0.0,1.2,8.2895,0.0,0.0,8.138,1.0,1.0,1197.9788649999907,1050.0,1197.7970649999907,1050.0,0.008303485387448866,0.0
1039,1623567601000.0,0.0,0.0,1.2,8.2895,0.0,0.0,8.289,1.0,1.0,1197.9788649999907,1050.0,1197.9782649999906,1050.0,0.008303485387448866,0.0
1040,1623571201000.0,0.0,0.0,1.2,8.2895,0.0,0.0,8.167,1.0,1.0,1197.9788649999907,1050.0,1197.8318649999908,1050.0,0.008303485387448866,0.0
1041,1623574801000.0,0.0,0.0,1.2,8.2895,0.0,0.0,8.236,1.0,1.0,1197.9788649999907,1050.0,1197.9146649999907,1050.0,0.008303485387448866,0.0
1042,1623578401000.0,0.0,0.0,1.2,8.2895,0.0,0.0,8.311,1.0,1.0,1197.9788649999907,1050.0,1198.0046649999906,1050.0,0.008303485387448866,0.0
1043,1623582001000.0,0.0,0.0,0.1,8.395,0.0,0.0,8.368,1.0,1.0,1198.0476793199914,1050.0,1198.0449793199914,1050.0,0.0007007233639286359,0.0
1044,1623585601000.0,0.0,0.0,0.1,8.462,0.0,0.0,8.448,1.0,1.0,1198.0530101999914,1050.0,1198.0516101999913,1050.0,0.0007063126529424133,0.0
1045,1623589201000.0,0.0,0.0,0.1,8.519,0.0,0.0,8.38,1.0,1.0,1198.0584398299914,1050.0,1198.0445398299914,1050.0,0.0007110671497134043,0.0
1046,1623592801000.0,0.0,0.0,0.1,8.519,0.0,0.0,8.369,1.0,1.0,1198.0584398299914,1050.0,1198.0434398299913,1050.0,0.0007110671497134043,0.0
1047,1623596401000.0,0.0,0.0,0.5,8.2952,0.0,0.0,8.171,1.0,1.0,1198.0581102599915,1050.0,1197.9960102599914,1050.0,0.0034619355809877416,0.0
1048,1623600001000.0,0.0,0.0,0.5,8.2952,0.0,0.0,8.32,1.0,1.0,1198.0581102599915,1050.0,1198.0705102599916,1050.0,0.0034619355809877416,0.0
1049,1623603601000.0,0.0,0.0,0.1,8.558,0.0,0.0,8.557,1.0,1.0,1198.1183649699915,1050.0,1198.1182649699915,1050.0,0.0007142866890463153,0.0
1050,1623607201000.0,0.0,0.0,0.1,8.68,0.0,0.0,8.647,1.0,1.0,1198.1293190199915,1050.0,1198.1260190199914,1050.0,0.0007244626988261832,0.0
1051,1623610801000.0,0.0,0.0,0.1,8.808,0.0,0.0,8.776,1.0,1.0,1198.140468169991,1050.0,1198.1372681699909,1050.0,0.0007351391789189054,0.0
1052,1623614401000.0,0.0,0.0,0.1,8.808,0.0,0.0,8.761,1.0,1.0,1198.140468169991,1050.0,1198.135768169991,1050.0,0.0007351391789189054,0.0
1053,1623618001000.0,0.0,0.0,0.1,9.137,0.0,0.0,9.114,1.0,1.0,1198.168967679991,1050.0,1198.166667679991,1050.0,0.000762580257581861,0.0
1054,1623621601000.0,0.0,0.0,0.1,9.137,0.0,0.0,9.094,1.0,1.0,1198.168967679991,1050.0,1198.164667679991,1050.0,0.000762580257581861,0.0
1055,1623625201000.0,0.0,0.0,0.1,9.137,0.0,0.0,9.099,1.0,1.0,1198.168967679991,1050.0,1198.165167679991,1050.0,0.000762580257581861,0.0
1056,1623628801000.0,0.0,0.0,0.1,9.137,0.0,0.0,9.126,1.0,1.0,1198.168967679991,1050.0,1198.167867679991,1050.0,0.000762580257581861,0.0
1057,1623632401000.0,0.0,0.0,0.1,9.2,0.0,0.0,9.122,1.0,1.0,1198.174783709991,1050.0,1198.166983709991,1050.0,0.0007678345534458175,0.0
1058,1623636001000.0,0.0,0.0,0.1,9.2,0.0,0.0,9.184,1.0,1.0,1198.174783709991,1050.0,1198.173183709991,1050.0,0.0007678345534458175,0.0
1059,1623639601000.0,0.0,0.0,0.1,9.2,0.0,0.0,9.049,1.0,1.0,1198.174783709991,1050.0,1198.159683709991,1050.0,0.0007678345534458175,0.0
1060,1623643201000.0,0.0,0.0,0.2,9.0895,0.0,0.0,9.015,1.0,1.0,1198.1746939199911,1050.0,1198.1597939199912,1050.0,0.001517224499252687,0.0
1061,1623646801000.0,0.0,0.0,0.2,9.0895,0.0,0.0,9.006,1.0,1.0,1198.1746939199911,1050.0,1198.1579939199912,1050.0,0.001517224499252687,0.0
1062,1623650401000.0,0.0,0.0,0.1,9.15,0.0,0.0,9.084,1.0,1.0,1198.1863194399912,1050.0,1198.1797194399912,1050.0,0.0007636541872950553,0.0
1063,1623654001000.0,0.0,0.0,0.2,9.04,0.0,0.0,8.832,1.0,1.0,1198.1862301399913,1050.0,1198.1446301399912,1050.0,0.0015089474027662297,0.0
1064,1623657601000.0,0.0,0.0,0.5,8.909199999999998,0.0,0.0,8.901,1.0,1.0,1198.1859654799912,1050.0,1198.181865479991,1050.0,0.003717786828036743,0.0
1065,1623661201000.0,0.0,0.0,0.5,8.909199999999998,0.0,0.0,8.788,1.0,1.0,1198.1859654799912,1050.0,1198.1253654799912,1050.0,0.003717786828036743,0.0
1066,1623664801000.0,0.0,0.0,1.2,8.781916666666667,0.0,0.0,8.696,1.0,1.0,1198.1853571099912,1050.0,1198.0822571099911,1050.0,0.00879521681471576,0.0
1067,1623668401000.0,0.0,0.0,1.2,8.781916666666667,0.0,0.0,8.784,1.0,1.0,1198.1853571099912,1050.0,1198.1878571099912,1050.0,0.00879521681471576,0.0
1068,1623672001000.0,0.0,0.0,1.2,8.781916666666667,0.0,0.0,8.754,1.0,1.0,1198.1853571099912,1050.0,1198.1518571099912,1050.0,0.00879521681471576,0.0
1069,1623675601000.0,0.0,0.0,0.1,8.781916666666667,0.0,0.0,8.857,1.0,1.0,1198.2482763766568,1050.0,1198.2557847099902,1050.0,0.0007328962486156888,0.0
1070,1623679201000.0,0.0,0.0,0.1,9.24,0.0,0.0,9.278,1.0,1.0,1198.28831985999,1050.0,1198.29211985999,1050.0,0.0007710998969830247,0.0
1071,1623682801000.0,0.0,0.0,0.1,9.305,0.0,0.0,9.246,1.0,1.0,1198.29423379999,1050.0,1198.28833379999,1050.0,0.0007765204686408528,0.0
1072,1623686401000.0,0.0,0.0,0.1,9.305,0.0,0.0,9.274,1.0,1.0,1198.29423379999,1050.0,1198.2911337999901,1050.0,0.0007765204686408528,0.0
1073,1623690001000.0,0.0,0.0,0.5,9.453600000000002,0.0,0.0,9.384,1.0,1.0,1198.32400541999,1050.0,1198.2892054199901,1050.0,0.003944509146625454,0.0
1074,1623693601000.0,0.0,0.0,0.1,9.623,0.0,0.0,9.652,1.0,1.0,1198.36993185999,1050.0,1198.37283185999,1050.0,0.0008030074640694749,0.0
1075,1623697201000.0,0.0,0.0,0.1,9.623,0.0,0.0,9.479,1.0,1.0,1198.36993185999,1050.0,1198.35553185999,1050.0,0.0008030074640694749,0.0
1076,1623700801000.0,0.0,0.0,0.1,9.623,0.0,0.0,9.619,1.0,1.0,1198.36993185999,1050.0,1198.36953185999,1050.0,0.0008030074640694749,0.0
1077,1623704401000.0,0.0,0.0,0.1,9.689,0.0,0.0,9.686,1.0,1.0,1198.37603810999,1050.0,1198.3757381099902,1050.0,0.0008085108256404172,0.0
1078,1623708001000.0,0.0,0.0,0.1,9.824,0.0,0.0,9.796,1.0,1.0,1198.3884465799902,1050.0,1198.3856465799902,1050.0,0.0008197675827096075,0.0
1079,1623711601000.0,0.0,0.0,0.1,9.893,0.0,0.0,9.932,1.0,1.0,1198.3947487599903,1050.0,1198.3986487599902,1050.0,0.0008255209738057131,0.0
1080,1623715201000.0,0.0,0.0,0.1,10.054,0.0,0.0,10.084,1.0,1.0,1198.40744877999,1050.0,1198.41044877999,1050.0,0.0008389467213538463,0.0
1081,1623718801000.0,0.0,0.0,0.1,10.144,0.0,0.0,9.954,1.0,1.0,1198.41384613999,1050.0,1198.39484613999,1050.0,0.0008464521694799453,0.0
1082,1623722401000.0,0.0,0.0,0.1,10.144,0.0,0.0,9.971,1.0,1.0,1198.41384613999,1050.0,1198.39654613999,1050.0,0.0008464521694799453,0.0
1083,1623726001000.0,0.0,0.0,0.1,10.144,0.0,0.0,9.923,1.0,1.0,1198.41384613999,1050.0,1198.3917461399901,1050.0,0.0008464521694799453,0.0
1084,1623729601000.0,0.0,0.0,0.2,10.022,0.0,0.0,9.945,1.0,1.0,1198.41374713999,1050.0,1198.39834713999,1050.0,0.0016725442317258904,0.0
1085,1623733201000.0,0.0,0.0,0.1,10.224,0.0,0.0,10.244,1.0,1.0,1198.43853904999,1050.0,1198.4405390499899,1050.0,0.0008531100817322373,0.0
1086,1623736801000.0,0.0,0.0,0.1,10.224,0.0,0.0,10.174,1.0,1.0,1198.43853904999,1050.0,1198.4335390499898,1050.0,0.0008531100817322373,0.0
1087,1623740401000.0,0.0,0.0,0.1,10.224,0.0,0.0,10.123,1.0,1.0,1198.43853904999,1050.0,1198.42843904999,1050.0,0.0008531100817322373,0.0
1088,1623744001000.0,0.0,0.0,0.1,10.293,0.0,0.0,10.249,1.0,1.0,1198.44503320999,1050.0,1198.44063320999,1050.0,0.0008588629194307381,0.0
1089,1623747601000.0,0.0,0.0,0.5,10.1668,0.0,0.0,10.08,1.0,1.0,1198.4578131999901,1050.0,1198.4144131999901,1050.0,0.004241617805825693,0.0
1090,1623751201000.0,0.0,0.0,0.1,10.091,0.0,0.0,10.129,1.0,1.0,1198.5457065799899,1050.0,1198.5495065799898,1050.0,0.0008419370195563363,0.0
1091,1623754801000.0,0.0,0.0,0.1,10.168,0.0,0.0,10.011,1.0,1.0,1198.55210332999,1050.0,1198.53640332999,1050.0,0.0008483569443288947,0.0
1092,1623758401000.0,0.0,0.0,0.2,10.046,0.0,0.0,10.037,1.0,1.0,1198.5520040899899,1050.0,1198.5502040899898,1050.0,0.0016763561306841258,0.0
1093,1623762001000.0,0.0,0.0,0.1,10.276,0.0,0.0,10.191,1.0,1.0,1198.5778914699897,1050.0,1198.5693914699898,1050.0,0.0008573493698767506,0.0
1094,1623765601000.0,0.0,0.0,0.1,10.276,0.0,0.0,10.114,1.0,1.0,1198.5778914699897,1050.0,1198.5616914699897,1050.0,0.0008573493698767506,0.0
1095,1623769201000.0,0.0,0.0,1.2,9.862166666666667,0.0,0.0,9.793,1.0,1.0,1198.5768107699896,1050.0,1198.4938107699895,1050.0,0.009873876996166158,0.0
1096,1623772801000.0,0.0,0.0,1.2,9.862166666666667,0.0,0.0,9.757,1.0,1.0,1198.5768107699896,1050.0,1198.4506107699897,1050.0,0.009873876996166158,0.0
1097,1623776401000.0,0.0,0.0,1.2,9.862166666666667,0.0,0.0,9.822,1.0,1.0,1198.5768107699896,1050.0,1198.5286107699897,1050.0,0.009873876996166158,0.0
1098,1623780001000.0,0.0,0.0,1.2,9.862166666666667,0.0,0.0,9.84,1.0,1.0,1198.5768107699896,1050.0,1198.5502107699897,1050.0,0.009873876996166158,0.0
1099,1623783601000.0,0.0,0.0,0.1,9.928,0.0,0.0,9.82,1.0,1.0,1198.65332024999,1050.0,1198.64252024999,1050.0,0.0008282628373255936,0.0
1100,1623787201000.0,0.0,0.0,0.5,9.666799999999999,0.0,0.0,9.606,1.0,1.0,1198.65293618999,1050.0,1198.62253618999,1050.0,0.0040323598717100975,0.0
1101,1623790801000.0,0.0,0.0,0.5,9.666799999999999,0.0,0.0,9.634,1.0,1.0,1198.65293618999,1050.0,1198.63653618999,1050.0,0.0040323598717100975,0.0
1102,1623794401000.0,0.0,0.0,0.5,9.666799999999999,0.0,0.0,9.689,1.0,1.0,1198.65293618999,1050.0,1198.66403618999,1050.0,0.0040323598717100975,0.0
1103,1623798001000.0,0.0,0.0,0.1,9.739,0.0,0.0,9.735,1.0,1.0,1198.6839522999892,1050.0,1198.6835522999893,1050.0,0.0008124743791983849,0.0
1104,1623801601000.0,0.0,0.0,0.1,9.739,0.0,0.0,9.721,1.0,1.0,1198.6839522999892,1050.0,1198.6821522999892,1050.0,0.0008124743791983849,0.0
1105,1623805201000.0,0.0,0.0,0.1,9.739,0.0,0.0,9.54,1.0,1.0,1198.6839522999892,1050.0,1198.6640522999892,1050.0,0.0008124743791983849,0.0
1106,1623808801000.0,0.0,0.0,0.2,9.622,0.0,0.0,9.546,1.0,1.0,1198.6838572499892,1050.0,1198.668657249989,1050.0,0.001605427476444826,0.0
1107,1623812401000.0,0.0,0.0,0.2,9.622,0.0,0.0,9.593,1.0,1.0,1198.6838572499892,1050.0,1198.6780572499893,1050.0,0.001605427476444826,0.0
1108,1623816001000.0,0.0,0.0,0.2,9.622,0.0,0.0,9.625,1.0,1.0,1198.6838572499892,1050.0,1198.6844572499892,1050.0,0.001605427476444826,0.0
1109,1623819601000.0,0.0,0.0,0.1,9.697,0.0,0.0,9.669,1.0,1.0,1198.696166579989,1050.0,1198.693366579989,1050.0,0.000808962293394714,0.0
1110,1623823201000.0,0.0,0.0,0.1,9.764,0.0,0.0,9.762,1.0,1.0,1198.702371329989,1050.0,1198.7021713299891,1050.0,0.0008145474834730332,0.0
1111,1623826801000.0,0.0,0.0,0.1,9.83,0.0,0.0,9.882,1.0,1.0,1198.708574749989,1050.0,1198.7137747499892,1050.0,0.0008200491935289788,0.0
1112,1623830401000.0,0.0,0.0,0.1,9.899,0.0,0.0,9.767,1.0,1.0,1198.7148768099892,1050.0,1198.701676809989,1050.0,0.0008258010467295728,0.0
1113,1623834001000.0,0.0,0.0,0.1,9.899,0.0,0.0,9.766,1.0,1.0,1198.7148768099892,1050.0,1198.701576809989,1050.0,0.0008258010467295728,0.0
1114,1623837601000.0,0.0,0.0,0.2,9.78,0.0,0.0,9.626,1.0,1.0,1198.7147801999893,1050.0,1198.6839801999893,1050.0,0.0016317476286341176,0.0
1115,1623841201000.0,0.0,0.0,0.5,9.6384,0.0,0.0,9.487,1.0,1.0,1198.7144938799893,1050.0,1198.6387938799892,1050.0,0.004020306774135393,0.0
1116,1623844801000.0,0.0,0.0,2.8,9.3625,0.0,0.0,9.163,1.0,1.0,1198.7123542999893,1050.0,1198.1537542999893,1050.0,0.0218692999250089,0.0
1117,1623848401000.0,0.0,0.0,6.5,9.215923076923076,0.0,0.0,9.12,1.0,1.0,1198.7089854499893,1050.0,1198.0854854499894,1050.0,0.049973346931667925,0.0
1118,1623852001000.0,0.0,0.0,6.5,9.215923076923076,0.0,0.0,9.132,1.0,1.0,1198.7089854499893,1050.0,1198.1634854499894,1050.0,0.049973346931667925,0.0
1119,1623855601000.0,0.0,0.0,6.5,9.215923076923076,0.0,0.0,8.972,1.0,1.0,1198.7089854499893,1050.0,1197.1234854499894,1050.0,0.049973346931667925,0.0
1120,1623859201000.0,0.0,0.0,6.5,9.215923076923076,0.0,0.0,9.05,1.0,1.0,1198.7089854499893,1050.0,1197.6304854499892,1050.0,0.049973346931667925,0.0
1121,1623862801000.0,0.0,0.0,15.2,9.046546052631578,0.0,0.0,8.945,1.0,1.0,1198.7012250499893,1050.0,1197.1577250499893,1050.0,0.11471373944267517,0.0
1122,1623866401000.0,0.0,0.0,8.0,9.046546052631578,0.0,0.0,9.125,1.0,1.0,1199.122737151042,1050.0,1199.7503687299893,1050.0,0.06035442926634838,0.0
1123,1623870001000.0,0.0,0.0,0.3,9.046546052631578,0.0,0.0,9.198,1.0,1.0,1200.068371435779,1050.0,1200.1138076199895,1050.0,0.0022615076610530515,0.0
1124,1623873601000.0,0.0,0.0,0.1,9.21,0.0,0.0,9.165,1.0,1.0,1200.1152393999892,1050.0,1200.1107393999891,1050.0,0.0007674263018778632,0.0
1125,1623877201000.0,0.0,0.0,0.1,9.21,0.0,0.0,9.106,1.0,1.0,1200.1152393999892,1050.0,1200.1048393999893,1050.0,0.0007674263018778632,0.0
1126,1623880801000.0,0.0,0.0,0.1,9.21,0.0,0.0,9.178,1.0,1.0,1200.1152393999892,1050.0,1200.112039399989,1050.0,0.0007674263018778632,0.0
1127,1623884401000.0,0.0,0.0,0.1,9.21,0.0,0.0,9.054,1.0,1.0,1200.1152393999892,1050.0,1200.0996393999892,1050.0,0.0007674263018778632,0.0
1128,1623888001000.0,0.0,0.0,0.2,9.0995,0.0,0.0,9.059,1.0,1.0,1200.1151495099891,1050.0,1200.107049509989,1050.0,0.0015164378191068343,0.0
1129,1623891601000.0,0.0,0.0,0.1,9.162,0.0,0.0,9.205,1.0,1.0,1200.1267747099891,1050.0,1200.1310747099892,1050.0,0.000763419348111286,0.0
1130,1623895201000.0,0.0,0.0,0.1,9.286,0.0,0.0,9.267,1.0,1.0,1200.1385045599893,1050.0,1200.1366045599893,1050.0,0.0007737440274366129,0.0
1131,1623898801000.0,0.0,0.0,0.1,9.286,0.0,0.0,9.263,1.0,1.0,1200.1385045599893,1050.0,1200.1362045599892,1050.0,0.0007737440274366129,0.0
1132,1623902401000.0,0.0,0.0,0.1,9.286,0.0,0.0,9.308,1.0,1.0,1200.1385045599893,1050.0,1200.1407045599892,1050.0,0.0007737440274366129,0.0
1133,1623906001000.0,0.0,0.0,0.1,9.348,0.0,0.0,9.338,1.0,1.0,1200.1444176099894,1050.0,1200.1434176099895,1050.0,0.0007789062601829156,0.0
1134,1623909601000.0,0.0,0.0,0.1,9.348,0.0,0.0,9.203,1.0,1.0,1200.1444176099894,1050.0,1200.1299176099894,1050.0,0.0007789062601829156,0.0
1135,1623913201000.0,0.0,0.0,0.1,9.348,0.0,0.0,9.338,1.0,1.0,1200.1444176099894,1050.0,1200.1434176099895,1050.0,0.0007789062601829156,0.0
1136,1623916801000.0,0.0,0.0,0.1,9.411,0.0,0.0,9.396,1.0,1.0,1200.1504293999894,1050.0,1200.1489293999894,1050.0,0.0007841517004418349,0.0
1137,1623920401000.0,0.0,0.0,0.1,9.479,0.0,0.0,9.437,1.0,1.0,1200.1564398799894,1050.0,1200.1522398799893,1050.0,0.0007898137013661202,0.0
1138,1623924001000.0,0.0,0.0,0.1,9.479,0.0,0.0,9.43,1.0,1.0,1200.1564398799894,1050.0,1200.1515398799895,1050.0,0.0007898137013661202,0.0
1139,1623927601000.0,0.0,0.0,0.1,9.479,0.0,0.0,9.364,1.0,1.0,1200.1564398799894,1050.0,1200.1449398799894,1050.0,0.0007898137013661202,0.0
1140,1623931201000.0,0.0,0.0,0.1,9.479,0.0,0.0,9.291,1.0,1.0,1200.1564398799894,1050.0,1200.1376398799894,1050.0,0.0007898137013661202,0.0
1141,1623934801000.0,0.0,0.0,0.5,9.229399999999998,0.0,0.0,9.144,1.0,1.0,1200.1560731999894,1050.0,1200.1133731999894,1050.0,0.0038450832379623543,0.0
1142,1623938401000.0,0.0,0.0,0.5,9.229399999999998,0.0,0.0,9.062,1.0,1.0,1200.1560731999894,1050.0,1200.0723731999894,1050.0,0.0038450832379623543,0.0
1143,1623942001000.0,0.0,0.0,1.2,9.097333333333333,0.0,0.0,9.111,1.0,1.0,1200.1554429899893,1050.0,1200.1718429899893,1050.0,0.009096155055383987,0.0
1144,1623945601000.0,0.0,0.0,0.9,9.097333333333333,0.0,0.0,9.183,1.0,1.0,1200.1730682799891,1050.0,1200.250168279989,1050.0,0.006822016104505613,0.0
1145,1623949201000.0,0.0,0.0,0.8,9.097333333333333,0.0,0.0,8.943,1.0,1.0,1200.1789433766558,1050.0,1200.055476709989,1050.0,0.006063984630650725,0.0
1146,1623952801000.0,0.0,0.0,1.9,8.966298245614036,0.0,0.0,8.801,1.0,1.0,1200.1779675666558,1050.0,1199.8639008999892,1050.0,0.014194533750029468,0.0
1147,1623956401000.0,0.0,0.0,4.4,8.83260606060606,0.0,0.0,8.818,1.0,1.0,1200.1757848166558,1050.0,1200.111518149989,1050.0,0.032381478745301985,0.0
1148,1623960001000.0,0.0,0.0,4.4,8.83260606060606,0.0,0.0,8.811,1.0,1.0,1200.1757848166558,1050.0,1200.080718149989,1050.0,0.032381478745301985,0.0
1149,1623963601000.0,0.0,0.0,4.4,8.83260606060606,0.0,0.0,8.86,1.0,1.0,1200.1757848166558,1050.0,1200.296318149989,1050.0,0.032381478745301985,0.0
1150,1623967201000.0,0.0,0.0,3.9,8.83260606060606,0.0,0.0,8.906,1.0,1.0,1200.2045372363527,1050.0,1200.490773599989,1050.0,0.028701077664381514,0.0
1151,1623970801000.0,0.0,0.0,0.6,8.83260606060606,0.0,0.0,8.94,1.0,1.0,1200.4135012863512,1050.0,1200.4779376499876,1050.0,0.004414781765353919,0.0
1152,1623974401000.0,0.0,0.0,0.1,8.993,0.0,0.0,9.006,1.0,1.0,1200.4959094599874,1050.0,1200.4972094599873,1050.0,0.0007491070922553392,0.0
1153,1623978001000.0,0.0,0.0,0.1,8.993,0.0,0.0,8.871,1.0,1.0,1200.4959094599874,1050.0,1200.4837094599875,1050.0,0.0007491070922553392,0.0
1154,1623981601000.0,0.0,0.0,0.2,8.885,0.0,0.0,8.723,1.0,1.0,1200.4958216899875,1050.0,1200.4634216899874,1050.0,0.0014802217283009316,0.0
1155,1623985201000.0,0.0,0.0,0.1,8.815,0.0,0.0,8.85,1.0,1.0,1200.5237327099883,1050.0,1200.5272327099883,1050.0,0.0007342628687649149,0.0
1156,1623988801000.0,0.0,0.0,0.1,8.937,0.0,0.0,8.931,1.0,1.0,1200.5349764699881,1050.0,1200.534376469988,1050.0,0.0007444181281813253,0.0
1157,1623992401000.0,0.0,0.0,0.1,8.937,0.0,0.0,8.974,1.0,1.0,1200.5349764699881,1050.0,1200.538676469988,1050.0,0.0007444181281813253,0.0
1158,1623996001000.0,0.0,0.0,0.1,8.937,0.0,0.0,8.76,1.0,1.0,1200.5349764699881,1050.0,1200.517276469988,1050.0,0.0007444181281813253,0.0
1159,1623999601000.0,0.0,0.0,0.2,8.83,0.0,0.0,8.653,1.0,1.0,1200.5348892399882,1050.0,1200.4994892399882,1050.0,0.001471010976713876,0.0
1160,1624003201000.0,0.0,0.0,0.2,8.83,0.0,0.0,8.761,1.0,1.0,1200.5348892399882,1050.0,1200.5210892399882,1050.0,0.001471010976713876,0.0
1161,1624006801000.0,0.0,0.0,0.2,8.83,0.0,0.0,8.825,1.0,1.0,1200.5348892399882,1050.0,1200.5338892399882,1050.0,0.001471010976713876,0.0
1162,1624010401000.0,0.0,0.0,0.5,8.702200000000001,0.0,0.0,8.624,1.0,1.0,1200.534630729988,1050.0,1200.495530729988,1050.0,0.003624301947336832,0.0
1163,1624014001000.0,0.0,0.0,0.1,8.638,0.0,0.0,8.67,1.0,1.0,1200.6285112199873,1050.0,1200.6317112199874,1050.0,0.0007194565112586508,0.0
1164,1624017601000.0,0.0,0.0,0.1,8.701,0.0,0.0,8.634,1.0,1.0,1200.6340372599873,1050.0,1200.6273372599874,1050.0,0.0007247004274388959,0.0
1165,1624021201000.0,0.0,0.0,0.2,8.5965,0.0,0.0,8.47,1.0,1.0,1200.6339523399872,1050.0,1200.6086523399872,1050.0,0.0014319934869817348,0.0
1166,1624024801000.0,0.0,0.0,0.5,8.472,0.0,0.0,8.442,1.0,1.0,1200.6337006699873,1050.0,1200.6187006699872,1050.0,0.0035281368477631378,0.0
1167,1624028401000.0,0.0,0.0,1.2,8.35125,0.0,0.0,8.306,1.0,1.0,1200.6331221199873,1050.0,1200.5788221199873,1050.0,0.008346846189204568,0.0
1168,1624032001000.0,0.0,0.0,1.2,8.35125,0.0,0.0,8.184,1.0,1.0,1200.6331221199873,1050.0,1200.4324221199872,1050.0,0.008346846189204568,0.0
1169,1624035601000.0,0.0,0.0,1.2,8.35125,0.0,0.0,8.313,1.0,1.0,1200.6331221199873,1050.0,1200.5872221199872,1050.0,0.008346846189204568,0.0
1170,1624039201000.0,0.0,0.0,1.2,8.35125,0.0,0.0,8.15,1.0,1.0,1200.6331221199873,1050.0,1200.3916221199872,1050.0,0.008346846189204568,0.0
1171,1624042801000.0,0.0,0.0,6.5,8.103861538461537,0.0,0.0,7.971,1.0,1.0,1200.6288567599872,1050.0,1199.7652567599873,1050.0,0.04387292517868413,0.0
1172,1624046401000.0,0.0,0.0,6.5,8.103861538461537,0.0,0.0,8.031,1.0,1.0,1200.6288567599872,1050.0,1200.1552567599872,1050.0,0.04387292517868413,0.0
1173,1624050001000.0,0.0,0.0,3.5,8.103861538461537,0.0,0.0,8.128,1.0,1.0,1200.7858250446027,1050.0,1200.8703096599872,1050.0,0.02362079464384236,0.0
1174,1624053601000.0,0.0,0.0,0.2,8.103861538461537,0.0,0.0,8.261,1.0,1.0,1201.0816778376784,1050.0,1201.1131055299861,1050.0,0.001349427218480431,0.0
1175,1624057201000.0,0.0,0.0,0.1,8.302,0.0,0.0,8.294,1.0,1.0,1201.1148921499862,1050.0,1201.1140921499862,1050.0,0.0006911911636645755,0.0
1176,1624060801000.0,0.0,0.0,0.1,8.302,0.0,0.0,8.308,1.0,1.0,1201.1148921499862,1050.0,1201.1154921499863,1050.0,0.0006911911636645755,0.0
1177,1624064401000.0,0.0,0.0,0.1,8.361,0.0,0.0,8.314,1.0,1.0,1201.120224969986,1050.0,1201.1155249699862,1050.0,0.0006961001760010266,0.0
1178,1624068001000.0,0.0,0.0,0.1,8.422,0.0,0.0,8.386,1.0,1.0,1201.1255565899862,1050.0,1201.1219565899862,1050.0,0.0007011756559331055,0.0
1179,1624071601000.0,0.0,0.0,0.2,8.321000000000002,0.0,0.0,8.224,1.0,1.0,1201.1254743899863,1050.0,1201.1060743899864,1050.0,0.0013855338476150422,0.0
1180,1624075201000.0,0.0,0.0,0.5,8.2004,0.0,0.0,8.136,1.0,1.0,1201.1252307899863,1050.0,1201.0930307899862,1050.0,0.003413632396434864,0.0
1181,1624078801000.0,0.0,0.0,0.5,8.2004,0.0,0.0,8.184,1.0,1.0,1201.1252307899863,1050.0,1201.1170307899863,1050.0,0.003413632396434864,0.0
1182,1624082401000.0,0.0,0.0,0.1,8.366,0.0,0.0,8.368,1.0,1.0,1201.1658667999864,1050.0,1201.1660667999863,1050.0,0.0006964899878721808,0.0
1183,1624086001000.0,0.0,0.0,0.1,8.422,0.0,0.0,8.389,1.0,1.0,1201.1711983699863,1050.0,1201.1678983699862,1050.0,0.0007011490128491947,0.0
1184,1624089601000.0,0.0,0.0,0.1,8.422,0.0,0.0,8.427,1.0,1.0,1201.1711983699863,1050.0,1201.1716983699864,1050.0,0.0007011490128491947,0.0
1185,1624093201000.0,0.0,0.0,0.1,8.422,0.0,0.0,8.433,1.0,1.0,1201.1711983699863,1050.0,1201.1722983699863,1050.0,0.0007011490128491947,0.0
1186,1624096801000.0,0.0,0.0,0.1,8.422,0.0,0.0,8.318,1.0,1.0,1201.1711983699863,1050.0,1201.1607983699864,1050.0,0.0007011490128491947,0.0
1187,1624100401000.0,0.0,0.0,0.1,8.422,0.0,0.0,8.25,1.0,1.0,1201.1711983699863,1050.0,1201.1539983699863,1050.0,0.0007011490128491947,0.0
1188,1624104001000.0,0.0,0.0,0.1,8.422,0.0,0.0,8.404,1.0,1.0,1201.1711983699863,1050.0,1201.1693983699863,1050.0,0.0007011490128491947,0.0
1189,1624107601000.0,0.0,0.0,0.2,8.506499999999999,0.0,0.0,8.401,1.0,1.0,1201.1873018699862,1050.0,1201.1662018699863,1050.0,0.0014163486388437902,0.0
1190,1624111201000.0,0.0,0.0,0.2,8.506499999999999,0.0,0.0,8.356,1.0,1.0,1201.1873018699862,1050.0,1201.1572018699862,1050.0,0.0014163486388437902,0.0
1191,1624114801000.0,0.0,0.0,0.2,8.506499999999999,0.0,0.0,8.423,1.0,1.0,1201.1873018699862,1050.0,1201.1706018699863,1050.0,0.0014163486388437902,0.0
1192,1624118401000.0,0.0,0.0,0.2,8.506499999999999,0.0,0.0,8.373,1.0,1.0,1201.1873018699862,1050.0,1201.1606018699863,1050.0,0.0014163486388437902,0.0
1193,1624122001000.0,0.0,0.0,0.1,8.383199999999999,0.0,0.0,8.421,1.0,1.0,1201.208635319986,1050.0,1201.212415319986,1050.0,0.0006978970807820431,0.0
1194,1624125601000.0,0.0,0.0,0.1,8.383199999999999,0.0,0.0,8.337,1.0,1.0,1201.208635319986,1050.0,1201.204015319986,1050.0,0.0006978970807820431,0.0
1195,1624129201000.0,0.0,0.0,0.2,8.282599999999999,0.0,0.0,8.266,1.0,1.0,1201.2085534999858,1050.0,1201.2052334999858,1050.0,0.0013790444591602047,0.0
1196,1624132801000.0,0.0,0.0,0.1,8.344,0.0,0.0,8.344,1.0,1.0,1201.2191833199854,1050.0,1201.2191833199854,1050.0,0.0006946276013456982,0.0
1197,1624136401000.0,0.0,0.0,0.1,8.344,0.0,0.0,8.315,1.0,1.0,1201.2191833199854,1050.0,1201.2162833199855,1050.0,0.0006946276013456982,0.0
1198,1624140001000.0,0.0,0.0,0.1,8.344,0.0,0.0,8.246,1.0,1.0,1201.2191833199854,1050.0,1201.2093833199854,1050.0,0.0006946276013456982,0.0
1199,1624143601000.0,0.0,0.0,0.2,8.244,0.0,0.0,8.131,1.0,1.0,1201.2191018799854,1050.0,1201.1965018799854,1050.0,0.0013726055449996772,0.0
1200,1624147201000.0,0.0,0.0,0.2,8.244,0.0,0.0,8.07,1.0,1.0,1201.2191018799854,1050.0,1201.1843018799855,1050.0,0.0013726055449996772,0.0
1201,1624150801000.0,0.0,0.0,0.5,8.124600000000001,0.0,0.0,8.042,1.0,1.0,1201.2188605299855,1050.0,1201.1775605299854,1050.0,0.0033818150326141963,0.0
1202,1624154401000.0,0.0,0.0,0.5,8.124600000000001,0.0,0.0,8.118,1.0,1.0,1201.2188605299855,1050.0,1201.2155605299854,1050.0,0.0033818150326141963,0.0
1203,1624158001000.0,0.0,0.0,0.4,8.124600000000001,0.0,0.0,8.195,1.0,1.0,1201.2241187499853,1050.0,1201.2522787499854,1050.0,0.002705440183287229,0.0
1204,1624161601000.0,0.0,0.0,0.1,8.223,0.0,0.0,8.163,1.0,1.0,1201.2494689599848,1050.0,1201.2434689599847,1050.0,0.0006845372433021171,0.0
1205,1624165201000.0,0.0,0.0,0.1,8.511,0.0,0.0,8.438,1.0,1.0,1201.2706983699845,1050.0,1201.2633983699845,1050.0,0.0007084997587595082,0.0
1206,1624168801000.0,0.0,0.0,0.1,8.511,0.0,0.0,8.397,1.0,1.0,1201.2706983699845,1050.0,1201.2592983699844,1050.0,0.0007084997587595082,0.0
1207,1624172401000.0,0.0,0.0,0.2,8.408999999999999,0.0,0.0,8.306,1.0,1.0,1201.2706152999845,1050.0,1201.2500152999844,1050.0,0.0014000175968509948,0.0
1208,1624176001000.0,0.0,0.0,0.2,8.408999999999999,0.0,0.0,8.355,1.0,1.0,1201.2706152999845,1050.0,1201.2598152999844,1050.0,0.0014000175968509948,0.0
1209,1624179601000.0,0.0,0.0,0.2,8.408999999999999,0.0,0.0,8.266,1.0,1.0,1201.2706152999845,1050.0,1201.2420152999844,1050.0,0.0014000175968509948,0.0
1210,1624183201000.0,0.0,0.0,0.5,8.287199999999999,0.0,0.0,8.162,1.0,1.0,1201.2703691199845,1050.0,1201.2077691199845,1050.0,0.003449348378613117,0.0
1211,1624186801000.0,0.0,0.0,2.8,8.051392857142858,0.0,0.0,7.884,1.0,1.0,1201.2685290899844,1050.0,1200.7998290899845,1050.0,0.018766744865178504,0.0
1212,1624190401000.0,0.0,0.0,6.5,7.927646153846153,0.0,0.0,7.85,1.0,1.0,1201.2656305099845,1050.0,1200.7609305099845,1050.0,0.04289617441075344,0.0
1213,1624194001000.0,0.0,0.0,6.5,7.927646153846153,0.0,0.0,7.87,1.0,1.0,1201.2656305099845,1050.0,1200.8909305099844,1050.0,0.04289617441075344,0.0
1214,1624197601000.0,0.0,0.0,6.5,7.927646153846153,0.0,0.0,7.863,1.0,1.0,1201.2656305099845,1050.0,1200.8454305099845,1050.0,0.04289617441075344,0.0
1215,1624201201000.0,0.0,0.0,1.7,7.927646153846153,0.0,0.0,8.046,1.0,1.0,1201.5474951315227,1050.0,1201.7486966699844,1050.0,0.011216367655997862,0.0
1216,1624204801000.0,0.0,0.0,0.1,8.113,0.0,0.0,8.088,1.0,1.0,1201.802742169983,1050.0,1201.800242169983,1050.0,0.0006750691869242296,0.0
1217,1624208401000.0,0.0,0.0,0.1,8.174,0.0,0.0,8.118,1.0,1.0,1201.807878769983,1050.0,1201.802278769983,1050.0,0.000680141988115926,0.0
1218,1624212001000.0,0.0,0.0,0.1,8.23,0.0,0.0,8.17,1.0,1.0,1201.813114189983,1050.0,1201.807114189983,1050.0,0.0006847986515396768,0.0
1219,1624215601000.0,0.0,0.0,0.1,8.288,0.0,0.0,8.309,1.0,1.0,1201.818348469983,1050.0,1201.820448469983,1050.0,0.0006896216895466216,0.0
1220,1624219201000.0,0.0,0.0,0.1,8.524,0.0,0.0,8.501,1.0,1.0,1201.8397738199828,1050.0,1201.8374738199827,1050.0,0.000709245956547679,0.0
1221,1624222801000.0,0.0,0.0,0.1,8.593,0.0,0.0,8.601,1.0,1.0,1201.8452020899826,1050.0,1201.8460020899827,1050.0,0.000714983925139191,0.0
1222,1624226401000.0,0.0,0.0,0.1,8.593,0.0,0.0,8.565,1.0,1.0,1201.8452020899826,1050.0,1201.8424020899827,1050.0,0.000714983925139191,0.0
1223,1624230001000.0,0.0,0.0,0.1,8.593,0.0,0.0,8.569,1.0,1.0,1201.8452020899826,1050.0,1201.8428020899826,1050.0,0.000714983925139191,0.0
1224,1624233601000.0,0.0,0.0,0.1,8.593,0.0,0.0,8.468,1.0,1.0,1201.8452020899826,1050.0,1201.8327020899826,1050.0,0.000714983925139191,0.0
1225,1624237201000.0,0.0,0.0,0.2,8.49,0.0,0.0,8.395,1.0,1.0,1201.8451182199826,1050.0,1201.8261182199826,1050.0,0.0014128276383190356,0.0
1226,1624240801000.0,0.0,0.0,0.5,8.367,0.0,0.0,8.231,1.0,1.0,1201.8448696699827,1050.0,1201.7768696699827,1050.0,0.0034808984966160877,0.0
1227,1624244401000.0,0.0,0.0,1.2,8.247416666666668,0.0,0.0,8.169,1.0,1.0,1201.8442983299826,1050.0,1201.7501983299826,1050.0,0.008234760537410872,0.0
1228,1624248001000.0,0.0,0.0,2.8,8.12832142857143,0.0,0.0,8.017,1.0,1.0,1201.8430120899827,1050.0,1201.5313120899827,1050.0,0.01893699906814119,0.0
1229,1624251601000.0,0.0,0.0,15.2,7.861256578947369,0.0,0.0,7.893,1.0,1.0,1201.8333389099828,1050.0,1202.3158389099829,1050.0,0.09942401839873563,0.0
1230,1624255201000.0,0.0,0.0,2.1,7.861256578947369,0.0,0.0,7.948,1.0,1.0,1202.5266091157719,1050.0,1202.7087702999825,1050.0,0.013728293985883953,0.0
1231,1624258801000.0,0.0,0.0,2.3,7.534480263157896,0.0,0.0,7.522,1.0,1.0,1202.7565296352464,1050.0,1202.7278250299833,1050.0,0.014407990460478751,0.0
1232,1624262401000.0,0.0,0.0,0.1,7.589,0.0,0.0,7.564,1.0,1.0,1202.9341982599838,1050.0,1202.9316982599837,1050.0,0.0006308740753216022,0.0
1233,1624266001000.0,0.0,0.0,0.1,7.64,0.0,0.0,7.47,1.0,1.0,1202.939045469984,1050.0,1202.922045469984,1050.0,0.0006351111495441632,0.0
1234,1624269601000.0,0.0,0.0,0.1,7.499,0.0,0.0,7.415,1.0,1.0,1202.9965994799845,1050.0,1202.9881994799846,1050.0,0.0006233600330409553,0.0
1235,1624273201000.0,0.0,0.0,2.8,7.09525,0.0,0.0,6.999,1.0,1.0,1202.9946877999846,1050.0,1202.7251877999845,1050.0,0.016514370513415873,0.0
1236,1624276801000.0,0.0,0.0,0.1,7.127,0.0,0.0,7.141,1.0,1.0,1203.4112762999832,1050.0,1203.4126762999833,1050.0,0.000592233107696375,0.0
1237,1624280401000.0,0.0,0.0,0.2,7.0565,0.0,0.0,6.962,1.0,1.0,1203.424878809983,1050.0,1203.405978809983,1050.0,0.0011727362670078552,0.0
1238,1624284001000.0,0.0,0.0,0.1,7.249,0.0,0.0,7.256,1.0,1.0,1203.4728779499826,1050.0,1203.4735779499827,1050.0,0.0006023401218935717,0.0
1239,1624287601000.0,0.0,0.0,0.1,7.268,0.0,0.0,7.215,1.0,1.0,1203.4866456399825,1050.0,1203.4813456399825,1050.0,0.0006039119774474165,0.0
1240,1624291201000.0,0.0,0.0,0.2,7.181,0.0,0.0,7.102,1.0,1.0,1203.4865746999826,1050.0,1203.4707746999827,1050.0,0.0011933660334831992,0.0
1241,1624294801000.0,0.0,0.0,1.2,6.976750000000001,0.0,0.0,6.857,1.0,1.0,1203.4858811099828,1050.0,1203.3421811099827,1050.0,0.006956541934898613,0.0
1242,1624298401000.0,0.0,0.0,1.2,6.976750000000001,0.0,0.0,6.883,1.0,1.0,1203.4858811099828,1050.0,1203.3733811099828,1050.0,0.006956541934898613,0.0
1243,1624302001000.0,0.0,0.0,0.2,6.976750000000001,0.0,0.0,7.083,1.0,1.0,1203.5691250399834,1050.0,1203.5903750399834,1050.0,0.0011593434651737562,0.0
1244,1624305601000.0,0.0,0.0,0.2,6.9465,0.0,0.0,6.977,1.0,1.0,1203.5780956499837,1050.0,1203.5841956499837,1050.0,0.0011543081458704337,0.0
1245,1624309201000.0,0.0,0.0,0.1,7.036,0.0,0.0,6.968,1.0,1.0,1203.5907850699837,1050.0,1203.5839850699836,1050.0,0.000584584070207125,0.0
1246,1624312801000.0,0.0,0.0,1.2,6.753583333333333,0.0,0.0,6.594,1.0,1.0,1203.5900449999835,1050.0,1203.3985449999836,1050.0,0.006733438876191529,0.0
1247,1624316401000.0,0.0,0.0,6.5,6.556923076923077,0.0,0.0,6.474,1.0,1.0,1203.5865934299836,1050.0,1203.0475934299836,1050.0,0.03541082979209783,0.0
1248,1624320001000.0,0.0,0.0,0.5,6.611599999999999,0.0,0.0,6.535,1.0,1.0,1204.2660643499837,1050.0,1204.2277643499838,1050.0,0.002745074446471547,0.0
1249,1624323601000.0,0.0,0.0,0.1,6.518,0.0,0.0,6.51,1.0,1.0,1204.4269859299825,1050.0,1204.4261859299825,1050.0,0.0005411702059271955,0.0
1250,1624327201000.0,0.0,0.0,0.1,6.771,0.0,0.0,6.739,1.0,1.0,1204.4481195399826,1050.0,1204.4449195399825,1050.0,0.0005621661813533374,0.0
1251,1624330801000.0,0.0,0.0,0.1,6.819,0.0,0.0,6.841,1.0,1.0,1204.4524831899826,1050.0,1204.4546831899825,1050.0,0.000566149357917378,0.0
1252,1624334401000.0,0.0,0.0,0.1,6.963,0.0,0.0,6.919,1.0,1.0,1204.4656683499823,1050.0,1204.4612683499822,1050.0,0.0005780986692247302,0.0
1253,1624338001000.0,0.0,0.0,0.1,6.963,0.0,0.0,6.872,1.0,1.0,1204.4656683499823,1050.0,1204.4565683499823,1050.0,0.0005780986692247302,0.0
1254,1624341601000.0,0.0,0.0,0.5,6.780200000000001,0.0,0.0,6.708,1.0,1.0,1204.4653989699823,1050.0,1204.4292989699823,1050.0,0.0028146097039392732,0.0
1255,1624345201000.0,0.0,0.0,0.1,6.828,0.0,0.0,6.854,1.0,1.0,1204.487389439983,1050.0,1204.489989439983,1050.0,0.0005668801566427878,0.0
1256,1624348801000.0,0.0,0.0,0.2,6.7965,0.0,0.0,6.79,1.0,1.0,1204.491684779983,1050.0,1204.490384779983,1050.0,0.0011285258480205243,0.0
1257,1624352401000.0,0.0,0.0,2.8,6.508750000000001,0.0,0.0,6.436,1.0,1.0,1204.489998259983,1050.0,1204.286298259983,1050.0,0.015130470179351659,0.0
1258,1624356001000.0,0.0,0.0,15.2,6.302243421052632,0.0,0.0,6.341,1.0,1.0,1204.482241299983,1050.0,1205.0713412999828,1050.0,0.07953135107796243,0.0
1259,1624359601000.0,0.0,0.0,1.0,6.302243421052632,0.0,0.0,6.295,1.0,1.0,1205.1749653610357,1050.0,1205.167721939983,1050.0,0.00522931823360989,0.0
1260,1624363201000.0,0.0,0.0,2.3,6.213931922196798,0.0,0.0,6.094,1.0,1.0,1205.1741663810358,1050.0,1204.898322959983,1050.0,0.01185890290361067,0.0
1261,1624366801000.0,0.0,0.0,5.2,5.743199961571918,0.0,0.0,5.826,1.0,1.0,1210.3249853301575,1050.0,1210.7555455299835,1050.0,0.024674893241196184,0.0
1262,1624370401000.0,0.0,0.0,0.2,5.688233333333333,0.0,0.0,5.652,1.0,1.0,1210.9865570266502,1050.0,1210.9793103599836,1050.0,0.0009394378988483111,0.0
1263,1624374001000.0,0.0,0.0,0.1,6.131,0.0,0.0,6.073,1.0,1.0,1211.038339219983,1050.0,1211.0325392199832,1050.0,0.0005062597773699644,0.0
1264,1624377601000.0,0.0,0.0,0.2,6.2895,0.0,0.0,6.304,1.0,1.0,1211.0582503399835,1050.0,1211.0611503399834,1050.0,0.0010386783622066624,0.0
1265,1624381201000.0,0.0,0.0,0.1,6.483,0.0,0.0,6.486,1.0,1.0,1211.0986538299837,1050.0,1211.0989538299837,1050.0,0.0005352990839762006,0.0
1266,1624384801000.0,0.0,0.0,0.1,6.577,0.0,0.0,6.539,1.0,1.0,1211.1069917499838,1050.0,1211.1031917499838,1050.0,0.0005430568929749627,0.0
1267,1624388401000.0,0.0,0.0,0.1,6.626,0.0,0.0,6.555,1.0,1.0,1211.1111592899838,1050.0,1211.1040592899838,1050.0,0.0005471008956671249,0.0
1268,1624392001000.0,0.0,0.0,0.5,6.452,0.0,0.0,6.366,1.0,1.0,1211.1109029499837,1050.0,1211.0679029499838,1050.0,0.002663670182592045,0.0
1269,1624395601000.0,0.0,0.0,0.1,6.626,0.0,0.0,6.634,1.0,1.0,1211.1403493999837,1050.0,1211.1411493999838,1050.0,0.0005470877098003229,0.0
1270,1624399201000.0,0.0,0.0,0.5,6.452,0.0,0.0,6.399,1.0,1.0,1211.1400930599837,1050.0,1211.1135930599837,1050.0,0.0026636059845475094,0.0
1271,1624402801000.0,0.0,0.0,0.2,6.4625,0.0,0.0,6.424,1.0,1.0,1211.1716380099842,1050.0,1211.1639380099841,1050.0,0.001067148502687565,0.0
1272,1624406401000.0,0.0,0.0,0.5,6.369200000000001,0.0,0.0,6.334,1.0,1.0,1211.1714487999843,1050.0,1211.1538487999844,1050.0,0.00262935524376443,0.0
1273,1624410001000.0,0.0,0.0,0.1,6.521,0.0,0.0,6.51,1.0,1.0,1211.409226889984,1050.0,1211.408126889984,1050.0,0.0005382986900918012,0.0
1274,1624413601000.0,0.0,0.0,0.1,6.763,0.0,0.0,6.75,1.0,1.0,1211.4303603099838,1050.0,1211.429060309984,1050.0,0.0005582656850592276,0.0
1275,1624417201000.0,0.0,0.0,0.1,6.903,0.0,0.0,6.803,1.0,1.0,1211.443448939984,1050.0,1211.433448939984,1050.0,0.0005698161153160011,0.0
1276,1624420801000.0,0.0,0.0,0.1,6.903,0.0,0.0,6.813,1.0,1.0,1211.443448939984,1050.0,1211.434448939984,1050.0,0.0005698161153160011,0.0
1277,1624424401000.0,0.0,0.0,0.1,6.903,0.0,0.0,6.806,1.0,1.0,1211.443448939984,1050.0,1211.4337489399838,1050.0,0.0005698161153160011,0.0
1278,1624428001000.0,0.0,0.0,0.1,6.999,0.0,0.0,7.014,1.0,1.0,1211.4523699999838,1050.0,1211.453869999984,1050.0,0.0005777362918527364,0.0
1279,1624431601000.0,0.0,0.0,0.1,6.999,0.0,0.0,6.871,1.0,1.0,1211.4523699999838,1050.0,1211.4395699999839,1050.0,0.0005777362918527364,0.0
1280,1624435201000.0,0.0,0.0,0.1,6.965,0.0,0.0,6.91,1.0,1.0,1211.4612928199838,1050.0,1211.4557928199838,1050.0,0.0005749255086629465,0.0
1281,1624438801000.0,0.0,0.0,0.2,6.8815,0.0,0.0,6.767,1.0,1.0,1211.4612248399837,1050.0,1211.4383248399838,1050.0,0.0011360660760576873,0.0
1282,1624442401000.0,0.0,0.0,0.2,6.8815,0.0,0.0,6.809,1.0,1.0,1211.4612248399837,1050.0,1211.4467248399837,1050.0,0.0011360660760576873,0.0
1283,1624446001000.0,0.0,0.0,0.1,6.929,0.0,0.0,6.972,1.0,1.0,1211.4701170099838,1050.0,1211.4744170099839,1050.0,0.0005719497247774786,0.0
1284,1624449601000.0,0.0,0.0,0.2,6.9415,0.0,0.0,6.866,1.0,1.0,1211.478968429984,1050.0,1211.463868429984,1050.0,0.0011459546852878241,0.0
1285,1624453201000.0,0.0,0.0,0.1,6.989,0.0,0.0,6.991,1.0,1.0,1211.487858799984,1050.0,1211.488058799984,1050.0,0.0005768939365948595,0.0
1286,1624456801000.0,0.0,0.0,0.2,7.008,0.0,0.0,6.871,1.0,1.0,1211.496707029984,1050.0,1211.469307029984,1050.0,0.0011569160624761907,0.0
1287,1624460401000.0,0.0,0.0,0.1,6.957,0.0,0.0,6.901,1.0,1.0,1211.518784689984,1050.0,1211.513184689984,1050.0,0.0005742378977458637,0.0
1288,1624464001000.0,0.0,0.0,0.5,6.7742,0.0,0.0,6.727,1.0,1.0,1211.518515549984,1050.0,1211.494915549984,1050.0,0.002795747614688649,0.0
1289,1624467601000.0,0.0,0.0,0.1,6.822,0.0,0.0,6.747,1.0,1.0,1211.5405063799838,1050.0,1211.5330063799838,1050.0,0.0005630847639080397,0.0
1290,1624471201000.0,0.0,0.0,0.2,6.74,0.0,0.0,6.663,1.0,1.0,1211.5404397999837,1050.0,1211.5250397999837,1050.0,0.001112633103871089,0.0
1291,1624474801000.0,0.0,0.0,0.5,6.6428,0.0,0.0,6.546,1.0,1.0,1211.5402424599836,1050.0,1211.4918424599837,1050.0,0.002741468986004156,0.0
1292,1624478401000.0,0.0,0.0,1.2,6.548416666666666,0.0,0.0,6.426,1.0,1.0,1211.5397887899835,1050.0,1211.3928887899835,1050.0,0.006486043688130308,0.0
1293,1624482001000.0,0.0,0.0,1.2,6.548416666666666,0.0,0.0,6.447,1.0,1.0,1211.5397887899835,1050.0,1211.4180887899836,1050.0,0.006486043688130308,0.0
1294,1624485601000.0,0.0,0.0,0.9,6.548416666666666,0.0,0.0,6.566,1.0,1.0,1211.5526660299836,1050.0,1211.5684910299835,1050.0,0.004864481062397452,0.0
1295,1624489201000.0,0.0,0.0,0.9,6.548416666666666,0.0,0.0,6.552,1.0,1.0,1211.5526660299836,1050.0,1211.5558910299835,1050.0,0.004864481062397452,0.0
1296,1624492801000.0,0.0,0.0,0.1,6.628,0.0,0.0,6.647,1.0,1.0,1211.6157290199844,1050.0,1211.6176290199844,1050.0,0.0005470381277866918,0.0
1297,1624496401000.0,0.0,0.0,0.2,6.6175,0.0,0.0,6.506,1.0,1.0,1211.6199299499847,1050.0,1211.5976299499846,1050.0,0.0010923392454056395,0.0
1298,1624500001000.0,0.0,0.0,1.2,6.429166666666667,0.0,0.0,6.354,1.0,1.0,1211.6192907999846,1050.0,1211.5290907999845,1050.0,0.0063675116916519945,0.0
1299,1624503601000.0,0.0,0.0,1.2,6.429166666666667,0.0,0.0,6.317,1.0,1.0,1211.6192907999846,1050.0,1211.4846907999845,1050.0,0.0063675116916519945,0.0
1300,1624507201000.0,0.0,0.0,1.0,6.429166666666667,0.0,0.0,6.41,1.0,1.0,1211.6277280266515,1050.0,1211.6085613599848,1050.0,0.0053062227926540554,0.0
1301,1624510801000.0,0.0,0.0,0.3,6.429166666666667,0.0,0.0,6.406,1.0,1.0,1211.6572583199859,1050.0,1211.650308319986,1050.0,0.001591828041103219,0.0
1302,1624514401000.0,0.0,0.0,0.1,6.608,0.0,0.0,6.611,1.0,1.0,1211.6816855099864,1050.0,1211.6819855099864,1050.0,0.0005453577518767852,0.0
1303,1624518001000.0,0.0,0.0,0.1,6.608,0.0,0.0,6.598,1.0,1.0,1211.6816855099864,1050.0,1211.6806855099865,1050.0,0.0005453577518767852,0.0
1304,1624521601000.0,0.0,0.0,0.1,6.608,0.0,0.0,6.522,1.0,1.0,1211.6816855099864,1050.0,1211.6730855099865,1050.0,0.0005453577518767852,0.0
1305,1624525201000.0,0.0,0.0,0.1,6.608,0.0,0.0,6.635,1.0,1.0,1211.6816855099864,1050.0,1211.6843855099864,1050.0,0.0005453577518767852,0.0
1306,1624528801000.0,0.0,0.0,0.1,6.666,0.0,0.0,6.606,1.0,1.0,1211.6859523299865,1050.0,1211.6799523299865,1050.0,0.0005501425503185668,0.0
1307,1624532401000.0,0.0,0.0,0.1,6.666,0.0,0.0,6.578,1.0,1.0,1211.6859523299865,1050.0,1211.6771523299865,1050.0,0.0005501425503185668,0.0
1308,1624536001000.0,0.0,0.0,0.1,6.666,0.0,0.0,6.633,1.0,1.0,1211.6859523299865,1050.0,1211.6826523299865,1050.0,0.0005501425503185668,0.0
1309,1624539601000.0,0.0,0.0,0.1,6.666,0.0,0.0,6.67,1.0,1.0,1211.6859523299865,1050.0,1211.6863523299864,1050.0,0.0005501425503185668,0.0
1310,1624543201000.0,0.0,0.0,0.1,6.666,0.0,0.0,6.641,1.0,1.0,1211.6859523299865,1050.0,1211.6834523299865,1050.0,0.0005501425503185668,0.0
1311,1624546801000.0,0.0,0.0,0.1,6.666,0.0,0.0,6.628,1.0,1.0,1211.6859523299865,1050.0,1211.6821523299866,1050.0,0.0005501425503185668,0.0
1312,1624550401000.0,0.0,0.0,0.1,6.757,0.0,0.0,6.654,1.0,1.0,1211.6944829799866,1050.0,1211.6841829799866,1050.0,0.0005576488211270996,0.0
1313,1624554001000.0,0.0,0.0,0.1,6.757,0.0,0.0,6.792,1.0,1.0,1211.6944829799866,1050.0,1211.6979829799866,1050.0,0.0005576488211270996,0.0
1314,1624557601000.0,0.0,0.0,0.1,6.856,0.0,0.0,6.877,1.0,1.0,1211.7032097499866,1050.0,1211.7053097499866,1050.0,0.0005658151224518596,0.0
1315,1624561201000.0,0.0,0.0,0.1,6.913,0.0,0.0,6.825,1.0,1.0,1211.7075716099866,1050.0,1211.6987716099866,1050.0,0.000570517190943583,0.0
1316,1624564801000.0,0.0,0.0,0.2,6.83,0.0,0.0,6.794,1.0,1.0,1211.7075041399867,1050.0,1211.7003041399867,1050.0,0.0011273347695981491,0.0
1317,1624568401000.0,0.0,0.0,0.2,6.83,0.0,0.0,6.755,1.0,1.0,1211.7075041399867,1050.0,1211.6925041399866,1050.0,0.0011273347695981491,0.0
1318,1624572001000.0,0.0,0.0,0.5,6.7316,0.0,0.0,6.662,1.0,1.0,1211.7073041599867,1050.0,1211.6725041599868,1050.0,0.0027777335239662793,0.0
1319,1624575601000.0,0.0,0.0,1.2,6.636166666666667,0.0,0.0,6.585,1.0,1.0,1211.7068443999867,1050.0,1211.6454443999867,1050.0,0.006572051678014015,0.0
1320,1624579201000.0,0.0,0.0,1.2,6.636166666666667,0.0,0.0,6.607,1.0,1.0,1211.7068443999867,1050.0,1211.6718443999866,1050.0,0.006572051678014015,0.0
1321,1624582801000.0,0.0,0.0,0.1,6.689,0.0,0.0,6.534,1.0,1.0,1211.7585759099875,1050.0,1211.7430759099875,1050.0,0.0005520076468183276,0.0
1322,1624586401000.0,0.0,0.0,0.1,6.594,0.0,0.0,6.597,1.0,1.0,1211.7936219299872,1050.0,1211.7939219299872,1050.0,0.0005441520635748136,0.0
1323,1624590001000.0,0.0,0.0,0.1,6.687,0.0,0.0,6.643,1.0,1.0,1211.8021553999874,1050.0,1211.7977553999874,1050.0,0.0005518227517752499,0.0
1324,1624593601000.0,0.0,0.0,0.1,6.687,0.0,0.0,6.65,1.0,1.0,1211.8021553999874,1050.0,1211.7984553999875,1050.0,0.0005518227517752499,0.0
1325,1624597201000.0,0.0,0.0,0.2,6.607,0.0,0.0,6.514,1.0,1.0,1211.8020901299874,1050.0,1211.7834901299873,1050.0,0.0010904420868413063,0.0
1326,1624600801000.0,0.0,0.0,0.1,6.563,0.0,0.0,6.57,1.0,1.0,1211.8232033099869,1050.0,1211.823903309987,1050.0,0.0005415806515400722,0.0
1327,1624604401000.0,0.0,0.0,0.1,6.659,0.0,0.0,6.669,1.0,1.0,1211.831638079987,1050.0,1211.832638079987,1050.0,0.0005494987744791387,0.0
1328,1624608001000.0,0.0,0.0,0.2,6.6235,0.0,0.0,6.575,1.0,1.0,1211.835838579987,1050.0,1211.826138579987,1050.0,0.0010931348602070275,0.0
1329,1624611601000.0,0.0,0.0,0.5,6.5278,0.0,0.0,6.542,1.0,1.0,1211.835644659987,1050.0,1211.8427446599871,1050.0,0.0026933520353048983,0.0
1330,1624615201000.0,0.0,0.0,0.2,6.5280000000000005,0.0,0.0,6.39,1.0,1.0,1211.8707841499868,1050.0,1211.8431841499869,1050.0,0.0010773425822916884,0.0
1331,1624618801000.0,0.0,0.0,0.5,6.4338,0.0,0.0,6.363,1.0,1.0,1211.8705930199867,1050.0,1211.8351930199867,1050.0,0.002654491344643879,0.0
1332,1624622401000.0,0.0,0.0,1.2,6.342333333333334,0.0,0.0,6.245,1.0,1.0,1211.8701536299866,1050.0,1211.7533536299866,1050.0,0.006280210777700004,0.0
1333,1624626001000.0,0.0,0.0,2.8,6.251857142857144,0.0,0.0,6.138,1.0,1.0,1211.8691641899866,1050.0,1211.5503641899866,1050.0,0.014444793643792793,0.0
1334,1624629601000.0,0.0,0.0,6.5,6.1585846153846155,0.0,0.0,6.119,1.0,1.0,1211.8669116299866,1050.0,1211.6096116299866,1050.0,0.03303234011576216,0.0
1335,1624633201000.0,0.0,0.0,15.2,6.055223684210526,0.0,0.0,5.946,1.0,1.0,1211.8617107699865,1050.0,1210.2015107699865,1050.0,0.07594876476584153,0.0
1336,1624636801000.0,0.0,0.0,15.2,6.055223684210526,0.0,0.0,5.931,1.0,1.0,1211.8617107699865,1050.0,1209.9735107699864,1050.0,0.07594876476584153,0.0
1337,1624640401000.0,0.0,0.0,61.8,5.889161812297735,0.0,0.0,5.863,1.0,1.0,1211.8345196899866,1050.0,1210.2177196899866,1050.0,0.30032994941677876,0.0
1338,1624644001000.0,0.0,0.0,15.6,5.790941291179156,0.0,0.0,5.723,1.0,1.0,1213.936752422381,1050.0,1212.8768682799862,1050.0,0.07441794966840422,0.0
1339,1624647601000.0,0.0,0.0,0.1,5.894,0.0,0.0,5.862,1.0,1.0,1214.652103019987,1050.0,1214.6489030199868,1050.0,0.00048524182235767433,0.0
1340,1624651201000.0,0.0,0.0,0.1,5.975,0.0,0.0,5.919,1.0,1.0,1214.6596648699867,1050.0,1214.6540648699868,1050.0,0.0004919073360882157,0.0
1341,1624654801000.0,0.0,0.0,0.1,5.975,0.0,0.0,5.961,1.0,1.0,1214.6596648699867,1050.0,1214.6582648699866,1050.0,0.0004919073360882157,0.0
1342,1624658401000.0,0.0,0.0,0.1,5.975,0.0,0.0,5.884,1.0,1.0,1214.6596648699867,1050.0,1214.6505648699867,1050.0,0.0004919073360882157,0.0
1343,1624662001000.0,0.0,0.0,0.5,5.818,0.0,0.0,5.744,1.0,1.0,1214.6594337199865,1050.0,1214.6224337199865,1050.0,0.002394909979903558,0.0
1344,1624665601000.0,0.0,0.0,0.1,5.895,0.0,0.0,5.805,1.0,1.0,1214.684481329986,1050.0,1214.675481329986,1050.0,0.0004853112137849517,0.0
1345,1624669201000.0,0.0,0.0,0.1,5.972,0.0,0.0,5.959,1.0,1.0,1214.7068771699855,1050.0,1214.7055771699856,1050.0,0.0004916412438458832,0.0
1346,1624672801000.0,0.0,0.0,0.1,5.886,0.0,0.0,5.898,1.0,1.0,1214.738093349986,1050.0,1214.739293349986,1050.0,0.000484548894302613,0.0
1347,1624676401000.0,0.0,0.0,0.1,5.898,0.0,0.0,5.897,1.0,1.0,1214.749440059986,1050.0,1214.749340059986,1050.0,0.000485532226276124,0.0
1348,1624680001000.0,0.0,0.0,0.1,5.938,0.0,0.0,5.916,1.0,1.0,1214.753221309986,1050.0,1214.751021309986,1050.0,0.0004888235648057372,0.0
1349,1624683601000.0,0.0,0.0,0.1,5.98,0.0,0.0,5.973,1.0,1.0,1214.757001739986,1050.0,1214.756301739986,1050.0,0.0004922795251588924,0.0
1350,1624687201000.0,0.0,0.0,0.1,5.98,0.0,0.0,5.97,1.0,1.0,1214.757001739986,1050.0,1214.756001739986,1050.0,0.0004922795251588924,0.0
1351,1624690801000.0,0.0,0.0,0.1,5.98,0.0,0.0,5.85,1.0,1.0,1214.757001739986,1050.0,1214.744001739986,1050.0,0.0004922795251588924,0.0
1352,1624694401000.0,0.0,0.0,1.2,5.740166666666667,0.0,0.0,5.659,1.0,1.0,1214.756372719986,1050.0,1214.658972719986,1050.0,0.005670437426540508,0.0
1353,1624698001000.0,0.0,0.0,1.2,5.740166666666667,0.0,0.0,5.645,1.0,1.0,1214.756372719986,1050.0,1214.642172719986,1050.0,0.005670437426540508,0.0
1354,1624701601000.0,0.0,0.0,0.8,5.740166666666667,0.0,0.0,5.744,1.0,1.0,1214.7712749333198,1050.0,1214.7743415999864,1050.0,0.003780245242945345,0.0
1355,1624705201000.0,0.0,0.0,0.1,5.813,0.0,0.0,5.82,1.0,1.0,1214.8083895899872,1050.0,1214.8090895899873,1050.0,0.00047851167721701027,0.0
1356,1624708801000.0,0.0,0.0,0.1,5.907,0.0,0.0,5.883,1.0,1.0,1214.8158544799874,1050.0,1214.8134544799873,1050.0,0.0004862465350790588,0.0
1357,1624712401000.0,0.0,0.0,0.1,5.907,0.0,0.0,5.775,1.0,1.0,1214.8158544799874,1050.0,1214.8026544799873,1050.0,0.0004862465350790588,0.0
1358,1624716001000.0,0.0,0.0,1.6,5.6533125,0.0,0.0,5.592,1.0,1.0,1214.8150090199874,1050.0,1214.7169090199875,1050.0,0.007445825029192719,0.0
1359,1624719601000.0,0.0,0.0,0.4,5.6533125,0.0,0.0,5.704,1.0,1.0,1214.886548399987,1050.0,1214.9068233999872,1050.0,0.0018613466442427722,0.0
1360,1624723201000.0,0.0,0.0,0.2,5.7336445312499995,0.0,0.0,5.754,1.0,1.0,1214.911580386237,1050.0,1214.915651479987,1050.0,0.0009438784885772833,0.0
1361,1624726801000.0,0.0,0.0,0.2,5.7102572265625,0.0,0.0,5.736,1.0,1.0,1214.9332218452994,1050.0,1214.938370399987,1050.0,0.0009400117016949268,0.0
1362,1624730401000.0,0.0,0.0,0.1,5.825,0.0,0.0,5.813,1.0,1.0,1214.9480658799866,1050.0,1214.9468658799867,1050.0,0.00047944436174569767,0.0
1363,1624734001000.0,0.0,0.0,0.1,5.825,0.0,0.0,5.757,1.0,1.0,1214.9480658799866,1050.0,1214.9412658799865,1050.0,0.00047944436174569767,0.0
1364,1624737601000.0,0.0,0.0,0.2,5.795,0.0,0.0,5.762,1.0,1.0,1214.9480082299867,1050.0,1214.9414082299868,1050.0,0.0009539502860608041,0.0
1365,1624741201000.0,0.0,0.0,0.5,5.7116,0.0,0.0,5.662,1.0,1.0,1214.9478385499867,1050.0,1214.9230385499868,1050.0,0.0023505535870645554,0.0
1366,1624744801000.0,0.0,0.0,0.5,5.7116,0.0,0.0,5.71,1.0,1.0,1214.9478385499867,1050.0,1214.9470385499867,1050.0,0.0023505535870645554,0.0
1367,1624748401000.0,0.0,0.0,0.1,5.819,0.0,0.0,5.85,1.0,1.0,1214.973661559987,1050.0,1214.976761559987,1050.0,0.00047894042349268636,0.0
1368,1624752001000.0,0.0,0.0,0.1,5.949,0.0,0.0,5.952,1.0,1.0,1214.984907379987,1050.0,1214.9852073799868,1050.0,0.0004896357118401182,0.0
1369,1624755601000.0,0.0,0.0,0.1,6.033,0.0,0.0,6.016,1.0,1.0,1214.9925669299867,1050.0,1214.9908669299866,1050.0,0.0004965462476238877,0.0
1370,1624759201000.0,0.0,0.0,0.1,6.077,0.0,0.0,6.059,1.0,1.0,1214.9964454299866,1050.0,1214.9946454299866,1050.0,0.0005001660723253683,0.0
1371,1624762801000.0,0.0,0.0,0.1,6.162,0.0,0.0,6.152,1.0,1.0,1215.0041998399865,1050.0,1215.0031998399866,1050.0,0.0005071587407526264,0.0
1372,1624766401000.0,0.0,0.0,0.1,6.162,0.0,0.0,6.183,1.0,1.0,1215.0041998399865,1050.0,1215.0062998399865,1050.0,0.0005071587407526264,0.0
1373,1624770001000.0,0.0,0.0,0.1,6.212,0.0,0.0,6.195,1.0,1.0,1215.0081756899867,1050.0,1215.0064756899867,1050.0,0.0005112722798323796,0.0
1374,1624773601000.0,0.0,0.0,0.1,6.212,0.0,0.0,6.13,1.0,1.0,1215.0081756899867,1050.0,1214.9999756899867,1050.0,0.0005112722798323796,0.0
1375,1624777201000.0,0.0,0.0,0.2,6.137499999999999,0.0,0.0,6.067,1.0,1.0,1215.0081150599867,1050.0,1214.9940150599866,1050.0,0.0010102813181123457,0.0
1376,1624780801000.0,0.0,0.0,0.2,6.137499999999999,0.0,0.0,6.1,1.0,1.0,1215.0081150599867,1050.0,1215.0006150599868,1050.0,0.0010102813181123457,0.0
1377,1624784401000.0,0.0,0.0,0.2,6.137499999999999,0.0,0.0,6.052,1.0,1.0,1215.0081150599867,1050.0,1214.9910150599867,1050.0,0.0010102813181123457,0.0
1378,1624788001000.0,0.0,0.0,0.5,6.0489999999999995,0.0,0.0,5.973,1.0,1.0,1215.0079353599867,1050.0,1214.9699353599867,1050.0,0.0024892841536083388,0.0
1379,1624791601000.0,0.0,0.0,0.5,6.0489999999999995,0.0,0.0,5.937,1.0,1.0,1215.0079353599867,1050.0,1214.9519353599867,1050.0,0.0024892841536083388,0.0
1380,1624795201000.0,0.0,0.0,0.5,6.0489999999999995,0.0,0.0,6.0,1.0,1.0,1215.0079353599867,1050.0,1214.9834353599867,1050.0,0.0024892841536083388,0.0
1381,1624798801000.0,0.0,0.0,0.5,6.0489999999999995,0.0,0.0,6.052,1.0,1.0,1215.0079353599867,1050.0,1215.0094353599868,1050.0,0.0024892841536083388,0.0
1382,1624802401000.0,0.0,0.0,0.5,6.0489999999999995,0.0,0.0,5.972,1.0,1.0,1215.0079353599867,1050.0,1214.9694353599866,1050.0,0.0024892841536083388,0.0
1383,1624806001000.0,0.0,0.0,1.2,5.96325,0.0,0.0,5.951,1.0,1.0,1215.0075222199866,1050.0,1214.9928222199867,1050.0,0.005889593166407054,0.0
1384,1624809601000.0,0.0,0.0,1.2,5.96325,0.0,0.0,5.947,1.0,1.0,1215.0075222199866,1050.0,1214.9880222199865,1050.0,0.005889593166407054,0.0
1385,1624813201000.0,0.0,0.0,1.2,5.96325,0.0,0.0,5.904,1.0,1.0,1215.0075222199866,1050.0,1214.9364222199868,1050.0,0.005889593166407054,0.0
1386,1624816801000.0,0.0,0.0,1.2,5.96325,0.0,0.0,5.911,1.0,1.0,1215.0075222199866,1050.0,1214.9448222199867,1050.0,0.005889593166407054,0.0
1387,1624820401000.0,0.0,0.0,1.2,5.96325,0.0,0.0,5.851,1.0,1.0,1215.0075222199866,1050.0,1214.8728222199866,1050.0,0.005889593166407054,0.0
1388,1624824001000.0,0.0,0.0,2.8,5.878535714285715,0.0,0.0,5.888,1.0,1.0,1215.0065918199866,1050.0,1215.0330918199866,1050.0,0.013547169299998886,0.0
1389,1624827601000.0,0.0,0.0,2.2,5.878535714285715,0.0,0.0,5.828,1.0,1.0,1215.0293153714151,1050.0,1214.9181367999865,1050.0,0.01064400538144648,0.0
1390,1624831201000.0,0.0,0.0,1.8,5.878535714285715,0.0,0.0,5.916,1.0,1.0,1215.044464405701,1050.0,1215.1119001199868,1050.0,0.008708623096266533,0.0
1391,1624834801000.0,0.0,0.0,0.1,6.272,0.0,0.0,6.221,1.0,1.0,1215.2122483899864,1050.0,1215.2071483899863,1050.0,0.0005161238300806847,0.0
1392,1624838401000.0,0.0,0.0,0.1,6.38,0.0,0.0,6.403,1.0,1.0,1215.2202944999867,1050.0,1215.2225944999868,1050.0,0.0005250076902826173,0.0
1393,1624842001000.0,0.0,0.0,0.1,6.425,0.0,0.0,6.383,1.0,1.0,1215.2243660299869,1050.0,1215.2201660299868,1050.0,0.0005287089511700474,0.0
1394,1624845601000.0,0.0,0.0,0.1,6.425,0.0,0.0,6.332,1.0,1.0,1215.2243660299869,1050.0,1215.215066029987,1050.0,0.0005287089511700474,0.0
1395,1624849201000.0,0.0,0.0,0.1,6.425,0.0,0.0,6.373,1.0,1.0,1215.2243660299869,1050.0,1215.2191660299868,1050.0,0.0005287089511700474,0.0
1396,1624852801000.0,0.0,0.0,0.1,6.425,0.0,0.0,6.388,1.0,1.0,1215.2243660299869,1050.0,1215.220666029987,1050.0,0.0005287089511700474,0.0
1397,1624856401000.0,0.0,0.0,0.1,6.425,0.0,0.0,6.346,1.0,1.0,1215.2243660299869,1050.0,1215.2164660299868,1050.0,0.0005287089511700474,0.0
1398,1624860001000.0,0.0,0.0,0.1,6.425,0.0,0.0,6.378,1.0,1.0,1215.2243660299869,1050.0,1215.219666029987,1050.0,0.0005287089511700474,0.0
1399,1624863601000.0,0.0,0.0,0.1,6.425,0.0,0.0,6.416,1.0,1.0,1215.2243660299869,1050.0,1215.2234660299869,1050.0,0.0005287089511700474,0.0
1400,1624867201000.0,0.0,0.0,0.1,6.572,0.0,0.0,6.56,1.0,1.0,1215.236775059987,1050.0,1215.235575059987,1050.0,0.0005407999605406602,0.0
1401,1624870801000.0,0.0,0.0,0.1,6.617,0.0,0.0,6.626,1.0,1.0,1215.2409427399868,1050.0,1215.2418427399869,1050.0,0.0005445010752419798,0.0
1402,1624874401000.0,0.0,0.0,0.1,6.617,0.0,0.0,6.535,1.0,1.0,1215.2409427399868,1050.0,1215.2327427399869,1050.0,0.0005445010752419798,0.0
1403,1624878001000.0,0.0,0.0,0.2,6.5375,0.0,0.0,6.45,1.0,1.0,1215.2408781599868,1050.0,1215.2233781599869,1050.0,0.0010759183825182906,0.0
1404,1624881601000.0,0.0,0.0,0.2,6.5375,0.0,0.0,6.442,1.0,1.0,1215.2408781599868,1050.0,1215.2217781599868,1050.0,0.0010759183825182906,0.0
1405,1624885201000.0,0.0,0.0,0.2,6.5375,0.0,0.0,6.537,1.0,1.0,1215.2408781599868,1050.0,1215.2407781599868,1050.0,0.0010759183825182906,0.0
1406,1624888801000.0,0.0,0.0,0.2,6.5375,0.0,0.0,6.53,1.0,1.0,1215.2408781599868,1050.0,1215.2393781599867,1050.0,0.0010759183825182906,0.0
1407,1624892401000.0,0.0,0.0,0.1,6.633,0.0,0.0,6.651,1.0,1.0,1215.2536480499866,1050.0,1215.2554480499866,1050.0,0.0005458119801280503,0.0
1408,1624896001000.0,0.0,0.0,0.1,6.726,0.0,0.0,6.745,1.0,1.0,1215.2621799799867,1050.0,1215.2640799799867,1050.0,0.000553460817822107,0.0
1409,1624899601000.0,0.0,0.0,0.1,6.82,0.0,0.0,6.792,1.0,1.0,1215.2708081699868,1050.0,1215.2680081699868,1050.0,0.0005611917898587463,0.0
1410,1624903201000.0,0.0,0.0,0.2,6.7379999999999995,0.0,0.0,6.713,1.0,1.0,1215.2707416099868,1050.0,1215.2657416099867,1050.0,0.0011088887059147855,0.0
1411,1624906801000.0,0.0,0.0,0.2,6.7379999999999995,0.0,0.0,6.743,1.0,1.0,1215.2707416099868,1050.0,1215.2717416099867,1050.0,0.0011088887059147855,0.0
1412,1624910401000.0,0.0,0.0,0.1,6.991,0.0,0.0,6.951,1.0,1.0,1215.296885269987,1050.0,1215.292885269987,1050.0,0.0005752503840612494,0.0
1413,1624914001000.0,0.0,0.0,0.1,6.991,0.0,0.0,6.964,1.0,1.0,1215.296885269987,1050.0,1215.2941852699869,1050.0,0.0005752503840612494,0.0
1414,1624917601000.0,0.0,0.0,0.1,7.092,0.0,0.0,7.064,1.0,1.0,1215.3058026199867,1050.0,1215.3030026199867,1050.0,0.000583556828636125,0.0
1415,1624921201000.0,0.0,0.0,0.1,7.092,0.0,0.0,7.007,1.0,1.0,1215.3058026199867,1050.0,1215.2973026199868,1050.0,0.000583556828636125,0.0
1416,1624924801000.0,0.0,0.0,0.1,7.108,0.0,0.0,7.018,1.0,1.0,1215.3192795899868,1050.0,1215.3102795899867,1050.0,0.0005848668839021488,0.0
1417,1624928401000.0,0.0,0.0,0.1,7.159,0.0,0.0,7.162,1.0,1.0,1215.3238364499866,1050.0,1215.3241364499866,1050.0,0.0005890611033279613,0.0
1418,1624932001000.0,0.0,0.0,0.1,7.159,0.0,0.0,7.176,1.0,1.0,1215.3238364499866,1050.0,1215.3255364499867,1050.0,0.0005890611033279613,0.0
1419,1624935601000.0,0.0,0.0,0.2,7.1215,0.0,0.0,7.045,1.0,1.0,1215.3283219599864,1050.0,1215.3130219599864,1050.0,0.0011719466865570947,0.0
1420,1624939201000.0,0.0,0.0,0.2,7.1215,0.0,0.0,7.113,1.0,1.0,1215.3283219599864,1050.0,1215.3266219599864,1050.0,0.0011719466865570947,0.0
1421,1624942801000.0,0.0,0.0,0.1,7.169,0.0,0.0,7.122,1.0,1.0,1215.3374069099866,1050.0,1215.3327069099867,1050.0,0.0005898773426407806,0.0
1422,1624946401000.0,0.0,0.0,0.1,7.169,0.0,0.0,7.119,1.0,1.0,1215.3374069099866,1050.0,1215.3324069099865,1050.0,0.0005898773426407806,0.0
1423,1624950001000.0,0.0,0.0,0.1,7.271,0.0,0.0,7.217,1.0,1.0,1215.3466172199865,1050.0,1215.3412172199864,1050.0,0.0005982655398039338,0.0
1424,1624953601000.0,0.0,0.0,0.1,7.271,0.0,0.0,7.137,1.0,1.0,1215.3466172199865,1050.0,1215.3332172199864,1050.0,0.0005982655398039338,0.0
1425,1624957201000.0,0.0,0.0,0.1,7.32,0.0,0.0,7.321,1.0,1.0,1215.3512708299863,1050.0,1215.3513708299863,1050.0,0.0006022950052128579,0.0
1426,1624960801000.0,0.0,0.0,0.1,7.374,0.0,0.0,7.353,1.0,1.0,1215.3559234099862,1050.0,1215.3538234099863,1050.0,0.0006067358423950733,0.0
1427,1624964401000.0,0.0,0.0,0.1,7.374,0.0,0.0,7.327,1.0,1.0,1215.3559234099862,1050.0,1215.3512234099862,1050.0,0.0006067358423950733,0.0
1428,1624968001000.0,0.0,0.0,0.1,7.374,0.0,0.0,7.304,1.0,1.0,1215.3559234099862,1050.0,1215.3489234099861,1050.0,0.0006067358423950733,0.0
1429,1624971601000.0,0.0,0.0,0.1,7.374,0.0,0.0,7.303,1.0,1.0,1215.3559234099862,1050.0,1215.3488234099862,1050.0,0.0006067358423950733,0.0
1430,1624975201000.0,0.0,0.0,0.1,7.424,0.0,0.0,7.412,1.0,1.0,1215.360674939986,1050.0,1215.359474939986,1050.0,0.00061084747541026,0.0
1431,1624978801000.0,0.0,0.0,0.1,7.424,0.0,0.0,7.317,1.0,1.0,1215.360674939986,1050.0,1215.349974939986,1050.0,0.00061084747541026,0.0
1432,1624982401000.0,0.0,0.0,0.2,7.335000000000001,0.0,0.0,7.26,1.0,1.0,1215.360602479986,1050.0,1215.345602479986,1050.0,0.0012070491646730486,0.0
1433,1624986001000.0,0.0,0.0,0.1,7.387,0.0,0.0,7.359,1.0,1.0,1215.3699809499858,1050.0,1215.3671809499858,1050.0,0.0006077984577359728,0.0
1434,1624989601000.0,0.0,0.0,0.1,7.439,0.0,0.0,7.362,1.0,1.0,1215.3747321999856,1050.0,1215.3670321999855,1050.0,0.0006120745974810952,0.0
1435,1624993201000.0,0.0,0.0,0.2,7.35,0.0,0.0,7.292,1.0,1.0,1215.3746595899856,1050.0,1215.3630595899856,1050.0,0.0012095035785063297,0.0
1436,1624996801000.0,0.0,0.0,0.2,7.35,0.0,0.0,7.343,1.0,1.0,1215.3746595899856,1050.0,1215.3732595899855,1050.0,0.0012095035785063297,0.0
1437,1625000401000.0,0.0,0.0,0.5,7.2438,0.0,0.0,7.151,1.0,1.0,1215.3744443999856,1050.0,1215.3280443999856,1050.0,0.0029800692426012665,0.0
1438,1625004001000.0,0.0,0.0,0.1,7.293,0.0,0.0,7.284,1.0,1.0,1215.3981068699857,1050.0,1215.3972068699857,1050.0,0.0006000503011134073,0.0
1439,1625007601000.0,0.0,0.0,0.2,7.205500000000001,0.0,0.0,7.103,1.0,1.0,1215.3980356899856,1050.0,1215.3775356899855,1050.0,0.0011857020973231069,0.0
1440,1625011201000.0,0.0,0.0,0.1,7.255,0.0,0.0,7.2,1.0,1.0,1215.407318079986,1050.0,1215.401818079986,1050.0,0.0005969192296341389,0.0
1441,1625014801000.0,0.0,0.0,0.1,7.277,0.0,0.0,7.192,1.0,1.0,1215.4210853199859,1050.0,1215.412585319986,1050.0,0.0005987225405164147,0.0
1442,1625018401000.0,0.0,0.0,0.2,7.189500000000001,0.0,0.0,7.193,1.0,1.0,1215.421014299986,1050.0,1215.421714299986,1050.0,0.0011830468480324488,0.0
1443,1625022001000.0,0.0,0.0,0.1,7.24,0.0,0.0,7.232,1.0,1.0,1215.4302971599861,1050.0,1215.429497159986,1050.0,0.0005956738133743432,0.0
1444,1625025601000.0,0.0,0.0,0.5,7.0498,0.0,0.0,6.968,1.0,1.0,1215.4300170699862,1050.0,1215.3891170699862,1050.0,0.002900125840644786,0.0
1445,1625029201000.0,0.0,0.0,0.2,7.0120000000000005,0.0,0.0,6.906,1.0,1.0,1215.4526220299863,1050.0,1215.4314220299864,1050.0,0.001153808856537562,0.0
1446,1625032801000.0,0.0,0.0,0.2,7.0120000000000005,0.0,0.0,6.938,1.0,1.0,1215.4526220299863,1050.0,1215.4378220299864,1050.0,0.001153808856537562,0.0
1447,1625036401000.0,0.0,0.0,0.1,7.06,0.0,0.0,7.052,1.0,1.0,1215.461610269986,1050.0,1215.460810269986,1050.0,0.0005808492790185111,0.0
1448,1625040001000.0,0.0,0.0,0.1,7.167,0.0,0.0,7.182,1.0,1.0,1215.470724719986,1050.0,1215.4722247199861,1050.0,0.000589648097172484,0.0
1449,1625043601000.0,0.0,0.0,0.5,6.9784,0.0,0.0,6.843,1.0,1.0,1215.470447469986,1050.0,1215.402747469986,1050.0,0.002870658029788223,0.0
1450,1625047201000.0,0.0,0.0,1.2,6.879,0.0,0.0,6.814,1.0,1.0,1215.4699709099862,1050.0,1215.3919709099862,1050.0,0.006791447092534813,0.0
1451,1625050801000.0,0.0,0.0,1.2,6.879,0.0,0.0,6.854,1.0,1.0,1215.4699709099862,1050.0,1215.4399709099862,1050.0,0.006791447092534813,0.0
1452,1625054401000.0,0.0,0.0,0.7,6.879,0.0,0.0,6.906,1.0,1.0,1215.4921247099867,1050.0,1215.5110247099867,1050.0,0.0039616052643277454,0.0
1453,1625058001000.0,0.0,0.0,0.1,6.925,0.0,0.0,6.808,1.0,1.0,1215.5230707799874,1050.0,1215.5113707799874,1050.0,0.0005697135798135288,0.0
1454,1625061601000.0,0.0,0.0,0.1,6.889,0.0,0.0,6.904,1.0,1.0,1215.5317965599875,1050.0,1215.5332965599875,1050.0,0.0005667478234215014,0.0
1455,1625065201000.0,0.0,0.0,0.1,6.889,0.0,0.0,6.789,1.0,1.0,1215.5317965599875,1050.0,1215.5217965599875,1050.0,0.0005667478234215014,0.0
1456,1625068801000.0,0.0,0.0,0.2,6.8065,0.0,0.0,6.705,1.0,1.0,1215.5317293199876,1050.0,1215.5114293199877,1050.0,0.001119921403254163,0.0
1457,1625072401000.0,0.0,0.0,0.2,6.8065,0.0,0.0,6.667,1.0,1.0,1215.5317293199876,1050.0,1215.5038293199875,1050.0,0.001119921403254163,0.0
1458,1625076001000.0,0.0,0.0,0.1,6.852,0.0,0.0,6.856,1.0,1.0,1215.5404237799876,1050.0,1215.5408237799875,1050.0,0.0005636998873877197,0.0
1459,1625079601000.0,0.0,0.0,0.1,6.957,0.0,0.0,6.965,1.0,1.0,1215.5492466799874,1050.0,1215.5500466799874,1050.0,0.0005723338662749828,0.0
1460,1625083201000.0,0.0,0.0,0.1,7.056,0.0,0.0,7.075,1.0,1.0,1215.5581654699874,1050.0,1215.5600654699874,1050.0,0.0005804740735933311,0.0
1461,1625086801000.0,0.0,0.0,0.1,7.152,0.0,0.0,7.152,1.0,1.0,1215.5672803699874,1050.0,1215.5672803699874,1050.0,0.0005883672681468619,0.0
1462,1625090401000.0,0.0,0.0,0.1,7.22,0.0,0.0,7.245,1.0,1.0,1215.5718361799875,1050.0,1215.5743361799875,1050.0,0.0005939591380044896,0.0
1463,1625094001000.0,0.0,0.0,0.1,7.336,0.0,0.0,7.322,1.0,1.0,1215.5811439199874,1050.0,1215.5797439199873,1050.0,0.0006034973507686192,0.0
1464,1625097601000.0,0.0,0.0,0.1,7.336,0.0,0.0,7.339,1.0,1.0,1215.5811439199874,1050.0,1215.5814439199874,1050.0,0.0006034973507686192,0.0
1465,1625101201000.0,0.0,0.0,0.1,7.336,0.0,0.0,7.232,1.0,1.0,1215.5811439199874,1050.0,1215.5707439199875,1050.0,0.0006034973507686192,0.0
1466,1625104801000.0,0.0,0.0,0.1,7.336,0.0,0.0,7.264,1.0,1.0,1215.5811439199874,1050.0,1215.5739439199874,1050.0,0.0006034973507686192,0.0
1467,1625108401000.0,0.0,0.0,0.2,7.248,0.0,0.0,7.124,1.0,1.0,1215.5810723199875,1050.0,1215.5562723199876,1050.0,0.0011925161003316527,0.0
1468,1625112001000.0,0.0,0.0,0.5,7.143000000000001,0.0,0.0,7.007,1.0,1.0,1215.5808601299875,1050.0,1215.5128601299875,1050.0,0.002938101542350777,0.0
1469,1625115601000.0,0.0,0.0,0.5,7.143000000000001,0.0,0.0,7.104,1.0,1.0,1215.5808601299875,1050.0,1215.5613601299874,1050.0,0.002938101542350777,0.0
1470,1625119201000.0,0.0,0.0,0.5,7.143000000000001,0.0,0.0,7.157,1.0,1.0,1215.5808601299875,1050.0,1215.5878601299876,1050.0,0.002938101542350777,0.0
1471,1625122801000.0,0.0,0.0,0.5,7.0428,0.0,0.0,6.99,1.0,1.0,1215.6153473199874,1050.0,1215.5889473199875,1050.0,0.002896804493101763,0.0
1472,1625126401000.0,0.0,0.0,0.5,7.0428,0.0,0.0,6.896,1.0,1.0,1215.6153473199874,1050.0,1215.5419473199875,1050.0,0.002896804493101763,0.0
1473,1625130001000.0,0.0,0.0,1.2,6.942583333333333,0.0,0.0,6.871,1.0,1.0,1215.6148663499876,1050.0,1215.5289663499875,1050.0,0.006853404174806623,0.0
1474,1625133601000.0,0.0,0.0,2.8,6.843392857142858,0.0,0.0,6.772,1.0,1.0,1215.6137833099876,1050.0,1215.4138833099876,1050.0,0.015762818966913377,0.0
1475,1625137201000.0,0.0,0.0,2.8,6.843392857142858,0.0,0.0,6.772,1.0,1.0,1215.6137833099876,1050.0,1215.4138833099876,1050.0,0.015762818966913377,0.0
1476,1625140801000.0,0.0,0.0,0.3,6.843392857142858,0.0,0.0,6.886,1.0,1.0,1215.7260789171303,1050.0,1215.7388610599874,1050.0,0.0016887174609032968,0.0
1477,1625144401000.0,0.0,0.0,0.1,6.928,0.0,0.0,6.875,1.0,1.0,1215.7468843699878,1050.0,1215.7415843699878,1050.0,0.0005698554599702025,0.0
1478,1625148001000.0,0.0,0.0,0.1,6.928,0.0,0.0,6.784,1.0,1.0,1215.7468843699878,1050.0,1215.7324843699878,1050.0,0.0005698554599702025,0.0
1479,1625151601000.0,0.0,0.0,0.2,6.845,0.0,0.0,6.799,1.0,1.0,1215.7468167499878,1050.0,1215.7376167499879,1050.0,0.0011260568246106524,0.0
1480,1625155201000.0,0.0,0.0,0.1,6.892,0.0,0.0,6.848,1.0,1.0,1215.7556100299876,1050.0,1215.7512100299875,1050.0,0.0005668902485944527,0.0
1481,1625158801000.0,0.0,0.0,0.2,6.8095,0.0,0.0,6.713,1.0,1.0,1215.7555427599875,1050.0,1215.7362427599876,1050.0,0.0011202087525821497,0.0
1482,1625162401000.0,0.0,0.0,0.2,6.8095,0.0,0.0,6.824,1.0,1.0,1215.7555427599875,1050.0,1215.7584427599875,1050.0,0.0011202087525821497,0.0
1483,1625166001000.0,0.0,0.0,0.1,6.858,0.0,0.0,6.815,1.0,1.0,1215.7642370999872,1050.0,1215.7599370999872,1050.0,0.000564089631091524,0.0
1484,1625169601000.0,0.0,0.0,0.2,6.775499999999999,0.0,0.0,6.702,1.0,1.0,1215.7641701699872,1050.0,1215.7494701699873,1050.0,0.0011146076132598404,0.0
1485,1625173201000.0,0.0,0.0,0.1,6.826,0.0,0.0,6.844,1.0,1.0,1215.772865509987,1050.0,1215.774665509987,1050.0,0.0005614535571277666,0.0
1486,1625176801000.0,0.0,0.0,0.1,6.876,0.0,0.0,6.885,1.0,1.0,1215.777228039987,1050.0,1215.778128039987,1050.0,0.0005655641380193584,0.0
1487,1625180401000.0,0.0,0.0,0.1,6.923,0.0,0.0,6.906,1.0,1.0,1215.781589599987,1050.0,1215.779889599987,1050.0,0.0005694279350189688,0.0
1488,1625184001000.0,0.0,0.0,0.1,6.923,0.0,0.0,6.825,1.0,1.0,1215.781589599987,1050.0,1215.771789599987,1050.0,0.0005694279350189688,0.0
1489,1625187601000.0,0.0,0.0,0.1,6.923,0.0,0.0,6.936,1.0,1.0,1215.781589599987,1050.0,1215.782889599987,1050.0,0.0005694279350189688,0.0
1490,1625191201000.0,0.0,0.0,0.2,6.84,0.0,0.0,6.733,1.0,1.0,1215.781522029987,1050.0,1215.7601220299869,1050.0,0.0011252021643788882,0.0
1491,1625194801000.0,0.0,0.0,0.2,6.84,0.0,0.0,6.755,1.0,1.0,1215.781522029987,1050.0,1215.764522029987,1050.0,0.0011252021643788882,0.0
1492,1625198401000.0,0.0,0.0,1.2,6.645333333333333,0.0,0.0,6.552,1.0,1.0,1215.780861389987,1050.0,1215.668861389987,1050.0,0.00655907676559653,0.0
1493,1625202001000.0,0.0,0.0,1.2,6.645333333333333,0.0,0.0,6.593,1.0,1.0,1215.780861389987,1050.0,1215.718061389987,1050.0,0.00655907676559653,0.0
1494,1625205601000.0,0.0,0.0,2.8,6.550285714285716,0.0,0.0,6.503,1.0,1.0,1215.779824749987,1050.0,1215.647424749987,1050.0,0.015085626218358742,0.0
1495,1625209201000.0,0.0,0.0,2.8,6.550285714285716,0.0,0.0,6.533,1.0,1.0,1215.779824749987,1050.0,1215.7314247499871,1050.0,0.015085626218358742,0.0
1496,1625212801000.0,0.0,0.0,0.9,6.550285714285716,0.0,0.0,6.606,1.0,1.0,1215.8616290328434,1050.0,1215.9117718899863,1050.0,0.004848625042593476,0.0
1497,1625216401000.0,0.0,0.0,0.1,6.631,0.0,0.0,6.592,1.0,1.0,1215.9213100199865,1050.0,1215.9174100199866,1050.0,0.000545347790630547,0.0
1498,1625220001000.0,0.0,0.0,0.2,6.551500000000001,0.0,0.0,6.487,1.0,1.0,1215.9212452999866,1050.0,1215.9083452999866,1050.0,0.0010776191345161742,0.0
1499,1625223601000.0,0.0,0.0,0.2,6.551500000000001,0.0,0.0,6.478,1.0,1.0,1215.9212452999866,1050.0,1215.9065452999866,1050.0,0.0010776191345161742,0.0
1500,1625227201000.0,0.0,0.0,0.2,6.551500000000001,0.0,0.0,6.463,1.0,1.0,1215.9212452999866,1050.0,1215.9035452999865,1050.0,0.0010776191345161742,0.0
1501,1625230801000.0,0.0,0.0,0.2,6.551500000000001,0.0,0.0,6.54,1.0,1.0,1215.9212452999866,1050.0,1215.9189452999865,1050.0,0.0010776191345161742,0.0
1502,1625234401000.0,0.0,0.0,0.1,6.6,0.0,0.0,6.59,1.0,1.0,1215.9297473999866,1050.0,1215.9287473999866,1050.0,0.0005427945170444864,0.0
1503,1625238001000.0,0.0,0.0,0.1,6.691,0.0,0.0,6.695,1.0,1.0,1215.9382806899866,1050.0,1215.9386806899865,1050.0,0.000550274640272299,0.0
1504,1625241601000.0,0.0,0.0,0.1,6.691,0.0,0.0,6.716,1.0,1.0,1215.9382806899866,1050.0,1215.9407806899867,1050.0,0.000550274640272299,0.0
1505,1625245201000.0,0.0,0.0,0.1,6.737,0.0,0.0,6.75,1.0,1.0,1215.9425459699867,1050.0,1215.9438459699866,1050.0,0.0005540557835013276,0.0
1506,1625248801000.0,0.0,0.0,0.1,6.783,0.0,0.0,6.691,1.0,1.0,1215.9468103299866,1050.0,1215.9376103299867,1050.0,0.0005578369006255475,0.0
1507,1625252401000.0,0.0,0.0,0.1,6.783,0.0,0.0,6.676,1.0,1.0,1215.9468103299866,1050.0,1215.9361103299866,1050.0,0.0005578369006255475,0.0
1508,1625256001000.0,0.0,0.0,0.1,6.783,0.0,0.0,6.721,1.0,1.0,1215.9468103299866,1050.0,1215.9406103299866,1050.0,0.0005578369006255475,0.0
1509,1625259601000.0,0.0,0.0,0.1,6.783,0.0,0.0,6.639,1.0,1.0,1215.9468103299866,1050.0,1215.9324103299866,1050.0,0.0005578369006255475,0.0
1510,1625263201000.0,0.0,0.0,0.1,6.783,0.0,0.0,6.734,1.0,1.0,1215.9468103299866,1050.0,1215.9419103299867,1050.0,0.0005578369006255475,0.0
1511,1625266801000.0,0.0,0.0,0.1,6.829,0.0,0.0,6.847,1.0,1.0,1215.9511737599867,1050.0,1215.9529737599867,1050.0,0.0005616179454708893,0.0
1512,1625270401000.0,0.0,0.0,0.1,6.875,0.0,0.0,6.905,1.0,1.0,1215.9555362699866,1050.0,1215.9585362699866,1050.0,0.0005653989636076215,0.0
1513,1625274001000.0,0.0,0.0,0.1,6.921,0.0,0.0,6.799,1.0,1.0,1215.9598978599865,1050.0,1215.9476978599866,1050.0,0.0005691799550446135,0.0
1514,1625277601000.0,0.0,0.0,0.1,6.921,0.0,0.0,6.874,1.0,1.0,1215.9598978599865,1050.0,1215.9551978599866,1050.0,0.0005691799550446135,0.0
1515,1625281201000.0,0.0,0.0,0.1,6.921,0.0,0.0,6.864,1.0,1.0,1215.9598978599865,1050.0,1215.9541978599866,1050.0,0.0005691799550446135,0.0
1516,1625284801000.0,0.0,0.0,0.1,6.921,0.0,0.0,6.848,1.0,1.0,1215.9598978599865,1050.0,1215.9525978599866,1050.0,0.0005691799550446135,0.0
1517,1625288401000.0,0.0,0.0,0.1,6.921,0.0,0.0,6.872,1.0,1.0,1215.9598978599865,1050.0,1215.9549978599866,1050.0,0.0005691799550446135,0.0
1518,1625292001000.0,0.0,0.0,0.1,6.921,0.0,0.0,6.914,1.0,1.0,1215.9598978599865,1050.0,1215.9591978599865,1050.0,0.0005691799550446135,0.0
1519,1625295601000.0,0.0,0.0,0.1,6.921,0.0,0.0,6.879,1.0,1.0,1215.9598978599865,1050.0,1215.9556978599865,1050.0,0.0005691799550446135,0.0
1520,1625299201000.0,0.0,0.0,0.1,7.07,0.0,0.0,7.073,1.0,1.0,1215.9732767899868,1050.0,1215.9735767899867,1050.0,0.0005814272513178819,0.0
1521,1625302801000.0,0.0,0.0,0.1,7.132,0.0,0.0,7.141,1.0,1.0,1215.9778342999869,1050.0,1215.9787342999869,1050.0,0.0005865238492694849,0.0
1522,1625306401000.0,0.0,0.0,0.1,7.181,0.0,0.0,7.179,1.0,1.0,1215.9823906999868,1050.0,1215.9821906999869,1050.0,0.0005905513151276985,0.0
1523,1625310001000.0,0.0,0.0,0.1,7.274,0.0,0.0,7.142,1.0,1.0,1215.9869456799868,1050.0,1215.9737456799867,1050.0,0.0005981972113962406,0.0
1524,1625313601000.0,0.0,0.0,0.2,7.186999999999999,0.0,0.0,7.117,1.0,1.0,1215.9868746799868,1050.0,1215.972874679987,1050.0,0.0011820851276690652,0.0
1525,1625317201000.0,0.0,0.0,0.1,7.186999999999999,0.0,0.0,7.167,1.0,1.0,1215.9915023399867,1050.0,1215.9895023399868,1050.0,0.000591040314522736,0.0
1526,1625320801000.0,0.0,0.0,0.1,7.239,0.0,0.0,7.283,1.0,1.0,1215.9960576099866,1050.0,1216.0004576099866,1050.0,0.0005953144300671579,0.0
1527,1625324401000.0,0.0,0.0,0.1,7.305,0.0,0.0,7.194,1.0,1.0,1216.0007116899865,1050.0,1215.9896116899865,1050.0,0.0006007397799831531,0.0
1528,1625328001000.0,0.0,0.0,0.1,7.305,0.0,0.0,7.228,1.0,1.0,1216.0007116899865,1050.0,1215.9930116899864,1050.0,0.0006007397799831531,0.0
1529,1625331601000.0,0.0,0.0,0.2,7.217499999999999,0.0,0.0,7.123,1.0,1.0,1216.0006403899865,1050.0,1215.9817403899865,1050.0,0.0011870881906255013,0.0
1530,1625335201000.0,0.0,0.0,0.2,7.217499999999999,0.0,0.0,7.188,1.0,1.0,1216.0006403899865,1050.0,1215.9947403899864,1050.0,0.0011870881906255013,0.0
1531,1625338801000.0,0.0,0.0,0.2,7.217499999999999,0.0,0.0,7.197,1.0,1.0,1216.0006403899865,1050.0,1215.9965403899864,1050.0,0.0011870881906255013,0.0
1532,1625342401000.0,0.0,0.0,0.1,7.217499999999999,0.0,0.0,7.256,1.0,1.0,1216.0053177399866,1050.0,1216.0091677399867,1050.0,0.0005935418122524435,0.0
1533,1625346001000.0,0.0,0.0,0.1,7.485,0.0,0.0,7.471,1.0,1.0,1216.0239794099866,1050.0,1216.0225794099865,1050.0,0.0006155306249496587,0.0
1534,1625349601000.0,0.0,0.0,0.2,7.395,0.0,0.0,7.284,1.0,1.0,1216.0239063599865,1050.0,1216.0017063599864,1050.0,0.0012162589832852868,0.0
1535,1625353201000.0,0.0,0.0,0.1,7.445,0.0,0.0,7.347,1.0,1.0,1216.0334830299864,1050.0,1216.0236830299864,1050.0,0.0006122364313069176,0.0
1536,1625356801000.0,0.0,0.0,0.2,7.3555,0.0,0.0,7.276,1.0,1.0,1216.0334103699865,1050.0,1216.0175103699864,1050.0,0.0012097529454823184,0.0
1537,1625360401000.0,0.0,0.0,0.5,7.2490000000000006,0.0,0.0,7.122,1.0,1.0,1216.0331950299865,1050.0,1215.9696950299865,1050.0,0.0029805929762555723,0.0
1538,1625364001000.0,0.0,0.0,1.2,7.145750000000001,0.0,0.0,7.016,1.0,1.0,1216.0326999899864,1050.0,1215.8769999899864,1050.0,0.007051537347696828,0.0
1539,1625367601000.0,0.0,0.0,1.2,7.145750000000001,0.0,0.0,7.137,1.0,1.0,1216.0326999899864,1050.0,1216.0221999899863,1050.0,0.007051537347696828,0.0
1540,1625371201000.0,0.0,0.0,1.2,7.145750000000001,0.0,0.0,7.131,1.0,1.0,1216.0326999899864,1050.0,1216.0149999899863,1050.0,0.007051537347696828,0.0
1541,1625374801000.0,0.0,0.0,0.8,7.145750000000001,0.0,0.0,7.243,1.0,1.0,1216.059111489986,1050.0,1216.136911489986,1050.0,0.004700922797244365,0.0
1542,1625378401000.0,0.0,0.0,0.1,7.442,0.0,0.0,7.415,1.0,1.0,1216.1719138599858,1050.0,1216.1692138599858,1050.0,0.0006119200678117926,0.0
1543,1625382001000.0,0.0,0.0,0.1,7.493,0.0,0.0,7.536,1.0,1.0,1216.1766640199858,1050.0,1216.1809640199858,1050.0,0.0006161111474736261,0.0
1544,1625385601000.0,0.0,0.0,0.1,7.61,0.0,0.0,7.57,1.0,1.0,1216.1862611199858,1050.0,1216.182261119986,1050.0,0.0006257265225962965,0.0
1545,1625389201000.0,0.0,0.0,0.1,7.61,0.0,0.0,7.572,1.0,1.0,1216.1862611199858,1050.0,1216.1824611199859,1050.0,0.0006257265225962965,0.0
1546,1625392801000.0,0.0,0.0,0.1,7.61,0.0,0.0,7.588,1.0,1.0,1216.1862611199858,1050.0,1216.184061119986,1050.0,0.0006257265225962965,0.0
1547,1625396401000.0,0.0,0.0,0.1,7.667,0.0,0.0,7.648,1.0,1.0,1216.1911078499859,1050.0,1216.189207849986,1050.0,0.0006304107923921531,0.0
1548,1625400001000.0,0.0,0.0,0.1,7.777,0.0,0.0,7.755,1.0,1.0,1216.200997929986,1050.0,1216.198797929986,1050.0,0.0006394502235433707,0.0
1549,1625403601000.0,0.0,0.0,0.2,7.6835,0.0,0.0,7.588,1.0,1.0,1216.200922029986,1050.0,1216.181822029986,1050.0,0.0012635247779906815,0.0
1550,1625407201000.0,0.0,0.0,0.1,7.749,0.0,0.0,7.75,1.0,1.0,1216.210789859986,1050.0,1216.210889859986,1050.0,0.0006371428427215392,0.0
1551,1625410801000.0,0.0,0.0,0.1,7.86,0.0,0.0,7.871,1.0,1.0,1216.2206767299863,1050.0,1216.2217767299862,1050.0,0.0006462642964706809,0.0
1552,1625414401000.0,0.0,0.0,0.1,7.972,0.0,0.0,8.009,1.0,1.0,1216.2307591099864,1050.0,1216.2344591099863,1050.0,0.0006554677178065907,0.0
1553,1625418001000.0,0.0,0.0,0.1,8.205,0.0,0.0,8.215,1.0,1.0,1216.2514102899863,1050.0,1216.2524102899863,1050.0,0.000674613811797654,0.0
1554,1625421601000.0,0.0,0.0,0.1,8.384,0.0,0.0,8.395,1.0,1.0,1216.2672111299867,1050.0,1216.2683111299866,1050.0,0.0006893222084159246,0.0
1555,1625425201000.0,0.0,0.0,0.1,8.485,0.0,0.0,8.46,1.0,1.0,1216.2725418899868,1050.0,1216.2700418899867,1050.0,0.0006976232470738025,0.0
1556,1625428801000.0,0.0,0.0,0.1,8.719,0.0,0.0,8.722,1.0,1.0,1216.2944515699867,1050.0,1216.2947515699866,1050.0,0.0007168494428915267,0.0
1557,1625432401000.0,0.0,0.0,0.5,8.696200000000001,0.0,0.0,8.637,1.0,1.0,1216.3108745199863,1050.0,1216.2812745199863,1050.0,0.0035748262151450104,0.0
1558,1625436001000.0,0.0,0.0,0.1,8.874,0.0,0.0,8.887,1.0,1.0,1216.3499955699863,1050.0,1216.3512955699862,1050.0,0.0007295597510847699,0.0
1559,1625439601000.0,0.0,0.0,0.2,8.7675,0.0,0.0,8.572,1.0,1.0,1216.3499089599864,1050.0,1216.3108089599864,1050.0,0.0014416081976766802,0.0
1560,1625443201000.0,0.0,0.0,0.1,8.7,0.0,0.0,8.586,1.0,1.0,1216.3778303799863,1050.0,1216.3664303799862,1050.0,0.0007152382904974675,0.0
1561,1625446801000.0,0.0,0.0,0.1,8.8,0.0,0.0,8.642,1.0,1.0,1216.3990092099864,1050.0,1216.3832092099865,1050.0,0.0007234468240577842,0.0
1562,1625450401000.0,0.0,0.0,0.5,8.5688,0.0,0.0,8.527,1.0,1.0,1216.3986687699864,1050.0,1216.3777687699865,1050.0,0.003522200500541779,0.0
1563,1625454001000.0,0.0,0.0,0.2,8.5688,0.0,0.0,8.46,1.0,1.0,1216.4199695499863,1050.0,1216.3982095499862,1050.0,0.0014088555292577154,0.0
1564,1625457601000.0,0.0,0.0,0.2,8.5688,0.0,0.0,8.484,1.0,1.0,1216.4199695499863,1050.0,1216.4030095499863,1050.0,0.0014088555292577154,0.0
1565,1625461201000.0,0.0,0.0,0.2,8.5688,0.0,0.0,8.491,1.0,1.0,1216.4199695499863,1050.0,1216.4044095499862,1050.0,0.0014088555292577154,0.0
1566,1625464801000.0,0.0,0.0,0.1,8.889,0.0,0.0,8.844,1.0,1.0,1216.4532479399852,1050.0,1216.4487479399852,1050.0,0.0007307309191745071,0.0
1567,1625468401000.0,0.0,0.0,0.1,9.23,0.0,0.0,9.181,1.0,1.0,1216.4705033299854,1050.0,1216.4656033299855,1050.0,0.0007587524707531875,0.0
1568,1625472001000.0,0.0,0.0,0.2,9.119,0.0,0.0,9.041,1.0,1.0,1216.4704132499853,1050.0,1216.4548132499854,1050.0,0.0014992555348119331,0.0
1569,1625475601000.0,0.0,0.0,0.5,8.987,0.0,0.0,8.975,1.0,1.0,1216.4701462799853,1050.0,1216.4641462799852,1050.0,0.0036938843207466325,0.0
1570,1625479201000.0,0.0,0.0,0.1,9.242,0.0,0.0,9.265,1.0,1.0,1216.5352324699857,1050.0,1216.5375324699858,1050.0,0.0007596985071476769,0.0
1571,1625482801000.0,0.0,0.0,0.1,9.242,0.0,0.0,9.154,1.0,1.0,1216.5352324699857,1050.0,1216.5264324699856,1050.0,0.0007596985071476769,0.0
1572,1625486401000.0,0.0,0.0,1.2,8.870666666666667,0.0,0.0,8.738,1.0,1.0,1216.5342604099858,1050.0,1216.3750604099857,1050.0,0.008750102932910892,0.0
1573,1625490001000.0,0.0,0.0,1.1,8.870666666666667,0.0,0.0,8.836,1.0,1.0,1216.5400044533192,1050.0,1216.501871119986,1050.0,0.00802088981670455,0.0
1574,1625493601000.0,0.0,0.0,0.1,9.342,0.0,0.0,9.259,1.0,1.0,1216.741031599986,1050.0,1216.732731599986,1050.0,0.0007677886877633682,0.0
1575,1625497201000.0,0.0,0.0,0.1,9.44,0.0,0.0,9.391,1.0,1.0,1216.746943169986,1050.0,1216.7420431699861,1050.0,0.0007758392205536185,0.0
1576,1625500801000.0,0.0,0.0,0.1,9.541,0.0,0.0,9.397,1.0,1.0,1216.752952739986,1050.0,1216.738552739986,1050.0,0.0007841361698374989,0.0
1577,1625504401000.0,0.0,0.0,0.1,9.84,0.0,0.0,9.64,1.0,1.0,1216.771370889986,1050.0,1216.751370889986,1050.0,0.0008086975281808862,0.0
1578,1625508001000.0,0.0,0.0,0.1,9.943,0.0,0.0,9.872,1.0,1.0,1216.8267963599858,1050.0,1216.8196963599858,1050.0,0.0008171253320311057,0.0
1579,1625511601000.0,0.0,0.0,0.0,10.526,0.0,0.0,10.663,1.0,1.0,1216.8855461199855,1050.0,1216.8855461199855,1050.0,0.0,0.0
1580,1625515201000.0,0.0,0.0,0.1,10.925,0.0,0.0,10.911,1.0,1.0,1216.8993003199855,1050.0,1216.8979003199854,1050.0,0.0008977735460220295,0.0
1581,1625518801000.0,0.0,0.0,0.1,10.6374,0.0,0.0,10.792,1.0,1.0,1216.9436876799857,1050.0,1216.9591476799858,1050.0,0.0008741078250119712,0.0
1582,1625522401000.0,0.0,0.0,0.2,10.817499999999999,0.0,0.0,10.74,1.0,1.0,1216.9698892999857,1050.0,1216.9543892999857,1050.0,0.0017777761134619926,0.0
1583,1625526001000.0,0.0,0.0,0.2,10.843,0.0,0.0,10.77,1.0,1.0,1216.9907359399851,1050.0,1216.9761359399852,1050.0,0.001781936325361595,0.0
1584,1625529601000.0,0.0,0.0,1.2,10.808333333333334,0.0,0.0,10.607,1.0,1.0,1217.0304529499847,1050.0,1216.7888529499846,1050.0,0.010657087477607283,0.0
1585,1625533201000.0,0.0,0.0,2.8,10.649857142857144,0.0,0.0,10.438,1.0,1.0,1217.0287679899848,1050.0,1216.4355679899847,1050.0,0.024501968058856433,0.0
1586,1625536801000.0,0.0,0.0,2.8,10.649857142857144,0.0,0.0,10.483,1.0,1.0,1217.0287679899848,1050.0,1216.5615679899847,1050.0,0.024501968058856433,0.0
1587,1625540401000.0,0.0,0.0,0.1,10.9,0.0,0.0,10.886,1.0,1.0,1217.3340151499858,1050.0,1217.3326151499857,1050.0,0.000895399279437454,0.0
1588,1625544001000.0,0.0,0.0,0.2,10.769,0.0,0.0,10.657,1.0,1.0,1217.3339087699858,1050.0,1217.3115087699857,1050.0,0.001769276272092211,0.0
1589,1625547601000.0,0.0,0.0,0.1,11.65,0.0,0.0,11.572,1.0,1.0,1217.4038918199853,1050.0,1217.3960918199853,1050.0,0.0009569543910840938,0.0
1590,1625551201000.0,0.0,0.0,0.2,11.811499999999999,0.0,0.0,11.696,1.0,1.0,1217.4413869899859,1050.0,1217.4182869899857,1050.0,0.0019403808883486158,0.0
1591,1625554801000.0,0.0,0.0,0.2,11.995000000000001,0.0,0.0,11.822,1.0,1.0,1217.470468219986,1050.0,1217.435868219986,1050.0,0.0019704790075996508,0.0
1592,1625558401000.0,0.0,0.0,0.1,12.238,0.0,0.0,12.246,1.0,1.0,1217.5001598299862,1050.0,1217.5009598299862,1050.0,0.001005174406031202,0.0
1593,1625562001000.0,0.0,0.0,0.5,12.008000000000001,0.0,0.0,12.018,1.0,1.0,1217.507436249986,1050.0,1217.5124362499862,1050.0,0.004931386717844426,0.0
1594,1625565601000.0,0.0,0.0,0.1,11.865,0.0,0.0,11.904,1.0,1.0,1217.8283852399852,1050.0,1217.8322852399851,1050.0,0.0009742752052590633,0.0
1595,1625569201000.0,0.0,0.0,0.2,11.7225,0.0,0.0,11.645,1.0,1.0,1217.8282694399852,1050.0,1217.8127694399852,1050.0,0.0019251482814388202,0.0
1596,1625572801000.0,0.0,0.0,0.1,12.55,0.0,0.0,12.335,1.0,1.0,1217.889456969986,1050.0,1217.867956969986,1050.0,0.0010304711916320733,0.0
1597,1625576401000.0,0.0,0.0,0.2,12.478000000000002,0.0,0.0,12.327,1.0,1.0,1217.9129842899858,1050.0,1217.882784289986,1050.0,0.002049079065738736,0.0
1598,1625580001000.0,0.0,0.0,0.5,12.296800000000001,0.0,0.0,12.16,1.0,1.0,1217.9126190099857,1050.0,1217.8442190099856,1050.0,0.005048309627498481,0.0
1599,1625583601000.0,0.0,0.0,0.3,12.119583333333335,0.0,0.0,12.044,1.0,1.0,1217.982156589986,1050.0,1217.9594815899861,1050.0,0.0029851627795430494,0.0
1600,1625587201000.0,0.0,0.0,0.1,12.119583333333335,0.0,0.0,12.158,1.0,1.0,1217.9977959433195,1050.0,1218.0016376099861,1050.0,0.0009950414831372428,0.0
1601,1625590801000.0,0.0,0.0,0.2,12.148499999999999,0.0,0.0,12.13,1.0,1.0,1218.0131277699863,1050.0,1218.0094277699864,1050.0,0.0019948060859150546,0.0
1602,1625594401000.0,0.0,0.0,0.1,12.243,0.0,0.0,12.199,1.0,1.0,1218.066761549986,1050.0,1218.062361549986,1050.0,0.0010051173208618569,0.0
1603,1625598001000.0,0.0,0.0,0.2,12.096,0.0,0.0,11.919,1.0,1.0,1218.066642059986,1050.0,1218.031242059986,1050.0,0.0019860982285079785,0.0
1604,1625601601000.0,0.0,0.0,0.3,11.920200000000001,0.0,0.0,11.792,1.0,1.0,1218.0818079899857,1050.0,1218.0433479899857,1050.0,0.002935812665900516,0.0
1605,1625605201000.0,0.0,0.0,1.6,11.58935,0.0,0.0,11.398,1.0,1.0,1218.0803112999856,1050.0,1217.7741512999855,1050.0,0.015223101324255204,0.0
1606,1625608801000.0,0.0,0.0,3.7,11.416043243243244,0.0,0.0,11.261,1.0,1.0,1218.0779416599855,1050.0,1217.5042816599855,1050.0,0.03467705846674852,0.0
1607,1625612401000.0,0.0,0.0,3.7,11.416043243243244,0.0,0.0,11.306,1.0,1.0,1218.0779416599855,1050.0,1217.6707816599856,1050.0,0.03467705846674852,0.0
1608,1625616001000.0,0.0,0.0,3.7,11.416043243243244,0.0,0.0,11.168,1.0,1.0,1218.0779416599855,1050.0,1217.1601816599855,1050.0,0.03467705846674852,0.0
1609,1625619601000.0,0.0,0.0,8.6,11.224006976744189,0.0,0.0,11.096,1.0,1.0,1218.0725129499856,1050.0,1216.9716529499856,1050.0,0.07924524933760115,0.0
1610,1625623201000.0,0.0,0.0,8.6,11.224006976744189,0.0,0.0,10.969,1.0,1.0,1218.0725129499856,1050.0,1215.8794529499855,1050.0,0.07924524933760115,0.0
1611,1625626801000.0,0.0,0.0,8.6,11.224006976744189,0.0,0.0,11.16,1.0,1.0,1218.0725129499856,1050.0,1217.5220529499857,1050.0,0.07924524933760115,0.0
1612,1625630401000.0,0.0,0.0,0.1,11.379,0.0,0.0,11.307,1.0,1.0,1218.8576070199858,1050.0,1218.8504070199858,1050.0,0.000933579110017682,0.0
1613,1625634001000.0,0.0,0.0,0.1,11.379,0.0,0.0,11.277,1.0,1.0,1218.8576070199858,1050.0,1218.847407019986,1050.0,0.000933579110017682,0.0
1614,1625637601000.0,0.0,0.0,0.2,11.2425,0.0,0.0,11.154,1.0,1.0,1218.8574959599857,1050.0,1218.8397959599856,1050.0,0.001844760365713677,0.0
1615,1625641201000.0,0.0,0.0,0.1,11.321,0.0,0.0,11.237,1.0,1.0,1218.8718564299859,1050.0,1218.863456429986,1050.0,0.0009288096972850483,0.0
1616,1625644801000.0,0.0,0.0,0.2,11.266,0.0,0.0,11.212,1.0,1.0,1218.8789171599858,1050.0,1218.8681171599858,1050.0,0.001848583947329243,0.0
1617,1625648401000.0,0.0,0.0,0.2,11.266,0.0,0.0,11.151,1.0,1.0,1218.8789171599858,1050.0,1218.855917159986,1050.0,0.001848583947329243,0.0
1618,1625652001000.0,0.0,0.0,0.2,11.266,0.0,0.0,11.1,1.0,1.0,1218.8789171599858,1050.0,1218.8457171599857,1050.0,0.001848583947329243,0.0
1619,1625655601000.0,0.0,0.0,0.2,11.266,0.0,0.0,11.149,1.0,1.0,1218.8789171599858,1050.0,1218.8555171599858,1050.0,0.001848583947329243,0.0
1620,1625659201000.0,0.0,0.0,0.1,11.404,0.0,0.0,11.379,1.0,1.0,1218.8994757099858,1050.0,1218.8969757099858,1050.0,0.0009355980724626521,0.0
1621,1625662801000.0,0.0,0.0,0.1,11.795,0.0,0.0,11.638,1.0,1.0,1218.9215759399856,1050.0,1218.9058759399857,1050.0,0.0009676586445607994,0.0
1622,1625666401000.0,0.0,0.0,0.2,11.653500000000001,0.0,0.0,11.554,1.0,1.0,1218.9214608199857,1050.0,1218.9015608199857,1050.0,0.0019121002254173993,0.0
1623,1625670001000.0,0.0,0.0,0.5,11.4846,0.0,0.0,11.242,1.0,1.0,1218.9211196599856,1050.0,1218.7998196599856,1050.0,0.004710969321461751,0.0
1624,1625673601000.0,0.0,0.0,1.2,11.31975,0.0,0.0,11.226,1.0,1.0,1218.9203355199857,1050.0,1218.8078355199857,1050.0,0.01114404248100862,0.0
1625,1625677201000.0,0.0,0.0,1.2,11.31975,0.0,0.0,11.315,1.0,1.0,1218.9203355199857,1050.0,1218.9146355199857,1050.0,0.01114404248100862,0.0
1626,1625680801000.0,0.0,0.0,1.1,11.31975,0.0,0.0,11.304,1.0,1.0,1218.9276465799858,1050.0,1218.9103215799857,1050.0,0.010215311003025085,0.0
1627,1625684401000.0,0.0,0.0,1.1,11.31975,0.0,0.0,11.315,1.0,1.0,1218.9276465799858,1050.0,1218.9224215799857,1050.0,0.010215311003025085,0.0
1628,1625688001000.0,0.0,0.0,1.1,11.31975,0.0,0.0,11.319,1.0,1.0,1218.9276465799858,1050.0,1218.9268215799857,1050.0,0.010215311003025085,0.0
1629,1625691601000.0,0.0,0.0,1.1,11.31975,0.0,0.0,11.123,1.0,1.0,1218.9276465799858,1050.0,1218.7112215799857,1050.0,0.010215311003025085,0.0
1630,1625695201000.0,0.0,0.0,6.1,10.975200819672132,0.0,0.0,10.924,1.0,1.0,1218.9221968799857,1050.0,1218.6098718799856,1050.0,0.05492452690693902,0.0
1631,1625698801000.0,0.0,0.0,6.1,10.975200819672132,0.0,0.0,10.866,1.0,1.0,1218.9221968799857,1050.0,1218.2560718799857,1050.0,0.05492452690693902,0.0
1632,1625702401000.0,0.0,0.0,6.1,10.975200819672132,0.0,0.0,10.757,1.0,1.0,1218.9221968799857,1050.0,1217.5911718799857,1050.0,0.05492452690693902,0.0
1633,1625706001000.0,0.0,0.0,14.2,10.769163732394368,0.0,0.0,10.362,1.0,1.0,1218.9135995399856,1050.0,1213.1318745399856,1050.0,0.12545772321985116,0.0
1634,1625709601000.0,0.0,0.0,14.2,10.769163732394368,0.0,0.0,10.482,1.0,1.0,1218.9135995399856,1050.0,1214.8358745399855,1050.0,0.12545772321985116,0.0
1635,1625713201000.0,0.0,0.0,14.2,10.769163732394368,0.0,0.0,10.472,1.0,1.0,1218.9135995399856,1050.0,1214.6938745399857,1050.0,0.12545772321985116,0.0
1636,1625716801000.0,0.0,0.0,35.0,10.48448642857143,0.0,0.0,10.38,1.0,1.0,1218.8921960499858,1050.0,1215.2351710499859,1050.0,0.3010578180656031,0.0
1637,1625720401000.0,0.0,0.0,35.0,10.48448642857143,0.0,0.0,10.145,1.0,1.0,1218.8921960499858,1050.0,1207.0101710499857,1050.0,0.3010578180656031,0.0
1638,1625724001000.0,0.0,0.0,35.0,10.48448642857143,0.0,0.0,9.865,1.0,1.0,1218.8921960499858,1050.0,1197.2101710499858,1050.0,0.3010578180656031,0.0
1639,1625727601000.0,0.0,0.0,35.0,10.48448642857143,0.0,0.0,9.893,1.0,1.0,1218.8921960499858,1050.0,1198.1901710499858,1050.0,0.3010578180656031,0.0
1640,1625731201000.0,0.0,0.0,35.0,10.48448642857143,0.0,0.0,9.739,1.0,1.0,1218.8921960499858,1050.0,1192.800171049986,1050.0,0.3010578180656031,0.0
1641,1625734801000.0,0.0,0.0,35.0,10.48448642857143,0.0,0.0,9.851,1.0,1.0,1218.8921960499858,1050.0,1196.7201710499858,1050.0,0.3010578180656031,0.0
1642,1625738401000.0,0.0,0.0,35.0,10.48448642857143,0.0,0.0,9.782,1.0,1.0,1218.8921960499858,1050.0,1194.3051710499858,1050.0,0.3010578180656031,0.0
1643,1625742001000.0,0.0,0.0,35.0,10.48448642857143,0.0,0.0,9.669,1.0,1.0,1218.8921960499858,1050.0,1190.3501710499859,1050.0,0.3010578180656031,0.0
1644,1625745601000.0,0.0,0.0,35.0,10.48448642857143,0.0,0.0,9.851,1.0,1.0,1218.8921960499858,1050.0,1196.7201710499858,1050.0,0.3010578180656031,0.0
1645,1625749201000.0,0.0,0.0,32.4,10.48448642857143,0.0,0.0,9.957,1.0,1.0,1217.3473595956998,1050.0,1200.2567993099856,1050.0,0.2790471902765149,0.0
1646,1625752801000.0,0.0,0.0,35.2,10.396509338069338,0.0,0.0,9.787,1.0,1.0,1216.1369217200263,1050.0,1194.6821930199856,1050.0,0.3009177027389764,0.0
1647,1625756401000.0,0.0,0.0,32.8,10.316357976479795,0.0,0.0,9.985,1.0,1.0,1212.566893188523,1050.0,1201.6983515599857,1050.0,0.2790580408630111,0.0
1648,1625760001000.0,0.0,0.0,32.8,10.316357976479795,0.0,0.0,10.096,1.0,1.0,1212.566893188523,1050.0,1205.3391515599858,1050.0,0.2790580408630111,0.0
1649,1625763601000.0,0.0,0.0,32.9,10.288495526229868,0.0,0.0,10.088,1.0,1.0,1211.8899658129483,1050.0,1205.2936629999856,1050.0,0.27930877584740055,0.0
1650,1625767201000.0,0.0,0.0,32.9,10.288495526229868,0.0,0.0,10.166,1.0,1.0,1211.8899658129483,1050.0,1207.8598629999856,1050.0,0.27930877584740055,0.0
1651,1625770801000.0,0.0,0.0,32.9,10.288495526229868,0.0,0.0,10.072,1.0,1.0,1211.8899658129483,1050.0,1204.7672629999856,1050.0,0.27930877584740055,0.0
1652,1625774401000.0,0.0,0.0,33.0,10.249299776098209,0.0,0.0,10.063,1.0,1.0,1210.883023351227,1050.0,1204.735130739986,1050.0,0.27932251595630414,0.0
1653,1625778001000.0,0.0,0.0,35.6,10.215616175491531,0.0,0.0,9.828,1.0,1.0,1210.4352451674843,1050.0,1196.6361093199857,1050.0,0.30045055057627457,0.0
1654,1625781601000.0,0.0,0.0,35.6,10.215616175491531,0.0,0.0,9.639,1.0,1.0,1210.4352451674843,1050.0,1189.9077093199858,1050.0,0.30045055057627457,0.0
1655,1625785201000.0,0.0,0.0,35.6,10.215616175491531,0.0,0.0,9.422,1.0,1.0,1210.4352451674843,1050.0,1182.1825093199857,1050.0,0.30045055057627457,0.0
1656,1625788801000.0,0.0,0.0,35.6,10.215616175491531,0.0,0.0,9.61,1.0,1.0,1210.4352451674843,1050.0,1188.8753093199857,1050.0,0.30045055057627457,0.0
1657,1625792401000.0,0.0,0.0,35.6,10.215616175491531,0.0,0.0,9.236,1.0,1.0,1210.4352451674843,1050.0,1175.5609093199857,1050.0,0.30045055057627457,0.0
1658,1625796001000.0,0.0,0.0,35.6,10.215616175491531,0.0,0.0,9.327,1.0,1.0,1210.4352451674843,1050.0,1178.8005093199858,1050.0,0.30045055057627457,0.0
1659,1625799601000.0,0.0,0.0,33.1,10.215616175491531,0.0,0.0,9.551,1.0,1.0,1208.7848156287553,1050.0,1186.7860202199856,1050.0,0.27973291113264537,0.0
1660,1625803201000.0,0.0,0.0,33.1,10.215616175491531,0.0,0.0,9.668,1.0,1.0,1208.7848156287553,1050.0,1190.6587202199855,1050.0,0.27973291113264537,0.0
1661,1625806801000.0,0.0,0.0,33.1,10.215616175491531,0.0,0.0,9.908,1.0,1.0,1208.7848156287553,1050.0,1198.6027202199855,1050.0,0.27973291113264537,0.0
1662,1625810401000.0,0.0,0.0,0.1,10.663,0.0,0.0,10.559,1.0,1.0,1213.3785257099853,1050.0,1213.3681257099854,1050.0,0.0008787859496492035,0.0
1663,1625814001000.0,0.0,0.0,0.1,10.94,0.0,0.0,10.919,1.0,1.0,1213.4194346999852,1050.0,1213.4173346999853,1050.0,0.0009015843728186938,0.0
1664,1625817601000.0,0.0,0.0,0.1,11.013,0.0,0.0,10.895,1.0,1.0,1213.4264144499853,1050.0,1213.4146144499853,1050.0,0.0009075952088113977,0.0
1665,1625821201000.0,0.0,0.0,1.2,10.569083333333333,0.0,0.0,10.467,1.0,1.0,1213.4252562899853,1050.0,1213.3027562899854,1050.0,0.010452147698637509,0.0
1666,1625824801000.0,0.0,0.0,0.1,10.698,0.0,0.0,10.652,1.0,1.0,1213.6106623399855,1050.0,1213.6060623399856,1050.0,0.0008815018137178348,0.0
1667,1625828401000.0,0.0,0.0,0.1,10.771,0.0,0.0,10.605,1.0,1.0,1213.6174469499856,1050.0,1213.6008469499857,1050.0,0.0008875119607969748,0.0
1668,1625832001000.0,0.0,0.0,0.1,10.56,0.0,0.0,10.481,1.0,1.0,1213.6508969099857,1050.0,1213.6429969099856,1050.0,0.0008701019400954817,0.0
1669,1625835601000.0,0.0,0.0,0.1,10.66,0.0,0.0,10.665,1.0,1.0,1213.6777538599858,1050.0,1213.678253859986,1050.0,0.0008783221053609076,0.0
1670,1625839201000.0,0.0,0.0,0.1,11.444,0.0,0.0,11.378,1.0,1.0,1213.7338798699857,1050.0,1213.7272798699858,1050.0,0.000942875550382253,0.0
1671,1625842801000.0,0.0,0.0,0.1,11.756,0.0,0.0,11.58,1.0,1.0,1213.7633484299856,1050.0,1213.7457484299857,1050.0,0.0009685578342109685,0.0
1672,1625846401000.0,0.0,0.0,0.1,11.756,0.0,0.0,11.578,1.0,1.0,1213.7633484299856,1050.0,1213.7455484299855,1050.0,0.0009685578342109685,0.0
1673,1625850001000.0,0.0,0.0,0.2,11.926,0.0,0.0,11.771,1.0,1.0,1213.7859142899858,1050.0,1213.754914289986,1050.0,0.0019650911844657903,0.0
1674,1625853601000.0,0.0,0.0,0.1,11.836,0.0,0.0,11.786,1.0,1.0,1213.8232552899858,1050.0,1213.8182552899857,1050.0,0.0009751007775157797,0.0
1675,1625857201000.0,0.0,0.0,0.1,11.836,0.0,0.0,11.661,1.0,1.0,1213.8232552899858,1050.0,1213.8057552899859,1050.0,0.0009751007775157797,0.0
1676,1625860801000.0,0.0,0.0,0.1,11.864,0.0,0.0,11.835,1.0,1.0,1213.845649419986,1050.0,1213.8427494199861,1050.0,0.0009773895062909353,0.0
1677,1625864401000.0,0.0,0.0,0.1,11.864,0.0,0.0,11.747,1.0,1.0,1213.845649419986,1050.0,1213.833949419986,1050.0,0.0009773895062909353,0.0
1678,1625868001000.0,0.0,0.0,0.1,11.967,0.0,0.0,11.88,1.0,1.0,1213.8532103299863,1050.0,1213.8445103299862,1050.0,0.0009858687935377928,0.0
1679,1625871601000.0,0.0,0.0,0.2,11.823,0.0,0.0,11.69,1.0,1.0,1213.8530935399863,1050.0,1213.8264935399864,1050.0,0.0019480116766882108,0.0
1680,1625875201000.0,0.0,0.0,0.5,11.6514,0.0,0.0,11.464,1.0,1.0,1213.8527474299863,1050.0,1213.7590474299864,1050.0,0.004799346553636252,0.0
1681,1625878801000.0,0.0,0.0,0.2,11.7945,0.0,0.0,11.609,1.0,1.0,1213.9241507999866,1050.0,1213.8870507999866,1050.0,0.0019432021337127728,0.0
1682,1625882401000.0,0.0,0.0,0.2,11.6232,0.0,0.0,11.501,1.0,1.0,1213.9464945299862,1050.0,1213.9220545299863,1050.0,0.0019149443657317453,0.0
1683,1625886001000.0,0.0,0.0,1.2,11.2897,0.0,0.0,11.262,1.0,1.0,1213.945372229986,1050.0,1213.9121322299861,1050.0,0.011160007945920447,0.0
1684,1625889601000.0,0.0,0.0,1.2,11.2897,0.0,0.0,11.188,1.0,1.0,1213.945372229986,1050.0,1213.8233322299861,1050.0,0.011160007945920447,0.0
1685,1625893201000.0,0.0,0.0,2.8,11.124157142857143,0.0,0.0,10.924,1.0,1.0,1213.943612229986,1050.0,1213.383172229986,1050.0,0.02565822636751843,0.0
1686,1625896801000.0,0.0,0.0,1.2,11.124157142857143,0.0,0.0,11.141,1.0,1.0,1214.0583692814141,1050.0,1214.0785807099855,1050.0,0.010995343312306862,0.0
1687,1625900401000.0,0.0,0.0,0.7,11.124157142857143,0.0,0.0,11.199,1.0,1.0,1214.0942308599858,1050.0,1214.146620859986,1050.0,0.00641376081202878,0.0
1688,1625904001000.0,0.0,0.0,0.7,11.124157142857143,0.0,0.0,11.136,1.0,1.0,1214.0942308599858,1050.0,1214.1025208599858,1050.0,0.00641376081202878,0.0
1689,1625907601000.0,0.0,0.0,0.1,11.319,0.0,0.0,11.154,1.0,1.0,1214.210817229986,1050.0,1214.1943172299862,1050.0,0.0009322104398495115,0.0
1690,1625911201000.0,0.0,0.0,0.2,11.183,0.0,0.0,11.045,1.0,1.0,1214.2107067599861,1050.0,1214.1831067599862,1050.0,0.0018420196655720236,0.0
1691,1625914801000.0,0.0,0.0,0.5,11.021,0.0,0.0,10.829,1.0,1.0,1214.2103793699862,1050.0,1214.1143793699862,1050.0,0.004538340384521517,0.0
1692,1625918401000.0,0.0,0.0,0.5,11.021,0.0,0.0,10.929,1.0,1.0,1214.2103793699862,1050.0,1214.1643793699861,1050.0,0.004538340384521517,0.0
1693,1625922001000.0,0.0,0.0,0.5,11.021,0.0,0.0,11.005,1.0,1.0,1214.2103793699862,1050.0,1214.2023793699861,1050.0,0.004538340384521517,0.0
1694,1625925601000.0,0.0,0.0,0.1,11.154,0.0,0.0,10.986,1.0,1.0,1214.263711379987,1050.0,1214.2469113799868,1050.0,0.0009185813506131791,0.0
1695,1625929201000.0,0.0,0.0,0.1,11.154,0.0,0.0,10.993,1.0,1.0,1214.263711379987,1050.0,1214.247611379987,1050.0,0.0009185813506131791,0.0
1696,1625932801000.0,0.0,0.0,0.1,11.154,0.0,0.0,10.964,1.0,1.0,1214.263711379987,1050.0,1214.244711379987,1050.0,0.0009185813506131791,0.0
1697,1625936401000.0,0.0,0.0,0.1,11.174,0.0,0.0,10.977,1.0,1.0,1214.2847462699872,1050.0,1214.2650462699871,1050.0,0.0009202124982895522,0.0
1698,1625940001000.0,0.0,0.0,1.2,10.723583333333334,0.0,0.0,10.558,1.0,1.0,1214.2835711799871,1050.0,1214.0848711799872,1050.0,0.010597442232949882,0.0
1699,1625943601000.0,0.0,0.0,0.1,10.795,0.0,0.0,10.796,1.0,1.0,1214.366667949989,1050.0,1214.366767949989,1050.0,0.0008889407363447634,0.0
1700,1625947201000.0,0.0,0.0,0.1,10.795,0.0,0.0,10.669,1.0,1.0,1214.366667949989,1050.0,1214.354067949989,1050.0,0.0008889407363447634,0.0
1701,1625950801000.0,0.0,0.0,0.2,10.6655,0.0,0.0,10.672,1.0,1.0,1214.3665625899891,1050.0,1214.367862589989,1050.0,0.0017565536352141856,0.0
1702,1625954401000.0,0.0,0.0,0.1,10.829,0.0,0.0,10.797,1.0,1.0,1214.387224089989,1050.0,1214.384024089989,1050.0,0.0008917254550429581,0.0
1703,1625958001000.0,0.0,0.0,0.1,11.141,0.0,0.0,11.066,1.0,1.0,1214.4080644199892,1050.0,1214.4005644199892,1050.0,0.0009174016812315085,0.0
1704,1625961601000.0,0.0,0.0,0.1,11.141,0.0,0.0,11.031,1.0,1.0,1214.4080644199892,1050.0,1214.3970644199892,1050.0,0.0009174016812315085,0.0
1705,1625965201000.0,0.0,0.0,0.1,11.31,0.0,0.0,11.267,1.0,1.0,1214.422313779989,1050.0,1214.418013779989,1050.0,0.0009313069985346941,0.0
1706,1625968801000.0,0.0,0.0,0.1,11.465,0.0,0.0,11.255,1.0,1.0,1214.4367568399891,1050.0,1214.4157568399892,1050.0,0.0009440590409855816,0.0
1707,1625972401000.0,0.0,0.0,0.2,11.3275,0.0,0.0,11.127,1.0,1.0,1214.436644939989,1050.0,1214.396544939989,1050.0,0.001865474011706843,0.0
1708,1625976001000.0,0.0,0.0,0.5,11.1634,0.0,0.0,10.956,1.0,1.0,1214.436313319989,1050.0,1214.3326133199892,1050.0,0.004596124093770647,0.0
1709,1625979601000.0,0.0,0.0,1.2,11.003333333333334,0.0,0.0,10.931,1.0,1.0,1214.435551089989,1050.0,1214.348751089989,1050.0,0.010872540735610918,0.0
1710,1625983201000.0,0.0,0.0,1.2,11.003333333333334,0.0,0.0,10.981,1.0,1.0,1214.435551089989,1050.0,1214.408751089989,1050.0,0.010872540735610918,0.0
1711,1625986801000.0,0.0,0.0,1.2,11.003333333333334,0.0,0.0,10.823,1.0,1.0,1214.435551089989,1050.0,1214.219151089989,1050.0,0.010872540735610918,0.0
1712,1625990401000.0,0.0,0.0,1.2,11.003333333333334,0.0,0.0,10.857,1.0,1.0,1214.435551089989,1050.0,1214.259951089989,1050.0,0.010872540735610918,0.0
1713,1625994001000.0,0.0,0.0,1.2,11.003333333333334,0.0,0.0,11.023,1.0,1.0,1214.435551089989,1050.0,1214.459151089989,1050.0,0.010872540735610918,0.0
1714,1625997601000.0,0.0,0.0,0.3,11.003333333333334,0.0,0.0,11.019,1.0,1.0,1214.5058536599888,1050.0,1214.5105536599888,1050.0,0.0027179778426363542,0.0
1715,1626001201000.0,0.0,0.0,0.1,11.245,0.0,0.0,11.223,1.0,1.0,1214.5413626699888,1050.0,1214.5391626699889,1050.0,0.0009258638977333418,0.0
1716,1626004801000.0,0.0,0.0,0.1,11.245,0.0,0.0,11.18,1.0,1.0,1214.5413626699888,1050.0,1214.5348626699888,1050.0,0.0009258638977333418,0.0
1717,1626008401000.0,0.0,0.0,0.1,11.245,0.0,0.0,11.21,1.0,1.0,1214.5413626699888,1050.0,1214.5378626699887,1050.0,0.0009258638977333418,0.0
1718,1626012001000.0,0.0,0.0,0.1,11.245,0.0,0.0,11.247,1.0,1.0,1214.5413626699888,1050.0,1214.5415626699887,1050.0,0.0009258638977333418,0.0
1719,1626015601000.0,0.0,0.0,0.1,11.328,0.0,0.0,11.377,1.0,1.0,1214.5485361999886,1050.0,1214.5534361999885,1050.0,0.0009326922442673565,0.0
1720,1626019201000.0,0.0,0.0,0.1,11.717,0.0,0.0,11.726,1.0,1.0,1214.5777106599885,1050.0,1214.5786106599885,1050.0,0.0009646974332859369,0.0
1721,1626022801000.0,0.0,0.0,0.1,11.877,0.0,0.0,11.923,1.0,1.0,1214.5927372499887,1050.0,1214.5973372499886,1050.0,0.0009778586381877456,0.0
1722,1626026401000.0,0.0,0.0,0.1,12.067,0.0,0.0,11.98,1.0,1.0,1214.607956699989,1050.0,1214.599256699989,1050.0,0.0009934892928567056,0.0
1723,1626030001000.0,0.0,0.0,0.1,12.468,0.0,0.0,12.333,1.0,1.0,1214.623364759989,1050.0,1214.609864759989,1050.0,0.0010264910392583872,0.0
1724,1626033601000.0,0.0,0.0,0.1,12.597,0.0,0.0,12.485,1.0,1.0,1214.631313289989,1050.0,1214.6201132899891,1050.0,0.0010371048286149781,0.0
1725,1626037201000.0,0.0,0.0,0.1,12.687,0.0,0.0,12.53,1.0,1.0,1214.639359619989,1050.0,1214.623659619989,1050.0,0.0010445075651071643,0.0
1726,1626040801000.0,0.0,0.0,0.1,12.796,0.0,0.0,12.71,1.0,1.0,1214.663402249989,1050.0,1214.6548022499892,1050.0,0.001053460569923919,0.0
1727,1626044401000.0,0.0,0.0,0.2,12.642,0.0,0.0,12.467,1.0,1.0,1214.6632773699891,1050.0,1214.628277369989,1050.0,0.002081564534884546,0.0
1728,1626048001000.0,0.0,0.0,0.2,12.642,0.0,0.0,12.424,1.0,1.0,1214.6632773699891,1050.0,1214.6196773699892,1050.0,0.002081564534884546,0.0
1729,1626051601000.0,0.0,0.0,0.1,13.071,0.0,0.0,12.942,1.0,1.0,1214.7680733699892,1050.0,1214.7551733699893,1050.0,0.0010760078640969426,0.0
1730,1626055201000.0,0.0,0.0,0.1,13.205,0.0,0.0,13.213,1.0,1.0,1214.7764097499892,1050.0,1214.7772097499892,1050.0,0.0010870313165463673,0.0
1731,1626058801000.0,0.0,0.0,0.1,13.482,0.0,0.0,13.391,1.0,1.0,1214.8018065799893,1050.0,1214.7927065799893,1050.0,0.0011098106643383783,0.0
1732,1626062401000.0,0.0,0.0,0.1,13.578,0.0,0.0,13.408,1.0,1.0,1214.8104350899894,1050.0,1214.7934350899893,1050.0,0.0011177052491316627,0.0
1733,1626066001000.0,0.0,0.0,0.2,13.415,0.0,0.0,13.2,1.0,1.0,1214.8103025699893,1050.0,1214.7673025699894,1050.0,0.002208575276587616,0.0
1734,1626069601000.0,0.0,0.0,0.2,13.415,0.0,0.0,13.374,1.0,1.0,1214.8103025699893,1050.0,1214.8021025699893,1050.0,0.002208575276587616,0.0
1735,1626073201000.0,0.0,0.0,0.2,13.415,0.0,0.0,13.312,1.0,1.0,1214.8103025699893,1050.0,1214.7897025699892,1050.0,0.002208575276587616,0.0
1736,1626076801000.0,0.0,0.0,0.5,13.219999999999999,0.0,0.0,13.059,1.0,1.0,1214.8099098699893,1050.0,1214.7294098699892,1050.0,0.005441180505933979,0.0
1737,1626080401000.0,0.0,0.0,0.5,13.219999999999999,0.0,0.0,12.99,1.0,1.0,1214.8099098699893,1050.0,1214.6949098699893,1050.0,0.005441180505933979,0.0
1738,1626084001000.0,0.0,0.0,1.2,13.029250000000001,0.0,0.0,13.01,1.0,1.0,1214.8090073599892,1050.0,1214.785907359989,1050.0,0.012870418234696864,0.0
1739,1626087601000.0,0.0,0.0,1.2,13.029250000000001,0.0,0.0,12.807,1.0,1.0,1214.8090073599892,1050.0,1214.5423073599893,1050.0,0.012870418234696864,0.0
1740,1626091201000.0,0.0,0.0,1.8,12.835964285714288,0.0,0.0,12.813,1.0,1.0,1214.8897205142748,1050.0,1214.8483847999892,1050.0,0.019017969552417694,0.0
1741,1626094801000.0,0.0,0.0,0.1,13.263,0.0,0.0,13.155,1.0,1.0,1215.076197529989,1050.0,1215.065397529989,1050.0,0.0010915364836346125,0.0
1742,1626098401000.0,0.0,0.0,0.2,13.1035,0.0,0.0,13.117,1.0,1.0,1215.0760680899891,1050.0,1215.0787680899891,1050.0,0.002156819699460915,0.0
1743,1626102001000.0,0.0,0.0,0.2,13.1035,0.0,0.0,12.843,1.0,1.0,1215.0760680899891,1050.0,1215.023968089989,1050.0,0.002156819699460915,0.0
1744,1626105601000.0,0.0,0.0,1.2,12.726916666666668,0.0,0.0,12.412,1.0,1.0,1215.0748029299891,1050.0,1214.6969029299892,1050.0,0.012569020411889793,0.0
1745,1626109201000.0,0.0,0.0,2.8,12.53839285714286,0.0,0.0,12.498,1.0,1.0,1215.072819409989,1050.0,1214.959719409989,1050.0,0.02889333004506461,0.0
1746,1626112801000.0,0.0,0.0,2.8,12.53839285714286,0.0,0.0,12.397,1.0,1.0,1215.072819409989,1050.0,1214.676919409989,1050.0,0.02889333004506461,0.0
1747,1626116401000.0,0.0,0.0,6.5,12.334384615384616,0.0,0.0,12.264,1.0,1.0,1215.068312809989,1050.0,1214.610812809989,1050.0,0.06598270990590588,0.0
1748,1626120001000.0,0.0,0.0,0.5,12.334384615384616,0.0,0.0,12.188,1.0,1.0,1215.5914514276806,1050.0,1215.5182591199882,1050.0,0.005073408751311225,0.0
1749,1626123601000.0,0.0,0.0,0.5,12.334384615384616,0.0,0.0,12.116,1.0,1.0,1215.5914514276806,1050.0,1215.4822591199882,1050.0,0.005073408751311225,0.0
1750,1626127201000.0,0.0,0.0,0.5,12.334384615384616,0.0,0.0,12.203,1.0,1.0,1215.5914514276806,1050.0,1215.5257591199882,1050.0,0.005073408751311225,0.0
1751,1626130801000.0,0.0,0.0,0.5,12.334384615384616,0.0,0.0,12.257,1.0,1.0,1215.5914514276806,1050.0,1215.5527591199882,1050.0,0.005073408751311225,0.0
1752,1626134401000.0,0.0,0.0,0.5,12.334384615384616,0.0,0.0,12.089,1.0,1.0,1215.5914514276806,1050.0,1215.4687591199884,1050.0,0.005073408751311225,0.0
1753,1626138001000.0,0.0,0.0,2.8,11.977497252747256,0.0,0.0,11.925,1.0,1.0,1215.5887144476806,1050.0,1215.4417221399883,1050.0,0.027589094822199223,0.0
1754,1626141601000.0,0.0,0.0,2.8,11.977497252747256,0.0,0.0,11.801,1.0,1.0,1215.5887144476806,1050.0,1215.0945221399882,1050.0,0.027589094822199223,0.0
1755,1626145201000.0,0.0,0.0,2.8,11.977497252747256,0.0,0.0,11.889,1.0,1.0,1215.5887144476806,1050.0,1215.3409221399882,1050.0,0.027589094822199223,0.0
1756,1626148801000.0,0.0,0.0,1.3,11.977497252747256,0.0,0.0,11.882,1.0,1.0,1215.7046601685593,1050.0,1215.5805137399877,1050.0,0.012808000938659332,0.0
1757,1626152401000.0,0.0,0.0,1.1,11.977497252747256,0.0,0.0,12.048,1.0,1.0,1215.7201195980101,1050.0,1215.7976726199881,1050.0,0.01083740144267622,0.0
1758,1626156001000.0,0.0,0.0,2.3,11.804824892498807,0.0,0.0,11.583,1.0,1.0,1215.7263319527356,1050.0,1215.2161346999883,1050.0,0.02233323120437505,0.0
1759,1626159601000.0,0.0,0.0,1.3,11.804824892498807,0.0,0.0,11.839,1.0,1.0,1215.802318860237,1050.0,1215.8467464999885,1050.0,0.012622341742722558,0.0
1760,1626163201000.0,0.0,0.0,0.1,12.038,0.0,0.0,12.049,1.0,1.0,1215.9406384099898,1050.0,1215.9417384099897,1050.0,0.0009900154349427245,0.0
1761,1626166801000.0,0.0,0.0,0.1,12.218,0.0,0.0,12.203,1.0,1.0,1215.95605159999,1050.0,1215.9545515999898,1050.0,0.0010048060523176973,0.0
1762,1626170401000.0,0.0,0.0,0.2,12.071,0.0,0.0,12.065,1.0,1.0,1215.95593235999,1050.0,1215.95473235999,1050.0,0.001985433793899419,0.0
1763,1626174001000.0,0.0,0.0,0.1,12.154,0.0,0.0,11.939,1.0,1.0,1215.97136781999,1050.0,1215.94986781999,1050.0,0.0009995301140840063,0.0
1764,1626177601000.0,0.0,0.0,0.2,12.008,0.0,0.0,11.817,1.0,1.0,1215.97124919999,1050.0,1215.9330491999901,1050.0,0.0019750466975103705,0.0
1765,1626181201000.0,0.0,0.0,2.8,11.491857142857144,0.0,0.0,11.319,1.0,1.0,1215.96827163999,1050.0,1215.48427163999,1050.0,0.026462203620331515,0.0
1766,1626184801000.0,0.0,0.0,2.5,11.491857142857144,0.0,0.0,11.462,1.0,1.0,1215.9904674871327,1050.0,1215.9158246299899,1050.0,0.023626536247864847,0.0
1767,1626188401000.0,0.0,0.0,2.5,11.491857142857144,0.0,0.0,11.33,1.0,1.0,1215.9904674871327,1050.0,1215.58582462999,1050.0,0.023626536247864847,0.0
1768,1626192001000.0,0.0,0.0,2.5,11.491857142857144,0.0,0.0,11.475,1.0,1.0,1215.9904674871327,1050.0,1215.9483246299899,1050.0,0.023626536247864847,0.0
1769,1626195601000.0,0.0,0.0,2.5,11.491857142857144,0.0,0.0,11.39,1.0,1.0,1215.9904674871327,1050.0,1215.7358246299898,1050.0,0.023626536247864847,0.0
1770,1626199201000.0,0.0,0.0,2.5,11.491857142857144,0.0,0.0,11.378,1.0,1.0,1215.9904674871327,1050.0,1215.7058246299898,1050.0,0.023626536247864847,0.0
1771,1626202801000.0,0.0,0.0,5.8,11.310438423645321,0.0,0.0,11.005,1.0,1.0,1215.9867803971326,1050.0,1214.2152375399899,1050.0,0.05394840134340785,0.0
1772,1626206401000.0,0.0,0.0,13.5,11.099151322751323,0.0,0.0,10.835,1.0,1.0,1215.9783565971327,1050.0,1212.41231373999,1050.0,0.12322467915996474,0.0
1773,1626210001000.0,0.0,0.0,13.5,11.099151322751323,0.0,0.0,11.04,1.0,1.0,1215.9783565971327,1050.0,1215.1798137399899,1050.0,0.12322467915996474,0.0
1774,1626213601000.0,0.0,0.0,13.5,11.099151322751323,0.0,0.0,10.939,1.0,1.0,1215.9783565971327,1050.0,1213.8163137399897,1050.0,0.12322467915996474,0.0
1775,1626217201000.0,0.0,0.0,13.5,11.099151322751323,0.0,0.0,11.006,1.0,1.0,1215.9783565971327,1050.0,1214.7208137399898,1050.0,0.12322467915996474,0.0
1776,1626220801000.0,0.0,0.0,13.5,11.099151322751323,0.0,0.0,10.991,1.0,1.0,1215.9783565971327,1050.0,1214.5183137399897,1050.0,0.12322467915996474,0.0
1777,1626224401000.0,0.0,0.0,33.8,10.805371090448014,0.0,0.0,10.581,1.0,1.0,1215.9568182971327,1050.0,1208.3730754399899,1050.0,0.3003573296037038,0.0
1778,1626228001000.0,0.0,0.0,33.8,10.805371090448014,0.0,0.0,10.494,1.0,1.0,1215.9568182971327,1050.0,1205.4324754399897,1050.0,0.3003573296037038,0.0
1779,1626231601000.0,0.0,0.0,33.8,10.805371090448014,0.0,0.0,10.538,1.0,1.0,1215.9568182971327,1050.0,1206.9196754399898,1050.0,0.3003573296037038,0.0
1780,1626235201000.0,0.0,0.0,33.8,10.805371090448014,0.0,0.0,10.229,1.0,1.0,1215.9568182971327,1050.0,1196.4754754399899,1050.0,0.3003573296037038,0.0
1781,1626238801000.0,0.0,0.0,33.8,10.805371090448014,0.0,0.0,10.337,1.0,1.0,1215.9568182971327,1050.0,1200.1258754399898,1050.0,0.3003573296037038,0.0
1782,1626242401000.0,0.0,0.0,33.8,10.805371090448014,0.0,0.0,10.112,1.0,1.0,1215.9568182971327,1050.0,1192.5208754399898,1050.0,0.3003573296037038,0.0
1783,1626246001000.0,0.0,0.0,33.8,10.805371090448014,0.0,0.0,10.196,1.0,1.0,1215.9568182971327,1050.0,1195.3600754399897,1050.0,0.3003573296037038,0.0
1784,1626249601000.0,0.0,0.0,31.4,10.805371090448014,0.0,0.0,10.392,1.0,1.0,1214.979531870057,1050.0,1201.9996796299893,1050.0,0.2792546239176931,0.0
1785,1626253201000.0,0.0,0.0,33.9,10.766995641299932,0.0,0.0,10.146,1.0,1.0,1214.9769606200568,1050.0,1193.9252083799893,1050.0,0.30041816764475215,0.0
1786,1626256801000.0,0.0,0.0,31.5,10.766995641299932,0.0,0.0,10.477,1.0,1.0,1214.0229821509367,1050.0,1204.8881194499888,1050.0,0.2793689803961066,0.0
1787,1626260401000.0,0.0,0.0,31.5,10.766995641299932,0.0,0.0,10.701,1.0,1.0,1214.0229821509367,1050.0,1211.9441194499889,1050.0,0.2793689803961066,0.0
1788,1626264001000.0,0.0,0.0,31.5,10.766995641299932,0.0,0.0,10.585,1.0,1.0,1214.0229821509367,1050.0,1208.2901194499889,1050.0,0.2793689803961066,0.0
1789,1626267601000.0,0.0,0.0,34.0,10.7464841970867,0.0,0.0,10.384,1.0,1.0,1214.0203601409366,1050.0,1201.6958974399888,1050.0,0.3009673269882644,0.0
1790,1626271201000.0,0.0,0.0,2.2,10.7464841970867,0.0,0.0,10.862,1.0,1.0,1215.480439413579,1050.0,1215.7345741799882,1050.0,0.019450963147541227,0.0
1791,1626274801000.0,0.0,0.0,1.7,10.7464841970867,0.0,0.0,10.723,1.0,1.0,1215.5441535650357,1050.0,1215.5042304299884,1050.0,0.015029501874914766,0.0
1792,1626278401000.0,0.0,0.0,4.0,10.583480783761846,0.0,0.0,10.441,1.0,1.0,1215.5417470750356,1050.0,1214.971823939988,1050.0,0.034827206253438624,0.0
1793,1626282001000.0,0.0,0.0,4.0,10.583480783761846,0.0,0.0,10.518,1.0,1.0,1215.5417470750356,1050.0,1215.279823939988,1050.0,0.034827206253438624,0.0
1794,1626285601000.0,0.0,0.0,4.0,10.583480783761846,0.0,0.0,10.541,1.0,1.0,1215.5417470750356,1050.0,1215.3718239399882,1050.0,0.034827206253438624,0.0
1795,1626289201000.0,0.0,0.0,4.0,10.583480783761846,0.0,0.0,10.389,1.0,1.0,1215.5417470750356,1050.0,1214.7638239399882,1050.0,0.034827206253438624,0.0
1796,1626292801000.0,0.0,0.0,9.3,10.40483044462875,0.0,0.0,10.216,1.0,1.0,1215.5363039750355,1050.0,1213.7801808399881,1050.0,0.07960677342059438,0.0
1797,1626296401000.0,0.0,0.0,9.3,10.40483044462875,0.0,0.0,10.357,1.0,1.0,1215.5363039750355,1050.0,1215.0914808399882,1050.0,0.07960677342059438,0.0
1798,1626300001000.0,0.0,0.0,3.2,10.40483044462875,0.0,0.0,10.466,1.0,1.0,1216.1509292128003,1050.0,1216.3466717899882,1050.0,0.02737773464052175,0.0
1799,1626303601000.0,0.0,0.0,0.1,10.675,0.0,0.0,10.64,1.0,1.0,1216.5141868599878,1050.0,1216.5106868599878,1050.0,0.0008775072346302705,0.0
1800,1626307201000.0,0.0,0.0,0.2,10.547,0.0,0.0,10.44,1.0,1.0,1216.5140826699878,1050.0,1216.4926826699877,1050.0,0.001733970884554266,0.0
1801,1626310801000.0,0.0,0.0,0.1,10.58,0.0,0.0,10.528,1.0,1.0,1216.564143309988,1050.0,1216.5589433099879,1050.0,0.0008696623238635229,0.0
1802,1626314401000.0,0.0,0.0,0.2,10.603,0.0,0.0,10.394,1.0,1.0,1216.577610909988,1050.0,1216.535810909988,1050.0,0.0017430864919615054,0.0
1803,1626318001000.0,0.0,0.0,0.1,10.676,0.0,0.0,10.587,1.0,1.0,1216.591290689988,1050.0,1216.582390689988,1050.0,0.0008775338177823978,0.0
1804,1626321601000.0,0.0,0.0,0.5,10.395,0.0,0.0,10.261,1.0,1.0,1216.5908776999881,1050.0,1216.5238776999881,1050.0,0.004272183932388244,0.0
1805,1626325201000.0,0.0,0.0,1.2,10.24625,0.0,0.0,10.136,1.0,1.0,1216.590167899988,1050.0,1216.457867899988,1050.0,0.01010652586583354,0.0
1806,1626328801000.0,0.0,0.0,2.8,10.096964285714286,0.0,0.0,9.962,1.0,1.0,1216.588570299988,1050.0,1216.2106702999881,1050.0,0.023238340956161355,0.0
1807,1626332401000.0,0.0,0.0,2.8,10.096964285714286,0.0,0.0,9.911,1.0,1.0,1216.588570299988,1050.0,1216.067870299988,1050.0,0.023238340956161355,0.0
1808,1626336001000.0,0.0,0.0,2.8,10.096964285714286,0.0,0.0,9.973,1.0,1.0,1216.588570299988,1050.0,1216.2414702999881,1050.0,0.023238340956161355,0.0
1809,1626339601000.0,0.0,0.0,2.8,10.096964285714286,0.0,0.0,10.077,1.0,1.0,1216.588570299988,1050.0,1216.532670299988,1050.0,0.023238340956161355,0.0
1810,1626343201000.0,0.0,0.0,0.9,10.096964285714286,0.0,0.0,10.128,1.0,1.0,1216.7121071871309,1050.0,1216.7400393299881,1050.0,0.00746870833573881,0.0
1811,1626346801000.0,0.0,0.0,0.5,9.8978,0.0,0.0,9.817,1.0,1.0,1216.7701297699873,1050.0,1216.7297297699872,1050.0,0.004067243170191495,0.0
1812,1626350401000.0,0.0,0.0,0.5,9.8978,0.0,0.0,9.755,1.0,1.0,1216.7701297699873,1050.0,1216.6987297699873,1050.0,0.004067243170191495,0.0
1813,1626354001000.0,0.0,0.0,0.7,9.756166666666667,0.0,0.0,9.636,1.0,1.0,1216.8114785266544,1050.0,1216.7273618599877,1050.0,0.005612468970900713,0.0
1814,1626357601000.0,0.0,0.0,0.1,9.824,0.0,0.0,9.818,1.0,1.0,1216.921262099986,1050.0,1216.920662099986,1050.0,0.000807283125536583,0.0
1815,1626361201000.0,0.0,0.0,0.1,9.89,0.0,0.0,9.792,1.0,1.0,1216.927564309986,1050.0,1216.917764309986,1050.0,0.0008127024393278298,0.0
1816,1626364801000.0,0.0,0.0,0.1,9.89,0.0,0.0,9.768,1.0,1.0,1216.927564309986,1050.0,1216.9153643099862,1050.0,0.0008127024393278298,0.0
1817,1626368401000.0,0.0,0.0,0.4,9.630199999999999,0.0,0.0,9.623,1.0,1.0,1216.933464759986,1050.0,1216.930584759986,1050.0,0.003165399022665335,0.0
1818,1626372001000.0,0.0,0.0,0.4,9.630199999999999,0.0,0.0,9.526,1.0,1.0,1216.933464759986,1050.0,1216.891784759986,1050.0,0.003165399022665335,0.0
1819,1626375601000.0,0.0,0.0,0.4,9.630199999999999,0.0,0.0,9.588,1.0,1.0,1216.933464759986,1050.0,1216.916584759986,1050.0,0.003165399022665335,0.0
1820,1626379201000.0,0.0,0.0,0.4,9.630199999999999,0.0,0.0,9.597,1.0,1.0,1216.933464759986,1050.0,1216.9201847599861,1050.0,0.003165399022665335,0.0
1821,1626382801000.0,0.0,0.0,0.1,9.630199999999999,0.0,0.0,9.678,1.0,1.0,1216.952313939986,1050.0,1216.957093939986,1050.0,0.000791337498576375,0.0
1822,1626386401000.0,0.0,0.0,0.1,9.7,0.0,0.0,9.631,1.0,1.0,1216.9584999999859,1050.0,1216.9515999999858,1050.0,0.000797069086579379,0.0
1823,1626390001000.0,0.0,0.0,0.1,9.772,0.0,0.0,9.661,1.0,1.0,1216.964704639986,1050.0,1216.953604639986,1050.0,0.000802981381690182,0.0
1824,1626393601000.0,0.0,0.0,0.3,9.5144,0.0,0.0,9.591,1.0,1.0,1216.9766550999864,1050.0,1216.9996350999863,1050.0,0.002345418860779618,0.0
1825,1626397201000.0,0.0,0.0,0.1,9.719,0.0,0.0,9.697,1.0,1.0,1217.007364649987,1050.0,1217.0051646499871,1050.0,0.0007985982897314017,0.0
1826,1626400801000.0,0.0,0.0,0.1,9.798,0.0,0.0,9.846,1.0,1.0,1217.013568839987,1050.0,1217.018368839987,1050.0,0.000805085518425164,0.0
1827,1626404401000.0,0.0,0.0,0.1,10.029,0.0,0.0,10.029,1.0,1.0,1217.0323724499867,1050.0,1217.0323724499867,1050.0,0.000824053675730153,0.0
1828,1626408001000.0,0.0,0.0,0.1,10.143,0.0,0.0,10.041,1.0,1.0,1217.0387700699866,1050.0,1217.0285700699867,1050.0,0.0008334163421446896,0.0
1829,1626411601000.0,0.0,0.0,0.1,10.212,0.0,0.0,10.118,1.0,1.0,1217.0452658499864,1050.0,1217.0358658499865,1050.0,0.0008390813625874403,0.0
1830,1626415201000.0,0.0,0.0,0.2,10.089500000000001,0.0,0.0,9.917,1.0,1.0,1217.0451661799864,1050.0,1217.0106661799864,1050.0,0.0016580321388841351,0.0
1831,1626418801000.0,0.0,0.0,2.8,9.658071428571429,0.0,0.0,9.554,1.0,1.0,1217.0426637099865,1050.0,1216.7512637099865,1050.0,0.022219927703737492,0.0
1832,1626422401000.0,0.0,0.0,2.8,9.658071428571429,0.0,0.0,9.575,1.0,1.0,1217.0426637099865,1050.0,1216.8100637099865,1050.0,0.022219927703737492,0.0
1833,1626426001000.0,0.0,0.0,15.2,9.33111842105263,0.0,0.0,9.244,1.0,1.0,1217.0311846699865,1050.0,1215.7069846699865,1050.0,0.11654015261610555,0.0
1834,1626429601000.0,0.0,0.0,15.2,9.33111842105263,0.0,0.0,9.086,1.0,1.0,1217.0311846699865,1050.0,1213.3053846699866,1050.0,0.11654015261610555,0.0
1835,1626433201000.0,0.0,0.0,23.8,9.081287841191065,0.0,0.0,9.036,1.0,1.0,1217.978938350334,1050.0,1216.9010877299866,1050.0,0.177453520594606,0.0
1836,1626436801000.0,0.0,0.0,23.8,9.081287841191065,0.0,0.0,8.946,1.0,1.0,1217.978938350334,1050.0,1214.7590877299865,1050.0,0.177453520594606,0.0
1837,1626440401000.0,0.0,0.0,0.1,9.297,0.0,0.0,9.295,1.0,1.0,1219.9291840799854,1050.0,1219.9289840799854,1050.0,0.0007620934166774092,0.0
1838,1626444001000.0,0.0,0.0,0.1,9.433,0.0,0.0,9.366,1.0,1.0,1219.9411081499854,1050.0,1219.9344081499855,1050.0,0.0007732340468717332,0.0
1839,1626447601000.0,0.0,0.0,0.1,9.433,0.0,0.0,9.291,1.0,1.0,1219.9411081499854,1050.0,1219.9269081499854,1050.0,0.0007732340468717332,0.0
1840,1626451201000.0,0.0,0.0,0.1,9.497,0.0,0.0,9.535,1.0,1.0,1219.9471182299856,1050.0,1219.9509182299855,1050.0,0.0007784763665640806,0.0
1841,1626454801000.0,0.0,0.0,0.1,9.497,0.0,0.0,9.496,1.0,1.0,1219.9471182299856,1050.0,1219.9470182299856,1050.0,0.0007784763665640806,0.0
1842,1626458401000.0,0.0,0.0,0.1,9.561,0.0,0.0,9.562,1.0,1.0,1219.9532270199857,1050.0,1219.9533270199856,1050.0,0.0007837185711910387,0.0
1843,1626462001000.0,0.0,0.0,0.1,9.561,0.0,0.0,9.451,1.0,1.0,1219.9532270199857,1050.0,1219.9422270199857,1050.0,0.0007837185711910387,0.0
1844,1626465601000.0,0.0,0.0,0.2,9.4465,0.0,0.0,9.359,1.0,1.0,1219.9531336999858,1050.0,1219.9356336999858,1050.0,0.0015486660493833546,0.0
1845,1626469201000.0,0.0,0.0,0.5,9.31,0.0,0.0,9.178,1.0,1.0,1219.9528571299857,1050.0,1219.8868571299856,1050.0,0.0038157212164338667,0.0
1846,1626472801000.0,0.0,0.0,0.5,9.31,0.0,0.0,9.107,1.0,1.0,1219.9528571299857,1050.0,1219.8513571299857,1050.0,0.0038157212164338667,0.0
1847,1626476401000.0,0.0,0.0,1.2,9.177000000000001,0.0,0.0,8.983,1.0,1.0,1219.9522213899857,1050.0,1219.7194213899857,1050.0,0.009026910896110935,0.0
1848,1626480001000.0,0.0,0.0,2.8,9.043857142857146,0.0,0.0,8.892,1.0,1.0,1219.9507903499857,1050.0,1219.5255903499858,1050.0,0.02075723070168697,0.0
1849,1626483601000.0,0.0,0.0,0.6,8.903338461538462,0.0,0.0,9.071,1.0,1.0,1220.4957302169087,1050.0,1220.5963271399855,1050.0,0.004376912548455771,0.0
1850,1626487201000.0,0.0,0.0,0.2,8.902999999999999,0.0,0.0,8.808,1.0,1.0,1220.559008479985,1050.0,1220.540008479985,1050.0,0.0014588397509903745,0.0
1851,1626490801000.0,0.0,0.0,0.2,8.902999999999999,0.0,0.0,8.739,1.0,1.0,1220.559008479985,1050.0,1220.5262084799851,1050.0,0.0014588397509903745,0.0
1852,1626494401000.0,0.0,0.0,0.2,8.774000000000001,0.0,0.0,8.762,1.0,1.0,1220.5758828799846,1050.0,1220.5734828799846,1050.0,0.001437682019293629,0.0
1853,1626498001000.0,0.0,0.0,0.1,8.924,0.0,0.0,8.892,1.0,1.0,1220.592839699984,1050.0,1220.589639699984,1050.0,0.0007311201335732459,0.0
1854,1626501601000.0,0.0,0.0,0.1,9.127,0.0,0.0,9.092,1.0,1.0,1220.6100963299843,1050.0,1220.6065963299843,1050.0,0.0007477408246451677,0.0
1855,1626505201000.0,0.0,0.0,0.1,9.19,0.0,0.0,9.207,1.0,1.0,1220.6159125599845,1050.0,1220.6176125599845,1050.0,0.0007528985904112878,0.0
1856,1626508801000.0,0.0,0.0,0.1,9.19,0.0,0.0,9.059,1.0,1.0,1220.6159125599845,1050.0,1220.6028125599846,1050.0,0.0007528985904112878,0.0
1857,1626512401000.0,0.0,0.0,0.1,9.213,0.0,0.0,9.062,1.0,1.0,1220.6332644599845,1050.0,1220.6181644599844,1050.0,0.0007547721554250683,0.0
1858,1626516001000.0,0.0,0.0,0.2,9.1025,0.0,0.0,8.939,1.0,1.0,1220.6331745399846,1050.0,1220.6004745399846,1050.0,0.0014914390645544146,0.0
1859,1626519601000.0,0.0,0.0,1.2,8.842583333333334,0.0,0.0,8.717,1.0,1.0,1220.6322954799846,1050.0,1220.4815954799847,1050.0,0.008693117525476777,0.0
1860,1626523201000.0,0.0,0.0,1.2,8.842583333333334,0.0,0.0,8.832,1.0,1.0,1220.6322954799846,1050.0,1220.6195954799846,1050.0,0.008693117525476777,0.0
1861,1626526801000.0,0.0,0.0,0.1,8.903,0.0,0.0,8.89,1.0,1.0,1220.7012383299834,1050.0,1220.6999383299835,1050.0,0.000729334887230885,0.0
1862,1626530401000.0,0.0,0.0,0.1,8.972,0.0,0.0,8.9,1.0,1.0,1220.7069589899836,1050.0,1220.6997589899836,1050.0,0.0007349839315590909,0.0
1863,1626534001000.0,0.0,0.0,0.1,8.972,0.0,0.0,8.829,1.0,1.0,1220.7069589899836,1050.0,1220.6926589899836,1050.0,0.0007349839315590909,0.0
1864,1626537601000.0,0.0,0.0,0.1,8.972,0.0,0.0,8.93,1.0,1.0,1220.7069589899836,1050.0,1220.7027589899835,1050.0,0.0007349839315590909,0.0
1865,1626541201000.0,0.0,0.0,0.1,9.065,0.0,0.0,9.008,1.0,1.0,1220.7126780299839,1050.0,1220.706978029984,1050.0,0.0007425989885375254,0.0
1866,1626544801000.0,0.0,0.0,0.1,9.065,0.0,0.0,8.947,1.0,1.0,1220.7126780299839,1050.0,1220.7008780299839,1050.0,0.0007425989885375254,0.0
1867,1626548401000.0,0.0,0.0,0.1,9.126,0.0,0.0,9.094,1.0,1.0,1220.718495519984,1050.0,1220.7152955199838,1050.0,0.0007475925066665463,0.0
1868,1626552001000.0,0.0,0.0,0.1,9.19,0.0,0.0,9.137,1.0,1.0,1220.724311759984,1050.0,1220.719011759984,1050.0,0.0007528317337065469,0.0
1869,1626555601000.0,0.0,0.0,0.1,9.19,0.0,0.0,9.032,1.0,1.0,1220.724311759984,1050.0,1220.708511759984,1050.0,0.0007528317337065469,0.0
1870,1626559201000.0,0.0,0.0,0.1,9.19,0.0,0.0,9.021,1.0,1.0,1220.724311759984,1050.0,1220.7074117599839,1050.0,0.0007528317337065469,0.0
1871,1626562801000.0,0.0,0.0,0.5,8.9478,0.0,0.0,8.859,1.0,1.0,1220.7239562699838,1050.0,1220.6795562699838,1050.0,0.0036649563376066996,0.0
1872,1626566401000.0,0.0,0.0,0.5,8.9478,0.0,0.0,8.834,1.0,1.0,1220.7239562699838,1050.0,1220.6670562699837,1050.0,0.0036649563376066996,0.0
1873,1626570001000.0,0.0,0.0,0.1,9.347,0.0,0.0,9.306,1.0,1.0,1220.793739579984,1050.0,1220.789639579984,1050.0,0.0007656494047238356,0.0
1874,1626573601000.0,0.0,0.0,0.1,9.41,0.0,0.0,9.426,1.0,1.0,1220.799751389984,1050.0,1220.8013513899841,1050.0,0.0007708061858045038,0.0
1875,1626577201000.0,0.0,0.0,0.1,9.41,0.0,0.0,9.391,1.0,1.0,1220.799751389984,1050.0,1220.797851389984,1050.0,0.0007708061858045038,0.0
1876,1626580801000.0,0.0,0.0,0.1,9.474,0.0,0.0,9.423,1.0,1.0,1220.805761929984,1050.0,1220.800661929984,1050.0,0.0007760448300164031,0.0
1877,1626584401000.0,0.0,0.0,0.1,9.474,0.0,0.0,9.334,1.0,1.0,1220.805761929984,1050.0,1220.7917619299842,1050.0,0.0007760448300164031,0.0
1878,1626588001000.0,0.0,0.0,0.1,9.474,0.0,0.0,9.301,1.0,1.0,1220.805761929984,1050.0,1220.7884619299841,1050.0,0.0007760448300164031,0.0
1879,1626591601000.0,0.0,0.0,0.2,9.3605,0.0,0.0,9.174,1.0,1.0,1220.805669459984,1050.0,1220.7683694599841,1050.0,0.0015334954995975011,0.0
1880,1626595201000.0,0.0,0.0,0.2,9.3605,0.0,0.0,9.289,1.0,1.0,1220.805669459984,1050.0,1220.791369459984,1050.0,0.0015334954995975011,0.0
1881,1626598801000.0,0.0,0.0,0.1,9.3605,0.0,0.0,9.303,1.0,1.0,1220.811725239984,1050.0,1220.805975239984,1050.0,0.0007667439463820628,0.0
1882,1626602401000.0,0.0,0.0,0.1,9.3605,0.0,0.0,9.34,1.0,1.0,1220.811725239984,1050.0,1220.809675239984,1050.0,0.0007667439463820628,0.0
1883,1626606001000.0,0.0,0.0,0.1,9.3605,0.0,0.0,9.359,1.0,1.0,1220.811725239984,1050.0,1220.811575239984,1050.0,0.0007667439463820628,0.0
1884,1626609601000.0,0.0,0.0,0.1,9.423,0.0,0.0,9.394,1.0,1.0,1220.817686789984,1050.0,1220.814786789984,1050.0,0.0007718597217228086,0.0
1885,1626613201000.0,0.0,0.0,0.1,9.423,0.0,0.0,9.318,1.0,1.0,1220.817686789984,1050.0,1220.807186789984,1050.0,0.0007718597217228086,0.0
1886,1626616801000.0,0.0,0.0,0.1,9.423,0.0,0.0,9.278,1.0,1.0,1220.817686789984,1050.0,1220.803186789984,1050.0,0.0007718597217228086,0.0
1887,1626620401000.0,0.0,0.0,1.2,9.04375,0.0,0.0,8.935,1.0,1.0,1220.8166957699839,1050.0,1220.686195769984,1050.0,0.008889540942225726,0.0
1888,1626624001000.0,0.0,0.0,1.2,9.04375,0.0,0.0,9.016,1.0,1.0,1220.8166957699839,1050.0,1220.7833957699838,1050.0,0.008889540942225726,0.0
1889,1626627601000.0,0.0,0.0,1.2,9.04375,0.0,0.0,8.943,1.0,1.0,1220.8166957699839,1050.0,1220.695795769984,1050.0,0.008889540942225726,0.0
1890,1626631201000.0,0.0,0.0,1.2,9.04375,0.0,0.0,8.932,1.0,1.0,1220.8166957699839,1050.0,1220.682595769984,1050.0,0.008889540942225726,0.0
1891,1626634801000.0,0.0,0.0,1.2,9.04375,0.0,0.0,8.956,1.0,1.0,1220.8166957699839,1050.0,1220.711395769984,1050.0,0.008889540942225726,0.0
1892,1626638401000.0,0.0,0.0,1.2,9.04375,0.0,0.0,8.911,1.0,1.0,1220.8166957699839,1050.0,1220.6573957699839,1050.0,0.008889540942225726,0.0
1893,1626642001000.0,0.0,0.0,1.2,9.04375,0.0,0.0,8.902,1.0,1.0,1220.8166957699839,1050.0,1220.6465957699838,1050.0,0.008889540942225726,0.0
1894,1626645601000.0,0.0,0.0,1.2,9.04375,0.0,0.0,8.98,1.0,1.0,1220.8166957699839,1050.0,1220.740195769984,1050.0,0.008889540942225726,0.0
1895,1626649201000.0,0.0,0.0,2.8,8.913035714285714,0.0,0.0,8.848,1.0,1.0,1220.815285369984,1050.0,1220.633185369984,1050.0,0.020442486508052367,0.0
1896,1626652801000.0,0.0,0.0,1.4,8.913035714285714,0.0,0.0,8.87,1.0,1.0,1220.896579289984,1050.0,1220.836329289984,1050.0,0.010220562668180102,0.0
1897,1626656401000.0,0.0,0.0,3.3,8.781742424242424,0.0,0.0,8.721,1.0,1.0,1220.894929139984,1050.0,1220.694479139984,1050.0,0.02373648158274664,0.0
1898,1626660001000.0,0.0,0.0,3.3,8.781742424242424,0.0,0.0,8.729,1.0,1.0,1220.894929139984,1050.0,1220.720879139984,1050.0,0.02373648158274664,0.0
1899,1626663601000.0,0.0,0.0,3.3,8.781742424242424,0.0,0.0,8.685,1.0,1.0,1220.894929139984,1050.0,1220.575679139984,1050.0,0.02373648158274664,0.0
1900,1626667201000.0,0.0,0.0,3.3,8.781742424242424,0.0,0.0,8.673,1.0,1.0,1220.894929139984,1050.0,1220.536079139984,1050.0,0.02373648158274664,0.0
1901,1626670801000.0,0.0,0.0,3.3,8.781742424242424,0.0,0.0,8.742,1.0,1.0,1220.894929139984,1050.0,1220.763779139984,1050.0,0.02373648158274664,0.0
1902,1626674401000.0,0.0,0.0,2.3,8.781742424242424,0.0,0.0,8.808,1.0,1.0,1220.9523027157416,1050.0,1221.012695139984,1050.0,0.016542830977779817,0.0
1903,1626678001000.0,0.0,0.0,2.3,8.781742424242424,0.0,0.0,8.809,1.0,1.0,1220.9523027157416,1050.0,1221.014995139984,1050.0,0.016542830977779817,0.0
1904,1626681601000.0,0.0,0.0,2.3,8.781742424242424,0.0,0.0,8.666,1.0,1.0,1220.9523027157416,1050.0,1220.686095139984,1050.0,0.016542830977779817,0.0
1905,1626685201000.0,0.0,0.0,5.4,8.647556958473626,0.0,0.0,8.548,1.0,1.0,1220.9496528357415,1050.0,1220.4120452599839,1050.0,0.038246300711336424,0.0
1906,1626688801000.0,0.0,0.0,5.4,8.647556958473626,0.0,0.0,8.482,1.0,1.0,1220.9496528357415,1050.0,1220.055645259984,1050.0,0.038246300711336424,0.0
1907,1626692401000.0,0.0,0.0,12.6,8.49866726791727,0.0,0.0,8.354,1.0,1.0,1220.9436141957415,1050.0,1219.1208066199838,1050.0,0.0877052849375811,0.0
1908,1626696001000.0,0.0,0.0,12.6,8.49866726791727,0.0,0.0,8.309,1.0,1.0,1220.9436141957415,1050.0,1218.5538066199838,1050.0,0.0877052849375811,0.0
1909,1626699601000.0,0.0,0.0,44.4,8.265446116571118,0.0,0.0,8.138,1.0,1.0,1220.9176239357414,1050.0,1215.2590163599837,1050.0,0.30058195604773463,0.0
1910,1626703201000.0,0.0,0.0,44.4,8.265446116571118,0.0,0.0,8.076,1.0,1.0,1220.9176239357414,1050.0,1212.5062163599837,1050.0,0.30058195604773463,0.0
1911,1626706801000.0,0.0,0.0,20.2,8.265446116571118,0.0,0.0,8.326,1.0,1.0,1222.2176935147206,1050.0,1223.4408819599842,1050.0,0.1366057883474141,0.0
1912,1626710401000.0,0.0,0.0,0.5,8.265446116571118,0.0,0.0,8.309,1.0,1.0,1223.8699552182688,1050.0,1223.8917321599833,1050.0,0.003376766494401373,0.0
1913,1626714001000.0,0.0,0.0,0.1,8.383,0.0,0.0,8.28,1.0,1.0,1223.9020652399827,1050.0,1223.8917652399828,1050.0,0.0006849404244085707,0.0
1914,1626717601000.0,0.0,0.0,0.1,8.383,0.0,0.0,8.279,1.0,1.0,1223.9020652399827,1050.0,1223.8916652399828,1050.0,0.0006849404244085707,0.0
1915,1626721201000.0,0.0,0.0,0.2,8.282499999999999,0.0,0.0,8.138,1.0,1.0,1223.9019834199826,1050.0,1223.8730834199825,1050.0,0.0013534580566420824,0.0
1916,1626724801000.0,0.0,0.0,0.1,8.221,0.0,0.0,8.225,1.0,1.0,1223.9283478699822,1050.0,1223.928747869982,1050.0,0.0006716896470538581,0.0
1917,1626728401000.0,0.0,0.0,0.1,8.221,0.0,0.0,8.142,1.0,1.0,1223.9283478699822,1050.0,1223.9204478699821,1050.0,0.0006716896470538581,0.0
1918,1626732001000.0,0.0,0.0,0.2,8.1785,0.0,0.0,8.084,1.0,1.0,1223.933501549982,1050.0,1223.914601549982,1050.0,0.0013364288157228796,0.0
1919,1626735601000.0,0.0,0.0,0.1,8.235,0.0,0.0,8.192,1.0,1.0,1223.9439545599819,1050.0,1223.9396545599818,1050.0,0.0006728249254648717,0.0
1920,1626739201000.0,0.0,0.0,0.1,8.292,0.0,0.0,8.181,1.0,1.0,1223.9491887499819,1050.0,1223.938088749982,1050.0,0.0006774791042158058,0.0
1921,1626742801000.0,0.0,0.0,0.2,8.192499999999999,0.0,0.0,8.095,1.0,1.0,1223.949107819982,1050.0,1223.9296078199818,1050.0,0.0013386994520698569,0.0
1922,1626746401000.0,0.0,0.0,0.5,8.074,0.0,0.0,7.925,1.0,1.0,1223.9488679699818,1050.0,1223.874367969982,1050.0,0.0032983404010133942,0.0
1923,1626750001000.0,0.0,0.0,1.2,7.959083333333334,0.0,0.0,7.804,1.0,1.0,1223.9483165799818,1050.0,1223.762216579982,1050.0,0.0078033523724985445,0.0
1924,1626753601000.0,0.0,0.0,6.5,7.724784615384616,0.0,0.0,7.563,1.0,1.0,1223.9442505599818,1050.0,1222.8926505599818,1050.0,0.041024009040466755,0.0
1925,1626757201000.0,0.0,0.0,6.5,7.724784615384616,0.0,0.0,7.568,1.0,1.0,1223.9442505599818,1050.0,1222.9251505599818,1050.0,0.041024009040466755,0.0
1926,1626760801000.0,0.0,0.0,6.5,7.724784615384616,0.0,0.0,7.618,1.0,1.0,1223.9442505599818,1050.0,1223.2501505599819,1050.0,0.041024009040466755,0.0
1927,1626764401000.0,0.0,0.0,6.5,7.724784615384616,0.0,0.0,7.591,1.0,1.0,1223.9442505599818,1050.0,1223.0746505599818,1050.0,0.041024009040466755,0.0
1928,1626768001000.0,0.0,0.0,6.5,7.724784615384616,0.0,0.0,7.637,1.0,1.0,1223.9442505599818,1050.0,1223.3736505599818,1050.0,0.041024009040466755,0.0
1929,1626771601000.0,0.0,0.0,15.2,7.589256578947369,0.0,0.0,7.424,1.0,1.0,1223.937735999982,1050.0,1221.425835999982,1050.0,0.09425046438800357,0.0
1930,1626775201000.0,0.0,0.0,49.8,7.382032128514057,0.0,0.0,7.302,1.0,1.0,1223.9125091499818,1050.0,1219.9269091499818,1050.0,0.3003688558223161,0.0
1931,1626778801000.0,0.0,0.0,2.4,7.382032128514057,0.0,0.0,7.445,1.0,1.0,1226.1983633184147,1050.0,1226.349486209981,1050.0,0.014448622375002372,0.0
1932,1626782401000.0,0.0,0.0,0.1,7.486,0.0,0.0,7.47,1.0,1.0,1226.3827723199802,1050.0,1226.3811723199801,1050.0,0.0006104130104370709,0.0
1933,1626786001000.0,0.0,0.0,0.1,7.486,0.0,0.0,7.481,1.0,1.0,1226.3827723199802,1050.0,1226.38227231998,1050.0,0.0006104130104370709,0.0
1934,1626789601000.0,0.0,0.0,0.1,7.486,0.0,0.0,7.391,1.0,1.0,1226.3827723199802,1050.0,1226.3732723199803,1050.0,0.0006104130104370709,0.0
1935,1626793201000.0,0.0,0.0,0.1,7.486,0.0,0.0,7.503,1.0,1.0,1226.3827723199802,1050.0,1226.3844723199802,1050.0,0.0006104130104370709,0.0
1936,1626796801000.0,0.0,0.0,0.1,7.651,0.0,0.0,7.657,1.0,1.0,1226.3972168999799,1050.0,1226.39781689998,1050.0,0.0006238598632292873,0.0
1937,1626800401000.0,0.0,0.0,0.1,7.702,0.0,0.0,7.538,1.0,1.0,1226.40206286998,1050.0,1226.38566286998,1050.0,0.0006280159038526133,0.0
1938,1626804001000.0,0.0,0.0,0.1,7.702,0.0,0.0,7.61,1.0,1.0,1226.40206286998,1050.0,1226.39286286998,1050.0,0.0006280159038526133,0.0
1939,1626807601000.0,0.0,0.0,0.1,7.761,0.0,0.0,7.757,1.0,1.0,1226.40700772998,1050.0,1226.4066077299801,1050.0,0.0006328241726509077,0.0
1940,1626811201000.0,0.0,0.0,0.1,7.817,0.0,0.0,7.727,1.0,1.0,1226.4119514399802,1050.0,1226.4029514399801,1050.0,0.0006373877872619997,0.0
1941,1626814801000.0,0.0,0.0,0.1,7.817,0.0,0.0,7.75,1.0,1.0,1226.4119514399802,1050.0,1226.4052514399802,1050.0,0.0006373877872619997,0.0
1942,1626818401000.0,0.0,0.0,0.1,7.817,0.0,0.0,7.751,1.0,1.0,1226.4119514399802,1050.0,1226.4053514399802,1050.0,0.0006373877872619997,0.0
1943,1626822001000.0,0.0,0.0,0.2,7.723,0.0,0.0,7.591,1.0,1.0,1226.4118751499802,1050.0,1226.3854751499803,1050.0,0.001259446382815812,0.0
1944,1626825601000.0,0.0,0.0,0.5,7.6114,0.0,0.0,7.547,1.0,1.0,1226.4116490399801,1050.0,1226.37944903998,1050.0,0.003103117948185713,0.0
1945,1626829201000.0,0.0,0.0,2.8,7.395678571428572,0.0,0.0,7.247,1.0,1.0,1226.4099588199801,1050.0,1225.99365881998,1050.0,0.016884973781462607,0.0
1946,1626832801000.0,0.0,0.0,6.5,7.283723076923076,0.0,0.0,7.214,1.0,1.0,1226.4072951899802,1050.0,1225.9540951899803,1050.0,0.03860397780222434,0.0
1947,1626836401000.0,0.0,0.0,0.8,7.283723076923076,0.0,0.0,7.314,1.0,1.0,1226.6899932415197,1050.0,1226.7142147799811,1050.0,0.004750163850396066,0.0
1948,1626840001000.0,0.0,0.0,0.1,7.333,0.0,0.0,7.311,1.0,1.0,1226.7279548899824,1050.0,1226.7257548899825,1050.0,0.00059776904657379,0.0
1949,1626843601000.0,0.0,0.0,0.1,7.934,0.0,0.0,7.828,1.0,1.0,1226.7764249799832,1050.0,1226.765824979983,1050.0,0.0006467356103724815,0.0
1950,1626847201000.0,0.0,0.0,0.1,7.934,0.0,0.0,7.849,1.0,1.0,1226.7764249799832,1050.0,1226.7679249799833,1050.0,0.0006467356103724815,0.0
1951,1626850801000.0,0.0,0.0,0.1,7.988,0.0,0.0,7.94,1.0,1.0,1226.7814652399834,1050.0,1226.7766652399835,1050.0,0.0006511347152149372,0.0
1952,1626854401000.0,0.0,0.0,0.1,8.043,0.0,0.0,7.955,1.0,1.0,1226.7866043999834,1050.0,1226.7778043999833,1050.0,0.0006556152448317448,0.0
1953,1626858001000.0,0.0,0.0,0.2,7.9464999999999995,0.0,0.0,7.962,1.0,1.0,1226.7865258999834,1050.0,1226.7896258999833,1050.0,0.0012954984151248912,0.0
1954,1626861601000.0,0.0,0.0,0.1,8.14,0.0,0.0,8.148,1.0,1.0,1226.8070617799835,1050.0,1226.8078617799836,1050.0,0.0006635110160019468,0.0
1955,1626865201000.0,0.0,0.0,0.2,8.248000000000001,0.0,0.0,8.139,1.0,1.0,1226.8174503999833,1050.0,1226.7956503999833,1050.0,0.0013446173262877668,0.0
1956,1626868801000.0,0.0,0.0,0.5,8.1286,0.0,0.0,8.082,1.0,1.0,1226.8172089299833,1050.0,1226.7939089299832,1050.0,0.0033128814711890445,0.0
1957,1626872401000.0,0.0,0.0,0.1,8.184,0.0,0.0,8.005,1.0,1.0,1226.8434179899825,1050.0,1226.8255179899825,1050.0,0.0006670777933021298,0.0
1958,1626876001000.0,0.0,0.0,0.1,8.184,0.0,0.0,8.105,1.0,1.0,1226.8434179899825,1050.0,1226.8355179899825,1050.0,0.0006670777933021298,0.0
1959,1626879601000.0,0.0,0.0,0.1,8.243,0.0,0.0,8.272,1.0,1.0,1226.8486531799824,1050.0,1226.8515531799824,1050.0,0.0006718840158999406,0.0
1960,1626883201000.0,0.0,0.0,0.1,8.429,0.0,0.0,8.43,1.0,1.0,1226.8645512599824,1050.0,1226.8646512599823,1050.0,0.0006870359072110666,0.0
1961,1626886801000.0,0.0,0.0,0.1,8.554,0.0,0.0,8.452,1.0,1.0,1226.8754105099822,1050.0,1226.8652105099823,1050.0,0.000697218309758471,0.0
1962,1626890401000.0,0.0,0.0,0.1,8.386,0.0,0.0,8.374,1.0,1.0,1226.9063760699833,1050.0,1226.9051760699833,1050.0,0.0006835077364959149,0.0
1963,1626894001000.0,0.0,0.0,1.2,8.19875,0.0,0.0,8.079,1.0,1.0,1226.9162383899832,1050.0,1226.772538389983,1050.0,0.008018884820458925,0.0
1964,1626897601000.0,0.0,0.0,2.8,8.080607142857144,0.0,0.0,7.912,1.0,1.0,1226.914959669983,1050.0,1226.4428596699831,1050.0,0.01844113140986225,0.0
1965,1626901201000.0,0.0,0.0,2.8,8.080607142857144,0.0,0.0,7.996,1.0,1.0,1226.914959669983,1050.0,1226.678059669983,1050.0,0.01844113140986225,0.0
1966,1626904801000.0,0.0,0.0,2.8,8.080607142857144,0.0,0.0,8.052,1.0,1.0,1226.914959669983,1050.0,1226.8348596699832,1050.0,0.01844113140986225,0.0
1967,1626908401000.0,0.0,0.0,0.1,8.296,0.0,0.0,8.319,1.0,1.0,1227.1209648899821,1050.0,1227.1232648899822,1050.0,0.0006760539700129546,0.0
1968,1626912001000.0,0.0,0.0,0.1,8.473,0.0,0.0,8.481,1.0,1.0,1227.136960329982,1050.0,1227.137760329982,1050.0,0.000690468975665241,0.0
1969,1626915601000.0,0.0,0.0,0.2,8.5145,0.0,0.0,8.414,1.0,1.0,1227.1477334499818,1050.0,1227.1276334499819,1050.0,0.001387689479906789,0.0
1970,1626919201000.0,0.0,0.0,0.5,8.3912,0.0,0.0,8.387,1.0,1.0,1227.1474841799818,1050.0,1227.1453841799819,1050.0,0.0034189859443045107,0.0
1971,1626922801000.0,0.0,0.0,0.5,8.3912,0.0,0.0,8.278,1.0,1.0,1227.1474841799818,1050.0,1227.090884179982,1050.0,0.0034189859443045107,0.0
1972,1626926401000.0,0.0,0.0,0.4,8.3912,0.0,0.0,8.318,1.0,1.0,1227.152879719982,1050.0,1227.123599719982,1050.0,0.002735176729378575,0.0
1973,1626930001000.0,0.0,0.0,0.1,8.508,0.0,0.0,8.462,1.0,1.0,1227.1798072999823,1050.0,1227.1752072999823,1050.0,0.000693296935737489,0.0
1974,1626933601000.0,0.0,0.0,0.2,8.405999999999999,0.0,0.0,8.306,1.0,1.0,1227.1797242599823,1050.0,1227.1597242599823,1050.0,0.0013699704833485594,0.0
1975,1626937201000.0,0.0,0.0,0.1,8.526,0.0,0.0,8.528,1.0,1.0,1227.1958999199824,1050.0,1227.1960999199823,1050.0,0.0006947546027945438,0.0
1976,1626940801000.0,0.0,0.0,0.1,8.713,0.0,0.0,8.683,1.0,1.0,1227.2123811099818,1050.0,1227.209381109982,1050.0,0.0007099830586877975,0.0
1977,1626944401000.0,0.0,0.0,0.1,8.839,0.0,0.0,8.832,1.0,1.0,1227.2235289999817,1050.0,1227.2228289999816,1050.0,0.0007202436875703133,0.0
1978,1626948001000.0,0.0,0.0,0.2,8.733,0.0,0.0,8.619,1.0,1.0,1227.2234427299816,1050.0,1227.2006427299816,1050.0,0.0014232127086120973,0.0
1979,1626951601000.0,0.0,0.0,0.2,8.733,0.0,0.0,8.696,1.0,1.0,1227.2234427299816,1050.0,1227.2160427299816,1050.0,0.0014232127086120973,0.0
1980,1626955201000.0,0.0,0.0,0.2,8.733,0.0,0.0,8.651,1.0,1.0,1227.2234427299816,1050.0,1227.2070427299816,1050.0,0.0014232127086120973,0.0
1981,1626958801000.0,0.0,0.0,0.2,8.6064,0.0,0.0,8.653,1.0,1.0,1227.2399071799819,1050.0,1227.2492271799817,1050.0,0.001402561952173842,0.0
1982,1626962401000.0,0.0,0.0,0.1,8.713,0.0,0.0,8.549,1.0,1.0,1227.2556663199819,1050.0,1227.2392663199819,1050.0,0.0007099580176416364,0.0
1983,1626966001000.0,0.0,0.0,0.2,8.6085,0.0,0.0,8.606,1.0,1.0,1227.255581279982,1050.0,1227.2550812799818,1050.0,0.001402886266122604,0.0
1984,1626969601000.0,0.0,0.0,0.1,8.853,0.0,0.0,8.84,1.0,1.0,1227.2833939799818,1050.0,1227.282093979982,1050.0,0.0007213492860267936,0.0
1985,1626973201000.0,0.0,0.0,0.1,8.853,0.0,0.0,8.75,1.0,1.0,1227.2833939799818,1050.0,1227.273093979982,1050.0,0.0007213492860267936,0.0
1986,1626976801000.0,0.0,0.0,0.1,8.853,0.0,0.0,8.754,1.0,1.0,1227.2833939799818,1050.0,1227.2734939799818,1050.0,0.0007213492860267936,0.0
1987,1626980401000.0,0.0,0.0,0.2,8.747,0.0,0.0,8.725,1.0,1.0,1227.2833075699818,1050.0,1227.2789075699818,1050.0,0.0014254247484745866,0.0
1988,1626984001000.0,0.0,0.0,0.2,8.747,0.0,0.0,8.747,1.0,1.0,1227.2833075699818,1050.0,1227.2833075699818,1050.0,0.0014254247484745866,0.0
1989,1626987601000.0,0.0,0.0,0.5,8.6204,0.0,0.0,8.534,1.0,1.0,1227.2830514899817,1050.0,1227.2398514899817,1050.0,0.003511985270852723,0.0
1990,1626991201000.0,0.0,0.0,0.5,8.6204,0.0,0.0,8.471,1.0,1.0,1227.2830514899817,1050.0,1227.2083514899819,1050.0,0.003511985270852723,0.0
1991,1626994801000.0,0.0,0.0,1.2,8.497666666666667,0.0,0.0,8.442,1.0,1.0,1227.2824627899818,1050.0,1227.2156627899817,1050.0,0.00830876371916755,0.0
1992,1626998401000.0,0.0,0.0,1.2,8.497666666666667,0.0,0.0,8.52,1.0,1.0,1227.2824627899818,1050.0,1227.3092627899819,1050.0,0.00830876371916755,0.0
1993,1627002001000.0,0.0,0.0,0.9,8.497666666666667,0.0,0.0,8.538,1.0,1.0,1227.2991061699818,1050.0,1227.3354061699818,1050.0,0.006231488283134756,0.0
1994,1627005601000.0,0.0,0.0,0.1,8.736,0.0,0.0,8.764,1.0,1.0,1227.3875994699822,1050.0,1227.3903994699822,1050.0,0.0007117556022052392,0.0
1995,1627009201000.0,0.0,0.0,0.1,8.795,0.0,0.0,8.693,1.0,1.0,1227.393223579982,1050.0,1227.3830235799821,1050.0,0.0007165592762804497,0.0
1996,1627012801000.0,0.0,0.0,0.2,8.689499999999999,0.0,0.0,8.555,1.0,1.0,1227.393137739982,1050.0,1227.366237739982,1050.0,0.0014159277468342557,0.0
1997,1627016401000.0,0.0,0.0,0.1,8.81,0.0,0.0,8.828,1.0,1.0,1227.4099991199819,1050.0,1227.4117991199819,1050.0,0.0007177715682874118,0.0
1998,1627020001000.0,0.0,0.0,0.1,8.935,0.0,0.0,8.842,1.0,1.0,1227.4212429899817,1050.0,1227.4119429899818,1050.0,0.0007279489458919956,0.0
1999,1627023601000.0,0.0,0.0,0.2,8.828,0.0,0.0,8.727,1.0,1.0,1227.4211557799817,1050.0,1227.4009557799818,1050.0,0.001438463066801244,0.0
2000,1627027201000.0,0.0,0.0,0.5,8.700199999999999,0.0,0.0,8.62,1.0,1.0,1227.4208973299817,1050.0,1227.3807973299818,1050.0,0.003544098042865985,0.0
2001,1627030801000.0,0.0,0.0,1.2,8.575833333333334,0.0,0.0,8.431,1.0,1.0,1227.4203032399816,1050.0,1227.2465032399816,1050.0,0.008384251077512063,0.0
2002,1627034401000.0,0.0,0.0,1.2,8.575833333333334,0.0,0.0,8.446,1.0,1.0,1227.4203032399816,1050.0,1227.2645032399817,1050.0,0.008384251077512063,0.0
2003,1627038001000.0,0.0,0.0,1.2,8.575833333333334,0.0,0.0,8.445,1.0,1.0,1227.4203032399816,1050.0,1227.2633032399817,1050.0,0.008384251077512063,0.0
2004,1627041601000.0,0.0,0.0,1.2,8.575833333333334,0.0,0.0,8.424,1.0,1.0,1227.4203032399816,1050.0,1227.2381032399817,1050.0,0.008384251077512063,0.0
2005,1627045201000.0,0.0,0.0,2.8,8.451928571428573,0.0,0.0,8.381,1.0,1.0,1227.4189657999816,1050.0,1227.2203657999817,1050.0,0.019280621091410186,0.0
2006,1627048801000.0,0.0,0.0,0.1,8.509,0.0,0.0,8.501,1.0,1.0,1227.5734984699818,1050.0,1227.5726984699818,1050.0,0.000693156052212386,0.0
2007,1627052401000.0,0.0,0.0,0.1,8.509,0.0,0.0,8.418,1.0,1.0,1227.5734984699818,1050.0,1227.5643984699818,1050.0,0.000693156052212386,0.0
2008,1627056001000.0,0.0,0.0,0.2,8.407,0.0,0.0,8.303,1.0,1.0,1227.5734154199818,1050.0,1227.5526154199817,1050.0,0.0013696940475244437,0.0
2009,1627059601000.0,0.0,0.0,1.2,8.167250000000001,0.0,0.0,8.142,1.0,1.0,1227.572603489982,1050.0,1227.542303489982,1050.0,0.007983804764082114,0.0
2010,1627063201000.0,0.0,0.0,1.2,8.167250000000001,0.0,0.0,8.17,1.0,1.0,1227.572603489982,1050.0,1227.575903489982,1050.0,0.007983804764082114,0.0
2011,1627066801000.0,0.0,0.0,0.1,8.233,0.0,0.0,8.203,1.0,1.0,1227.6360346399806,1050.0,1227.6330346399807,1050.0,0.0006706385091094552,0.0
2012,1627070401000.0,0.0,0.0,0.1,8.233,0.0,0.0,8.237,1.0,1.0,1227.6360346399806,1050.0,1227.6364346399805,1050.0,0.0006706385091094552,0.0
2013,1627074001000.0,0.0,0.0,0.1,8.349,0.0,0.0,8.374,1.0,1.0,1227.6466019299808,1050.0,1227.6491019299808,1050.0,0.0006800817097424092,0.0
2014,1627077601000.0,0.0,0.0,0.1,8.406,0.0,0.0,8.416,1.0,1.0,1227.6519338299806,1050.0,1227.6529338299806,1050.0,0.0006847217658652881,0.0
2015,1627081201000.0,0.0,0.0,0.1,8.651,0.0,0.0,8.677,1.0,1.0,1227.6736493999806,1050.0,1227.6762493999806,1050.0,0.0007046660978858782,0.0
2016,1627084801000.0,0.0,0.0,0.1,8.773,0.0,0.0,8.745,1.0,1.0,1227.6846997399807,1050.0,1227.6818997399807,1050.0,0.0007145971601550537,0.0
2017,1627088401000.0,0.0,0.0,0.1,8.773,0.0,0.0,8.692,1.0,1.0,1227.6846997399807,1050.0,1227.6765997399807,1050.0,0.0007145971601550537,0.0
2018,1627092001000.0,0.0,0.0,0.1,8.773,0.0,0.0,8.743,1.0,1.0,1227.6846997399807,1050.0,1227.6816997399808,1050.0,0.0007145971601550537,0.0
2019,1627095601000.0,0.0,0.0,0.1,8.773,0.0,0.0,8.659,1.0,1.0,1227.6846997399807,1050.0,1227.6732997399806,1050.0,0.0007145971601550537,0.0
2020,1627099201000.0,0.0,0.0,0.1,8.773,0.0,0.0,8.634,1.0,1.0,1227.6846997399807,1050.0,1227.6707997399808,1050.0,0.0007145971601550537,0.0
2021,1627102801000.0,0.0,0.0,0.2,8.6675,0.0,0.0,8.595,1.0,1.0,1227.6846141199808,1050.0,1227.6701141199808,1050.0,0.0014120075954870495,0.0
2022,1627106401000.0,0.0,0.0,0.2,8.6675,0.0,0.0,8.625,1.0,1.0,1227.6846141199808,1050.0,1227.6761141199809,1050.0,0.0014120075954870495,0.0
2023,1627110001000.0,0.0,0.0,0.2,8.6675,0.0,0.0,8.574,1.0,1.0,1227.6846141199808,1050.0,1227.6659141199807,1050.0,0.0014120075954870495,0.0
2024,1627113601000.0,0.0,0.0,0.2,8.6675,0.0,0.0,8.562,1.0,1.0,1227.6846141199808,1050.0,1227.6635141199808,1050.0,0.0014120075954870495,0.0
2025,1627117201000.0,0.0,0.0,0.2,8.6675,0.0,0.0,8.498,1.0,1.0,1227.6846141199808,1050.0,1227.6507141199809,1050.0,0.0014120075954870495,0.0
2026,1627120801000.0,0.0,0.0,0.5,8.5424,0.0,0.0,8.557,1.0,1.0,1227.6843603499808,1050.0,1227.6916603499808,1050.0,0.003479070140457269,0.0
2027,1627124401000.0,0.0,0.0,0.1,8.719,0.0,0.0,8.681,1.0,1.0,1227.7268687999813,1050.0,1227.7230687999813,1050.0,0.0007101742432762936,0.0
2028,1627128001000.0,0.0,0.0,0.2,8.6145,0.0,0.0,8.589,1.0,1.0,1227.7267836999813,1050.0,1227.7216836999812,1050.0,0.0014033252535289023,0.0
2029,1627131601000.0,0.0,0.0,0.1,8.681,0.0,0.0,8.644,1.0,1.0,1227.7378234699813,1050.0,1227.7341234699813,1050.0,0.0007070727832970647,0.0
2030,1627135201000.0,0.0,0.0,0.1,8.681,0.0,0.0,8.56,1.0,1.0,1227.7378234699813,1050.0,1227.7257234699814,1050.0,0.0007070727832970647,0.0
2031,1627138801000.0,0.0,0.0,0.2,8.577,0.0,0.0,8.561,1.0,1.0,1227.7377387399813,1050.0,1227.7345387399812,1050.0,0.001397203935231724,0.0
2032,1627142401000.0,0.0,0.0,0.2,8.577,0.0,0.0,8.486,1.0,1.0,1227.7377387399813,1050.0,1227.7195387399813,1050.0,0.001397203935231724,0.0
2033,1627146001000.0,0.0,0.0,0.1,8.699,0.0,0.0,8.727,1.0,1.0,1227.754405759981,1050.0,1227.757205759981,1050.0,0.0007085293246913916,0.0
2034,1627149601000.0,0.0,0.0,0.1,8.699,0.0,0.0,8.621,1.0,1.0,1227.754405759981,1050.0,1227.7466057599809,1050.0,0.0007085293246913916,0.0
2035,1627153201000.0,0.0,0.0,0.1,8.699,0.0,0.0,8.533,1.0,1.0,1227.754405759981,1050.0,1227.737805759981,1050.0,0.0007085293246913916,0.0
2036,1627156801000.0,0.0,0.0,0.2,8.5945,0.0,0.0,8.44,1.0,1.0,1227.754320859981,1050.0,1227.723420859981,1050.0,0.00140003579771236,0.0
2037,1627160401000.0,0.0,0.0,0.5,8.47,0.0,0.0,8.423,1.0,1.0,1227.7540692499808,1050.0,1227.7305692499808,1050.0,0.003449387875038449,0.0
2038,1627164001000.0,0.0,0.0,0.5,8.47,0.0,0.0,8.496,1.0,1.0,1227.7540692499808,1050.0,1227.7670692499808,1050.0,0.003449387875038449,0.0
2039,1627167601000.0,0.0,0.0,0.5,8.47,0.0,0.0,8.515,1.0,1.0,1227.7540692499808,1050.0,1227.7765692499809,1050.0,0.003449387875038449,0.0
2040,1627171201000.0,0.0,0.0,0.1,8.63,0.0,0.0,8.611,1.0,1.0,1227.8007832499804,1050.0,1227.7988832499805,1050.0,0.0007028827573441066,0.0
2041,1627174801000.0,0.0,0.0,0.5,8.4032,0.0,0.0,8.326,1.0,1.0,1227.8004493899803,1050.0,1227.7618493899802,1050.0,0.003422054456884684,0.0
2042,1627178401000.0,0.0,0.0,0.5,8.4032,0.0,0.0,8.246,1.0,1.0,1227.8004493899803,1050.0,1227.7218493899802,1050.0,0.003422054456884684,0.0
2043,1627182001000.0,0.0,0.0,0.5,8.4032,0.0,0.0,8.395,1.0,1.0,1227.8004493899803,1050.0,1227.7963493899802,1050.0,0.003422054456884684,0.0
2044,1627185601000.0,0.0,0.0,0.5,8.4032,0.0,0.0,8.288,1.0,1.0,1227.8004493899803,1050.0,1227.7428493899802,1050.0,0.003422054456884684,0.0
2045,1627189201000.0,0.0,0.0,0.5,8.4032,0.0,0.0,8.373,1.0,1.0,1227.8004493899803,1050.0,1227.7853493899802,1050.0,0.003422054456884684,0.0
2046,1627192801000.0,0.0,0.0,0.5,8.4032,0.0,0.0,8.343,1.0,1.0,1227.8004493899803,1050.0,1227.7703493899803,1050.0,0.003422054456884684,0.0
2047,1627196401000.0,0.0,0.0,0.5,8.4032,0.0,0.0,8.412,1.0,1.0,1227.8004493899803,1050.0,1227.8048493899803,1050.0,0.003422054456884684,0.0
2048,1627200001000.0,0.0,0.0,0.1,8.543,0.0,0.0,8.54,1.0,1.0,1227.8332708299806,1050.0,1227.8329708299807,1050.0,0.0006957785069812591,0.0
2049,1627203601000.0,0.0,0.0,0.1,8.543,0.0,0.0,8.464,1.0,1.0,1227.8332708299806,1050.0,1227.8253708299806,1050.0,0.0006957785069812591,0.0
2050,1627207201000.0,0.0,0.0,0.1,8.543,0.0,0.0,8.496,1.0,1.0,1227.8332708299806,1050.0,1227.8285708299807,1050.0,0.0006957785069812591,0.0
2051,1627210801000.0,0.0,0.0,0.2,8.4405,0.0,0.0,8.3,1.0,1.0,1227.8331874499806,1050.0,1227.8050874499806,1050.0,0.001374861029376411,0.0
2052,1627214401000.0,0.0,0.0,0.2,8.4405,0.0,0.0,8.339,1.0,1.0,1227.8331874499806,1050.0,1227.8128874499807,1050.0,0.001374861029376411,0.0
2053,1627218001000.0,0.0,0.0,0.2,8.4405,0.0,0.0,8.267,1.0,1.0,1227.8331874499806,1050.0,1227.7984874499807,1050.0,0.001374861029376411,0.0
2054,1627221601000.0,0.0,0.0,0.5,8.3184,0.0,0.0,8.145,1.0,1.0,1227.8329403399807,1050.0,1227.7462403399807,1050.0,0.0033874315172293216,0.0
2055,1627225201000.0,0.0,0.0,1.2,8.199750000000002,0.0,0.0,8.09,1.0,1.0,1227.8323722899806,1050.0,1227.7006722899807,1050.0,0.008013878948026411,0.0
2056,1627228801000.0,0.0,0.0,1.2,8.199750000000002,0.0,0.0,8.176,1.0,1.0,1227.8323722899806,1050.0,1227.8038722899807,1050.0,0.008013878948026411,0.0
2057,1627232401000.0,0.0,0.0,1.2,8.199750000000002,0.0,0.0,8.119,1.0,1.0,1227.8323722899806,1050.0,1227.7354722899806,1050.0,0.008013878948026411,0.0
2058,1627236001000.0,0.0,0.0,0.9,8.199750000000002,0.0,0.0,8.254,1.0,1.0,1227.8483996699808,1050.0,1227.897224669981,1050.0,0.006010330755803018,0.0
2059,1627239601000.0,0.0,0.0,0.1,8.26,0.0,0.0,8.248,1.0,1.0,1227.8963992099814,1050.0,1227.8951992099815,1050.0,0.0006726951887239362,0.0
2060,1627243201000.0,0.0,0.0,0.1,8.26,0.0,0.0,8.217,1.0,1.0,1227.8963992099814,1050.0,1227.8920992099813,1050.0,0.0006726951887239362,0.0
2061,1627246801000.0,0.0,0.0,0.1,8.26,0.0,0.0,8.242,1.0,1.0,1227.8963992099814,1050.0,1227.8945992099814,1050.0,0.0006726951887239362,0.0
2062,1627250401000.0,0.0,0.0,0.1,8.315,0.0,0.0,8.257,1.0,1.0,1227.9016329199815,1050.0,1227.8958329199816,1050.0,0.0006771715076415948,0.0
2063,1627254001000.0,0.0,0.0,0.1,8.315,0.0,0.0,8.279,1.0,1.0,1227.9016329199815,1050.0,1227.8980329199815,1050.0,0.0006771715076415948,0.0
2064,1627257601000.0,0.0,0.0,0.1,8.379,0.0,0.0,8.381,1.0,1.0,1227.9069654299815,1050.0,1227.9071654299814,1050.0,0.0006823806881057873,0.0
2065,1627261201000.0,0.0,0.0,0.1,8.813,0.0,0.0,8.768,1.0,1.0,1227.9452584599812,1050.0,1227.9407584599812,1050.0,0.0007177030033938778,0.0
2066,1627264801000.0,0.0,0.0,0.1,9.218,0.0,0.0,9.116,1.0,1.0,1227.9899002399816,1050.0,1227.9797002399816,1050.0,0.0007506576396270491,0.0
2067,1627268401000.0,0.0,0.0,0.1,9.177,0.0,0.0,9.04,1.0,1.0,1228.0014351599814,1050.0,1227.9877351599814,1050.0,0.000747311830201928,0.0
2068,1627272001000.0,0.0,0.0,0.1,9.177,0.0,0.0,9.127,1.0,1.0,1228.0014351599814,1050.0,1227.9964351599813,1050.0,0.000747311830201928,0.0
2069,1627275601000.0,0.0,0.0,0.1,9.239,0.0,0.0,9.164,1.0,1.0,1228.0072503999816,1050.0,1227.9997503999816,1050.0,0.0007523571214250333,0.0
2070,1627279201000.0,0.0,0.0,0.1,9.302,0.0,0.0,9.28,1.0,1.0,1228.0131643799816,1050.0,1228.0109643799817,1050.0,0.000757483736316177,0.0
2071,1627282801000.0,0.0,0.0,0.1,9.381,0.0,0.0,9.183,1.0,1.0,1228.0190769399817,1050.0,1227.9992769399817,1050.0,0.0007639132140663388,0.0
2072,1627286401000.0,0.0,0.0,0.5,9.1344,0.0,0.0,9.064,1.0,1.0,1228.0187140299815,1050.0,1227.9835140299815,1050.0,0.003719161563109936,0.0
2073,1627290001000.0,0.0,0.0,0.5,9.1344,0.0,0.0,9.157,1.0,1.0,1228.0187140299815,1050.0,1228.0300140299814,1050.0,0.003719161563109936,0.0
2074,1627293601000.0,0.0,0.0,0.1,9.247,0.0,0.0,9.204,1.0,1.0,1228.0730593499818,1050.0,1228.0687593499817,1050.0,0.000752968231783737,0.0
2075,1627297201000.0,0.0,0.0,0.1,9.314,0.0,0.0,9.326,1.0,1.0,1228.078973129982,1050.0,1228.0801731299819,1050.0,0.0007584202810884045,0.0
2076,1627300801000.0,0.0,0.0,0.1,9.314,0.0,0.0,9.29,1.0,1.0,1228.078973129982,1050.0,1228.0765731299819,1050.0,0.0007584202810884045,0.0
2077,1627304401000.0,0.0,0.0,0.1,9.529,0.0,0.0,9.404,1.0,1.0,1228.0969060499824,1050.0,1228.0844060499824,1050.0,0.0007759159682804525,0.0
2078,1627308001000.0,0.0,0.0,0.5,9.277999999999999,0.0,0.0,9.27,1.0,1.0,1228.0965374399823,1050.0,1228.0925374399824,1050.0,0.0037773903423505987,0.0
2079,1627311601000.0,0.0,0.0,0.1,9.483,0.0,0.0,9.374,1.0,1.0,1228.152485119982,1050.0,1228.141585119982,1050.0,0.0007721353915652891,0.0
2080,1627315201000.0,0.0,0.0,0.1,9.553,0.0,0.0,9.486,1.0,1.0,1228.1584941399822,1050.0,1228.1517941399823,1050.0,0.0007778312038373751,0.0
2081,1627318801000.0,0.0,0.0,0.1,10.057,0.0,0.0,10.038,1.0,1.0,1228.2021174199817,1050.0,1228.2002174199818,1050.0,0.000818839168029298,0.0
2082,1627322401000.0,0.0,0.0,0.1,10.353,0.0,0.0,10.156,1.0,1.0,1228.2280983999817,1050.0,1228.2083983999817,1050.0,0.0008429216049923382,0.0
2083,1627326001000.0,0.0,0.0,0.5,10.0806,0.0,0.0,10.048,1.0,1.0,1228.2276978999819,1050.0,1228.2113978999819,1050.0,0.004103717908835538,0.0
2084,1627329601000.0,0.0,0.0,0.5,10.1848,0.0,0.0,10.047,1.0,1.0,1228.2860580299828,1050.0,1228.2171580299828,1050.0,0.004145939756222237,0.0
2085,1627333201000.0,0.0,0.0,6.5,9.737492307692307,0.0,0.0,9.589,1.0,1.0,1228.2802378999827,1050.0,1227.3150378999826,1050.0,0.0515303414049994,0.0
2086,1627336801000.0,0.0,0.0,15.2,9.557486842105263,0.0,0.0,9.449,1.0,1.0,1228.2720398899828,1050.0,1226.623039889983,1050.0,0.11827493851688774,0.0
2087,1627340401000.0,0.0,0.0,15.2,9.557486842105263,0.0,0.0,9.534,1.0,1.0,1228.2720398899828,1050.0,1227.9150398899828,1050.0,0.11827493851688774,0.0
2088,1627344001000.0,0.0,0.0,15.2,9.557486842105263,0.0,0.0,9.333,1.0,1.0,1228.2720398899828,1050.0,1224.8598398899828,1050.0,0.11827493851688774,0.0
2089,1627347601000.0,0.0,0.0,15.2,9.557486842105263,0.0,0.0,9.376,1.0,1.0,1228.2720398899828,1050.0,1225.5134398899827,1050.0,0.11827493851688774,0.0
2090,1627351201000.0,0.0,0.0,39.7,9.30230982367758,0.0,0.0,8.869,1.0,1.0,1228.2496370999827,1050.0,1211.0472370999828,1050.0,0.3006731602803135,0.0
2091,1627354801000.0,0.0,0.0,39.7,9.30230982367758,0.0,0.0,8.827,1.0,1.0,1228.2496370999827,1050.0,1209.3798370999828,1050.0,0.3006731602803135,0.0
2092,1627358401000.0,0.0,0.0,39.7,9.30230982367758,0.0,0.0,8.96,1.0,1.0,1228.2496370999827,1050.0,1214.6599370999827,1050.0,0.3006731602803135,0.0
2093,1627362001000.0,0.0,0.0,39.7,9.30230982367758,0.0,0.0,8.956,1.0,1.0,1228.2496370999827,1050.0,1214.5011370999828,1050.0,0.3006731602803135,0.0
2094,1627365601000.0,0.0,0.0,39.7,9.30230982367758,0.0,0.0,9.072,1.0,1.0,1228.2496370999827,1050.0,1219.1063370999827,1050.0,0.3006731602803135,0.0
2095,1627369201000.0,0.0,0.0,39.7,9.30230982367758,0.0,0.0,8.947,1.0,1.0,1228.2496370999827,1050.0,1214.1438370999826,1050.0,0.3006731602803135,0.0
2096,1627372801000.0,0.0,0.0,39.7,9.30230982367758,0.0,0.0,9.033,1.0,1.0,1228.2496370999827,1050.0,1217.5580370999828,1050.0,0.3006731602803135,0.0
2097,1627376401000.0,0.0,0.0,36.9,9.30230982367758,0.0,0.0,9.2,1.0,1.0,1227.6395257036856,1050.0,1223.8642932099829,1050.0,0.2796058821069223,0.0
2098,1627380001000.0,0.0,0.0,36.9,9.28613683863231,0.0,0.0,9.182,1.0,1.0,1227.2057448655153,1050.0,1223.363095519983,1050.0,0.2792184202031117,0.0
2099,1627383601000.0,0.0,0.0,37.0,9.272064053907846,0.0,0.0,9.258,1.0,1.0,1226.8097714445735,1050.0,1226.2894014499832,1050.0,0.27964104784609617,0.0
2100,1627387201000.0,0.0,0.0,19.1,9.272064053907846,0.0,0.0,9.303,1.0,1.0,1227.883818809623,1050.0,1228.4746953799834,1050.0,0.14422897404196328,0.0
2101,1627390801000.0,0.0,0.0,0.4,9.272064053907846,0.0,0.0,9.613,1.0,1.0,1230.6582030415464,1050.0,1230.7945774199832,1050.0,0.0030136926828235916,0.0
2102,1627394401000.0,0.0,0.0,0.1,9.653,0.0,0.0,9.567,1.0,1.0,1230.8558432199834,1050.0,1230.8472432199835,1050.0,0.0007842510602011075,0.0
2103,1627398001000.0,0.0,0.0,0.1,9.327,0.0,0.0,9.354,1.0,1.0,1230.9520130799826,1050.0,1230.9547130799826,1050.0,0.0007577062225734357,0.0
2104,1627401601000.0,0.0,0.0,0.1,9.401,0.0,0.0,9.225,1.0,1.0,1230.9579251899827,1050.0,1230.9403251899828,1050.0,0.000763714161761384,0.0
2105,1627405201000.0,0.0,0.0,1.2,9.022583333333335,0.0,0.0,8.813,1.0,1.0,1230.9569364899828,1050.0,1230.7054364899827,1050.0,0.008795677313353447,0.0
2106,1627408801000.0,0.0,0.0,1.2,9.022583333333335,0.0,0.0,8.941,1.0,1.0,1230.9569364899828,1050.0,1230.8590364899828,1050.0,0.008795677313353447,0.0
2107,1627412401000.0,0.0,0.0,0.1,9.0,0.0,0.0,9.012,1.0,1.0,1231.1470302899822,1050.0,1231.1482302899822,1050.0,0.0007310256028380425,0.0
2108,1627416001000.0,0.0,0.0,0.1,9.06,0.0,0.0,8.97,1.0,1.0,1231.1527490999824,1050.0,1231.1437490999824,1050.0,0.0007358956885425623,0.0
2109,1627419601000.0,0.0,0.0,0.1,9.126,0.0,0.0,9.131,1.0,1.0,1231.1585666399824,1050.0,1231.1590666399825,1050.0,0.0007412530154345782,0.0
2110,1627423201000.0,0.0,0.0,0.1,9.262,0.0,0.0,9.241,1.0,1.0,1231.1702975499825,1050.0,1231.1681975499826,1050.0,0.0007522923529288593,0.0
2111,1627426801000.0,0.0,0.0,0.1,9.387,0.0,0.0,9.301,1.0,1.0,1231.1821233399826,1050.0,1231.1735233399827,1050.0,0.0007624379709587324,0.0
2112,1627430401000.0,0.0,0.0,0.1,9.342,0.0,0.0,9.344,1.0,1.0,1231.1940515799827,1050.0,1231.1942515799826,1050.0,0.0007587755957731828,0.0
2113,1627434001000.0,0.0,0.0,0.1,9.342,0.0,0.0,9.177,1.0,1.0,1231.1940515799827,1050.0,1231.1775515799827,1050.0,0.0007587755957731828,0.0
2114,1627437601000.0,0.0,0.0,0.1,9.42,0.0,0.0,9.428,1.0,1.0,1231.2178062299831,1050.0,1231.2186062299832,1050.0,0.0007650961472726142,0.0
2115,1627441201000.0,0.0,0.0,0.1,9.42,0.0,0.0,9.295,1.0,1.0,1231.2178062299831,1050.0,1231.205306229983,1050.0,0.0007650961472726142,0.0
2116,1627444801000.0,0.0,0.0,0.2,9.307,0.0,0.0,9.167,1.0,1.0,1231.2177142899832,1050.0,1231.1897142899832,1050.0,0.0015118365975374465,0.0
2117,1627448401000.0,0.0,0.0,0.2,9.307,0.0,0.0,9.133,1.0,1.0,1231.2177142899832,1050.0,1231.1829142899833,1050.0,0.0015118365975374465,0.0
2118,1627452001000.0,0.0,0.0,0.2,9.307,0.0,0.0,9.199,1.0,1.0,1231.2177142899832,1050.0,1231.1961142899831,1050.0,0.0015118365975374465,0.0
2119,1627455601000.0,0.0,0.0,0.5,9.172,0.0,0.0,9.076,1.0,1.0,1231.2174418299833,1050.0,1231.1694418299833,1050.0,0.0037247685455005708,0.0
2120,1627459201000.0,0.0,0.0,0.1,9.237,0.0,0.0,9.279,1.0,1.0,1231.2468878599836,1050.0,1231.2510878599837,1050.0,0.000750215094233028,0.0
2121,1627462801000.0,0.0,0.0,0.2,9.2595,0.0,0.0,9.172,1.0,1.0,1231.2586229999838,1050.0,1231.2411229999839,1050.0,0.0015040706845876233,0.0
2122,1627466401000.0,0.0,0.0,0.2,9.2595,0.0,0.0,9.284,1.0,1.0,1231.2586229999838,1050.0,1231.2635229999837,1050.0,0.0015040706845876233,0.0
2123,1627470001000.0,0.0,0.0,0.2,9.2595,0.0,0.0,9.215,1.0,1.0,1231.2586229999838,1050.0,1231.2497229999838,1050.0,0.0015040706845876233,0.0
2124,1627473601000.0,0.0,0.0,0.1,9.456,0.0,0.0,9.391,1.0,1.0,1231.2815533899836,1050.0,1231.2750533899837,1050.0,0.0007679803188771563,0.0
2125,1627477201000.0,0.0,0.0,0.5,9.2072,0.0,0.0,9.077,1.0,1.0,1231.2811875899836,1050.0,1231.2160875899835,1050.0,0.0037388697613505635,0.0
2126,1627480801000.0,0.0,0.0,0.5,9.2072,0.0,0.0,9.122,1.0,1.0,1231.2811875899836,1050.0,1231.2385875899836,1050.0,0.0037388697613505635,0.0
2127,1627484401000.0,0.0,0.0,0.5,9.2072,0.0,0.0,9.141,1.0,1.0,1231.2811875899836,1050.0,1231.2480875899835,1050.0,0.0037388697613505635,0.0
2128,1627488001000.0,0.0,0.0,0.5,9.2072,0.0,0.0,9.196,1.0,1.0,1231.2811875899836,1050.0,1231.2755875899836,1050.0,0.0037388697613505635,0.0
2129,1627491601000.0,0.0,0.0,0.1,9.269,0.0,0.0,9.293,1.0,1.0,1231.3110314999838,1050.0,1231.3134314999838,1050.0,0.000752774868646186,0.0
2130,1627495201000.0,0.0,0.0,0.5,9.0868,0.0,0.0,8.958,1.0,1.0,1231.3165838599841,1050.0,1231.2521838599841,1050.0,0.0036898715241511283,0.0
2131,1627498801000.0,0.0,0.0,0.1,9.21,0.0,0.0,9.22,1.0,1.0,1231.3519508299848,1050.0,1231.3529508299848,1050.0,0.0007479583715924648,0.0
2132,1627502401000.0,0.0,0.0,0.1,9.21,0.0,0.0,9.179,1.0,1.0,1231.3519508299848,1050.0,1231.348850829985,1050.0,0.0007479583715924648,0.0
2133,1627506001000.0,0.0,0.0,0.1,9.21,0.0,0.0,9.009,1.0,1.0,1231.3519508299848,1050.0,1231.331850829985,1050.0,0.0007479583715924648,0.0
2134,1627509601000.0,0.0,0.0,0.1,9.21,0.0,0.0,9.099,1.0,1.0,1231.3519508299848,1050.0,1231.340850829985,1050.0,0.0007479583715924648,0.0
2135,1627513201000.0,0.0,0.0,0.2,9.0995,0.0,0.0,9.038,1.0,1.0,1231.3518609399848,1050.0,1231.3395609399847,1050.0,0.001477969098622007,0.0
2136,1627516801000.0,0.0,0.0,0.2,9.0995,0.0,0.0,9.104,1.0,1.0,1231.3518609399848,1050.0,1231.3527609399848,1050.0,0.001477969098622007,0.0
2137,1627520401000.0,0.0,0.0,0.2,9.0995,0.0,0.0,8.924,1.0,1.0,1231.3518609399848,1050.0,1231.3167609399848,1050.0,0.001477969098622007,0.0
2138,1627524001000.0,0.0,0.0,0.5,8.9678,0.0,0.0,8.992,1.0,1.0,1231.3515945399847,1050.0,1231.3636945399846,1050.0,0.0036414457250734476,0.0
2139,1627527601000.0,0.0,0.0,0.1,9.099,0.0,0.0,9.046,1.0,1.0,1231.3863709099846,1050.0,1231.3810709099846,1050.0,0.0007389232344090273,0.0
2140,1627531201000.0,0.0,0.0,0.1,9.099,0.0,0.0,9.02,1.0,1.0,1231.3863709099846,1050.0,1231.3784709099846,1050.0,0.0007389232344090273,0.0
2141,1627534801000.0,0.0,0.0,0.1,9.184,0.0,0.0,9.153,1.0,1.0,1231.3921874799846,1050.0,1231.3890874799847,1050.0,0.0007458225002056284,0.0
2142,1627538401000.0,0.0,0.0,0.1,9.246,0.0,0.0,9.258,1.0,1.0,1231.398002579985,1050.0,1231.3992025799848,1050.0,0.0007508539059368363,0.0
2143,1627542001000.0,0.0,0.0,0.1,9.31,0.0,0.0,9.253,1.0,1.0,1231.403916409985,1050.0,1231.398216409985,1050.0,0.0007560476197884951,0.0
2144,1627545601000.0,0.0,0.0,0.1,9.31,0.0,0.0,9.273,1.0,1.0,1231.403916409985,1050.0,1231.400216409985,1050.0,0.0007560476197884951,0.0
2145,1627549201000.0,0.0,0.0,0.1,9.441,0.0,0.0,9.405,1.0,1.0,1231.4158401699851,1050.0,1231.4122401699851,1050.0,0.0007666784600315652,0.0
2146,1627552801000.0,0.0,0.0,0.1,9.58,0.0,0.0,9.583,1.0,1.0,1231.4279584299852,1050.0,1231.4282584299851,1050.0,0.0007779586239225936,0.0
2147,1627556401000.0,0.0,0.0,0.1,9.646,0.0,0.0,9.538,1.0,1.0,1231.4340655399853,1050.0,1231.4232655399853,1050.0,0.0007833143706131127,0.0
2148,1627560001000.0,0.0,0.0,0.2,9.530000000000001,0.0,0.0,9.456,1.0,1.0,1231.4339713999852,1050.0,1231.4191713999853,1050.0,0.0015477890364134737,0.0
2149,1627563601000.0,0.0,0.0,0.2,9.530000000000001,0.0,0.0,9.378,1.0,1.0,1231.4339713999852,1050.0,1231.4035713999851,1050.0,0.0015477890364134737,0.0
2150,1627567201000.0,0.0,0.0,0.2,9.530000000000001,0.0,0.0,9.407,1.0,1.0,1231.4339713999852,1050.0,1231.4093713999853,1050.0,0.0015477890364134737,0.0
2151,1627570801000.0,0.0,0.0,0.5,9.392000000000001,0.0,0.0,9.454,1.0,1.0,1231.4336923999851,1050.0,1231.464692399985,1050.0,0.003813441218136397,0.0
2152,1627574401000.0,0.0,0.0,0.1,9.458,0.0,0.0,9.449,1.0,1.0,1231.4641251199855,1050.0,1231.4632251199855,1050.0,0.0007680288696252908,0.0
2153,1627578001000.0,0.0,0.0,0.1,9.458,0.0,0.0,9.377,1.0,1.0,1231.4641251199855,1050.0,1231.4560251199855,1050.0,0.0007680288696252908,0.0
2154,1627581601000.0,0.0,0.0,0.1,9.552,0.0,0.0,9.483,1.0,1.0,1231.4701343999855,1050.0,1231.4632343999854,1050.0,0.0007756582748678727,0.0
2155,1627585201000.0,0.0,0.0,0.1,9.616,0.0,0.0,9.463,1.0,1.0,1231.4762420899854,1050.0,1231.4609420899853,1050.0,0.0007808514424671579,0.0
2156,1627588801000.0,0.0,0.0,0.2,9.500499999999999,0.0,0.0,9.469,1.0,1.0,1231.4761482399854,1050.0,1231.4698482399854,1050.0,0.001542945027977688,0.0
2157,1627592401000.0,0.0,0.0,0.1,9.633,0.0,0.0,9.566,1.0,1.0,1231.4944686399851,1050.0,1231.4877686399852,1050.0,0.0007822203221617643,0.0
2158,1627596001000.0,0.0,0.0,0.2,9.5825,0.0,0.0,9.569,1.0,1.0,1231.500480029985,1050.0,1231.497780029985,1050.0,0.00155623163050114,0.0
2159,1627599601000.0,0.0,0.0,0.1,9.729,0.0,0.0,9.666,1.0,1.0,1231.5189962299855,1050.0,1231.5126962299855,1050.0,0.0007899999942983513,0.0
2160,1627603201000.0,0.0,0.0,0.1,10.075,0.0,0.0,9.978,1.0,1.0,1231.5441024999855,1050.0,1231.5344024999854,1050.0,0.0008180787013269075,0.0
2161,1627606801000.0,0.0,0.0,0.2,9.954,0.0,0.0,9.901,1.0,1.0,1231.5440041699856,1050.0,1231.5334041699855,1050.0,0.0016165074031128303,0.0
2162,1627610401000.0,0.0,0.0,0.1,10.109,0.0,0.0,10.142,1.0,1.0,1231.5631015199854,1050.0,1231.5664015199854,1050.0,0.0008208268003095866,0.0
2163,1627614001000.0,0.0,0.0,0.1,10.193,0.0,0.0,10.13,1.0,1.0,1231.5695978299852,1050.0,1231.5632978299852,1050.0,0.0008276430351934618,0.0
2164,1627617601000.0,0.0,0.0,0.1,10.193,0.0,0.0,10.106,1.0,1.0,1231.5695978299852,1050.0,1231.5608978299852,1050.0,0.0008276430351934618,0.0
2165,1627621201000.0,0.0,0.0,0.2,10.0705,0.0,0.0,9.976,1.0,1.0,1231.5694983499852,1050.0,1231.5505983499852,1050.0,0.0016353928890723768,0.0
2166,1627624801000.0,0.0,0.0,0.2,10.0705,0.0,0.0,9.907,1.0,1.0,1231.5694983499852,1050.0,1231.5367983499852,1050.0,0.0016353928890723768,0.0
2167,1627628401000.0,0.0,0.0,0.5,9.924399999999999,0.0,0.0,9.827,1.0,1.0,1231.5692035399852,1050.0,1231.5205035399852,1050.0,0.004029168629531172,0.0
2168,1627632001000.0,0.0,0.0,0.5,9.924399999999999,0.0,0.0,9.741,1.0,1.0,1231.5692035399852,1050.0,1231.4775035399853,1050.0,0.004029168629531172,0.0
2169,1627635601000.0,0.0,0.0,6.5,9.489923076923077,0.0,0.0,9.336,1.0,1.0,1231.5635313099851,1050.0,1230.563031309985,1050.0,0.050086332074470934,0.0
2170,1627639201000.0,0.0,0.0,15.2,9.315394736842105,0.0,0.0,9.271,1.0,1.0,1231.5555403599851,1050.0,1230.880740359985,1050.0,0.11497167229551979,0.0
2171,1627642801000.0,0.0,0.0,15.2,9.315394736842105,0.0,0.0,9.246,1.0,1.0,1231.5555403599851,1050.0,1230.5007403599852,1050.0,0.11497167229551979,0.0
2172,1627646401000.0,0.0,0.0,15.2,9.315394736842105,0.0,0.0,9.178,1.0,1.0,1231.5555403599851,1050.0,1229.467140359985,1050.0,0.11497167229551979,0.0
2173,1627650001000.0,0.0,0.0,15.2,9.315394736842105,0.0,0.0,9.051,1.0,1.0,1231.5555403599851,1050.0,1227.536740359985,1050.0,0.11497167229551979,0.0
2174,1627653601000.0,0.0,0.0,15.2,9.315394736842105,0.0,0.0,9.046,1.0,1.0,1231.5555403599851,1050.0,1227.460740359985,1050.0,0.11497167229551979,0.0
2175,1627657201000.0,0.0,0.0,15.2,9.315394736842105,0.0,0.0,9.088,1.0,1.0,1231.5555403599851,1050.0,1228.099140359985,1050.0,0.11497167229551979,0.0
2176,1627660801000.0,0.0,0.0,15.2,9.315394736842105,0.0,0.0,9.128,1.0,1.0,1231.5555403599851,1050.0,1228.707140359985,1050.0,0.11497167229551979,0.0
2177,1627664401000.0,0.0,0.0,15.2,9.315394736842105,0.0,0.0,9.065,1.0,1.0,1231.5555403599851,1050.0,1227.749540359985,1050.0,0.11497167229551979,0.0
2178,1627668001000.0,0.0,0.0,15.2,9.315394736842105,0.0,0.0,9.126,1.0,1.0,1231.5555403599851,1050.0,1228.6767403599852,1050.0,0.11497167229551979,0.0
2179,1627671601000.0,0.0,0.0,15.2,9.315394736842105,0.0,0.0,9.219,1.0,1.0,1231.5555403599851,1050.0,1230.090340359985,1050.0,0.11497167229551979,0.0
2180,1627675201000.0,0.0,0.0,15.2,9.315394736842105,0.0,0.0,9.301,1.0,1.0,1231.5555403599851,1050.0,1231.336740359985,1050.0,0.11497167229551979,0.0
2181,1627678801000.0,0.0,0.0,0.1,9.428,0.0,0.0,9.473,1.0,1.0,1232.5978810099841,1050.0,1232.6023810099841,1050.0,0.0007648885451818843,0.0
2182,1627682401000.0,0.0,0.0,0.1,9.626,0.0,0.0,9.515,1.0,1.0,1232.6160074599843,1050.0,1232.6049074599844,1050.0,0.0007809406937555529,0.0
2183,1627686001000.0,0.0,0.0,0.2,9.5105,0.0,0.0,9.432,1.0,1.0,1232.6159135099842,1050.0,1232.6002135099843,1050.0,0.0015431408755575773,0.0
2184,1627689601000.0,0.0,0.0,0.1,9.649,0.0,0.0,9.595,1.0,1.0,1232.6342333899838,1050.0,1232.6288333899838,1050.0,0.0007827950691798794,0.0
2185,1627693201000.0,0.0,0.0,0.1,9.649,0.0,0.0,9.58,1.0,1.0,1232.6342333899838,1050.0,1232.6273333899837,1050.0,0.0007827950691798794,0.0
2186,1627696801000.0,0.0,0.0,0.1,9.715,0.0,0.0,9.719,1.0,1.0,1232.6404391099836,1050.0,1232.6408391099835,1050.0,0.0007881454876666731,0.0
2187,1627700401000.0,0.0,0.0,0.1,9.781,0.0,0.0,9.713,1.0,1.0,1232.6466435099837,1050.0,1232.6398435099836,1050.0,0.0007934958531301741,0.0
2188,1627704001000.0,0.0,0.0,0.1,9.781,0.0,0.0,9.69,1.0,1.0,1232.6466435099837,1050.0,1232.6375435099837,1050.0,0.0007934958531301741,0.0
2189,1627707601000.0,0.0,0.0,0.2,9.663499999999999,0.0,0.0,9.63,1.0,1.0,1232.6465480499837,1050.0,1232.6398480499838,1050.0,0.0015679271588903431,0.0
2190,1627711201000.0,0.0,0.0,0.2,9.663499999999999,0.0,0.0,9.603,1.0,1.0,1232.6465480499837,1050.0,1232.6344480499838,1050.0,0.0015679271588903431,0.0
2191,1627714801000.0,0.0,0.0,0.2,9.663499999999999,0.0,0.0,9.603,1.0,1.0,1232.6465480499837,1050.0,1232.6344480499838,1050.0,0.0015679271588903431,0.0
2192,1627718401000.0,0.0,0.0,0.2,9.663499999999999,0.0,0.0,9.626,1.0,1.0,1232.6465480499837,1050.0,1232.6390480499838,1050.0,0.0015679271588903431,0.0
2193,1627722001000.0,0.0,0.0,0.1,9.91,0.0,0.0,9.963,1.0,1.0,1232.671462439984,1050.0,1232.676762439984,1050.0,0.0008039449522408731,0.0
2194,1627725601000.0,0.0,0.0,0.1,10.094,0.0,0.0,9.861,1.0,1.0,1232.684160649984,1050.0,1232.660860649984,1050.0,0.0008188634463087057,0.0
2195,1627729201000.0,0.0,0.0,0.1,10.094,0.0,0.0,9.942,1.0,1.0,1232.684160649984,1050.0,1232.668960649984,1050.0,0.0008188634463087057,0.0
2196,1627732801000.0,0.0,0.0,0.2,9.972999999999999,0.0,0.0,9.911,1.0,1.0,1232.684062129984,1050.0,1232.671662129984,1050.0,0.0016180950669172141,0.0
2197,1627736401000.0,0.0,0.0,0.2,9.972999999999999,0.0,0.0,9.913,1.0,1.0,1232.684062129984,1050.0,1232.6720621299842,1050.0,0.0016180950669172141,0.0
2198,1627740001000.0,0.0,0.0,0.2,9.972999999999999,0.0,0.0,9.838,1.0,1.0,1232.684062129984,1050.0,1232.657062129984,1050.0,0.0016180950669172141,0.0
2199,1627743601000.0,0.0,0.0,0.2,9.972999999999999,0.0,0.0,9.851,1.0,1.0,1232.684062129984,1050.0,1232.659662129984,1050.0,0.0016180950669172141,0.0
2200,1627747201000.0,0.0,0.0,0.1,10.119,0.0,0.0,10.037,1.0,1.0,1232.7033584999842,1050.0,1232.6951584999842,1050.0,0.0008208787564522669,0.0
2201,1627750801000.0,0.0,0.0,0.1,10.191,0.0,0.0,9.957,1.0,1.0,1232.709854729984,1050.0,1232.686454729984,1050.0,0.000826715221014621,0.0
2202,1627754401000.0,0.0,0.0,0.2,10.0685,0.0,0.0,9.89,1.0,1.0,1232.709755269984,1050.0,1232.6740552699841,1050.0,0.001633555661737232,0.0
2203,1627758001000.0,0.0,0.0,0.2,10.0685,0.0,0.0,10.024,1.0,1.0,1232.709755269984,1050.0,1232.700855269984,1050.0,0.001633555661737232,0.0
2204,1627761601000.0,0.0,0.0,0.2,10.0685,0.0,0.0,9.91,1.0,1.0,1232.709755269984,1050.0,1232.678055269984,1050.0,0.001633555661737232,0.0
2205,1627765201000.0,0.0,0.0,0.2,10.0685,0.0,0.0,10.06,1.0,1.0,1232.709755269984,1050.0,1232.708055269984,1050.0,0.001633555661737232,0.0
2206,1627768801000.0,0.0,0.0,0.1,10.138,0.0,0.0,10.128,1.0,1.0,1232.7227511899841,1050.0,1232.7217511899842,1050.0,0.0008224071463119736,0.0
2207,1627772401000.0,0.0,0.0,0.1,10.138,0.0,0.0,10.107,1.0,1.0,1232.7227511899841,1050.0,1232.7196511899842,1050.0,0.0008224071463119736,0.0
2208,1627776001000.0,0.0,0.0,0.1,10.212,0.0,0.0,10.141,1.0,1.0,1232.729247019984,1050.0,1232.722147019984,1050.0,0.0008284057529004544,0.0
2209,1627779601000.0,0.0,0.0,0.1,10.359,0.0,0.0,10.398,1.0,1.0,1232.742334239984,1050.0,1232.746234239984,1050.0,0.0008403215913231842,0.0
2210,1627783201000.0,0.0,0.0,0.1,10.359,0.0,0.0,10.29,1.0,1.0,1232.742334239984,1050.0,1232.735434239984,1050.0,0.0008403215913231842,0.0
2211,1627786801000.0,0.0,0.0,0.1,10.359,0.0,0.0,10.249,1.0,1.0,1232.742334239984,1050.0,1232.731334239984,1050.0,0.0008403215913231842,0.0
2212,1627790401000.0,0.0,0.0,0.1,10.359,0.0,0.0,10.392,1.0,1.0,1232.742334239984,1050.0,1232.7456342399842,1050.0,0.0008403215913231842,0.0
2213,1627794001000.0,0.0,0.0,0.1,10.359,0.0,0.0,10.31,1.0,1.0,1232.742334239984,1050.0,1232.7374342399842,1050.0,0.0008403215913231842,0.0
2214,1627797601000.0,0.0,0.0,0.2,10.2345,0.0,0.0,10.199,1.0,1.0,1232.7422331399841,1050.0,1232.735133139984,1050.0,0.0016604444505695494,0.0
2215,1627801201000.0,0.0,0.0,0.2,10.2345,0.0,0.0,10.145,1.0,1.0,1232.7422331399841,1050.0,1232.724333139984,1050.0,0.0016604444505695494,0.0
2216,1627804801000.0,0.0,0.0,0.2,10.2345,0.0,0.0,10.043,1.0,1.0,1232.7422331399841,1050.0,1232.7039331399842,1050.0,0.0016604444505695494,0.0
2217,1627808401000.0,0.0,0.0,0.1,10.155,0.0,0.0,10.043,1.0,1.0,1232.7743243799837,1050.0,1232.7631243799838,1050.0,0.0008237517442705822,0.0
2218,1627812001000.0,0.0,0.0,0.1,10.155,0.0,0.0,10.143,1.0,1.0,1232.7743243799837,1050.0,1232.7731243799838,1050.0,0.0008237517442705822,0.0
2219,1627815601000.0,0.0,0.0,0.2,10.033,0.0,0.0,9.915,1.0,1.0,1232.7742252699836,1050.0,1232.7506252699836,1050.0,0.0016277108645425685,0.0
2220,1627819201000.0,0.0,0.0,0.2,10.033,0.0,0.0,9.932,1.0,1.0,1232.7742252699836,1050.0,1232.7540252699837,1050.0,0.0016277108645425685,0.0
2221,1627822801000.0,0.0,0.0,0.1,10.104,0.0,0.0,9.956,1.0,1.0,1232.7871222499837,1050.0,1232.7723222499837,1050.0,0.0008196062254088925,0.0
2222,1627826401000.0,0.0,0.0,0.2,9.9825,0.0,0.0,9.922,1.0,1.0,1232.7870236399838,1050.0,1232.7749236399839,1050.0,0.0016195011479801615,0.0
2223,1627830001000.0,0.0,0.0,0.2,9.9825,0.0,0.0,9.933,1.0,1.0,1232.7870236399838,1050.0,1232.7771236399838,1050.0,0.0016195011479801615,0.0
2224,1627833601000.0,0.0,0.0,0.2,9.9825,0.0,0.0,9.947,1.0,1.0,1232.7870236399838,1050.0,1232.7799236399837,1050.0,0.0016195011479801615,0.0
2225,1627837201000.0,0.0,0.0,0.1,9.905,0.0,0.0,9.911,1.0,1.0,1232.8185371799839,1050.0,1232.819137179984,1050.0,0.0008034434672484107,0.0
2226,1627840801000.0,0.0,0.0,0.1,9.905,0.0,0.0,9.845,1.0,1.0,1232.8185371799839,1050.0,1232.8125371799838,1050.0,0.0008034434672484107,0.0
2227,1627844401000.0,0.0,0.0,0.1,9.972,0.0,0.0,9.928,1.0,1.0,1232.824837759984,1050.0,1232.8204377599839,1050.0,0.0008088740342155102,0.0
2228,1627848001000.0,0.0,0.0,0.1,10.039,0.0,0.0,10.007,1.0,1.0,1232.8312369899838,1050.0,1232.8280369899837,1050.0,0.0008143044805151674,0.0
2229,1627851601000.0,0.0,0.0,0.1,10.039,0.0,0.0,9.978,1.0,1.0,1232.8312369899838,1050.0,1232.8251369899838,1050.0,0.0008143044805151674,0.0
2230,1627855201000.0,0.0,0.0,0.1,10.039,0.0,0.0,9.95,1.0,1.0,1232.8312369899838,1050.0,1232.8223369899838,1050.0,0.0008143044805151674,0.0
2231,1627858801000.0,0.0,0.0,0.5,9.7748,0.0,0.0,9.68,1.0,1.0,1232.830848639984,1050.0,1232.783448639984,1050.0,0.00396437192125068,0.0
2232,1627862401000.0,0.0,0.0,2.8,9.494964285714287,0.0,0.0,9.459,1.0,1.0,1232.828678789984,1050.0,1232.727978789984,1050.0,0.02156495907127497,0.0
2233,1627866001000.0,0.0,0.0,0.4,9.494964285714287,0.0,0.0,9.325,1.0,1.0,1232.9752708242706,1050.0,1232.907285109985,1050.0,0.003080342164321495,0.0
2234,1627869601000.0,0.0,0.0,0.4,9.494964285714287,0.0,0.0,9.34,1.0,1.0,1232.9752708242706,1050.0,1232.9132851099848,1050.0,0.003080342164321495,0.0
2235,1627873201000.0,0.0,0.0,0.3,9.494964285714287,0.0,0.0,9.525,1.0,1.0,1232.9813788256993,1050.0,1232.990389539985,1050.0,0.0023102451785826715,0.0
2236,1627876801000.0,0.0,0.0,0.1,9.56,0.0,0.0,9.476,1.0,1.0,1232.9996072299853,1050.0,1232.9912072299853,1050.0,0.0007753449347382332,0.0
2237,1627880401000.0,0.0,0.0,0.1,9.56,0.0,0.0,9.457,1.0,1.0,1232.9996072299853,1050.0,1232.9893072299853,1050.0,0.0007753449347382332,0.0
2238,1627884001000.0,0.0,0.0,0.1,9.56,0.0,0.0,9.532,1.0,1.0,1232.9996072299853,1050.0,1232.9968072299853,1050.0,0.0007753449347382332,0.0
2239,1627887601000.0,0.0,0.0,0.1,9.76,0.0,0.0,9.744,1.0,1.0,1233.0180258299852,1050.0,1233.016425829985,1050.0,0.0007915537158047809,0.0
2240,1627891201000.0,0.0,0.0,0.1,9.825,0.0,0.0,9.754,1.0,1.0,1233.0242293399851,1050.0,1233.017129339985,1050.0,0.000796821324854187,0.0
2241,1627894801000.0,0.0,0.0,0.2,9.707,0.0,0.0,9.526,1.0,1.0,1233.0241334499851,1050.0,1232.9879334499851,1050.0,0.001574502840076608,0.0
2242,1627898401000.0,0.0,0.0,0.5,9.566600000000001,0.0,0.0,9.578,1.0,1.0,1233.0238492599851,1050.0,1233.029549259985,1050.0,0.003879324802087777,0.0
2243,1627902001000.0,0.0,0.0,0.5,9.566600000000001,0.0,0.0,9.616,1.0,1.0,1233.0238492599851,1050.0,1233.048549259985,1050.0,0.003879324802087777,0.0
2244,1627905601000.0,0.0,0.0,0.5,9.566600000000001,0.0,0.0,9.543,1.0,1.0,1233.0238492599851,1050.0,1233.0120492599851,1050.0,0.003879324802087777,0.0
2245,1627909201000.0,0.0,0.0,0.5,9.566600000000001,0.0,0.0,9.478,1.0,1.0,1233.0238492599851,1050.0,1232.979549259985,1050.0,0.003879324802087777,0.0
2246,1627912801000.0,0.0,0.0,0.1,9.566600000000001,0.0,0.0,9.618,1.0,1.0,1233.0488240599848,1050.0,1233.0539640599848,1050.0,0.000775849245652791,0.0
2247,1627916401000.0,0.0,0.0,0.1,9.7,0.0,0.0,9.702,1.0,1.0,1233.0610774899847,1050.0,1233.0612774899846,1050.0,0.0007866601401242256,0.0
2248,1627920001000.0,0.0,0.0,0.1,9.766,0.0,0.0,9.72,1.0,1.0,1233.0672821899848,1050.0,1233.0626821899848,1050.0,0.0007920086876893798,0.0
2249,1627923601000.0,0.0,0.0,0.1,9.766,0.0,0.0,9.685,1.0,1.0,1233.0672821899848,1050.0,1233.0591821899848,1050.0,0.0007920086876893798,0.0
2250,1627927201000.0,0.0,0.0,0.1,9.766,0.0,0.0,9.612,1.0,1.0,1233.0672821899848,1050.0,1233.0518821899848,1050.0,0.0007920086876893798,0.0
2251,1627930801000.0,0.0,0.0,0.1,9.766,0.0,0.0,9.594,1.0,1.0,1233.0672821899848,1050.0,1233.0500821899848,1050.0,0.0007920086876893798,0.0
2252,1627934401000.0,0.0,0.0,0.2,9.649000000000001,0.0,0.0,9.488,1.0,1.0,1233.0671868699849,1050.0,1233.0349868699848,1050.0,0.0015650404297097552,0.0
2253,1627938001000.0,0.0,0.0,0.5,9.5092,0.0,0.0,9.429,1.0,1.0,1233.066904389985,1050.0,1233.026804389985,1050.0,0.0038559140490046365,0.0
2254,1627941601000.0,0.0,0.0,0.5,9.5092,0.0,0.0,9.536,1.0,1.0,1233.066904389985,1050.0,1233.080304389985,1050.0,0.0038559140490046365,0.0
2255,1627945201000.0,0.0,0.0,0.1,9.639,0.0,0.0,9.647,1.0,1.0,1233.1038372899854,1050.0,1233.1046372899855,1050.0,0.0007816859950078336,0.0
2256,1627948801000.0,0.0,0.0,0.1,9.639,0.0,0.0,9.496,1.0,1.0,1233.1038372899854,1050.0,1233.0895372899854,1050.0,0.0007816859950078336,0.0
2257,1627952401000.0,0.0,0.0,0.1,9.523499999999999,0.0,0.0,9.458,1.0,1.0,1233.1098973499852,1050.0,1233.1033473499851,1050.0,0.0007723155916975832,0.0
2258,1627956001000.0,0.0,0.0,0.2,9.40925,0.0,0.0,9.242,1.0,1.0,1233.1098043999853,1050.0,1233.0763543999853,1050.0,0.0015261009143591093,0.0
2259,1627959601000.0,0.0,0.0,0.2,9.40925,0.0,0.0,9.305,1.0,1.0,1233.1098043999853,1050.0,1233.0889543999851,1050.0,0.0015261009143591093,0.0
2260,1627963201000.0,0.0,0.0,0.5,9.2729,0.0,0.0,9.221,1.0,1.0,1233.1095289399852,1050.0,1233.0835789399853,1050.0,0.0037599660785896443,0.0
2261,1627966801000.0,0.0,0.0,0.5,9.2729,0.0,0.0,9.089,1.0,1.0,1233.1095289399852,1050.0,1233.0175789399852,1050.0,0.0037599660785896443,0.0
2262,1627970401000.0,0.0,0.0,1.2,9.140541666666667,0.0,0.0,9.029,1.0,1.0,1233.1088957199852,1050.0,1232.9750457199852,1050.0,0.008895118702063736,0.0
2263,1627974001000.0,0.0,0.0,1.2,9.140541666666667,0.0,0.0,9.075,1.0,1.0,1233.1088957199852,1050.0,1233.0302457199853,1050.0,0.008895118702063736,0.0
2264,1627977601000.0,0.0,0.0,1.2,9.140541666666667,0.0,0.0,9.162,1.0,1.0,1233.1088957199852,1050.0,1233.1346457199852,1050.0,0.008895118702063736,0.0
2265,1627981201000.0,0.0,0.0,1.2,9.140541666666667,0.0,0.0,9.096,1.0,1.0,1233.1088957199852,1050.0,1233.055445719985,1050.0,0.008895118702063736,0.0
2266,1627984801000.0,0.0,0.0,1.2,9.140541666666667,0.0,0.0,9.075,1.0,1.0,1233.1088957199852,1050.0,1233.0302457199853,1050.0,0.008895118702063736,0.0
2267,1627988401000.0,0.0,0.0,1.2,9.140541666666667,0.0,0.0,9.113,1.0,1.0,1233.1088957199852,1050.0,1233.0758457199852,1050.0,0.008895118702063736,0.0
2268,1627992001000.0,0.0,0.0,1.2,9.140541666666667,0.0,0.0,9.04,1.0,1.0,1233.1088957199852,1050.0,1232.9882457199851,1050.0,0.008895118702063736,0.0
2269,1627995601000.0,0.0,0.0,1.1,9.008232142857144,0.0,0.0,9.119,1.0,1.0,1233.2171331171285,1050.0,1233.3389777599857,1050.0,0.008035126249094788,0.0
2270,1627999201000.0,0.0,0.0,0.1,9.167,0.0,0.0,9.14,1.0,1.0,1233.344382349986,1050.0,1233.341682349986,1050.0,0.0007432636116226848,0.0
2271,1628002801000.0,0.0,0.0,0.1,9.167,0.0,0.0,9.051,1.0,1.0,1233.344382349986,1050.0,1233.332782349986,1050.0,0.0007432636116226848,0.0
2272,1628006401000.0,0.0,0.0,0.2,9.056999999999999,0.0,0.0,9.059,1.0,1.0,1233.3442928799861,1050.0,1233.344692879986,1050.0,0.0014686896517518188,0.0
2273,1628010001000.0,0.0,0.0,0.1,9.118,0.0,0.0,9.091,1.0,1.0,1233.3560193599865,1050.0,1233.3533193599865,1050.0,0.0007392836988570028,0.0
2274,1628013601000.0,0.0,0.0,0.1,9.118,0.0,0.0,8.927,1.0,1.0,1233.3560193599865,1050.0,1233.3369193599865,1050.0,0.0007392836988570028,0.0
2275,1628017201000.0,0.0,0.0,0.2,9.0085,0.0,0.0,8.942,1.0,1.0,1233.3559303699865,1050.0,1233.3426303699864,1050.0,0.001460811072971871,0.0
2276,1628020801000.0,0.0,0.0,0.2,9.0085,0.0,0.0,8.95,1.0,1.0,1233.3559303699865,1050.0,1233.3442303699865,1050.0,0.001460811072971871,0.0
2277,1628024401000.0,0.0,0.0,0.2,9.0085,0.0,0.0,8.914,1.0,1.0,1233.3559303699865,1050.0,1233.3370303699865,1050.0,0.001460811072971871,0.0
2278,1628028001000.0,0.0,0.0,0.2,9.0085,0.0,0.0,9.004,1.0,1.0,1233.3559303699865,1050.0,1233.3550303699865,1050.0,0.001460811072971871,0.0
2279,1628031601000.0,0.0,0.0,0.1,9.071,0.0,0.0,9.047,1.0,1.0,1233.3675582999863,1050.0,1233.3651582999862,1050.0,0.0007354660773227264,0.0
2280,1628035201000.0,0.0,0.0,0.1,9.071,0.0,0.0,9.049,1.0,1.0,1233.3675582999863,1050.0,1233.3653582999864,1050.0,0.0007354660773227264,0.0
2281,1628038801000.0,0.0,0.0,0.1,9.071,0.0,0.0,9.066,1.0,1.0,1233.3675582999863,1050.0,1233.3670582999862,1050.0,0.0007354660773227264,0.0
2282,1628042401000.0,0.0,0.0,0.1,9.071,0.0,0.0,9.109,1.0,1.0,1233.3675582999863,1050.0,1233.3713582999862,1050.0,0.0007354660773227264,0.0
2283,1628046001000.0,0.0,0.0,0.1,9.132,0.0,0.0,9.111,1.0,1.0,1233.3733756699864,1050.0,1233.3712756699865,1050.0,0.0007404083937712182,0.0
2284,1628049601000.0,0.0,0.0,0.1,9.132,0.0,0.0,9.042,1.0,1.0,1233.3733756699864,1050.0,1233.3643756699864,1050.0,0.0007404083937712182,0.0
2285,1628053201000.0,0.0,0.0,0.1,9.132,0.0,0.0,9.102,1.0,1.0,1233.3733756699864,1050.0,1233.3703756699865,1050.0,0.0007404083937712182,0.0
2286,1628056801000.0,0.0,0.0,0.1,9.193,0.0,0.0,9.113,1.0,1.0,1233.3791918199865,1050.0,1233.3711918199865,1050.0,0.0007453506643350062,0.0
2287,1628060401000.0,0.0,0.0,0.1,9.193,0.0,0.0,9.048,1.0,1.0,1233.3791918199865,1050.0,1233.3646918199865,1050.0,0.0007453506643350062,0.0
2288,1628064001000.0,0.0,0.0,0.1,9.193,0.0,0.0,9.048,1.0,1.0,1233.3791918199865,1050.0,1233.3646918199865,1050.0,0.0007453506643350062,0.0
2289,1628067601000.0,0.0,0.0,0.2,9.0825,0.0,0.0,8.995,1.0,1.0,1233.3791020999865,1050.0,1233.3616020999866,1050.0,0.0014727831831325626,0.0
2290,1628071201000.0,0.0,0.0,0.2,9.0825,0.0,0.0,9.072,1.0,1.0,1233.3791020999865,1050.0,1233.3770020999866,1050.0,0.0014727831831325626,0.0
2291,1628074801000.0,0.0,0.0,0.1,9.148,0.0,0.0,9.159,1.0,1.0,1233.3907277799865,1050.0,1233.3918277799864,1050.0,0.000741695214173187,0.0
2292,1628078401000.0,0.0,0.0,0.1,9.274,0.0,0.0,9.261,1.0,1.0,1233.3965429599866,1050.0,1233.3952429599867,1050.0,0.0007519074099027099,0.0
2293,1628082001000.0,0.0,0.0,0.1,9.481,0.0,0.0,9.44,1.0,1.0,1233.4143788499866,1050.0,1233.4102788499865,1050.0,0.0007686792178343108,0.0
2294,1628085601000.0,0.0,0.0,0.1,9.545,0.0,0.0,9.529,1.0,1.0,1233.4203879699867,1050.0,1233.4187879699866,1050.0,0.000773864295831006,0.0
2295,1628089201000.0,0.0,0.0,0.1,9.545,0.0,0.0,9.595,1.0,1.0,1233.4203879699867,1050.0,1233.4253879699868,1050.0,0.000773864295831006,0.0
2296,1628092801000.0,0.0,0.0,0.1,9.743,0.0,0.0,9.619,1.0,1.0,1233.4388075299867,1050.0,1233.4264075299866,1050.0,0.0007899054205624331,0.0
2297,1628096401000.0,0.0,0.0,0.1,9.743,0.0,0.0,9.717,1.0,1.0,1233.4388075299867,1050.0,1233.4362075299866,1050.0,0.0007899054205624331,0.0
2298,1628100001000.0,0.0,0.0,0.1,9.743,0.0,0.0,9.641,1.0,1.0,1233.4388075299867,1050.0,1233.4286075299867,1050.0,0.0007899054205624331,0.0
2299,1628103601000.0,0.0,0.0,0.1,9.743,0.0,0.0,9.688,1.0,1.0,1233.4388075299867,1050.0,1233.4333075299867,1050.0,0.0007899054205624331,0.0
2300,1628107201000.0,0.0,0.0,0.1,9.743,0.0,0.0,9.684,1.0,1.0,1233.4388075299867,1050.0,1233.4329075299866,1050.0,0.0007899054205624331,0.0
2301,1628110801000.0,0.0,0.0,0.1,9.743,0.0,0.0,9.732,1.0,1.0,1233.4388075299867,1050.0,1233.4377075299867,1050.0,0.0007899054205624331,0.0
2302,1628114401000.0,0.0,0.0,0.1,9.743,0.0,0.0,9.742,1.0,1.0,1233.4388075299867,1050.0,1233.4387075299867,1050.0,0.0007899054205624331,0.0
2303,1628118001000.0,0.0,0.0,0.1,9.743,0.0,0.0,9.621,1.0,1.0,1233.4388075299867,1050.0,1233.4266075299868,1050.0,0.0007899054205624331,0.0
2304,1628121601000.0,0.0,0.0,0.1,9.743,0.0,0.0,9.662,1.0,1.0,1233.4388075299867,1050.0,1233.4307075299866,1050.0,0.0007899054205624331,0.0
2305,1628125201000.0,0.0,0.0,0.1,9.743,0.0,0.0,9.52,1.0,1.0,1233.4388075299867,1050.0,1233.4165075299866,1050.0,0.0007899054205624331,0.0
2306,1628128801000.0,0.0,0.0,0.2,9.626000000000001,0.0,0.0,9.538,1.0,1.0,1233.4387124399866,1050.0,1233.4211124399867,1050.0,0.001560839610905006,0.0
2307,1628132401000.0,0.0,0.0,0.2,9.626000000000001,0.0,0.0,9.547,1.0,1.0,1233.4387124399866,1050.0,1233.4229124399867,1050.0,0.001560839610905006,0.0
2308,1628136001000.0,0.0,0.0,0.1,9.695,0.0,0.0,9.684,1.0,1.0,1233.451021709987,1050.0,1233.449921709987,1050.0,0.0007860060780167338,0.0
2309,1628139601000.0,0.0,0.0,0.1,9.695,0.0,0.0,9.635,1.0,1.0,1233.451021709987,1050.0,1233.4450217099868,1050.0,0.0007860060780167338,0.0
2310,1628143201000.0,0.0,0.0,0.1,9.695,0.0,0.0,9.703,1.0,1.0,1233.451021709987,1050.0,1233.451821709987,1050.0,0.0007860060780167338,0.0
2311,1628146801000.0,0.0,0.0,0.1,9.695,0.0,0.0,9.748,1.0,1.0,1233.451021709987,1050.0,1233.456321709987,1050.0,0.0007860060780167338,0.0
2312,1628150401000.0,0.0,0.0,0.1,10.183,0.0,0.0,10.088,1.0,1.0,1233.4953253799868,1050.0,1233.4858253799869,1050.0,0.0008255402181490275,0.0
2313,1628154001000.0,0.0,0.0,0.2,10.061,0.0,0.0,9.909,1.0,1.0,1233.4952259899867,1050.0,1233.4648259899866,1050.0,0.0016312993821155938,0.0
2314,1628157601000.0,0.0,0.0,1.2,9.773333333333333,0.0,0.0,9.649,1.0,1.0,1233.4942544099868,1050.0,1233.3450544099867,1050.0,0.00950794862486799,0.0
2315,1628161201000.0,0.0,0.0,1.2,9.773333333333333,0.0,0.0,9.686,1.0,1.0,1233.4942544099868,1050.0,1233.3894544099867,1050.0,0.00950794862486799,0.0
2316,1628164801000.0,0.0,0.0,1.2,9.773333333333333,0.0,0.0,9.692,1.0,1.0,1233.4942544099868,1050.0,1233.3966544099867,1050.0,0.00950794862486799,0.0
2317,1628168401000.0,0.0,0.0,3.1,9.480907692307692,0.0,0.0,9.58,1.0,1.0,1233.8323203261407,1050.0,1234.139506479987,1050.0,0.023820752108669782,0.0
2318,1628172001000.0,0.0,0.0,0.1,9.753,0.0,0.0,9.747,1.0,1.0,1234.252550579986,1050.0,1234.251950579986,1050.0,0.0007901948426533112,0.0
2319,1628175601000.0,0.0,0.0,0.1,10.156,0.0,0.0,10.198,1.0,1.0,1234.2841522699857,1050.0,1234.2883522699858,1050.0,0.0008228251153773616,0.0
2320,1628179201000.0,0.0,0.0,0.2,10.2415,0.0,0.0,10.135,1.0,1.0,1234.3036334799858,1050.0,1234.2823334799857,1050.0,0.0016594782227327967,0.0
2321,1628182801000.0,0.0,0.0,0.1,10.319,0.0,0.0,10.369,1.0,1.0,1234.3168241099859,1050.0,1234.321824109986,1050.0,0.0008360090212203499,0.0
2322,1628186401000.0,0.0,0.0,0.1,10.458,0.0,0.0,10.374,1.0,1.0,1234.330007199986,1050.0,1234.3216071999861,1050.0,0.0008472612623040279,0.0
2323,1628190001000.0,0.0,0.0,0.1,10.849,0.0,0.0,10.757,1.0,1.0,1234.3570524799864,1050.0,1234.3478524799864,1050.0,0.0008789191083894992,0.0
2324,1628193601000.0,0.0,0.0,0.2,10.718499999999999,0.0,0.0,10.564,1.0,1.0,1234.3569465999863,1050.0,1234.3260465999863,1050.0,0.0017366937545130543,0.0
2325,1628197201000.0,0.0,0.0,0.2,10.718499999999999,0.0,0.0,10.63,1.0,1.0,1234.3569465999863,1050.0,1234.3392465999862,1050.0,0.0017366937545130543,0.0
2326,1628200801000.0,0.0,0.0,0.2,10.718499999999999,0.0,0.0,10.622,1.0,1.0,1234.3569465999863,1050.0,1234.3376465999863,1050.0,0.0017366937545130543,0.0
2327,1628204401000.0,0.0,0.0,0.5,10.563400000000001,0.0,0.0,10.468,1.0,1.0,1234.3566327999863,1050.0,1234.3089327999862,1050.0,0.004278909238749837,0.0
2328,1628208001000.0,0.0,0.0,0.2,10.563400000000001,0.0,0.0,10.545,1.0,1.0,1234.3771938099858,1050.0,1234.3735138099858,1050.0,0.0017115351859985973,0.0
2329,1628211601000.0,0.0,0.0,0.2,10.5095,0.0,0.0,10.274,1.0,1.0,1234.3906909599855,1050.0,1234.3435909599855,1050.0,0.0017027834180808289,0.0
2330,1628215201000.0,0.0,0.0,0.2,10.5095,0.0,0.0,10.352,1.0,1.0,1234.3906909599855,1050.0,1234.3591909599854,1050.0,0.0017027834180808289,0.0
2331,1628218801000.0,0.0,0.0,0.5,10.3574,0.0,0.0,10.144,1.0,1.0,1234.3903832799854,1050.0,1234.2836832799853,1050.0,0.0041953502474957015,0.0
2332,1628222401000.0,0.0,0.0,1.2,10.209,0.0,0.0,10.072,1.0,1.0,1234.3896760699854,1050.0,1234.2252760699853,1050.0,0.009924580736128438,0.0
2333,1628226001000.0,0.0,0.0,1.2,10.209,0.0,0.0,10.072,1.0,1.0,1234.3896760699854,1050.0,1234.2252760699853,1050.0,0.009924580736128438,0.0
2334,1628229601000.0,0.0,0.0,1.2,10.209,0.0,0.0,10.184,1.0,1.0,1234.3896760699854,1050.0,1234.3596760699854,1050.0,0.009924580736128438,0.0
2335,1628233201000.0,0.0,0.0,0.1,10.277,0.0,0.0,10.246,1.0,1.0,1234.4687401799856,1050.0,1234.4656401799857,1050.0,0.0008325038670887376,0.0
2336,1628236801000.0,0.0,0.0,0.1,10.277,0.0,0.0,10.244,1.0,1.0,1234.4687401799856,1050.0,1234.4654401799855,1050.0,0.0008325038670887376,0.0
2337,1628240401000.0,0.0,0.0,0.1,10.277,0.0,0.0,10.269,1.0,1.0,1234.4687401799856,1050.0,1234.4679401799856,1050.0,0.0008325038670887376,0.0
2338,1628244001000.0,0.0,0.0,0.1,10.277,0.0,0.0,10.131,1.0,1.0,1234.4687401799856,1050.0,1234.4541401799856,1050.0,0.0008325038670887376,0.0
2339,1628247601000.0,0.0,0.0,0.1,10.277,0.0,0.0,10.172,1.0,1.0,1234.4687401799856,1050.0,1234.4582401799855,1050.0,0.0008325038670887376,0.0
2340,1628251201000.0,0.0,0.0,0.1,10.277,0.0,0.0,10.114,1.0,1.0,1234.4687401799856,1050.0,1234.4524401799856,1050.0,0.0008325038670887376,0.0
2341,1628254801000.0,0.0,0.0,0.2,10.350000000000001,0.0,0.0,10.265,1.0,1.0,1234.4818221099856,1050.0,1234.4648221099856,1050.0,0.0016768169145349914,0.0
2342,1628258401000.0,0.0,0.0,0.2,10.350000000000001,0.0,0.0,10.357,1.0,1.0,1234.4818221099856,1050.0,1234.4832221099857,1050.0,0.0016768169145349914,0.0
2343,1628262001000.0,0.0,0.0,0.2,10.350000000000001,0.0,0.0,10.238,1.0,1.0,1234.4818221099856,1050.0,1234.4594221099856,1050.0,0.0016768169145349914,0.0
2344,1628265601000.0,0.0,0.0,0.1,10.422,0.0,0.0,10.444,1.0,1.0,1234.4951095299857,1050.0,1234.4973095299856,1050.0,0.0008442317769867886,0.0
2345,1628269201000.0,0.0,0.0,0.1,10.566,0.0,0.0,10.412,1.0,1.0,1234.508488389986,1050.0,1234.493088389986,1050.0,0.0008558871890609602,0.0
2346,1628272801000.0,0.0,0.0,0.1,10.64,0.0,0.0,10.611,1.0,1.0,1234.5151756399862,1050.0,1234.5122756399862,1050.0,0.0008618768088034323,0.0
2347,1628276401000.0,0.0,0.0,0.1,10.64,0.0,0.0,10.548,1.0,1.0,1234.5151756399862,1050.0,1234.5059756399862,1050.0,0.0008618768088034323,0.0
2348,1628280001000.0,0.0,0.0,0.1,10.64,0.0,0.0,10.638,1.0,1.0,1234.5151756399862,1050.0,1234.5149756399862,1050.0,0.0008618768088034323,0.0
2349,1628283601000.0,0.0,0.0,0.2,10.5125,0.0,0.0,10.45,1.0,1.0,1234.5150717899862,1050.0,1234.5025717899862,1050.0,0.0017030978787091504,0.0
2350,1628287201000.0,0.0,0.0,1.2,10.212,0.0,0.0,10.059,1.0,1.0,1234.5140565999861,1050.0,1234.330456599986,1050.0,0.009926496935766147,0.0
2351,1628290801000.0,0.0,0.0,1.2,10.212,0.0,0.0,10.183,1.0,1.0,1234.5140565999861,1050.0,1234.4792565999862,1050.0,0.009926496935766147,0.0
2352,1628294401000.0,0.0,0.0,1.2,10.212,0.0,0.0,10.194,1.0,1.0,1234.5140565999861,1050.0,1234.492456599986,1050.0,0.009926496935766147,0.0
2353,1628298001000.0,0.0,0.0,0.8,10.212,0.0,0.0,10.34,1.0,1.0,1234.551644319986,1050.0,1234.654044319986,1050.0,0.006617463139421736,0.0
2354,1628301601000.0,0.0,0.0,0.1,10.365,0.0,0.0,10.3,1.0,1.0,1234.633309549986,1050.0,1234.626809549986,1050.0,0.0008395205215853085,0.0
2355,1628305201000.0,0.0,0.0,0.1,10.365,0.0,0.0,10.369,1.0,1.0,1234.633309549986,1050.0,1234.633709549986,1050.0,0.0008395205215853085,0.0
2356,1628308801000.0,0.0,0.0,0.1,10.456,0.0,0.0,10.51,1.0,1.0,1234.639900659986,1050.0,1234.645300659986,1050.0,0.0008468866099670574,0.0
2357,1628312401000.0,0.0,0.0,0.1,10.528,0.0,0.0,10.402,1.0,1.0,1234.6465901299862,1050.0,1234.6339901299862,1050.0,0.0008527136497328837,0.0
2358,1628316001000.0,0.0,0.0,0.1,10.528,0.0,0.0,10.472,1.0,1.0,1234.6465901299862,1050.0,1234.6409901299862,1050.0,0.0008527136497328837,0.0
2359,1628319601000.0,0.0,0.0,0.1,10.528,0.0,0.0,10.378,1.0,1.0,1234.6465901299862,1050.0,1234.631590129986,1050.0,0.0008527136497328837,0.0
2360,1628323201000.0,0.0,0.0,0.1,10.528,0.0,0.0,10.527,1.0,1.0,1234.6465901299862,1050.0,1234.6464901299862,1050.0,0.0008527136497328837,0.0
2361,1628326801000.0,0.0,0.0,0.1,10.6,0.0,0.0,10.622,1.0,1.0,1234.6532781599863,1050.0,1234.6554781599862,1050.0,0.0008585406273571205,0.0
2362,1628330401000.0,0.0,0.0,0.1,11.049,0.0,0.0,10.912,1.0,1.0,1234.6945745299863,1050.0,1234.6808745299863,1050.0,0.0008948771807963962,0.0
2363,1628334001000.0,0.0,0.0,0.1,11.049,0.0,0.0,10.981,1.0,1.0,1234.6945745299863,1050.0,1234.6877745299862,1050.0,0.0008948771807963962,0.0
2364,1628337601000.0,0.0,0.0,0.1,11.049,0.0,0.0,10.984,1.0,1.0,1234.6945745299863,1050.0,1234.6880745299864,1050.0,0.0008948771807963962,0.0
2365,1628341201000.0,0.0,0.0,1.2,10.604166666666668,0.0,0.0,10.557,1.0,1.0,1234.6934125199864,1050.0,1234.6368125199865,1050.0,0.01030620222880149,0.0
2366,1628344801000.0,0.0,0.0,0.8,10.604166666666668,0.0,0.0,10.441,1.0,1.0,1234.7209188933198,1050.0,1234.5903855599865,1050.0,0.006870648422266098,0.0
2367,1628348401000.0,0.0,0.0,0.8,10.604166666666668,0.0,0.0,10.56,1.0,1.0,1234.7209188933198,1050.0,1234.6855855599865,1050.0,0.006870648422266098,0.0
2368,1628352001000.0,0.0,0.0,0.1,10.604166666666668,0.0,0.0,10.543,1.0,1.0,1234.7690550466532,1050.0,1234.7629383799865,1050.0,0.0008587975721715841,0.0
2369,1628355601000.0,0.0,0.0,0.1,10.481,0.0,0.0,10.485,1.0,1.0,1234.8084951399862,1050.0,1234.8088951399861,1050.0,0.0008487955858136369,0.0
2370,1628359201000.0,0.0,0.0,0.2,10.355,0.0,0.0,10.304,1.0,1.0,1234.8083928499861,1050.0,1234.7981928499862,1050.0,0.0016771832877002489,0.0
2371,1628362801000.0,0.0,0.0,0.1,10.427,0.0,0.0,10.368,1.0,1.0,1234.8216801199862,1050.0,1234.8157801199861,1050.0,0.0008444134216194536,0.0
2372,1628366401000.0,0.0,0.0,0.1,10.427,0.0,0.0,10.376,1.0,1.0,1234.8216801199862,1050.0,1234.8165801199862,1050.0,0.0008444134216194536,0.0
2373,1628370001000.0,0.0,0.0,0.1,10.497,0.0,0.0,10.496,1.0,1.0,1234.8283701899863,1050.0,1234.8282701899864,1050.0,0.0008500776507414523,0.0
2374,1628373601000.0,0.0,0.0,0.2,10.516,0.0,0.0,10.388,1.0,1.0,1234.8416421799864,1050.0,1234.8160421799864,1050.0,0.0017032143460006873,0.0
2375,1628377201000.0,0.0,0.0,0.2,10.516,0.0,0.0,10.448,1.0,1.0,1234.8416421799864,1050.0,1234.8280421799864,1050.0,0.0017032143460006873,0.0
2376,1628380801000.0,0.0,0.0,0.1,10.592,0.0,0.0,10.588,1.0,1.0,1234.8551245599867,1050.0,1234.8547245599868,1050.0,0.000857752443127628,0.0
2377,1628384401000.0,0.0,0.0,0.1,10.746,0.0,0.0,10.645,1.0,1.0,1234.8686962999868,1050.0,1234.8585962999869,1050.0,0.0008702139775830444,0.0
2378,1628388001000.0,0.0,0.0,0.5,10.4634,0.0,0.0,10.328,1.0,1.0,1234.8682805899869,1050.0,1234.8005805899868,1050.0,0.0042366461931473655,0.0
2379,1628391601000.0,0.0,0.0,0.5,10.4634,0.0,0.0,10.298,1.0,1.0,1234.8682805899869,1050.0,1234.785580589987,1050.0,0.0042366461931473655,0.0
2380,1628395201000.0,0.0,0.0,0.5,10.4634,0.0,0.0,10.398,1.0,1.0,1234.8682805899869,1050.0,1234.8355805899869,1050.0,0.0042366461931473655,0.0
2381,1628398801000.0,0.0,0.0,0.5,10.4634,0.0,0.0,10.439,1.0,1.0,1234.8682805899869,1050.0,1234.856080589987,1050.0,0.0042366461931473655,0.0
2382,1628402401000.0,0.0,0.0,0.5,10.4634,0.0,0.0,10.479,1.0,1.0,1234.8682805899869,1050.0,1234.876080589987,1050.0,0.0042366461931473655,0.0
2383,1628406001000.0,0.0,0.0,0.1,10.611,0.0,0.0,10.646,1.0,1.0,1234.9086364099862,1050.0,1234.9121364099863,1050.0,0.0008592538498108924,0.0
2384,1628409601000.0,0.0,0.0,0.1,10.611,0.0,0.0,10.456,1.0,1.0,1234.9086364099862,1050.0,1234.8931364099863,1050.0,0.0008592538498108924,0.0
2385,1628413201000.0,0.0,0.0,0.2,10.4835,0.0,0.0,10.345,1.0,1.0,1234.9085328499862,1050.0,1234.880832849986,1050.0,0.0016978585411189333,0.0
2386,1628416801000.0,0.0,0.0,0.2,10.4835,0.0,0.0,10.404,1.0,1.0,1234.9085328499862,1050.0,1234.892632849986,1050.0,0.0016978585411189333,0.0
2387,1628420401000.0,0.0,0.0,0.5,10.331399999999999,0.0,0.0,10.237,1.0,1.0,1234.9082259499862,1050.0,1234.8610259499862,1050.0,0.004183063883979027,0.0
2388,1628424001000.0,0.0,0.0,0.5,10.331399999999999,0.0,0.0,10.183,1.0,1.0,1234.9082259499862,1050.0,1234.8340259499862,1050.0,0.004183063883979027,0.0
2389,1628427601000.0,0.0,0.0,0.5,10.331399999999999,0.0,0.0,10.345,1.0,1.0,1234.9082259499862,1050.0,1234.9150259499863,1050.0,0.004183063883979027,0.0
2390,1628431201000.0,0.0,0.0,0.5,10.331399999999999,0.0,0.0,10.266,1.0,1.0,1234.9082259499862,1050.0,1234.8755259499862,1050.0,0.004183063883979027,0.0
2391,1628434801000.0,0.0,0.0,2.8,10.035250000000001,0.0,0.0,9.871,1.0,1.0,1234.9059326499862,1050.0,1234.4460326499861,1050.0,0.02275371690838262,0.0
2392,1628438401000.0,0.0,0.0,2.8,10.035250000000001,0.0,0.0,9.901,1.0,1.0,1234.9059326499862,1050.0,1234.5300326499862,1050.0,0.02275371690838262,0.0
2393,1628442001000.0,0.0,0.0,2.8,10.035250000000001,0.0,0.0,9.79,1.0,1.0,1234.9059326499862,1050.0,1234.2192326499862,1050.0,0.02275371690838262,0.0
2394,1628445601000.0,0.0,0.0,6.5,9.877430769230768,0.0,0.0,9.701,1.0,1.0,1234.9023221899863,1050.0,1233.7555221899863,1050.0,0.0519905897384186,0.0
2395,1628449201000.0,0.0,0.0,6.5,9.877430769230768,0.0,0.0,9.629,1.0,1.0,1234.9023221899863,1050.0,1233.2875221899862,1050.0,0.0519905897384186,0.0
2396,1628452801000.0,0.0,0.0,15.2,9.694026315789472,0.0,0.0,9.652,1.0,1.0,1234.8940075999863,1050.0,1234.2552075999863,1050.0,0.11932133372836816,0.0
2397,1628456401000.0,0.0,0.0,15.2,9.694026315789472,0.0,0.0,9.631,1.0,1.0,1234.8940075999863,1050.0,1233.9360075999862,1050.0,0.11932133372836816,0.0
2398,1628460001000.0,0.0,0.0,5.4,9.694026315789472,0.0,0.0,9.819,1.0,1.0,1235.9221457852495,1050.0,1236.5970036799863,1050.0,0.042355210062203184,0.0
2399,1628463601000.0,0.0,0.0,0.1,9.878,0.0,0.0,9.82,1.0,1.0,1236.7920825899866,1050.0,1236.7862825899867,1050.0,0.0007986791101794829,0.0
2400,1628467201000.0,0.0,0.0,0.1,9.878,0.0,0.0,9.686,1.0,1.0,1236.7920825899866,1050.0,1236.7728825899867,1050.0,0.0007986791101794829,0.0
2401,1628470801000.0,0.0,0.0,0.5,9.6182,0.0,0.0,9.446,1.0,1.0,1236.7917004599867,1050.0,1236.7056004599867,1050.0,0.0038883669725560113,0.0
2402,1628474401000.0,0.0,0.0,1.2,9.480416666666667,0.0,0.0,9.459,1.0,1.0,1236.7910437199866,1050.0,1236.7653437199867,1050.0,0.009198401021551766,0.0
2403,1628478001000.0,0.0,0.0,0.2,9.480416666666667,0.0,0.0,9.608,1.0,1.0,1236.8883691833207,1050.0,1236.9138858499873,1050.0,0.001532946206443237,0.0
2404,1628481601000.0,0.0,0.0,0.1,9.659,0.0,0.0,9.667,1.0,1.0,1236.9169048499875,1050.0,1236.9177048499876,1050.0,0.0007808932000303964,0.0
2405,1628485201000.0,0.0,0.0,0.1,9.659,0.0,0.0,9.709,1.0,1.0,1236.9169048499875,1050.0,1236.9219048499876,1050.0,0.0007808932000303964,0.0
2406,1628488801000.0,0.0,0.0,0.1,9.725,0.0,0.0,9.696,1.0,1.0,1236.9231103699876,1050.0,1236.9202103699877,1050.0,0.0007862251031182581,0.0
2407,1628492401000.0,0.0,0.0,0.1,9.725,0.0,0.0,9.645,1.0,1.0,1236.9231103699876,1050.0,1236.9151103699876,1050.0,0.0007862251031182581,0.0
2408,1628496001000.0,0.0,0.0,0.1,9.795,0.0,0.0,9.798,1.0,1.0,1236.9293145299876,1050.0,1236.9296145299875,1050.0,0.0007918803350312654,0.0
2409,1628499601000.0,0.0,0.0,0.1,9.881,0.0,0.0,9.889,1.0,1.0,1236.9355171299874,1050.0,1236.9363171299874,1050.0,0.0007988290305485362,0.0
2410,1628503201000.0,0.0,0.0,0.1,10.055,0.0,0.0,10.071,1.0,1.0,1236.9482168799873,1050.0,1236.9498168799873,1050.0,0.0008128877072447059,0.0
2411,1628506801000.0,0.0,0.0,0.1,10.191,0.0,0.0,10.222,1.0,1.0,1236.9611106299874,1050.0,1236.9642106299873,1050.0,0.0008238739207257454,0.0
2412,1628510401000.0,0.0,0.0,0.1,10.268,0.0,0.0,10.245,1.0,1.0,1236.9676053699873,1050.0,1236.9653053699872,1050.0,0.0008300944952336693,0.0
2413,1628514001000.0,0.0,0.0,0.1,10.268,0.0,0.0,10.173,1.0,1.0,1236.9676053699873,1050.0,1236.9581053699874,1050.0,0.0008300944952336693,0.0
2414,1628517601000.0,0.0,0.0,0.2,10.1445,0.0,0.0,9.991,1.0,1.0,1236.9675051599872,1050.0,1236.9368051599872,1050.0,0.0016402209367153795,0.0
2415,1628521201000.0,0.0,0.0,0.2,10.1445,0.0,0.0,10.148,1.0,1.0,1236.9675051599872,1050.0,1236.9682051599873,1050.0,0.0016402209367153795,0.0
2416,1628524801000.0,0.0,0.0,0.1,10.284,0.0,0.0,10.3,1.0,1.0,1236.9869931899873,1050.0,1236.9885931899873,1050.0,0.0008313749503120681,0.0
2417,1628528401000.0,0.0,0.0,0.1,10.284,0.0,0.0,10.25,1.0,1.0,1236.9869931899873,1050.0,1236.9835931899872,1050.0,0.0008313749503120681,0.0
2418,1628532001000.0,0.0,0.0,0.1,10.284,0.0,0.0,10.201,1.0,1.0,1236.9869931899873,1050.0,1236.9786931899873,1050.0,0.0008313749503120681,0.0
2419,1628535601000.0,0.0,0.0,0.1,10.284,0.0,0.0,10.249,1.0,1.0,1236.9869931899873,1050.0,1236.9834931899873,1050.0,0.0008313749503120681,0.0
2420,1628539201000.0,0.0,0.0,0.1,10.284,0.0,0.0,10.164,1.0,1.0,1236.9869931899873,1050.0,1236.9749931899873,1050.0,0.0008313749503120681,0.0
2421,1628542801000.0,0.0,0.0,0.2,10.1605,0.0,0.0,9.936,1.0,1.0,1236.9868928199874,1050.0,1236.9419928199873,1050.0,0.0016427821602599,0.0
2422,1628546401000.0,0.0,0.0,0.5,9.870166666666666,0.0,0.0,9.955,1.0,1.0,1237.0521973333207,1050.0,1237.0946139999874,1050.0,0.003989389731469502,0.0
2423,1628550001000.0,0.0,0.0,0.1,10.062,0.0,0.0,10.114,1.0,1.0,1237.1174133699874,1050.0,1237.1226133699874,1050.0,0.0008133423627584761,0.0
2424,1628553601000.0,0.0,0.0,0.1,10.199,0.0,0.0,10.163,1.0,1.0,1237.130306829987,1050.0,1237.126706829987,1050.0,0.0008244079013902617,0.0
2425,1628557201000.0,0.0,0.0,0.1,10.199,0.0,0.0,10.075,1.0,1.0,1237.130306829987,1050.0,1237.1179068299869,1050.0,0.0008244079013902617,0.0
2426,1628560801000.0,0.0,0.0,0.1,10.199,0.0,0.0,10.138,1.0,1.0,1237.130306829987,1050.0,1237.1242068299869,1050.0,0.0008244079013902617,0.0
2427,1628564401000.0,0.0,0.0,0.1,10.268,0.0,0.0,10.289,1.0,1.0,1237.1368014899867,1050.0,1237.1389014899867,1050.0,0.0008299809679603254,0.0
2428,1628568001000.0,0.0,0.0,0.1,10.268,0.0,0.0,10.2,1.0,1.0,1237.1368014899867,1050.0,1237.1300014899866,1050.0,0.0008299809679603254,0.0
2429,1628571601000.0,0.0,0.0,0.1,10.419,0.0,0.0,10.271,1.0,1.0,1237.149986439987,1050.0,1237.1351864399871,1050.0,0.0008421775948106044,0.0
2430,1628575201000.0,0.0,0.0,0.1,10.419,0.0,0.0,10.279,1.0,1.0,1237.149986439987,1050.0,1237.1359864399872,1050.0,0.0008421775948106044,0.0
2431,1628578801000.0,0.0,0.0,0.1,10.419,0.0,0.0,10.295,1.0,1.0,1237.149986439987,1050.0,1237.137586439987,1050.0,0.0008421775948106044,0.0
2432,1628582401000.0,0.0,0.0,0.1,10.419,0.0,0.0,10.361,1.0,1.0,1237.149986439987,1050.0,1237.1441864399872,1050.0,0.0008421775948106044,0.0
2433,1628586001000.0,0.0,0.0,0.1,10.419,0.0,0.0,10.361,1.0,1.0,1237.149986439987,1050.0,1237.1441864399872,1050.0,0.0008421775948106044,0.0
2434,1628589601000.0,0.0,0.0,0.1,10.419,0.0,0.0,10.338,1.0,1.0,1237.149986439987,1050.0,1237.141886439987,1050.0,0.0008421775948106044,0.0
2435,1628593201000.0,0.0,0.0,0.2,10.294,0.0,0.0,10.167,1.0,1.0,1237.149884749987,1050.0,1237.124484749987,1050.0,0.0016641475906664766,0.0
2436,1628596801000.0,0.0,0.0,0.2,10.294,0.0,0.0,10.257,1.0,1.0,1237.149884749987,1050.0,1237.142484749987,1050.0,0.0016641475906664766,0.0
2437,1628600401000.0,0.0,0.0,0.1,10.421,0.0,0.0,10.478,1.0,1.0,1237.1687727399872,1050.0,1237.174472739987,1050.0,0.0008423264658483388,0.0
2438,1628604001000.0,0.0,0.0,0.2,10.443000000000001,0.0,0.0,10.336,1.0,1.0,1237.1820482899873,1050.0,1237.1606482899872,1050.0,0.0016881913238935443,0.0
2439,1628607601000.0,0.0,0.0,0.5,10.291800000000002,0.0,0.0,10.14,1.0,1.0,1237.1817425599872,1050.0,1237.1058425599872,1050.0,0.00415937272833663,0.0
2440,1628611201000.0,0.0,0.0,1.2,10.144333333333336,0.0,0.0,10.031,1.0,1.0,1237.1810398299872,1050.0,1237.0450398299872,1050.0,0.009839465371755809,0.0
2441,1628614801000.0,0.0,0.0,2.8,9.996714285714287,0.0,0.0,9.898,1.0,1.0,1237.1794580699873,1050.0,1236.9030580699873,1050.0,0.02262468861523609,0.0
2442,1628618401000.0,0.0,0.0,2.8,9.996714285714287,0.0,0.0,9.99,1.0,1.0,1237.1794580699873,1050.0,1237.1606580699872,1050.0,0.02262468861523609,0.0
2443,1628622001000.0,0.0,0.0,0.7,9.996714285714287,0.0,0.0,10.134,1.0,1.0,1237.3474417499867,1050.0,1237.4435417499867,1050.0,0.005655404265517467,0.0
2444,1628625601000.0,0.0,0.0,0.1,10.202,0.0,0.0,10.174,1.0,1.0,1237.4535266499859,1050.0,1237.4507266499859,1050.0,0.0008244350014193009,0.0
2445,1628629201000.0,0.0,0.0,0.1,10.297,0.0,0.0,10.293,1.0,1.0,1237.4600209899859,1050.0,1237.459620989986,1050.0,0.0008321076903771204,0.0
2446,1628632801000.0,0.0,0.0,0.1,10.297,0.0,0.0,10.246,1.0,1.0,1237.4600209899859,1050.0,1237.4549209899858,1050.0,0.0008321076903771204,0.0
2447,1628636401000.0,0.0,0.0,0.1,10.297,0.0,0.0,10.191,1.0,1.0,1237.4600209899859,1050.0,1237.4494209899858,1050.0,0.0008321076903771204,0.0
2448,1628640001000.0,0.0,0.0,0.1,10.297,0.0,0.0,10.279,1.0,1.0,1237.4600209899859,1050.0,1237.4582209899859,1050.0,0.0008321076903771204,0.0
2449,1628643601000.0,0.0,0.0,0.1,10.367,0.0,0.0,10.302,1.0,1.0,1237.466613669986,1050.0,1237.460113669986,1050.0,0.0008377599755402151,0.0
2450,1628647201000.0,0.0,0.0,0.1,10.367,0.0,0.0,10.379,1.0,1.0,1237.466613669986,1050.0,1237.4678136699858,1050.0,0.0008377599755402151,0.0
2451,1628650801000.0,0.0,0.0,0.2,10.311499999999999,0.0,0.0,10.219,1.0,1.0,1237.4731030899861,1050.0,1237.4546030899862,1050.0,0.001666541272574257,0.0
2452,1628654401000.0,0.0,0.0,0.1,10.382,0.0,0.0,10.362,1.0,1.0,1237.4862916899863,1050.0,1237.4842916899863,1050.0,0.000838958788450231,0.0
2453,1628658001000.0,0.0,0.0,0.1,10.382,0.0,0.0,10.438,1.0,1.0,1237.4862916899863,1050.0,1237.4918916899862,1050.0,0.000838958788450231,0.0
2454,1628661601000.0,0.0,0.0,0.1,10.535,0.0,0.0,10.506,1.0,1.0,1237.4995720699867,1050.0,1237.4966720699867,1050.0,0.000851313425699043,0.0
2455,1628665201000.0,0.0,0.0,0.1,10.68,0.0,0.0,10.719,1.0,1.0,1237.513046369987,1050.0,1237.516946369987,1050.0,0.0008630212046109561,0.0
2456,1628668801000.0,0.0,0.0,0.1,10.766,0.0,0.0,10.681,1.0,1.0,1237.5198312099872,1050.0,1237.5113312099872,1050.0,0.000869965856585387,0.0
2457,1628672401000.0,0.0,0.0,0.1,10.766,0.0,0.0,10.688,1.0,1.0,1237.5198312099872,1050.0,1237.512031209987,1050.0,0.000869965856585387,0.0
2458,1628676001000.0,0.0,0.0,0.1,10.842,0.0,0.0,10.852,1.0,1.0,1237.5267144199872,1050.0,1237.5277144199872,1050.0,0.0008761022993415948,0.0
2459,1628679601000.0,0.0,0.0,0.1,10.926,0.0,0.0,10.759,1.0,1.0,1237.5335960299872,1050.0,1237.5168960299873,1050.0,0.0008828851220726979,0.0
2460,1628683201000.0,0.0,0.0,0.2,10.868,0.0,0.0,10.713,1.0,1.0,1237.5404686899874,1050.0,1237.5094686899874,1050.0,0.001756387007126231,0.0
2461,1628686801000.0,0.0,0.0,0.1,10.954,0.0,0.0,11.003,1.0,1.0,1237.5543403699874,1050.0,1237.5592403699873,1050.0,0.0008851328497401675,0.0
2462,1628690401000.0,0.0,0.0,0.1,11.349,0.0,0.0,11.339,1.0,1.0,1237.5898219599874,1050.0,1237.5888219599874,1050.0,0.0009170243483439803,0.0
2463,1628694001000.0,0.0,0.0,0.1,11.429,0.0,0.0,11.481,1.0,1.0,1237.5970934299874,1050.0,1237.6022934299874,1050.0,0.000923483099683488,0.0
2464,1628697601000.0,0.0,0.0,0.2,11.369,0.0,0.0,11.289,1.0,1.0,1237.6042510099871,1050.0,1237.588251009987,1050.0,0.0018372593647318128,0.0
2465,1628701201000.0,0.0,0.0,0.2,11.369,0.0,0.0,11.26,1.0,1.0,1237.6042510099871,1050.0,1237.5824510099872,1050.0,0.0018372593647318128,0.0
2466,1628704801000.0,0.0,0.0,0.2,11.369,0.0,0.0,11.358,1.0,1.0,1237.6042510099871,1050.0,1237.6020510099872,1050.0,0.0018372593647318128,0.0
2467,1628708401000.0,0.0,0.0,0.2,11.369,0.0,0.0,11.287,1.0,1.0,1237.6042510099871,1050.0,1237.5878510099872,1050.0,0.0018372593647318128,0.0
2468,1628712001000.0,0.0,0.0,0.2,11.369,0.0,0.0,11.377,1.0,1.0,1237.6042510099871,1050.0,1237.6058510099872,1050.0,0.0018372593647318128,0.0
2469,1628715601000.0,0.0,0.0,0.1,11.449,0.0,0.0,11.313,1.0,1.0,1237.618907639987,1050.0,1237.605307639987,1050.0,0.0009250828287547801,0.0
2470,1628719201000.0,0.0,0.0,0.1,11.063,0.0,0.0,11.105,1.0,1.0,1237.7685593099864,1050.0,1237.7727593099864,1050.0,0.0008937858307022474,0.0
2471,1628722801000.0,0.0,0.0,0.5,10.7716,0.0,0.0,10.703,1.0,1.0,1237.7681313599862,1050.0,1237.7338313599862,1050.0,0.004351218829719264,0.0
2472,1628726401000.0,0.0,0.0,0.5,10.7716,0.0,0.0,10.676,1.0,1.0,1237.7681313599862,1050.0,1237.7203313599862,1050.0,0.004351218829719264,0.0
2473,1628730001000.0,0.0,0.0,0.1,10.854,0.0,0.0,10.883,1.0,1.0,1237.8026807199858,1050.0,1237.8055807199858,1050.0,0.0008768764334624493,0.0
2474,1628733601000.0,0.0,0.0,0.1,11.077,0.0,0.0,11.067,1.0,1.0,1237.8235206399859,1050.0,1237.822520639986,1050.0,0.0008948771626405123,0.0
2475,1628737201000.0,0.0,0.0,0.1,11.151,0.0,0.0,11.185,1.0,1.0,1237.830597629986,1050.0,1237.833997629986,1050.0,0.0009008502473076912,0.0
2476,1628740801000.0,0.0,0.0,0.1,11.151,0.0,0.0,10.967,1.0,1.0,1237.830597629986,1050.0,1237.812197629986,1050.0,0.0009008502473076912,0.0
2477,1628744401000.0,0.0,0.0,0.5,10.857399999999998,0.0,0.0,10.697,1.0,1.0,1237.830166269986,1050.0,1237.7499662699859,1050.0,0.004385658184723811,0.0
2478,1628748001000.0,0.0,0.0,1.3,10.378292307692307,0.0,0.0,10.415,1.0,1.0,1238.1758108099862,1050.0,1238.2235308099862,1050.0,0.010896497801208042,0.0
2479,1628751601000.0,0.0,0.0,1.3,10.378292307692307,0.0,0.0,10.373,1.0,1.0,1238.1758108099862,1050.0,1238.1689308099863,1050.0,0.010896497801208042,0.0
2480,1628755201000.0,0.0,0.0,0.1,10.597,0.0,0.0,10.593,1.0,1.0,1238.2770458099862,1050.0,1238.2766458099863,1050.0,0.0008557858708483329,0.0
2481,1628758801000.0,0.0,0.0,0.1,10.597,0.0,0.0,10.602,1.0,1.0,1238.2770458099862,1050.0,1238.2775458099863,1050.0,0.0008557858708483329,0.0
2482,1628762401000.0,0.0,0.0,0.1,10.67,0.0,0.0,10.688,1.0,1.0,1238.2838324399863,1050.0,1238.2856324399863,1050.0,0.0008616764364091883,0.0
2483,1628766001000.0,0.0,0.0,0.1,10.743,0.0,0.0,10.604,1.0,1.0,1238.2906176099864,1050.0,1238.2767176099865,1050.0,0.0008675669384247592,0.0
2484,1628769601000.0,0.0,0.0,0.5,10.4604,0.0,0.0,10.348,1.0,1.0,1238.2902020199863,1050.0,1238.2340020199863,1050.0,0.004223727193729005,0.0
2485,1628773201000.0,0.0,0.0,1.2,10.31025,0.0,0.0,10.329,1.0,1.0,1238.2894878099862,1050.0,1238.3119878099862,1050.0,0.00999144394085215,0.0
2486,1628776801000.0,0.0,0.0,0.1,10.44,0.0,0.0,10.321,1.0,1.0,1238.4254324499864,1050.0,1238.4135324499864,1050.0,0.0008430059433894594,0.0
2487,1628780401000.0,0.0,0.0,0.5,10.1648,0.0,0.0,10.064,1.0,1.0,1238.4250286099864,1050.0,1238.3746286099863,1050.0,0.004103922225881132,0.0
2488,1628784001000.0,0.0,0.0,0.5,10.1648,0.0,0.0,10.126,1.0,1.0,1238.4250286099864,1050.0,1238.4056286099865,1050.0,0.004103922225881132,0.0
2489,1628787601000.0,0.0,0.0,0.5,10.1648,0.0,0.0,10.082,1.0,1.0,1238.4250286099864,1050.0,1238.3836286099863,1050.0,0.004103922225881132,0.0
2490,1628791201000.0,0.0,0.0,0.1,10.243,0.0,0.0,10.215,1.0,1.0,1238.4580145799869,1050.0,1238.455214579987,1050.0,0.0008270768875014169,0.0
2491,1628794801000.0,0.0,0.0,0.1,10.387,0.0,0.0,10.449,1.0,1.0,1238.471100709987,1050.0,1238.477300709987,1050.0,0.0008386953877280926,0.0
2492,1628798401000.0,0.0,0.0,0.1,10.387,0.0,0.0,10.363,1.0,1.0,1238.471100709987,1050.0,1238.468700709987,1050.0,0.0008386953877280926,0.0
2493,1628802001000.0,0.0,0.0,0.1,10.387,0.0,0.0,10.394,1.0,1.0,1238.471100709987,1050.0,1238.471800709987,1050.0,0.0008386953877280926,0.0
2494,1628805601000.0,0.0,0.0,0.1,10.387,0.0,0.0,10.29,1.0,1.0,1238.471100709987,1050.0,1238.461400709987,1050.0,0.0008386953877280926,0.0
2495,1628809201000.0,0.0,0.0,0.2,10.2625,0.0,0.0,10.092,1.0,1.0,1238.470999329987,1050.0,1238.436899329987,1050.0,0.0016572854762932701,0.0
2496,1628812801000.0,0.0,0.0,0.1,10.41,0.0,0.0,10.428,1.0,1.0,1238.490781209987,1050.0,1238.492581209987,1050.0,0.0008405391592684756,0.0
2497,1628816401000.0,0.0,0.0,0.1,10.497,0.0,0.0,10.51,1.0,1.0,1238.4973714599873,1050.0,1238.4986714599872,1050.0,0.0008475593280933444,0.0
2498,1628820001000.0,0.0,0.0,0.1,10.637,0.0,0.0,10.631,1.0,1.0,1238.5107473999876,1050.0,1238.5101473999875,1050.0,0.0008588540731140455,0.0
2499,1628823601000.0,0.0,0.0,0.1,10.708,0.0,0.0,10.707,1.0,1.0,1238.5175332499878,1050.0,1238.5174332499878,1050.0,0.000864582027506804,0.0
2500,1628827201000.0,0.0,0.0,0.1,10.708,0.0,0.0,10.665,1.0,1.0,1238.5175332499878,1050.0,1238.5132332499877,1050.0,0.000864582027506804,0.0
2501,1628830801000.0,0.0,0.0,0.1,10.787,0.0,0.0,10.794,1.0,1.0,1238.5243175999879,1050.0,1238.525017599988,1050.0,0.0008709558501768499,0.0
2502,1628834401000.0,0.0,0.0,0.1,10.938,0.0,0.0,10.859,1.0,1.0,1238.538081729988,1050.0,1238.530181729988,1050.0,0.0008831379641328282,0.0
2503,1628838001000.0,0.0,0.0,0.1,11.202,0.0,0.0,11.206,1.0,1.0,1238.5591160599881,1050.0,1238.559516059988,1050.0,0.0009044380566698316,0.0
2504,1628841601000.0,0.0,0.0,0.1,11.543,0.0,0.0,11.484,1.0,1.0,1238.588003369988,1050.0,1238.5821033699879,1050.0,0.0009319483128040521,0.0
2505,1628845201000.0,0.0,0.0,0.1,11.873,0.0,0.0,11.754,1.0,1.0,1238.617763779988,1050.0,1238.605863779988,1050.0,0.0009585685226866297,0.0
2506,1628848801000.0,0.0,0.0,0.1,12.04,0.0,0.0,11.966,1.0,1.0,1238.632983999988,1050.0,1238.625583999988,1050.0,0.0009720393494704575,0.0
2507,1628852401000.0,0.0,0.0,0.1,12.04,0.0,0.0,11.947,1.0,1.0,1238.632983999988,1050.0,1238.623683999988,1050.0,0.0009720393494704575,0.0
2508,1628856001000.0,0.0,0.0,0.2,11.895499999999998,0.0,0.0,11.729,1.0,1.0,1238.632866489988,1050.0,1238.5995664899879,1050.0,0.001920746707409633,0.0
2509,1628859601000.0,0.0,0.0,0.2,11.895499999999998,0.0,0.0,11.847,1.0,1.0,1238.632866489988,1050.0,1238.6231664899879,1050.0,0.001920746707409633,0.0
2510,1628863201000.0,0.0,0.0,0.2,11.895499999999998,0.0,0.0,11.666,1.0,1.0,1238.632866489988,1050.0,1238.5869664899878,1050.0,0.001920746707409633,0.0
2511,1628866801000.0,0.0,0.0,0.5,11.722999999999999,0.0,0.0,11.682,1.0,1.0,1238.632518249988,1050.0,1238.6120182499878,1050.0,0.004732234874861406,0.0
2512,1628870401000.0,0.0,0.0,0.7,11.560142857142859,0.0,0.0,11.59,1.0,1.0,1238.6472247299882,1050.0,1238.6681247299882,1050.0,0.00653301427431365,0.0
2513,1628874001000.0,0.0,0.0,0.1,11.794,0.0,0.0,11.799,1.0,1.0,1238.714223639989,1050.0,1238.7147236399892,1050.0,0.0009521162972798578,0.0
2514,1628877601000.0,0.0,0.0,0.1,11.794,0.0,0.0,11.726,1.0,1.0,1238.714223639989,1050.0,1238.707423639989,1050.0,0.0009521162972798578,0.0
2515,1628881201000.0,0.0,0.0,0.1,11.794,0.0,0.0,11.755,1.0,1.0,1238.714223639989,1050.0,1238.7103236399892,1050.0,0.0009521162972798578,0.0
2516,1628884801000.0,0.0,0.0,0.1,11.878,0.0,0.0,11.936,1.0,1.0,1238.721786139989,1050.0,1238.727586139989,1050.0,0.0009588916682424165,0.0
2517,1628888401000.0,0.0,0.0,0.1,12.139,0.0,0.0,12.098,1.0,1.0,1238.7446636299892,1050.0,1238.740563629989,1050.0,0.0009799436765627026,0.0
2518,1628892001000.0,0.0,0.0,0.1,12.139,0.0,0.0,12.073,1.0,1.0,1238.7446636299892,1050.0,1238.7380636299893,1050.0,0.0009799436765627026,0.0
2519,1628895601000.0,0.0,0.0,0.1,12.139,0.0,0.0,11.99,1.0,1.0,1238.7446636299892,1050.0,1238.7297636299893,1050.0,0.0009799436765627026,0.0
2520,1628899201000.0,0.0,0.0,0.1,12.139,0.0,0.0,12.1,1.0,1.0,1238.7446636299892,1050.0,1238.7407636299893,1050.0,0.0009799436765627026,0.0
2521,1628902801000.0,0.0,0.0,0.1,12.398,0.0,0.0,12.278,1.0,1.0,1238.768025069989,1050.0,1238.7560250699892,1050.0,0.0010008330655208448,0.0
2522,1628906401000.0,0.0,0.0,0.1,12.565,0.0,0.0,12.383,1.0,1.0,1238.783824209989,1050.0,1238.765624209989,1050.0,0.0010143012650341225,0.0
2523,1628910001000.0,0.0,0.0,0.1,12.565,0.0,0.0,12.453,1.0,1.0,1238.783824209989,1050.0,1238.772624209989,1050.0,0.0010143012650341225,0.0
2524,1628913601000.0,0.0,0.0,0.1,12.767,0.0,0.0,12.674,1.0,1.0,1238.7999158899888,1050.0,1238.7906158899889,1050.0,0.0010305941933187674,0.0
2525,1628917201000.0,0.0,0.0,0.1,12.767,0.0,0.0,12.625,1.0,1.0,1238.7999158899888,1050.0,1238.7857158899888,1050.0,0.0010305941933187674,0.0
2526,1628920801000.0,0.0,0.0,0.1,12.767,0.0,0.0,12.575,1.0,1.0,1238.7999158899888,1050.0,1238.7807158899889,1050.0,0.0010305941933187674,0.0
2527,1628924401000.0,0.0,0.0,0.2,12.6135,0.0,0.0,12.489,1.0,1.0,1238.799791289989,1050.0,1238.774891289989,1050.0,0.0020364065426367716,0.0
2528,1628928001000.0,0.0,0.0,0.2,12.6135,0.0,0.0,12.507,1.0,1.0,1238.799791289989,1050.0,1238.7784912899888,1050.0,0.0020364065426367716,0.0
2529,1628931601000.0,0.0,0.0,0.2,12.6135,0.0,0.0,12.338,1.0,1.0,1238.799791289989,1050.0,1238.7446912899889,1050.0,0.0020364065426367716,0.0
2530,1628935201000.0,0.0,0.0,1.2,12.251,0.0,0.0,12.053,1.0,1.0,1238.7985734399888,1050.0,1238.5609734399889,1050.0,0.011867304592688224,0.0
2531,1628938801000.0,0.0,0.0,6.5,11.875507692307693,0.0,0.0,11.802,1.0,1.0,1238.7923244799888,1050.0,1238.3145244799887,1050.0,0.06231133215359773,0.0
2532,1628942401000.0,0.0,0.0,1.4,11.875507692307693,0.0,0.0,11.994,1.0,1.0,1239.186538709219,1050.0,1239.352427939988,1050.0,0.013416632806993452,0.0
2533,1628946001000.0,0.0,0.0,0.1,12.053,0.0,0.0,12.01,1.0,1.0,1239.3022938999864,1050.0,1239.2979938999863,1050.0,0.0009725633575703442,0.0
2534,1628949601000.0,0.0,0.0,0.1,12.24,0.0,0.0,12.259,1.0,1.0,1239.3177066799865,1050.0,1239.3196066799865,1050.0,0.0009876402099337216,0.0
2535,1628953201000.0,0.0,0.0,0.1,12.404,0.0,0.0,12.411,1.0,1.0,1239.3333122099866,1050.0,1239.3340122099867,1050.0,0.0010008606948425452,0.0
2536,1628956801000.0,0.0,0.0,0.1,12.619,0.0,0.0,12.614,1.0,1.0,1239.3491106299866,1050.0,1239.3486106299865,1050.0,0.0010181957522513978,0.0
2537,1628960401000.0,0.0,0.0,0.1,12.619,0.0,0.0,12.564,1.0,1.0,1239.3491106299866,1050.0,1239.3436106299866,1050.0,0.0010181957522513978,0.0
2538,1628964001000.0,0.0,0.0,0.1,12.619,0.0,0.0,12.591,1.0,1.0,1239.3717096199866,1050.0,1239.3689096199867,1050.0,0.0010181771862348874,0.0
2539,1628967601000.0,0.0,0.0,0.1,12.999,0.0,0.0,12.879,1.0,1.0,1239.4042809999864,1050.0,1239.3922809999865,1050.0,0.0010488103195441635,0.0
2540,1628971201000.0,0.0,0.0,0.1,13.177,0.0,0.0,13.141,1.0,1.0,1239.420855749986,1050.0,1239.417255749986,1050.0,0.0010631578401209382,0.0
2541,1628974801000.0,0.0,0.0,0.1,12.915,0.0,0.0,12.844,1.0,1.0,1239.461471259986,1050.0,1239.454371259986,1050.0,0.0010419847893191176,0.0
2542,1628978401000.0,0.0,0.0,0.1,13.007,0.0,0.0,13.027,1.0,1.0,1239.469711189986,1050.0,1239.4717111899859,1050.0,0.001049400391358679,0.0
2543,1628982001000.0,0.0,0.0,0.1,13.097,0.0,0.0,12.825,1.0,1.0,1239.4779492999858,1050.0,1239.4507492999858,1050.0,0.0010566545380978124,0.0
2544,1628985601000.0,0.0,0.0,0.1,13.097,0.0,0.0,12.999,1.0,1.0,1239.4779492999858,1050.0,1239.4681492999857,1050.0,0.0010566545380978124,0.0
2545,1628989201000.0,0.0,0.0,0.2,13.2645,0.0,0.0,13.195,1.0,1.0,1239.5030207799857,1050.0,1239.4891207799858,1050.0,0.0021402932913633416,0.0
2546,1628992801000.0,0.0,0.0,0.2,13.2645,0.0,0.0,12.982,1.0,1.0,1239.5030207799857,1050.0,1239.4465207799858,1050.0,0.0021402932913633416,0.0
2547,1628996401000.0,0.0,0.0,0.5,13.0716,0.0,0.0,12.836,1.0,1.0,1239.5026324899857,1050.0,1239.3848324899857,1050.0,0.005272921435326443,0.0
2548,1629000001000.0,0.0,0.0,1.2,12.882833333333334,0.0,0.0,12.661,1.0,1.0,1239.5017401299856,1050.0,1239.2355401299856,1050.0,0.012472269702807182,0.0
2549,1629003601000.0,0.0,0.0,2.8,12.692071428571431,0.0,0.0,12.495,1.0,1.0,1239.4997322899856,1050.0,1238.9479322899856,1050.0,0.028671083239641883,0.0
2550,1629007201000.0,0.0,0.0,2.8,12.692071428571431,0.0,0.0,12.49,1.0,1.0,1239.4997322899856,1050.0,1238.9339322899855,1050.0,0.028671083239641883,0.0
2551,1629010801000.0,0.0,0.0,6.5,12.485969230769232,0.0,0.0,12.335,1.0,1.0,1239.4951701899856,1050.0,1238.5138701899857,1050.0,0.0654773023339496,0.0
2552,1629014401000.0,0.0,0.0,15.2,12.238723684210527,0.0,0.0,12.106,1.0,1.0,1239.4846832099856,1050.0,1237.4672832099857,1050.0,0.1500854367302288,0.0
2553,1629018001000.0,0.0,0.0,13.3,12.238723684210527,0.0,0.0,12.171,1.0,1.0,1239.6348675999857,1050.0,1238.7341425999857,1050.0,0.1313088468664512,0.0
2554,1629021601000.0,0.0,0.0,0.1,12.542,0.0,0.0,12.53,1.0,1.0,1241.2795735499853,1050.0,1241.2783735499854,1050.0,0.0010104089575993448,0.0
2555,1629025201000.0,0.0,0.0,0.1,12.542,0.0,0.0,12.358,1.0,1.0,1241.2795735499853,1050.0,1241.2611735499854,1050.0,0.0010104089575993448,0.0
2556,1629028801000.0,0.0,0.0,0.2,12.3915,0.0,0.0,12.41,1.0,1.0,1241.2794511399854,1050.0,1241.2831511399854,1050.0,0.0019965689416061314,0.0
2557,1629032401000.0,0.0,0.0,0.2,12.3915,0.0,0.0,12.229,1.0,1.0,1241.2794511399854,1050.0,1241.2469511399854,1050.0,0.0019965689416061314,0.0
2558,1629036001000.0,0.0,0.0,0.2,12.3915,0.0,0.0,12.361,1.0,1.0,1241.2794511399854,1050.0,1241.2733511399854,1050.0,0.0019965689416061314,0.0
2559,1629039601000.0,0.0,0.0,0.1,12.491,0.0,0.0,12.204,1.0,1.0,1241.2953767699853,1050.0,1241.2666767699852,1050.0,0.0010062874827185158,0.0
2560,1629043201000.0,0.0,0.0,0.2,12.341000000000001,0.0,0.0,12.342,1.0,1.0,1241.2952548599853,1050.0,1241.2954548599853,1050.0,0.0019884068599604907,0.0
2561,1629046801000.0,0.0,0.0,0.1,12.424,0.0,0.0,12.25,1.0,1.0,1241.311082179985,1050.0,1241.2936821799851,1050.0,0.0010008772320135115,0.0
2562,1629050401000.0,0.0,0.0,0.1,12.424,0.0,0.0,12.406,1.0,1.0,1241.311082179985,1050.0,1241.309282179985,1050.0,0.0010008772320135115,0.0
2563,1629054001000.0,0.0,0.0,0.1,12.55,0.0,0.0,12.624,1.0,1.0,1241.319031619985,1050.0,1241.326431619985,1050.0,0.0010110213152554027,0.0
2564,1629057601000.0,0.0,0.0,0.1,12.671,0.0,0.0,12.64,1.0,1.0,1241.3269785899852,1050.0,1241.3238785899853,1050.0,0.001020762475846042,0.0
2565,1629061201000.0,0.0,0.0,0.1,12.763,0.0,0.0,12.75,1.0,1.0,1241.3350234199852,1050.0,1241.3337234199853,1050.0,0.001028167236016336,0.0
2566,1629064801000.0,0.0,0.0,0.1,12.763,0.0,0.0,12.814,1.0,1.0,1241.3350234199852,1050.0,1241.3401234199853,1050.0,0.001028167236016336,0.0
2567,1629068401000.0,0.0,0.0,0.1,12.947,0.0,0.0,12.965,1.0,1.0,1241.3513074399852,1050.0,1241.3531074399853,1050.0,0.001042976305128348,0.0
2568,1629072001000.0,0.0,0.0,0.1,13.033,0.0,0.0,12.875,1.0,1.0,1241.3595467899852,1050.0,1241.3437467899853,1050.0,0.0010498972705935085,0.0
2569,1629075601000.0,0.0,0.0,0.1,13.033,0.0,0.0,12.981,1.0,1.0,1241.3595467899852,1050.0,1241.3543467899851,1050.0,0.0010498972705935085,0.0
2570,1629079201000.0,0.0,0.0,0.1,13.033,0.0,0.0,12.977,1.0,1.0,1241.3595467899852,1050.0,1241.3539467899852,1050.0,0.0010498972705935085,0.0
2571,1629082801000.0,0.0,0.0,0.1,13.304,0.0,0.0,13.2,1.0,1.0,1241.3846540699847,1050.0,1241.3742540699848,1050.0,0.0010717064977709939,0.0
2572,1629086401000.0,0.0,0.0,0.5,12.953199999999999,0.0,0.0,12.836,1.0,1.0,1241.3841394499846,1050.0,1241.3255394499845,1050.0,0.005217240815457463,0.0
2573,1629090001000.0,0.0,0.0,0.4,12.953199999999999,0.0,0.0,12.989,1.0,1.0,1241.3924890699845,1050.0,1241.4068090699845,1050.0,0.0041737645793891226,0.0
2574,1629093601000.0,0.0,0.0,0.1,13.111,0.0,0.0,13.056,1.0,1.0,1241.4399550199846,1050.0,1241.4344550199846,1050.0,0.0010561122949993133,0.0
2575,1629097201000.0,0.0,0.0,0.2,12.9535,0.0,0.0,12.857,1.0,1.0,1241.4398270599845,1050.0,1241.4205270599846,1050.0,0.0020868510446739688,0.0
2576,1629100801000.0,0.0,0.0,0.1,12.9535,0.0,0.0,12.927,1.0,1.0,1241.4482466699844,1050.0,1241.4455966699845,1050.0,0.0010434184457343266,0.0
2577,1629104401000.0,0.0,0.0,0.1,12.9535,0.0,0.0,12.873,1.0,1.0,1241.4482466699844,1050.0,1241.4401966699845,1050.0,0.0010434184457343266,0.0
2578,1629108001000.0,0.0,0.0,0.1,12.9535,0.0,0.0,13.011,1.0,1.0,1241.4482466699844,1050.0,1241.4539966699845,1050.0,0.0010434184457343266,0.0
2579,1629111601000.0,0.0,0.0,0.1,13.04,0.0,0.0,13.037,1.0,1.0,1241.4565358799844,1050.0,1241.4562358799844,1050.0,0.0010503791009289607,0.0
2580,1629115201000.0,0.0,0.0,0.1,13.321,0.0,0.0,13.257,1.0,1.0,1241.481642479984,1050.0,1241.475242479984,1050.0,0.0010729921042883863,0.0
2581,1629118801000.0,0.0,0.0,0.1,13.321,0.0,0.0,13.231,1.0,1.0,1241.481642479984,1050.0,1241.472642479984,1050.0,0.0010729921042883863,0.0
2582,1629122401000.0,0.0,0.0,0.5,12.9696,0.0,0.0,12.842,1.0,1.0,1241.481127209984,1050.0,1241.417327209984,1050.0,0.005223438244746802,0.0
2583,1629126001000.0,0.0,0.0,1.2,12.782583333333333,0.0,0.0,12.484,1.0,1.0,1241.480241779984,1050.0,1241.121941779984,1050.0,0.01235549264804039,0.0
2584,1629129601000.0,0.0,0.0,2.8,12.593678571428573,0.0,0.0,12.61,1.0,1.0,1241.478249459984,1050.0,1241.523949459984,1050.0,0.028403477882386046,0.0
2585,1629133201000.0,0.0,0.0,0.1,12.678,0.0,0.0,12.651,1.0,1.0,1241.7050733999847,1050.0,1241.7023733999847,1050.0,0.0010210153982286338,0.0
2586,1629136801000.0,0.0,0.0,0.1,12.678,0.0,0.0,12.658,1.0,1.0,1241.7050733999847,1050.0,1241.7030733999848,1050.0,0.0010210153982286338,0.0
2587,1629140401000.0,0.0,0.0,0.1,12.763,0.0,0.0,12.755,1.0,1.0,1241.7131181599848,1050.0,1241.7123181599848,1050.0,0.0010278541648100386,0.0
2588,1629144001000.0,0.0,0.0,0.2,12.6095,0.0,0.0,12.402,1.0,1.0,1241.7129935999849,1050.0,1241.6714935999848,1050.0,0.002030984626075698,0.0
2589,1629147601000.0,0.0,0.0,1.2,12.247000000000002,0.0,0.0,12.307,1.0,1.0,1241.7117761499849,1050.0,1241.7837761499848,1050.0,0.011835596860945643,0.0
2590,1629151201000.0,0.0,0.0,0.5,12.247000000000002,0.0,0.0,12.35,1.0,1.0,1241.8202079299854,1050.0,1241.8717079299854,1050.0,0.004931068089322998,0.0
2591,1629154801000.0,0.0,0.0,0.1,12.421,0.0,0.0,12.332,1.0,1.0,1241.867319859986,1050.0,1241.858419859986,1050.0,0.0010001873631234938,0.0
2592,1629158401000.0,0.0,0.0,0.2,12.271999999999998,0.0,0.0,12.129,1.0,1.0,1241.867198629986,1050.0,1241.8385986299859,1050.0,0.001976378796950001,0.0
2593,1629162001000.0,0.0,0.0,1.2,11.920083333333334,0.0,0.0,11.903,1.0,1.0,1241.866013659986,1050.0,1241.845513659986,1050.0,0.011518231308902185,0.0
2594,1629165601000.0,0.0,0.0,0.1,12.214,0.0,0.0,12.21,1.0,1.0,1242.0696979199852,1050.0,1242.0692979199853,1050.0,0.000983358665013244,0.0
2595,1629169201000.0,0.0,0.0,0.1,12.295,0.0,0.0,12.323,1.0,1.0,1242.0774520299851,1050.0,1242.080252029985,1050.0,0.0009898738585026004,0.0
2596,1629172801000.0,0.0,0.0,0.1,12.379,0.0,0.0,12.413,1.0,1.0,1242.085304479985,1050.0,1242.0887044799852,1050.0,0.000996630421062958,0.0
2597,1629176401000.0,0.0,0.0,0.1,12.461,0.0,0.0,12.436,1.0,1.0,1242.0931552699851,1050.0,1242.090655269985,1050.0,0.0010032258810162625,0.0
2598,1629180001000.0,0.0,0.0,0.2,12.3115,0.0,0.0,12.115,1.0,1.0,1242.093033649985,1050.0,1242.0537336499851,1050.0,0.001982379687586158,0.0
2599,1629183601000.0,0.0,0.0,0.5,12.133,0.0,0.0,11.982,1.0,1.0,1242.092673229985,1050.0,1242.017173229985,1050.0,0.004884096115167029,0.0
2600,1629187201000.0,0.0,0.0,0.4,12.133,0.0,0.0,12.265,1.0,1.0,1242.100551099985,1050.0,1242.153351099985,1050.0,0.003907252110710426,0.0
2601,1629190801000.0,0.0,0.0,0.1,12.371,0.0,0.0,12.373,1.0,1.0,1242.166189719985,1050.0,1242.1663897199849,1050.0,0.0009959214879925794,0.0
2602,1629194401000.0,0.0,0.0,0.1,12.631,0.0,0.0,12.656,1.0,1.0,1242.1899370499846,1050.0,1242.1924370499846,1050.0,0.0010168332251987758,0.0
2603,1629198001000.0,0.0,0.0,0.1,12.72,0.0,0.0,12.573,1.0,1.0,1242.1979827099847,1050.0,1242.1832827099847,1050.0,0.001023991358627873,0.0
2604,1629201601000.0,0.0,0.0,0.1,12.904,0.0,0.0,12.789,1.0,1.0,1242.2142685299846,1050.0,1242.2027685299845,1050.0,0.0010387901931983422,0.0
2605,1629205201000.0,0.0,0.0,0.1,12.99,0.0,0.0,12.856,1.0,1.0,1242.2225087399845,1050.0,1242.2091087399845,1050.0,0.0010457063777709248,0.0
2606,1629208801000.0,0.0,0.0,0.1,13.077,0.0,0.0,12.835,1.0,1.0,1242.2307472199846,1050.0,1242.2065472199845,1050.0,0.0010527029723958537,0.0
2607,1629212401000.0,0.0,0.0,0.5,12.732199999999999,0.0,0.0,12.64,1.0,1.0,1242.2302413799846,1050.0,1242.1841413799846,1050.0,0.005124734359169959,0.0
2608,1629216001000.0,0.0,0.0,1.2,12.548916666666667,0.0,0.0,12.387,1.0,1.0,1242.2293721199846,1050.0,1242.0350721199845,1050.0,0.012122318420390327,0.0
2609,1629219601000.0,0.0,0.0,1.2,12.548916666666667,0.0,0.0,12.23,1.0,1.0,1242.2293721199846,1050.0,1241.8466721199848,1050.0,0.012122318420390327,0.0
2610,1629223201000.0,0.0,0.0,2.5,12.36382142857143,0.0,0.0,12.385,1.0,1.0,1242.251396341413,1050.0,1242.3043427699845,1050.0,0.024881882735218578,0.0
2611,1629226801000.0,0.0,0.0,0.1,12.529,0.0,0.0,12.409,1.0,1.0,1242.653337059985,1050.0,1242.641337059985,1050.0,0.0010082457936050435,0.0
2612,1629230401000.0,0.0,0.0,0.5,12.198799999999999,0.0,0.0,12.113,1.0,1.0,1242.6528524099851,1050.0,1242.6099524099852,1050.0,0.0049083700151421215,0.0
2613,1629234001000.0,0.0,0.0,1.2,11.656123076923077,0.0,0.0,11.732,1.0,1.0,1243.0471150722935,1050.0,1243.1381673799858,1050.0,0.011252467845109967,0.0
2614,1629237601000.0,0.0,0.0,0.9,11.656123076923077,0.0,0.0,11.44,1.0,1.0,1243.0698261592165,1050.0,1242.8753153899856,1050.0,0.008439196695525864,0.0
2615,1629241201000.0,0.0,0.0,0.3,11.310308320251176,0.0,0.0,11.473,1.0,1.0,1243.440274126062,1050.0,1243.4890816299865,1050.0,0.0027287941099222875,0.0
2616,1629244801000.0,0.0,0.0,0.1,11.454,0.0,0.0,11.248,1.0,1.0,1243.4805237099868,1050.0,1243.4599237099867,1050.0,0.0009211241978946656,0.0
2617,1629248401000.0,0.0,0.0,0.5,11.1524,0.0,0.0,11.167,1.0,1.0,1243.4800806299868,1050.0,1243.4873806299868,1050.0,0.004484350080762789,0.0
2618,1629252001000.0,0.0,0.0,0.1,11.277,0.0,0.0,11.285,1.0,1.0,1243.6324252599866,1050.0,1243.6332252599866,1050.0,0.0009067791873987602,0.0
2619,1629255601000.0,0.0,0.0,0.1,11.277,0.0,0.0,11.199,1.0,1.0,1243.6324252599866,1050.0,1243.6246252599865,1050.0,0.0009067791873987602,0.0
2620,1629259201000.0,0.0,0.0,0.1,11.281,0.0,0.0,11.287,1.0,1.0,1243.6526774899867,1050.0,1243.6532774899867,1050.0,0.0009070860541841941,0.0
2621,1629262801000.0,0.0,0.0,0.1,11.281,0.0,0.0,11.282,1.0,1.0,1243.6526774899867,1050.0,1243.6527774899866,1050.0,0.0009070860541841941,0.0
2622,1629266401000.0,0.0,0.0,0.1,11.516,0.0,0.0,11.542,1.0,1.0,1243.6743913399866,1050.0,1243.6769913399867,1050.0,0.00092596583801908,0.0
2623,1629270001000.0,0.0,0.0,0.1,11.598,0.0,0.0,11.5,1.0,1.0,1243.6817594399865,1050.0,1243.6719594399865,1050.0,0.000932553678782137,0.0
2624,1629273601000.0,0.0,0.0,0.5,11.2926,0.0,0.0,11.199,1.0,1.0,1243.6813107899864,1050.0,1243.6345107899863,1050.0,0.004539989425758493,0.0
2625,1629277201000.0,0.0,0.0,0.1,11.372,0.0,0.0,11.381,1.0,1.0,1243.7178287199868,1050.0,1243.7187287199868,1050.0,0.0009143553093312065,0.0
2626,1629280801000.0,0.0,0.0,0.1,11.545,0.0,0.0,11.547,1.0,1.0,1243.7323689899865,1050.0,1243.7325689899865,1050.0,0.0009282543646729638,0.0
2627,1629284401000.0,0.0,0.0,0.1,11.633,0.0,0.0,11.51,1.0,1.0,1243.7605748599865,1050.0,1243.7482748599864,1050.0,0.0009353086305464827,0.0
2628,1629288001000.0,0.0,0.0,0.5,11.326999999999998,0.0,0.0,11.225,1.0,1.0,1243.7601248399865,1050.0,1243.7091248399865,1050.0,0.004553530770837846,0.0
2629,1629291601000.0,0.0,0.0,0.5,11.326999999999998,0.0,0.0,11.24,1.0,1.0,1243.7601248399865,1050.0,1243.7166248399865,1050.0,0.004553530770837846,0.0
2630,1629295201000.0,0.0,0.0,0.1,11.469,0.0,0.0,11.46,1.0,1.0,1243.815038239986,1050.0,1243.814138239986,1050.0,0.000922082435683426,0.0
2631,1629298801000.0,0.0,0.0,0.1,11.644,0.0,0.0,11.611,1.0,1.0,1243.829674479986,1050.0,1243.8263744799858,1050.0,0.0009361410359395121,0.0
2632,1629302401000.0,0.0,0.0,0.1,11.723,0.0,0.0,11.775,1.0,1.0,1243.837140039986,1050.0,1243.842340039986,1050.0,0.0009424867309898093,0.0
2633,1629306001000.0,0.0,0.0,0.1,11.804,0.0,0.0,11.858,1.0,1.0,1243.8446039999862,1050.0,1243.8500039999863,1050.0,0.0009489931428765624,0.0
2634,1629309601000.0,0.0,0.0,0.1,11.883,0.0,0.0,11.811,1.0,1.0,1243.8521663499864,1050.0,1243.8449663499864,1050.0,0.0009553386102843707,0.0
2635,1629313201000.0,0.0,0.0,0.2,11.7405,0.0,0.0,11.511,1.0,1.0,1243.8520503699865,1050.0,1243.8061503699864,1050.0,0.0018877647058599554,0.0
2636,1629316801000.0,0.0,0.0,1.2,11.403916666666667,0.0,0.0,11.302,1.0,1.0,1243.8509167099867,1050.0,1243.7286167099867,1050.0,0.011001881187012619,0.0
2637,1629320401000.0,0.0,0.0,1.2,11.403916666666667,0.0,0.0,11.152,1.0,1.0,1243.8509167099867,1050.0,1243.5486167099866,1050.0,0.011001881187012619,0.0
2638,1629324001000.0,0.0,0.0,2.8,11.236535714285717,0.0,0.0,11.201,1.0,1.0,1243.8491389499866,1050.0,1243.7496389499865,1050.0,0.02529430540632875,0.0
2639,1629327601000.0,0.0,0.0,0.1,11.513,0.0,0.0,11.547,1.0,1.0,1244.2235110799854,1050.0,1244.2269110799855,1050.0,0.0009253160623855051,0.0
2640,1629331201000.0,0.0,0.0,0.1,11.592,0.0,0.0,11.34,1.0,1.0,1244.2308792699853,1050.0,1244.2056792699852,1050.0,0.0009316598866925128,0.0
2641,1629334801000.0,0.0,0.0,0.1,11.426,0.0,0.0,11.462,1.0,1.0,1244.2912460999858,1050.0,1244.2948460999858,1050.0,0.0009182737591229391,0.0
2642,1629338401000.0,0.0,0.0,0.1,11.585,0.0,0.0,11.402,1.0,1.0,1244.3058843399858,1050.0,1244.2875843399859,1050.0,0.0009310411648615649,0.0
2643,1629342001000.0,0.0,0.0,0.2,11.446000000000002,0.0,0.0,11.385,1.0,1.0,1244.3057712699858,1050.0,1244.293571269986,1050.0,0.0018397407235872223,0.0
2644,1629345601000.0,0.0,0.0,0.5,11.279800000000002,0.0,0.0,11.11,1.0,1.0,1244.305436199986,1050.0,1244.2205361999859,1050.0,0.0045325688017757325,0.0
2645,1629349201000.0,0.0,0.0,0.3,11.279800000000002,0.0,0.0,11.313,1.0,1.0,1244.3200491199857,1050.0,1244.3300091199858,1050.0,0.002719509343591472,0.0
2646,1629352801000.0,0.0,0.0,0.1,11.359,0.0,0.0,11.355,1.0,1.0,1244.3418549099854,1050.0,1244.3414549099855,1050.0,0.0009128520394278388,0.0
2647,1629356401000.0,0.0,0.0,0.1,11.359,0.0,0.0,11.281,1.0,1.0,1244.3418549099854,1050.0,1244.3340549099853,1050.0,0.0009128520394278388,0.0
2648,1629360001000.0,0.0,0.0,0.2,11.2225,0.0,0.0,11.263,1.0,1.0,1244.3417440499854,1050.0,1244.3498440499854,1050.0,0.0018037649309222547,0.0
2649,1629363601000.0,0.0,0.0,0.1,11.375,0.0,0.0,11.261,1.0,1.0,1244.3632776799855,1050.0,1244.3518776799854,1050.0,0.0009141221220548846,0.0
2650,1629367201000.0,0.0,0.0,0.1,11.375,0.0,0.0,11.362,1.0,1.0,1244.3632776799855,1050.0,1244.3619776799856,1050.0,0.0009141221220548846,0.0
2651,1629370801000.0,0.0,0.0,0.1,11.375,0.0,0.0,11.145,1.0,1.0,1244.3632776799855,1050.0,1244.3402776799855,1050.0,0.0009141221220548846,0.0
2652,1629374401000.0,0.0,0.0,0.1,11.375,0.0,0.0,11.12,1.0,1.0,1244.3632776799855,1050.0,1244.3377776799855,1050.0,0.0009141221220548846,0.0
2653,1629378001000.0,0.0,0.0,0.1,11.323,0.0,0.0,11.348,1.0,1.0,1244.3775271899858,1050.0,1244.3800271899859,1050.0,0.0009099328582033495,0.0
2654,1629381601000.0,0.0,0.0,0.1,11.565,0.0,0.0,11.62,1.0,1.0,1244.3992382699855,1050.0,1244.4047382699855,1050.0,0.0009293641175864214,0.0
2655,1629385201000.0,0.0,0.0,0.1,11.728,0.0,0.0,11.721,1.0,1.0,1244.4140708699856,1050.0,1244.4133708699856,1050.0,0.0009424515741613889,0.0
2656,1629388801000.0,0.0,0.0,0.1,12.064,0.0,0.0,12.079,1.0,1.0,1244.4443164499855,1050.0,1244.4458164499856,1050.0,0.0009694286711369183,0.0
2657,1629392401000.0,0.0,0.0,0.1,12.064,0.0,0.0,11.825,1.0,1.0,1244.4443164499855,1050.0,1244.4204164499856,1050.0,0.0009694286711369183,0.0
2658,1629396001000.0,0.0,0.0,0.1,12.064,0.0,0.0,11.963,1.0,1.0,1244.4443164499855,1050.0,1244.4342164499856,1050.0,0.0009694286711369183,0.0
2659,1629399601000.0,0.0,0.0,0.1,12.34,0.0,0.0,12.342,1.0,1.0,1244.4675815299859,1050.0,1244.4677815299858,1050.0,0.0009915887069415527,0.0
2660,1629403201000.0,0.0,0.0,0.1,12.448,0.0,0.0,12.485,1.0,1.0,1244.4754328399858,1050.0,1244.4791328399858,1050.0,0.0010002608064019983,0.0
2661,1629406801000.0,0.0,0.0,0.1,12.448,0.0,0.0,12.39,1.0,1.0,1244.4754328399858,1050.0,1244.469632839986,1050.0,0.0010002608064019983,0.0
2662,1629410401000.0,0.0,0.0,0.1,12.448,0.0,0.0,12.465,1.0,1.0,1244.4754328399858,1050.0,1244.4771328399859,1050.0,0.0010002608064019983,0.0
2663,1629414001000.0,0.0,0.0,0.1,12.448,0.0,0.0,12.385,1.0,1.0,1244.4754328399858,1050.0,1244.4691328399858,1050.0,0.0010002608064019983,0.0
2664,1629417601000.0,0.0,0.0,0.1,12.448,0.0,0.0,12.41,1.0,1.0,1244.4754328399858,1050.0,1244.471632839986,1050.0,0.0010002608064019983,0.0
2665,1629421201000.0,0.0,0.0,0.1,12.7,0.0,0.0,12.428,1.0,1.0,1244.4993759899858,1050.0,1244.4721759899858,1050.0,0.0010204906683779803,0.0
2666,1629424801000.0,0.0,0.0,0.2,12.5475,0.0,0.0,12.402,1.0,1.0,1244.4992520399858,1050.0,1244.4701520399858,1050.0,0.002016473690833018,0.0
2667,1629428401000.0,0.0,0.0,0.5,12.3654,0.0,0.0,12.368,1.0,1.0,1244.4988847199859,1050.0,1244.5001847199858,1050.0,0.004968023737033012,0.0
2668,1629432001000.0,0.0,0.0,0.5,12.3654,0.0,0.0,12.267,1.0,1.0,1244.4988847199859,1050.0,1244.449684719986,1050.0,0.004968023737033012,0.0
2669,1629435601000.0,0.0,0.0,0.5,12.3654,0.0,0.0,12.343,1.0,1.0,1244.4988847199859,1050.0,1244.487684719986,1050.0,0.004968023737033012,0.0
2670,1629439201000.0,0.0,0.0,0.2,12.3654,0.0,0.0,12.404,1.0,1.0,1244.5229913099863,1050.0,1244.5307113099864,1050.0,0.0019871710022784177,0.0
2671,1629442801000.0,0.0,0.0,0.1,12.545,0.0,0.0,12.539,1.0,1.0,1244.5468869599865,1050.0,1244.5462869599864,1050.0,0.001007997378921035,0.0
2672,1629446401000.0,0.0,0.0,0.2,12.3945,0.0,0.0,12.299,1.0,1.0,1244.5467645199865,1050.0,1244.5276645199865,1050.0,0.001991809444746816,0.0
2673,1629450001000.0,0.0,0.0,0.2,12.3945,0.0,0.0,12.228,1.0,1.0,1244.5467645199865,1050.0,1244.5134645199864,1050.0,0.001991809444746816,0.0
2674,1629453601000.0,0.0,0.0,0.2,12.3945,0.0,0.0,12.321,1.0,1.0,1244.5467645199865,1050.0,1244.5320645199865,1050.0,0.001991809444746816,0.0
2675,1629457201000.0,0.0,0.0,0.2,12.3945,0.0,0.0,12.372,1.0,1.0,1244.5467645199865,1050.0,1244.5422645199865,1050.0,0.001991809444746816,0.0
2676,1629460801000.0,0.0,0.0,0.2,12.3945,0.0,0.0,12.196,1.0,1.0,1244.5467645199865,1050.0,1244.5070645199864,1050.0,0.001991809444746816,0.0
2677,1629464401000.0,0.0,0.0,0.1,12.3945,0.0,0.0,12.456,1.0,1.0,1244.5547897599863,1050.0,1244.5609397599862,1050.0,0.0009958983004991122,0.0
2678,1629468001000.0,0.0,0.0,0.1,12.652,0.0,0.0,12.564,1.0,1.0,1244.5786859499858,1050.0,1244.5698859499857,1050.0,0.001016568911457996,0.0
2679,1629471601000.0,0.0,0.0,0.1,12.652,0.0,0.0,12.637,1.0,1.0,1244.5786859499858,1050.0,1244.5771859499857,1050.0,0.001016568911457996,0.0
2680,1629475201000.0,0.0,0.0,0.1,12.826,0.0,0.0,12.678,1.0,1.0,1244.5948746799857,1050.0,1244.5800746799857,1050.0,0.0010305361415936945,0.0
2681,1629478801000.0,0.0,0.0,0.1,13.023,0.0,0.0,12.825,1.0,1.0,1244.6112562199855,1050.0,1244.5914562199855,1050.0,0.0010463508131488553,0.0
2682,1629482401000.0,0.0,0.0,0.2,12.8665,0.0,0.0,12.67,1.0,1.0,1244.6111291199854,1050.0,1244.5718291199855,1050.0,0.002067553422746169,0.0
2683,1629486001000.0,0.0,0.0,0.5,12.6796,0.0,0.0,12.487,1.0,1.0,1244.6107524699855,1050.0,1244.5144524699856,1050.0,0.005093801405313576,0.0
2684,1629489601000.0,0.0,0.0,0.5,12.6796,0.0,0.0,12.484,1.0,1.0,1244.6107524699855,1050.0,1244.5129524699855,1050.0,0.005093801405313576,0.0
2685,1629493201000.0,0.0,0.0,0.5,12.6796,0.0,0.0,12.545,1.0,1.0,1244.6107524699855,1050.0,1244.5434524699856,1050.0,0.005093801405313576,0.0
2686,1629496801000.0,0.0,0.0,0.5,12.6796,0.0,0.0,12.612,1.0,1.0,1244.6107524699855,1050.0,1244.5769524699856,1050.0,0.005093801405313576,0.0
2687,1629500401000.0,0.0,0.0,0.5,12.6796,0.0,0.0,12.5,1.0,1.0,1244.6107524699855,1050.0,1244.5209524699856,1050.0,0.005093801405313576,0.0
2688,1629504001000.0,0.0,0.0,0.5,12.6796,0.0,0.0,12.611,1.0,1.0,1244.6107524699855,1050.0,1244.5764524699855,1050.0,0.005093801405313576,0.0
2689,1629507601000.0,0.0,0.0,0.1,12.716,0.0,0.0,12.739,1.0,1.0,1244.8085400599857,1050.0,1244.8108400599858,1050.0,0.0010215225547365889,0.0
2690,1629511201000.0,0.0,0.0,0.1,12.891,0.0,0.0,12.845,1.0,1.0,1244.8248262699858,1050.0,1244.8202262699858,1050.0,0.0010355673929340575,0.0
2691,1629514801000.0,0.0,0.0,0.1,12.891,0.0,0.0,12.764,1.0,1.0,1244.8248262699858,1050.0,1244.8121262699858,1050.0,0.0010355673929340575,0.0
2692,1629518401000.0,0.0,0.0,0.1,12.979,0.0,0.0,12.981,1.0,1.0,1244.8330667199857,1050.0,1244.8332667199857,1050.0,0.0010426297587192478,0.0
2693,1629522001000.0,0.0,0.0,0.1,13.18,0.0,0.0,13.148,1.0,1.0,1244.8496416399855,1050.0,1244.8464416399854,1050.0,0.001058762404641612,0.0
2694,1629525601000.0,0.0,0.0,0.1,13.273,0.0,0.0,13.21,1.0,1.0,1244.8580762399856,1050.0,1244.8517762399856,1050.0,0.0010662259620863972,0.0
2695,1629529201000.0,0.0,0.0,0.1,13.647,0.0,0.0,13.572,1.0,1.0,1244.892195799986,1050.0,1244.884695799986,1050.0,0.0010962395013835104,0.0
2696,1629532801000.0,0.0,0.0,0.1,14.376,0.0,0.0,14.35,1.0,1.0,1244.945509889986,1050.0,1244.942909889986,1050.0,0.0011547493352757573,0.0
2697,1629536401000.0,0.0,0.0,0.1,14.495,0.0,0.0,14.473,1.0,1.0,1244.9546202399858,1050.0,1244.952420239986,1050.0,0.001164299466369774,0.0
2698,1629540001000.0,0.0,0.0,0.1,14.495,0.0,0.0,14.324,1.0,1.0,1244.9546202399858,1050.0,1244.9375202399858,1050.0,0.001164299466369774,0.0
2699,1629543601000.0,0.0,0.0,0.1,14.495,0.0,0.0,14.22,1.0,1.0,1244.9546202399858,1050.0,1244.927120239986,1050.0,0.001164299466369774,0.0
2700,1629547201000.0,0.0,0.0,0.1,13.874,0.0,0.0,13.83,1.0,1.0,1245.2275261099842,1050.0,1245.2231261099842,1050.0,0.001114173892649285,0.0
2701,1629550801000.0,0.0,0.0,0.1,14.157,0.0,0.0,14.042,1.0,1.0,1245.2541824699838,1050.0,1245.2426824699837,1050.0,0.00113687632607821,0.0
2702,1629554401000.0,0.0,0.0,0.1,14.157,0.0,0.0,13.858,1.0,1.0,1245.2541824699838,1050.0,1245.2242824699838,1050.0,0.00113687632607821,0.0
2703,1629558001000.0,0.0,0.0,0.2,13.987,0.0,0.0,13.838,1.0,1.0,1245.254044299984,1050.0,1245.2242442999839,1050.0,0.0022464492388559565,0.0
2704,1629561601000.0,0.0,0.0,0.2,13.987,0.0,0.0,13.84,1.0,1.0,1245.254044299984,1050.0,1245.224644299984,1050.0,0.0022464492388559565,0.0
2705,1629565201000.0,0.0,0.0,0.1,14.084,0.0,0.0,14.09,1.0,1.0,1245.2720218799839,1050.0,1245.272621879984,1050.0,0.001130997866533404,0.0
2706,1629568801000.0,0.0,0.0,0.1,14.084,0.0,0.0,13.93,1.0,1.0,1245.2720218799839,1050.0,1245.2566218799839,1050.0,0.001130997866533404,0.0
2707,1629572401000.0,0.0,0.0,0.2,13.712,0.0,0.0,13.746,1.0,1.0,1245.2980630599843,1050.0,1245.3048630599844,1050.0,0.002202203698334912,0.0
2708,1629576001000.0,0.0,0.0,0.5,13.5128,0.0,0.0,13.448,1.0,1.0,1245.2976616599842,1050.0,1245.2652616599842,1050.0,0.0054255301427240344,0.0
2709,1629579601000.0,0.0,0.0,0.5,13.5128,0.0,0.0,13.284,1.0,1.0,1245.2976616599842,1050.0,1245.1832616599843,1050.0,0.0054255301427240344,0.0
2710,1629583201000.0,0.0,0.0,0.5,13.5128,0.0,0.0,13.433,1.0,1.0,1245.2976616599842,1050.0,1245.2577616599842,1050.0,0.0054255301427240344,0.0
2711,1629586801000.0,0.0,0.0,0.5,13.5128,0.0,0.0,13.441,1.0,1.0,1245.2976616599842,1050.0,1245.2617616599841,1050.0,0.0054255301427240344,0.0
2712,1629590401000.0,0.0,0.0,1.2,13.317500000000003,0.0,0.0,13.076,1.0,1.0,1245.2967391999841,1050.0,1245.0069391999841,1050.0,0.012833085879809396,0.0
2713,1629594001000.0,0.0,0.0,1.2,13.317500000000003,0.0,0.0,13.357,1.0,1.0,1245.2967391999841,1050.0,1245.344139199984,1050.0,0.012833085879809396,0.0
2714,1629597601000.0,0.0,0.0,0.1,13.407,0.0,0.0,13.349,1.0,1.0,1245.4431922099839,1050.0,1245.437392209984,1050.0,0.001076484265509523,0.0
2715,1629601201000.0,0.0,0.0,0.1,13.587,0.0,0.0,13.419,1.0,1.0,1245.460350579984,1050.0,1245.4435505799838,1050.0,0.0010909219224580556,0.0
2716,1629604801000.0,0.0,0.0,0.2,13.4235,0.0,0.0,13.332,1.0,1.0,1245.460217979984,1050.0,1245.441917979984,1050.0,0.0021555887223393805,0.0
2717,1629608401000.0,0.0,0.0,0.1,13.515,0.0,0.0,13.574,1.0,1.0,1245.4775125899837,1050.0,1245.4834125899838,1050.0,0.0010851259748476242,0.0
2718,1629612001000.0,0.0,0.0,0.1,13.515,0.0,0.0,13.546,1.0,1.0,1245.4775125899837,1050.0,1245.4806125899836,1050.0,0.0010851259748476242,0.0
2719,1629615601000.0,0.0,0.0,0.1,13.613,0.0,0.0,13.657,1.0,1.0,1245.4861404199837,1050.0,1245.4905404199837,1050.0,0.0010929868714082706,0.0
2720,1629619201000.0,0.0,0.0,0.1,13.613,0.0,0.0,13.63,1.0,1.0,1245.4861404199837,1050.0,1245.4878404199837,1050.0,0.0010929868714082706,0.0
2721,1629622801000.0,0.0,0.0,0.1,13.613,0.0,0.0,13.515,1.0,1.0,1245.4861404199837,1050.0,1245.4763404199837,1050.0,0.0010929868714082706,0.0
2722,1629626401000.0,0.0,0.0,0.1,13.81,0.0,0.0,13.8,1.0,1.0,1245.5034901799838,1050.0,1245.5024901799839,1050.0,0.0011087885428570227,0.0
2723,1629630001000.0,0.0,0.0,0.1,13.919,0.0,0.0,13.661,1.0,1.0,1245.5123119799837,1050.0,1245.4865119799838,1050.0,0.0011175321083637501,0.0
2724,1629633601000.0,0.0,0.0,0.2,13.7515,0.0,0.0,13.687,1.0,1.0,1245.5121761399837,1050.0,1245.4992761399837,1050.0,0.0022081678948523524,0.0
2725,1629637201000.0,0.0,0.0,0.2,13.7515,0.0,0.0,13.428,1.0,1.0,1245.5121761399837,1050.0,1245.4474761399838,1050.0,0.0022081678948523524,0.0
2726,1629640801000.0,0.0,0.0,1.2,13.35575,0.0,0.0,13.34,1.0,1.0,1245.5108484799837,1050.0,1245.4919484799836,1050.0,0.01286773215950641,0.0
2727,1629644401000.0,0.0,0.0,6.5,12.94266153846154,0.0,0.0,12.83,1.0,1.0,1245.5040384399838,1050.0,1244.771738439984,1050.0,0.06754478299835219,0.0
2728,1629648001000.0,0.0,0.0,0.4,12.94266153846154,0.0,0.0,13.084,1.0,1.0,1246.016655975369,1050.0,1246.0731913599845,1050.0,0.0041548919836324845,0.0
2729,1629651601000.0,0.0,0.0,0.1,13.133,0.0,0.0,13.086,1.0,1.0,1246.0584772099846,1050.0,1246.0537772099847,1050.0,0.0010539633765347626,0.0
2730,1629655201000.0,0.0,0.0,0.1,13.133,0.0,0.0,13.173,1.0,1.0,1246.0584772099846,1050.0,1246.0624772099845,1050.0,0.0010539633765347626,0.0
2731,1629658801000.0,0.0,0.0,0.1,13.133,0.0,0.0,13.01,1.0,1.0,1246.0584772099846,1050.0,1246.0461772099845,1050.0,0.0010539633765347626,0.0
2732,1629662401000.0,0.0,0.0,0.1,13.229,0.0,0.0,13.243,1.0,1.0,1246.0668127299846,1050.0,1246.0682127299847,1050.0,0.0010616605678644814,0.0
2733,1629666001000.0,0.0,0.0,0.2,13.07,0.0,0.0,12.937,1.0,1.0,1246.0666836199846,1050.0,1246.0400836199847,1050.0,0.002097801052192482,0.0
2734,1629669601000.0,0.0,0.0,0.1,13.253,0.0,0.0,13.237,1.0,1.0,1246.0918239099842,1050.0,1246.0902239099842,1050.0,0.001063565280318971,0.0
2735,1629673201000.0,0.0,0.0,0.1,13.343,0.0,0.0,13.303,1.0,1.0,1246.1002570799842,1050.0,1246.0962570799843,1050.0,0.0010707806152987212,0.0
2736,1629676801000.0,0.0,0.0,0.1,13.544,0.0,0.0,13.538,1.0,1.0,1246.1173178099846,1050.0,1246.1167178099845,1050.0,0.0010868960575721065,0.0
2737,1629680401000.0,0.0,0.0,0.1,13.734,0.0,0.0,13.678,1.0,1.0,1246.1346703799845,1050.0,1246.1290703799846,1050.0,0.001102128070621138,0.0
2738,1629684001000.0,0.0,0.0,0.1,13.827,0.0,0.0,13.823,1.0,1.0,1246.1433938699845,1050.0,1246.1429938699846,1050.0,0.001109583380854694,0.0
2739,1629687601000.0,0.0,0.0,0.1,13.92,0.0,0.0,13.868,1.0,1.0,1246.1522154899847,1050.0,1246.1470154899846,1050.0,0.0011170384987460528,0.0
2740,1629691201000.0,0.0,0.0,0.1,13.92,0.0,0.0,13.964,1.0,1.0,1246.1522154899847,1050.0,1246.1566154899847,1050.0,0.0011170384987460528,0.0
2741,1629694801000.0,0.0,0.0,0.1,14.211,0.0,0.0,14.151,1.0,1.0,1246.1789689599846,1050.0,1246.1729689599845,1050.0,0.0011403658987970229,0.0
2742,1629698401000.0,0.0,0.0,0.2,14.04,0.0,0.0,13.951,1.0,1.0,1246.1788302699845,1050.0,1246.1610302699844,1050.0,0.002253288157199434,0.0
2743,1629702001000.0,0.0,0.0,0.2,14.04,0.0,0.0,13.97,1.0,1.0,1246.1788302699845,1050.0,1246.1648302699846,1050.0,0.002253288157199434,0.0
2744,1629705601000.0,0.0,0.0,0.1,14.365,0.0,0.0,14.211,1.0,1.0,1246.2149342899843,1050.0,1246.1995342899843,1050.0,0.0011526904071474866,0.0
2745,1629709201000.0,0.0,0.0,0.1,14.365,0.0,0.0,14.11,1.0,1.0,1246.2149342899843,1050.0,1246.1894342899843,1050.0,0.0011526904071474866,0.0
2746,1629712801000.0,0.0,0.0,0.1,14.365,0.0,0.0,14.175,1.0,1.0,1246.2149342899843,1050.0,1246.1959342899843,1050.0,0.0011526904071474866,0.0
2747,1629716401000.0,0.0,0.0,0.2,14.192499999999999,0.0,0.0,13.933,1.0,1.0,1246.2147940899843,1050.0,1246.1628940899843,1050.0,0.0022776972424506806,0.0
2748,1629720001000.0,0.0,0.0,0.2,14.192499999999999,0.0,0.0,14.169,1.0,1.0,1246.2147940899843,1050.0,1246.2100940899843,1050.0,0.0022776972424506806,0.0
2749,1629723601000.0,0.0,0.0,0.2,14.192499999999999,0.0,0.0,14.005,1.0,1.0,1246.2147940899843,1050.0,1246.1772940899843,1050.0,0.0022776972424506806,0.0
2750,1629727201000.0,0.0,0.0,0.5,13.9864,0.0,0.0,13.884,1.0,1.0,1246.2143786199842,1050.0,1246.1631786199841,1050.0,0.005611554576784802,0.0
2751,1629730801000.0,0.0,0.0,1.2,13.784333333333334,0.0,0.0,13.629,1.0,1.0,1246.2134238199842,1050.0,1246.0270238199842,1050.0,0.013273167889089742,0.0
2752,1629734401000.0,0.0,0.0,1.2,13.784333333333334,0.0,0.0,13.737,1.0,1.0,1246.2134238199842,1050.0,1246.1566238199841,1050.0,0.013273167889089742,0.0
2753,1629738001000.0,0.0,0.0,1.2,13.784333333333334,0.0,0.0,13.763,1.0,1.0,1246.2134238199842,1050.0,1246.1878238199843,1050.0,0.013273167889089742,0.0
2754,1629741601000.0,0.0,0.0,1.2,13.784333333333334,0.0,0.0,13.636,1.0,1.0,1246.2134238199842,1050.0,1246.035423819984,1050.0,0.013273167889089742,0.0
2755,1629745201000.0,0.0,0.0,1.2,13.784333333333334,0.0,0.0,13.572,1.0,1.0,1246.2134238199842,1050.0,1245.9586238199843,1050.0,0.013273167889089742,0.0
2756,1629748801000.0,0.0,0.0,2.8,13.579000000000002,0.0,0.0,13.475,1.0,1.0,1246.2112758199842,1050.0,1245.920075819984,1050.0,0.030509433462622745,0.0
2757,1629752401000.0,0.0,0.0,0.8,13.579000000000002,0.0,0.0,13.688,1.0,1.0,1246.3865422199851,1050.0,1246.473742219985,1050.0,0.008715755210780081,0.0
2758,1629756001000.0,0.0,0.0,0.1,13.673,0.0,0.0,13.73,1.0,1.0,1246.4565120499858,1050.0,1246.4622120499857,1050.0,0.0010969496222144718,0.0
2759,1629759601000.0,0.0,0.0,0.1,13.673,0.0,0.0,13.665,1.0,1.0,1246.4565120499858,1050.0,1246.4557120499858,1050.0,0.0010969496222144718,0.0
2760,1629763201000.0,0.0,0.0,0.1,13.673,0.0,0.0,13.64,1.0,1.0,1246.4565120499858,1050.0,1246.4532120499857,1050.0,0.0010969496222144718,0.0
2761,1629766801000.0,0.0,0.0,0.2,13.5985,0.0,0.0,13.47,1.0,1.0,1246.4651024499858,1050.0,1246.439402449986,1050.0,0.002181930320114299,0.0
2762,1629770401000.0,0.0,0.0,0.5,13.4008,0.0,0.0,13.364,1.0,1.0,1246.4647043799857,1050.0,1246.4463043799858,1050.0,0.00537552325104376,0.0
2763,1629774001000.0,0.0,0.0,0.2,13.4008,0.0,0.0,13.398,1.0,1.0,1246.4907597099857,1050.0,1246.4901997099857,1050.0,0.0021501643547069526,0.0
2764,1629777601000.0,0.0,0.0,0.1,13.49,0.0,0.0,13.5,1.0,1.0,1246.5079950299858,1050.0,1246.5089950299857,1050.0,0.0010822233033230958,0.0
2765,1629781201000.0,0.0,0.0,0.1,13.585,0.0,0.0,13.53,1.0,1.0,1246.5166233899856,1050.0,1246.5111233899856,1050.0,0.001089837050311827,0.0
2766,1629784801000.0,0.0,0.0,0.1,13.585,0.0,0.0,13.639,1.0,1.0,1246.5166233899856,1050.0,1246.5220233899856,1050.0,0.001089837050311827,0.0
2767,1629788401000.0,0.0,0.0,0.1,13.678,0.0,0.0,13.671,1.0,1.0,1246.5252498699856,1050.0,1246.5245498699855,1050.0,0.0010972902475442545,0.0
2768,1629792001000.0,0.0,0.0,0.1,13.775,0.0,0.0,13.725,1.0,1.0,1246.5339744399855,1050.0,1246.5289744399854,1050.0,0.0011050641444561124,0.0
2769,1629795601000.0,0.0,0.0,0.1,13.87,0.0,0.0,13.722,1.0,1.0,1246.5426970899855,1050.0,1246.5278970899856,1050.0,0.0011126774905006525,0.0
2770,1629799201000.0,0.0,0.0,0.1,13.87,0.0,0.0,13.685,1.0,1.0,1246.5426970899855,1050.0,1246.5241970899856,1050.0,0.0011126774905006525,0.0
2771,1629802801000.0,0.0,0.0,0.2,13.7035,0.0,0.0,13.392,1.0,1.0,1246.5425617199855,1050.0,1246.4802617199855,1050.0,0.002198641333368007,0.0
2772,1629806401000.0,0.0,0.0,0.5,13.5046,0.0,0.0,13.547,1.0,1.0,1246.5421605599856,1050.0,1246.5633605599855,1050.0,0.005416824407260045,0.0
2773,1629810001000.0,0.0,0.0,0.5,13.5046,0.0,0.0,13.438,1.0,1.0,1246.5421605599856,1050.0,1246.5088605599856,1050.0,0.005416824407260045,0.0
2774,1629813601000.0,0.0,0.0,2.8,13.112035714285717,0.0,0.0,13.013,1.0,1.0,1246.5391644199856,1050.0,1246.2618644199856,1050.0,0.02945250421961903,0.0
2775,1629817201000.0,0.0,0.0,6.5,12.897984615384615,0.0,0.0,12.846,1.0,1.0,1246.5344520999856,1050.0,1246.1965520999856,1050.0,0.06725598306469861,0.0
2776,1629820801000.0,0.0,0.0,6.5,12.897984615384615,0.0,0.0,12.747,1.0,1.0,1246.5344520999856,1050.0,1245.5530520999857,1050.0,0.06725598306469861,0.0
2777,1629824401000.0,0.0,0.0,15.2,12.640427631578948,0.0,0.0,12.361,1.0,1.0,1246.5236223399856,1050.0,1242.2763223399857,1050.0,0.15413626870489894,0.0
2778,1629828001000.0,0.0,0.0,15.2,12.640427631578948,0.0,0.0,12.408,1.0,1.0,1246.5236223399856,1050.0,1242.9907223399857,1050.0,0.15413626870489894,0.0
2779,1629831601000.0,0.0,0.0,15.2,12.640427631578948,0.0,0.0,12.486,1.0,1.0,1246.5236223399856,1050.0,1244.1763223399857,1050.0,0.15413626870489894,0.0
2780,1629835201000.0,0.0,0.0,15.2,12.640427631578948,0.0,0.0,12.582,1.0,1.0,1246.5236223399856,1050.0,1245.6355223399858,1050.0,0.15413626870489894,0.0
2781,1629838801000.0,0.0,0.0,15.2,12.640427631578948,0.0,0.0,12.669,1.0,1.0,1246.5236223399856,1050.0,1246.9579223399855,1050.0,0.15413626870489894,0.0
2782,1629842401000.0,0.0,0.0,15.2,12.640427631578948,0.0,0.0,12.524,1.0,1.0,1246.5236223399856,1050.0,1244.7539223399856,1050.0,0.15413626870489894,0.0
2783,1629846001000.0,0.0,0.0,15.2,12.640427631578948,0.0,0.0,12.59,1.0,1.0,1246.5236223399856,1050.0,1245.7571223399857,1050.0,0.15413626870489894,0.0
2784,1629849601000.0,0.0,0.0,15.2,12.640427631578948,0.0,0.0,12.22,1.0,1.0,1246.5236223399856,1050.0,1240.1331223399857,1050.0,0.15413626870489894,0.0
2785,1629853201000.0,0.0,0.0,15.2,12.640427631578948,0.0,0.0,12.399,1.0,1.0,1246.5236223399856,1050.0,1242.8539223399857,1050.0,0.15413626870489894,0.0
2786,1629856801000.0,0.0,0.0,15.2,12.640427631578948,0.0,0.0,12.475,1.0,1.0,1246.5236223399856,1050.0,1244.0091223399857,1050.0,0.15413626870489894,0.0
2787,1629860401000.0,0.0,0.0,11.7,12.640427631578948,0.0,0.0,12.672,1.0,1.0,1246.808172579459,1050.0,1247.1775692899855,1050.0,0.11861728735985524,0.0
2788,1629864001000.0,0.0,0.0,11.7,12.640427631578948,0.0,0.0,12.397,1.0,1.0,1246.808172579459,1050.0,1243.9600692899853,1050.0,0.11861728735985524,0.0
2789,1629867601000.0,0.0,0.0,11.7,12.640427631578948,0.0,0.0,12.395,1.0,1.0,1246.808172579459,1050.0,1243.9366692899855,1050.0,0.11861728735985524,0.0
2790,1629871201000.0,0.0,0.0,6.2,12.640427631578948,0.0,0.0,12.778,1.0,1.0,1247.2553229557748,1050.0,1248.1082716399853,1050.0,0.06283448935705072,0.0
2791,1629874801000.0,0.0,0.0,3.0,12.640427631578948,0.0,0.0,12.598,1.0,1.0,1247.5154831747222,1050.0,1247.3882002799853,1050.0,0.03039744468600374,0.0
2792,1629878401000.0,0.0,0.0,3.0,12.640427631578948,0.0,0.0,12.363,1.0,1.0,1247.5154831747222,1050.0,1246.6832002799854,1050.0,0.03039744468600374,0.0
2793,1629882001000.0,0.0,0.0,31.0,12.09214783531409,0.0,0.0,11.78,1.0,1.0,1247.4817896447223,1050.0,1237.8052067499855,1050.0,0.3004906251990215,0.0
2794,1629885601000.0,0.0,0.0,31.0,12.09214783531409,0.0,0.0,11.844,1.0,1.0,1247.4817896447223,1050.0,1239.7892067499854,1050.0,0.3004906251990215,0.0
2795,1629889201000.0,0.0,0.0,31.0,12.09214783531409,0.0,0.0,12.061,1.0,1.0,1247.4817896447223,1050.0,1246.5162067499855,1050.0,0.3004906251990215,0.0
2796,1629892801000.0,0.0,0.0,31.0,12.09214783531409,0.0,0.0,12.112,1.0,1.0,1247.4817896447223,1050.0,1248.0972067499856,1050.0,0.3004906251990215,0.0
2797,1629896401000.0,0.0,0.0,0.6,12.09214783531409,0.0,0.0,12.266,1.0,1.0,1249.976282171173,1050.0,1250.0805934699845,1050.0,0.005804341094045581,0.0
2798,1629900001000.0,0.0,0.0,0.1,12.382,0.0,0.0,12.167,1.0,1.0,1250.1214295199854,1050.0,1250.0999295199854,1050.0,0.0009904637827666365,0.0
2799,1629903601000.0,0.0,0.0,0.1,12.511,0.0,0.0,12.502,1.0,1.0,1250.1528406699856,1050.0,1250.1519406699856,1050.0,0.00100075763482608,0.0
2800,1629907201000.0,0.0,0.0,0.1,12.511,0.0,0.0,12.56,1.0,1.0,1250.1528406699856,1050.0,1250.1577406699855,1050.0,0.00100075763482608,0.0
2801,1629910801000.0,0.0,0.0,0.1,12.594,0.0,0.0,12.584,1.0,1.0,1250.1607887999855,1050.0,1250.1597887999856,1050.0,0.0010073904183228169,0.0
2802,1629914401000.0,0.0,0.0,0.1,12.594,0.0,0.0,12.521,1.0,1.0,1250.1607887999855,1050.0,1250.1534887999856,1050.0,0.0010073904183228169,0.0
2803,1629918001000.0,0.0,0.0,0.1,12.594,0.0,0.0,12.503,1.0,1.0,1250.1607887999855,1050.0,1250.1516887999855,1050.0,0.0010073904183228169,0.0
2804,1629921601000.0,0.0,0.0,0.1,12.594,0.0,0.0,12.39,1.0,1.0,1250.1607887999855,1050.0,1250.1403887999854,1050.0,0.0010073904183228169,0.0
2805,1629925201000.0,0.0,0.0,0.1,12.594,0.0,0.0,12.368,1.0,1.0,1250.1607887999855,1050.0,1250.1381887999855,1050.0,0.0010073904183228169,0.0
2806,1629928801000.0,0.0,0.0,0.2,12.442499999999999,0.0,0.0,12.283,1.0,1.0,1250.1606658899855,1050.0,1250.1287658899855,1050.0,0.001990544149962073,0.0
2807,1629932401000.0,0.0,0.0,0.2,12.442499999999999,0.0,0.0,12.373,1.0,1.0,1250.1606658899855,1050.0,1250.1467658899855,1050.0,0.001990544149962073,0.0
2808,1629936001000.0,0.0,0.0,0.1,12.536,0.0,0.0,12.423,1.0,1.0,1250.1765900499852,1050.0,1250.1652900499853,1050.0,0.0010027383411089772,0.0
2809,1629939601000.0,0.0,0.0,0.1,12.62,0.0,0.0,12.629,1.0,1.0,1250.184537669985,1050.0,1250.185437669985,1050.0,0.0010094509746153442,0.0
2810,1629943201000.0,0.0,0.0,0.1,12.62,0.0,0.0,12.324,1.0,1.0,1250.184537669985,1050.0,1250.154937669985,1050.0,0.0010094509746153442,0.0
2811,1629946801000.0,0.0,0.0,0.2,12.468499999999999,0.0,0.0,12.204,1.0,1.0,1250.184414499985,1050.0,1250.131514499985,1050.0,0.0019946657237743305,0.0
2812,1629950401000.0,0.0,0.0,1.2,12.1105,0.0,0.0,11.923,1.0,1.0,1250.183210609985,1050.0,1249.9582106099851,1050.0,0.011624376232751761,0.0
2813,1629954001000.0,0.0,0.0,1.2,12.1105,0.0,0.0,12.0,1.0,1.0,1250.183210609985,1050.0,1250.0506106099851,1050.0,0.011624376232751761,0.0
2814,1629957601000.0,0.0,0.0,2.8,11.931928571428573,0.0,0.0,11.672,1.0,1.0,1250.181322929985,1050.0,1249.453522929985,1050.0,0.02672364351252675,0.0
2815,1629961201000.0,0.0,0.0,6.5,11.740138461538463,0.0,0.0,11.54,1.0,1.0,1250.177032779985,1050.0,1248.876132779985,1050.0,0.06104007512464816,0.0
2816,1629964801000.0,0.0,0.0,6.5,11.740138461538463,0.0,0.0,11.549,1.0,1.0,1250.177032779985,1050.0,1248.934632779985,1050.0,0.06104007512464816,0.0
2817,1629968401000.0,0.0,0.0,6.5,11.740138461538463,0.0,0.0,11.566,1.0,1.0,1250.177032779985,1050.0,1249.045132779985,1050.0,0.06104007512464816,0.0
2818,1629972001000.0,0.0,0.0,6.5,11.740138461538463,0.0,0.0,11.461,1.0,1.0,1250.177032779985,1050.0,1248.362632779985,1050.0,0.06104007512464816,0.0
2819,1629975601000.0,0.0,0.0,6.5,11.740138461538463,0.0,0.0,11.651,1.0,1.0,1250.177032779985,1050.0,1249.597632779985,1050.0,0.06104007512464816,0.0
2820,1629979201000.0,0.0,0.0,6.5,11.740138461538463,0.0,0.0,11.565,1.0,1.0,1250.177032779985,1050.0,1249.038632779985,1050.0,0.06104007512464816,0.0
2821,1629982801000.0,0.0,0.0,0.3,11.512256578947369,0.0,0.0,11.548,1.0,1.0,1252.051198813669,1050.0,1252.061921839985,1050.0,0.0027584151326691783,0.0
2822,1629986401000.0,0.0,0.0,0.1,11.766,0.0,0.0,11.799,1.0,1.0,1252.088289609985,1050.0,1252.091589609985,1050.0,0.0009397100905452132,0.0
2823,1629990001000.0,0.0,0.0,0.2,11.7075,0.0,0.0,11.553,1.0,1.0,1252.095637029985,1050.0,1252.064737029985,1050.0,0.0018700648183345805,0.0
2824,1629993601000.0,0.0,0.0,0.5,11.538,0.0,0.0,11.435,1.0,1.0,1252.095294279985,1050.0,1252.043794279985,1050.0,0.004607476784199123,0.0
2825,1629997201000.0,0.0,0.0,1.0,11.372333333333334,0.0,0.0,11.419,1.0,1.0,1252.1092108933183,1050.0,1252.155877559985,1050.0,0.009082541071013873,0.0
2826,1630000801000.0,0.0,0.0,0.1,11.686,0.0,0.0,11.606,1.0,1.0,1252.2469473399854,1050.0,1252.2389473399853,1050.0,0.0009332025144739482,0.0
2827,1630004401000.0,0.0,0.0,0.2,11.5455,0.0,0.0,11.502,1.0,1.0,1252.2468332899853,1050.0,1252.2381332899852,1050.0,0.0018439655334830283,0.0
2828,1630008001000.0,0.0,0.0,0.1,11.468,0.0,0.0,11.443,1.0,1.0,1252.2834079799857,1050.0,1252.2809079799856,1050.0,0.0009157671439964718,0.0
2829,1630011601000.0,0.0,0.0,0.1,11.629,0.0,0.0,11.633,1.0,1.0,1252.2980445999854,1050.0,1252.2984445999853,1050.0,0.0009286128050862355,0.0
2830,1630015201000.0,0.0,0.0,0.1,11.719,0.0,0.0,11.711,1.0,1.0,1252.3054103599852,1050.0,1252.3046103599852,1050.0,0.0009357940884908642,0.0
2831,1630018801000.0,0.0,0.0,0.1,11.719,0.0,0.0,11.571,1.0,1.0,1252.3054103599852,1050.0,1252.2906103599853,1050.0,0.0009357940884908642,0.0
2832,1630022401000.0,0.0,0.0,0.2,11.5785,0.0,0.0,11.42,1.0,1.0,1252.3052959799852,1050.0,1252.2735959799852,1050.0,0.0018491497300487424,0.0
2833,1630026001000.0,0.0,0.0,0.7,11.247,0.0,0.0,11.392,1.0,1.0,1252.3528106399847,1050.0,1252.4543106399847,1050.0,0.006286487268692873,0.0
2834,1630029601000.0,0.0,0.0,0.1,11.585,0.0,0.0,11.518,1.0,1.0,1252.5086616999852,1050.0,1252.5019616999853,1050.0,0.0009249437033254601,0.0
2835,1630033201000.0,0.0,0.0,0.1,11.585,0.0,0.0,11.401,1.0,1.0,1252.5086616999852,1050.0,1252.4902616999852,1050.0,0.0009249437033254601,0.0
2836,1630036801000.0,0.0,0.0,0.5,11.279800000000002,0.0,0.0,11.255,1.0,1.0,1252.5082135599853,1050.0,1252.4958135599852,1050.0,0.004502884642943616,0.0
2837,1630040401000.0,0.0,0.0,0.5,11.279800000000002,0.0,0.0,11.258,1.0,1.0,1252.5082135599853,1050.0,1252.4973135599853,1050.0,0.004502884642943616,0.0
2838,1630044001000.0,0.0,0.0,0.1,11.508,0.0,0.0,11.505,1.0,1.0,1252.5591735599846,1050.0,1252.5588735599847,1050.0,0.0009187589890298214,0.0
2839,1630047601000.0,0.0,0.0,0.1,11.508,0.0,0.0,11.551,1.0,1.0,1252.5591735599846,1050.0,1252.5634735599847,1050.0,0.0009187589890298214,0.0
2840,1630051201000.0,0.0,0.0,0.1,11.585,0.0,0.0,11.58,1.0,1.0,1252.5665418699846,1050.0,1252.5660418699845,1050.0,0.0009249009623636039,0.0
2841,1630054801000.0,0.0,0.0,0.1,11.585,0.0,0.0,11.539,1.0,1.0,1252.5665418699846,1050.0,1252.5619418699846,1050.0,0.0009249009623636039,0.0
2842,1630058401000.0,0.0,0.0,0.1,11.585,0.0,0.0,11.557,1.0,1.0,1252.5665418699846,1050.0,1252.5637418699846,1050.0,0.0009249009623636039,0.0
2843,1630062001000.0,0.0,0.0,0.1,11.662,0.0,0.0,11.673,1.0,1.0,1252.5739086399844,1050.0,1252.5750086399844,1050.0,0.0009310428645813268,0.0
2844,1630065601000.0,0.0,0.0,0.1,11.842,0.0,0.0,11.737,1.0,1.0,1252.5888372399845,1050.0,1252.5783372399844,1050.0,0.0009454020064631299,0.0
2845,1630069201000.0,0.0,0.0,0.1,11.842,0.0,0.0,11.803,1.0,1.0,1252.5888372399845,1050.0,1252.5849372399846,1050.0,0.0009454020064631299,0.0
2846,1630072801000.0,0.0,0.0,0.1,11.842,0.0,0.0,11.765,1.0,1.0,1252.5888372399845,1050.0,1252.5811372399844,1050.0,0.0009454020064631299,0.0
2847,1630076401000.0,0.0,0.0,0.1,12.005,0.0,0.0,12.042,1.0,1.0,1252.6039587099847,1050.0,1252.6076587099847,1050.0,0.0009584034855169668,0.0
2848,1630080001000.0,0.0,0.0,0.1,12.086,0.0,0.0,12.051,1.0,1.0,1252.611617009985,1050.0,1252.6081170099849,1050.0,0.0009648641155707611,0.0
2849,1630083601000.0,0.0,0.0,0.1,12.086,0.0,0.0,11.938,1.0,1.0,1252.611617009985,1050.0,1252.596817009985,1050.0,0.0009648641155707611,0.0
2850,1630087201000.0,0.0,0.0,0.1,12.086,0.0,0.0,11.964,1.0,1.0,1252.611617009985,1050.0,1252.599417009985,1050.0,0.0009648641155707611,0.0
2851,1630090801000.0,0.0,0.0,0.1,12.086,0.0,0.0,12.077,1.0,1.0,1252.611617009985,1050.0,1252.610717009985,1050.0,0.0009648641155707611,0.0
2852,1630094401000.0,0.0,0.0,0.1,12.086,0.0,0.0,12.021,1.0,1.0,1252.611617009985,1050.0,1252.605117009985,1050.0,0.0009648641155707611,0.0
2853,1630098001000.0,0.0,0.0,0.1,12.262,0.0,0.0,12.228,1.0,1.0,1252.627028399985,1050.0,1252.623628399985,1050.0,0.0009789027158117922,0.0
2854,1630101601000.0,0.0,0.0,0.1,12.262,0.0,0.0,12.278,1.0,1.0,1252.627028399985,1050.0,1252.628628399985,1050.0,0.0009789027158117922,0.0
2855,1630105201000.0,0.0,0.0,0.1,12.262,0.0,0.0,12.293,1.0,1.0,1252.627028399985,1050.0,1252.6301283999849,1050.0,0.0009789027158117922,0.0
2856,1630108801000.0,0.0,0.0,0.1,12.262,0.0,0.0,12.246,1.0,1.0,1252.627028399985,1050.0,1252.625428399985,1050.0,0.0009789027158117922,0.0
2857,1630112401000.0,0.0,0.0,0.1,12.278,0.0,0.0,12.173,1.0,1.0,1252.6504927199846,1050.0,1252.6399927199845,1050.0,0.0009801616709014943,0.0
2858,1630116001000.0,0.0,0.0,0.1,12.381,0.0,0.0,12.255,1.0,1.0,1252.6583453199846,1050.0,1252.6457453199846,1050.0,0.0009883780398906251,0.0
2859,1630119601000.0,0.0,0.0,0.1,12.381,0.0,0.0,12.224,1.0,1.0,1252.6583453199846,1050.0,1252.6426453199847,1050.0,0.0009883780398906251,0.0
2860,1630123201000.0,0.0,0.0,0.1,12.381,0.0,0.0,12.188,1.0,1.0,1252.6583453199846,1050.0,1252.6390453199847,1050.0,0.0009883780398906251,0.0
2861,1630126801000.0,0.0,0.0,0.1,12.381,0.0,0.0,12.214,1.0,1.0,1252.6583453199846,1050.0,1252.6416453199847,1050.0,0.0009883780398906251,0.0
2862,1630130401000.0,0.0,0.0,0.2,12.2325,0.0,0.0,12.1,1.0,1.0,1252.6582244799847,1050.0,1252.6317244799848,1050.0,0.001953046690780811,0.0
2863,1630134001000.0,0.0,0.0,0.2,12.2325,0.0,0.0,12.144,1.0,1.0,1252.6582244799847,1050.0,1252.6405244799846,1050.0,0.001953046690780811,0.0
2864,1630137601000.0,0.0,0.0,0.2,12.2325,0.0,0.0,12.052,1.0,1.0,1252.6582244799847,1050.0,1252.6221244799847,1050.0,0.001953046690780811,0.0
2865,1630141201000.0,0.0,0.0,0.2,12.2325,0.0,0.0,12.195,1.0,1.0,1252.6582244799847,1050.0,1252.6507244799848,1050.0,0.001953046690780811,0.0
2866,1630144801000.0,0.0,0.0,0.1,12.314,0.0,0.0,12.166,1.0,1.0,1252.6739550799846,1050.0,1252.6591550799847,1050.0,0.0009830171650063355,0.0
2867,1630148401000.0,0.0,0.0,0.1,12.314,0.0,0.0,12.133,1.0,1.0,1252.6739550799846,1050.0,1252.6558550799846,1050.0,0.0009830171650063355,0.0
2868,1630152001000.0,0.0,0.0,0.2,12.166,0.0,0.0,12.002,1.0,1.0,1252.6738348999845,1050.0,1252.6410348999846,1050.0,0.0019424050636407447,0.0
2869,1630155601000.0,0.0,0.0,0.1,12.247,0.0,0.0,12.247,1.0,1.0,1252.6894675099845,1050.0,1252.6894675099845,1050.0,0.0009776564996865345,0.0
2870,1630159201000.0,0.0,0.0,0.1,12.247,0.0,0.0,12.184,1.0,1.0,1252.6894675099845,1050.0,1252.6831675099845,1050.0,0.0009776564996865345,0.0
2871,1630162801000.0,0.0,0.0,0.2,12.1,0.0,0.0,11.948,1.0,1.0,1252.6893479799846,1050.0,1252.6589479799845,1050.0,0.0019318436800810624,0.0
2872,1630166401000.0,0.0,0.0,0.2,12.1,0.0,0.0,12.108,1.0,1.0,1252.6893479799846,1050.0,1252.6909479799847,1050.0,0.0019318436800810624,0.0
2873,1630170001000.0,0.0,0.0,0.1,12.266,0.0,0.0,12.123,1.0,1.0,1252.7127372599848,1050.0,1252.6984372599848,1050.0,0.0009791550476950526,0.0
2874,1630173601000.0,0.0,0.0,0.1,12.266,0.0,0.0,12.007,1.0,1.0,1252.7127372599848,1050.0,1252.6868372599847,1050.0,0.0009791550476950526,0.0
2875,1630177201000.0,0.0,0.0,0.2,12.118500000000001,0.0,0.0,11.892,1.0,1.0,1252.7126175499848,1050.0,1252.6673175499848,1050.0,0.0019347613858477733,0.0
2876,1630180801000.0,0.0,0.0,0.2,12.118500000000001,0.0,0.0,11.898,1.0,1.0,1252.7126175499848,1050.0,1252.6685175499847,1050.0,0.0019347613858477733,0.0
2877,1630184401000.0,0.0,0.0,0.2,12.118500000000001,0.0,0.0,11.986,1.0,1.0,1252.7126175499848,1050.0,1252.6861175499848,1050.0,0.0019347613858477733,0.0
2878,1630188001000.0,0.0,0.0,0.2,12.118500000000001,0.0,0.0,11.999,1.0,1.0,1252.7126175499848,1050.0,1252.6887175499849,1050.0,0.0019347613858477733,0.0
2879,1630191601000.0,0.0,0.0,0.2,12.118500000000001,0.0,0.0,11.91,1.0,1.0,1252.7126175499848,1050.0,1252.6709175499848,1050.0,0.0019347613858477733,0.0
2880,1630195201000.0,0.0,0.0,0.2,12.118500000000001,0.0,0.0,12.007,1.0,1.0,1252.7126175499848,1050.0,1252.6903175499847,1050.0,0.0019347613858477733,0.0
2881,1630198801000.0,0.0,0.0,0.2,12.118500000000001,0.0,0.0,12.082,1.0,1.0,1252.7126175499848,1050.0,1252.7053175499848,1050.0,0.0019347613858477733,0.0
2882,1630202401000.0,0.0,0.0,0.2,12.118500000000001,0.0,0.0,12.076,1.0,1.0,1252.7126175499848,1050.0,1252.7041175499849,1050.0,0.0019347613858477733,0.0
2883,1630206001000.0,0.0,0.0,0.2,12.118500000000001,0.0,0.0,11.874,1.0,1.0,1252.7126175499848,1050.0,1252.6637175499848,1050.0,0.0019347613858477733,0.0
2884,1630209601000.0,0.0,0.0,1.2,11.770666666666667,0.0,0.0,11.614,1.0,1.0,1252.7114474399848,1050.0,1252.5234474399847,1050.0,0.011275381915655955,0.0
2885,1630213201000.0,0.0,0.0,1.2,11.770666666666667,0.0,0.0,11.497,1.0,1.0,1252.7114474399848,1050.0,1252.3830474399847,1050.0,0.011275381915655955,0.0
2886,1630216801000.0,0.0,0.0,2.8,11.597714285714288,0.0,0.0,11.379,1.0,1.0,1252.7096125599849,1050.0,1252.0972125599849,1050.0,0.025922687647968404,0.0
2887,1630220401000.0,0.0,0.0,2.8,11.597714285714288,0.0,0.0,11.499,1.0,1.0,1252.7096125599849,1050.0,1252.433212559985,1050.0,0.025922687647968404,0.0
2888,1630224001000.0,0.0,0.0,2.8,11.597714285714288,0.0,0.0,11.572,1.0,1.0,1252.7096125599849,1050.0,1252.6376125599847,1050.0,0.025922687647968404,0.0
2889,1630227601000.0,0.0,0.0,0.8,11.597714285714288,0.0,0.0,11.639,1.0,1.0,1252.910244148556,1050.0,1252.9432727199846,1050.0,0.007405296166986507,0.0
2890,1630231201000.0,0.0,0.0,0.1,11.681,0.0,0.0,11.74,1.0,1.0,1252.9702219899839,1050.0,1252.976121989984,1050.0,0.0009322647733358005,0.0
2891,1630234801000.0,0.0,0.0,0.1,11.763,0.0,0.0,11.739,1.0,1.0,1252.977686779984,1050.0,1252.975286779984,1050.0,0.0009388036294748096,0.0
2892,1630238401000.0,0.0,0.0,0.1,11.763,0.0,0.0,11.564,1.0,1.0,1252.977686779984,1050.0,1252.957786779984,1050.0,0.0009388036294748096,0.0
2893,1630242001000.0,0.0,0.0,0.1,11.763,0.0,0.0,11.584,1.0,1.0,1252.977686779984,1050.0,1252.959786779984,1050.0,0.0009388036294748096,0.0
2894,1630245601000.0,0.0,0.0,0.1,11.763,0.0,0.0,11.514,1.0,1.0,1252.977686779984,1050.0,1252.952786779984,1050.0,0.0009388036294748096,0.0
2895,1630249201000.0,0.0,0.0,0.2,11.621500000000001,0.0,0.0,11.446,1.0,1.0,1252.977571979984,1050.0,1252.942471979984,1050.0,0.0018550212326044176,0.0
2896,1630252801000.0,0.0,0.0,0.2,11.621500000000001,0.0,0.0,11.535,1.0,1.0,1252.977571979984,1050.0,1252.960271979984,1050.0,0.0018550212326044176,0.0
2897,1630256401000.0,0.0,0.0,0.2,11.621500000000001,0.0,0.0,11.595,1.0,1.0,1252.977571979984,1050.0,1252.972271979984,1050.0,0.0018550212326044176,0.0
2898,1630260001000.0,0.0,0.0,0.2,11.621500000000001,0.0,0.0,11.533,1.0,1.0,1252.977571979984,1050.0,1252.959871979984,1050.0,0.0018550212326044176,0.0
2899,1630263601000.0,0.0,0.0,0.2,11.621500000000001,0.0,0.0,11.539,1.0,1.0,1252.977571979984,1050.0,1252.9610719799841,1050.0,0.0018550212326044176,0.0
2900,1630267201000.0,0.0,0.0,0.2,11.621500000000001,0.0,0.0,11.606,1.0,1.0,1252.977571979984,1050.0,1252.9744719799842,1050.0,0.0018550212326044176,0.0
2901,1630270801000.0,0.0,0.0,0.1,11.709,0.0,0.0,11.71,1.0,1.0,1252.992520929984,1050.0,1252.992620929984,1050.0,0.000934482832452141,0.0
2902,1630274401000.0,0.0,0.0,0.1,11.709,0.0,0.0,11.697,1.0,1.0,1252.992520929984,1050.0,1252.991320929984,1050.0,0.000934482832452141,0.0
2903,1630278001000.0,0.0,0.0,0.1,11.788,0.0,0.0,11.744,1.0,1.0,1252.999985189984,1050.0,1252.995585189984,1050.0,0.0009407821340247394,0.0
2904,1630281601000.0,0.0,0.0,0.1,11.788,0.0,0.0,11.656,1.0,1.0,1252.999985189984,1050.0,1252.986785189984,1050.0,0.0009407821340247394,0.0
2905,1630285201000.0,0.0,0.0,0.2,11.6465,0.0,0.0,11.449,1.0,1.0,1252.999870139984,1050.0,1252.960370139984,1050.0,0.0018589786443790873,0.0
2906,1630288801000.0,0.0,0.0,0.2,11.6465,0.0,0.0,11.48,1.0,1.0,1252.999870139984,1050.0,1252.966570139984,1050.0,0.0018589786443790873,0.0
2907,1630292401000.0,0.0,0.0,0.2,11.6465,0.0,0.0,11.528,1.0,1.0,1252.999870139984,1050.0,1252.976170139984,1050.0,0.0018589786443790873,0.0
2908,1630296001000.0,0.0,0.0,0.5,11.477599999999999,0.0,0.0,11.369,1.0,1.0,1252.999529189984,1050.0,1252.945229189984,1050.0,0.004580049606012153,0.0
2909,1630299601000.0,0.0,0.0,0.5,11.477599999999999,0.0,0.0,11.385,1.0,1.0,1252.999529189984,1050.0,1252.953229189984,1050.0,0.004580049606012153,0.0
2910,1630303201000.0,0.0,0.0,0.5,11.477599999999999,0.0,0.0,11.52,1.0,1.0,1252.999529189984,1050.0,1253.020729189984,1050.0,0.004580049606012153,0.0
2911,1630306801000.0,0.0,0.0,0.2,11.4855,0.0,0.0,11.33,1.0,1.0,1253.0613193399847,1050.0,1253.0302193399848,1050.0,0.0018331904149829902,0.0
2912,1630310401000.0,0.0,0.0,0.2,11.4855,0.0,0.0,11.31,1.0,1.0,1253.0613193399847,1050.0,1253.0262193399847,1050.0,0.0018331904149829902,0.0
2913,1630314001000.0,0.0,0.0,0.2,11.4855,0.0,0.0,11.417,1.0,1.0,1253.0613193399847,1050.0,1253.0476193399847,1050.0,0.0018331904149829902,0.0
2914,1630317601000.0,0.0,0.0,0.2,11.4855,0.0,0.0,11.33,1.0,1.0,1253.0613193399847,1050.0,1253.0302193399848,1050.0,0.0018331904149829902,0.0
2915,1630321201000.0,0.0,0.0,0.2,11.4855,0.0,0.0,11.386,1.0,1.0,1253.0613193399847,1050.0,1253.0414193399847,1050.0,0.0018331904149829902,0.0
2916,1630324801000.0,0.0,0.0,0.2,11.4855,0.0,0.0,11.396,1.0,1.0,1253.0613193399847,1050.0,1253.0434193399847,1050.0,0.0018331904149829902,0.0
2917,1630328401000.0,0.0,0.0,0.5,11.318999999999999,0.0,0.0,11.18,1.0,1.0,1253.0609830999847,1050.0,1252.9914830999846,1050.0,0.004516539958014489,0.0
2918,1630332001000.0,0.0,0.0,1.0,11.15625,0.0,0.0,11.234,1.0,1.0,1253.0747356999846,1050.0,1253.1524856999845,1050.0,0.008903100255842256,0.0
2919,1630335601000.0,0.0,0.0,0.1,11.238,0.0,0.0,11.205,1.0,1.0,1253.147250319984,1050.0,1253.143950319984,1050.0,0.0008967820818447664,0.0
2920,1630339201000.0,0.0,0.0,0.1,11.39,0.0,0.0,11.396,1.0,1.0,1253.161596299984,1050.0,1253.162196299984,1050.0,0.0009089011372220062,0.0
2921,1630342801000.0,0.0,0.0,0.1,11.473,0.0,0.0,11.409,1.0,1.0,1253.168866919984,1050.0,1253.1624669199841,1050.0,0.0009155190735146601,0.0
2922,1630346401000.0,0.0,0.0,0.1,11.473,0.0,0.0,11.479,1.0,1.0,1253.168866919984,1050.0,1253.1694669199842,1050.0,0.0009155190735146601,0.0
2923,1630350001000.0,0.0,0.0,0.1,11.632,0.0,0.0,11.666,1.0,1.0,1253.183503319984,1050.0,1253.1869033199841,1050.0,0.0009281960677892774,0.0
2924,1630353601000.0,0.0,0.0,0.1,11.957,0.0,0.0,11.914,1.0,1.0,1253.2133569499842,1050.0,1253.2090569499842,1050.0,0.0009541072901664905,0.0
2925,1630357201000.0,0.0,0.0,0.1,11.957,0.0,0.0,11.855,1.0,1.0,1253.2133569499842,1050.0,1253.2031569499843,1050.0,0.0009541072901664905,0.0
2926,1630360801000.0,0.0,0.0,0.2,11.813500000000001,0.0,0.0,11.71,1.0,1.0,1253.2132402499842,1050.0,1253.1925402499842,1050.0,0.0018853136274946326,0.0
2927,1630364401000.0,0.0,0.0,0.5,11.6422,0.0,0.0,11.377,1.0,1.0,1253.2128944099843,1050.0,1253.0802944099844,1050.0,0.0046449410359287666,0.0
2928,1630368001000.0,0.0,0.0,2.8,11.306285714285716,0.0,0.0,11.11,1.0,1.0,1253.2103107599844,1050.0,1252.6607107599843,1050.0,0.02526120295068581,0.0
2929,1630371601000.0,0.0,0.0,6.5,11.126246153846154,0.0,0.0,11.036,1.0,1.0,1253.2062444599844,1050.0,1252.6196444599843,1050.0,0.057708458060838554,0.0
2930,1630375201000.0,0.0,0.0,6.5,11.126246153846154,0.0,0.0,11.098,1.0,1.0,1253.2062444599844,1050.0,1253.0226444599843,1050.0,0.057708458060838554,0.0
2931,1630378801000.0,0.0,0.0,3.5,11.126246153846154,0.0,0.0,11.247,1.0,1.0,1253.421146298446,1050.0,1253.8437847599846,1050.0,0.031068457440233163,0.0
2932,1630382401000.0,0.0,0.0,0.1,11.34,0.0,0.0,11.331,1.0,1.0,1253.9092279599847,1050.0,1253.9083279599847,1050.0,0.0009043716839415339,0.0
2933,1630386001000.0,0.0,0.0,0.1,11.423,0.0,0.0,11.248,1.0,1.0,1253.9164995799847,1050.0,1253.8989995799848,1050.0,0.0009109856999111409,0.0
2934,1630389601000.0,0.0,0.0,0.1,11.423,0.0,0.0,11.328,1.0,1.0,1253.9164995799847,1050.0,1253.9069995799848,1050.0,0.0009109856999111409,0.0
2935,1630393201000.0,0.0,0.0,0.1,11.423,0.0,0.0,11.32,1.0,1.0,1253.9164995799847,1050.0,1253.9061995799848,1050.0,0.0009109856999111409,0.0
2936,1630396801000.0,0.0,0.0,0.1,11.601,0.0,0.0,11.617,1.0,1.0,1253.9311374499844,1050.0,1253.9327374499844,1050.0,0.000925170422324147,0.0
2937,1630400401000.0,0.0,0.0,0.1,11.678,0.0,0.0,11.639,1.0,1.0,1253.9385038999842,1050.0,1253.9346038999843,1050.0,0.0009313056392860758,0.0
2938,1630404001000.0,0.0,0.0,0.1,11.678,0.0,0.0,11.528,1.0,1.0,1253.9385038999842,1050.0,1253.923503899984,1050.0,0.0009313056392860758,0.0
2939,1630407601000.0,0.0,0.0,0.1,11.678,0.0,0.0,11.561,1.0,1.0,1253.9385038999842,1050.0,1253.9268038999842,1050.0,0.0009313056392860758,0.0
2940,1630411201000.0,0.0,0.0,0.1,11.842,0.0,0.0,11.827,1.0,1.0,1253.9534319599843,1050.0,1253.9519319599842,1050.0,0.0009443731878854892,0.0
2941,1630414801000.0,0.0,0.0,0.1,11.842,0.0,0.0,11.744,1.0,1.0,1253.9534319599843,1050.0,1253.9436319599843,1050.0,0.0009443731878854892,0.0
2942,1630418401000.0,0.0,0.0,0.1,11.842,0.0,0.0,11.686,1.0,1.0,1253.9534319599843,1050.0,1253.9378319599844,1050.0,0.0009443731878854892,0.0
2943,1630422001000.0,0.0,0.0,0.5,11.5302,0.0,0.0,11.37,1.0,1.0,1253.9529738699841,1050.0,1253.8728738699842,1050.0,0.004597540832976846,0.0
2944,1630425601000.0,0.0,0.0,0.5,11.5302,0.0,0.0,11.418,1.0,1.0,1253.9529738699841,1050.0,1253.8968738699841,1050.0,0.004597540832976846,0.0
2945,1630429201000.0,0.0,0.0,0.5,11.5302,0.0,0.0,11.454,1.0,1.0,1253.9529738699841,1050.0,1253.9148738699841,1050.0,0.004597540832976846,0.0
2946,1630432801000.0,0.0,0.0,1.2,11.364416666666667,0.0,0.0,11.248,1.0,1.0,1253.9521866499842,1050.0,1253.8124866499843,1050.0,0.010875454539006742,0.0
2947,1630436401000.0,0.0,0.0,0.7,11.364416666666667,0.0,0.0,11.493,1.0,1.0,1254.013703886651,1050.0,1254.1037122199843,1050.0,0.0063437039340247265,0.0
2948,1630440001000.0,0.0,0.0,0.1,11.551,0.0,0.0,11.536,1.0,1.0,1254.0908640899845,1050.0,1254.0893640899844,1050.0,0.0009210656365303992,0.0
2949,1630443601000.0,0.0,0.0,0.1,11.551,0.0,0.0,11.387,1.0,1.0,1254.0908640899845,1050.0,1254.0744640899845,1050.0,0.0009210656365303992,0.0
2950,1630447201000.0,0.0,0.0,0.1,11.551,0.0,0.0,11.36,1.0,1.0,1254.0908640899845,1050.0,1254.0717640899845,1050.0,0.0009210656365303992,0.0
2951,1630450801000.0,0.0,0.0,0.1,11.335,0.0,0.0,11.318,1.0,1.0,1254.126637839984,1050.0,1254.1249378399839,1050.0,0.0009038162222215914,0.0
2952,1630454401000.0,0.0,0.0,0.1,11.651,0.0,0.0,11.592,1.0,1.0,1254.1559153199835,1050.0,1254.1500153199834,1050.0,0.0009289913524848608,0.0
2953,1630458001000.0,0.0,0.0,0.2,11.6,0.0,0.0,11.402,1.0,1.0,1254.1632660399835,1050.0,1254.1236660399834,1050.0,0.001849838902813182,0.0
2954,1630461601000.0,0.0,0.0,0.1,11.51,0.0,0.0,11.551,1.0,1.0,1254.1997359899833,1050.0,1254.2038359899834,1050.0,0.0009177166658319186,0.0
2955,1630465201000.0,0.0,0.0,0.1,11.774,0.0,0.0,11.827,1.0,1.0,1254.2219351999831,1050.0,1254.2272351999832,1050.0,0.0009387493289313792,0.0
2956,1630468801000.0,0.0,0.0,0.1,11.774,0.0,0.0,11.729,1.0,1.0,1254.2219351999831,1050.0,1254.2174351999831,1050.0,0.0009387493289313792,0.0
2957,1630472401000.0,0.0,0.0,0.1,11.948,0.0,0.0,11.973,1.0,1.0,1254.2369591699833,1050.0,1254.2394591699833,1050.0,0.0009526110606648708,0.0
2958,1630476001000.0,0.0,0.0,0.1,12.07,0.0,0.0,12.061,1.0,1.0,1254.2446181999833,1050.0,1254.2437181999833,1050.0,0.0009623322137369138,0.0
2959,1630479601000.0,0.0,0.0,0.1,12.154,0.0,0.0,12.013,1.0,1.0,1254.2522751699832,1050.0,1254.2381751699832,1050.0,0.0009690235561544286,0.0
2960,1630483201000.0,0.0,0.0,0.1,12.154,0.0,0.0,11.952,1.0,1.0,1254.2522751699832,1050.0,1254.2320751699833,1050.0,0.0009690235561544286,0.0
2961,1630486801000.0,0.0,0.0,0.1,12.154,0.0,0.0,12.2,1.0,1.0,1254.2522751699832,1050.0,1254.2568751699832,1050.0,0.0009690235561544286,0.0
2962,1630490401000.0,0.0,0.0,0.1,12.237,0.0,0.0,12.091,1.0,1.0,1254.2600304599832,1050.0,1254.2454304599833,1050.0,0.000975635012104487,0.0
2963,1630494001000.0,0.0,0.0,0.1,12.237,0.0,0.0,12.097,1.0,1.0,1254.2600304599832,1050.0,1254.2460304599833,1050.0,0.000975635012104487,0.0
2964,1630497601000.0,0.0,0.0,0.1,12.237,0.0,0.0,12.1,1.0,1.0,1254.2600304599832,1050.0,1254.2463304599833,1050.0,0.000975635012104487,0.0
2965,1630501201000.0,0.0,0.0,0.1,12.237,0.0,0.0,12.02,1.0,1.0,1254.2600304599832,1050.0,1254.2383304599832,1050.0,0.000975635012104487,0.0
2966,1630504801000.0,0.0,0.0,0.2,12.09,0.0,0.0,11.988,1.0,1.0,1254.2599110299832,1050.0,1254.239511029983,1050.0,0.0019278300922608359,0.0
2967,1630508401000.0,0.0,0.0,0.1,12.17,0.0,0.0,12.037,1.0,1.0,1254.2753459499834,1050.0,1254.2620459499833,1050.0,0.0009702813691823376,0.0
2968,1630512001000.0,0.0,0.0,0.1,12.17,0.0,0.0,12.055,1.0,1.0,1254.2753459499834,1050.0,1254.2638459499833,1050.0,0.0009702813691823376,0.0
2969,1630515601000.0,0.0,0.0,0.1,12.355,0.0,0.0,12.333,1.0,1.0,1254.2909539299835,1050.0,1254.2887539299836,1050.0,0.0009850186642332808,0.0
2970,1630519201000.0,0.0,0.0,0.1,12.44,0.0,0.0,12.432,1.0,1.0,1254.2988051699836,1050.0,1254.2980051699835,1050.0,0.0009917891931910212,0.0
2971,1630522801000.0,0.0,0.0,0.1,12.44,0.0,0.0,12.255,1.0,1.0,1254.2988051699836,1050.0,1254.2803051699836,1050.0,0.0009917891931910212,0.0
2972,1630526401000.0,0.0,0.0,0.1,12.44,0.0,0.0,12.174,1.0,1.0,1254.2988051699836,1050.0,1254.2722051699836,1050.0,0.0009917891931910212,0.0
2973,1630530001000.0,0.0,0.0,0.1,12.44,0.0,0.0,12.19,1.0,1.0,1254.2988051699836,1050.0,1254.2738051699835,1050.0,0.0009917891931910212,0.0
2974,1630533601000.0,0.0,0.0,0.1,12.44,0.0,0.0,12.372,1.0,1.0,1254.2988051699836,1050.0,1254.2920051699834,1050.0,0.0009917891931910212,0.0
2975,1630537201000.0,0.0,0.0,0.1,12.44,0.0,0.0,12.38,1.0,1.0,1254.2988051699836,1050.0,1254.2928051699835,1050.0,0.0009917891931910212,0.0
2976,1630540801000.0,0.0,0.0,0.1,12.524,0.0,0.0,12.526,1.0,1.0,1254.3067547099836,1050.0,1254.3069547099835,1050.0,0.0009984798338183035,0.0
2977,1630544401000.0,0.0,0.0,0.2,12.3735,0.0,0.0,12.213,1.0,1.0,1254.3066324799836,1050.0,1254.2745324799837,1050.0,0.0019729625403535384,0.0
2978,1630548001000.0,0.0,0.0,0.1,12.458,0.0,0.0,12.29,1.0,1.0,1254.3225587999834,1050.0,1254.3057587999833,1050.0,0.0009932054488375486,0.0
2979,1630551601000.0,0.0,0.0,0.1,12.458,0.0,0.0,12.302,1.0,1.0,1254.3225587999834,1050.0,1254.3069587999835,1050.0,0.0009932054488375486,0.0
2980,1630555201000.0,0.0,0.0,0.1,12.458,0.0,0.0,12.315,1.0,1.0,1254.3225587999834,1050.0,1254.3082587999834,1050.0,0.0009932054488375486,0.0
2981,1630558801000.0,0.0,0.0,0.2,12.3085,0.0,0.0,12.225,1.0,1.0,1254.3224372099835,1050.0,1254.3057372099836,1050.0,0.0019625735193540927,0.0
2982,1630562401000.0,0.0,0.0,0.2,12.3085,0.0,0.0,12.237,1.0,1.0,1254.3224372099835,1050.0,1254.3081372099834,1050.0,0.0019625735193540927,0.0
2983,1630566001000.0,0.0,0.0,0.2,12.3085,0.0,0.0,12.288,1.0,1.0,1254.3224372099835,1050.0,1254.3183372099834,1050.0,0.0019625735193540927,0.0
2984,1630569601000.0,0.0,0.0,0.1,12.3085,0.0,0.0,12.211,1.0,1.0,1254.3303633199835,1050.0,1254.3206133199835,1050.0,0.0009812805589288016,0.0
2985,1630573201000.0,0.0,0.0,0.1,12.406,0.0,0.0,12.396,1.0,1.0,1254.3381653699835,1050.0,1254.3371653699835,1050.0,0.0009890474787826208,0.0
2986,1630576801000.0,0.0,0.0,0.1,12.543,0.0,0.0,12.474,1.0,1.0,1254.3461150599835,1050.0,1254.3392150599834,1050.0,0.0009999632357772469,0.0
2987,1630580401000.0,0.0,0.0,0.1,12.628,0.0,0.0,12.569,1.0,1.0,1254.3540625299836,1050.0,1254.3481625299835,1050.0,0.0010067332962217872,0.0
2988,1630584001000.0,0.0,0.0,0.1,12.628,0.0,0.0,12.614,1.0,1.0,1254.3540625299836,1050.0,1254.3526625299835,1050.0,0.0010067332962217872,0.0
2989,1630587601000.0,0.0,0.0,0.1,12.712,0.0,0.0,12.677,1.0,1.0,1254.3621082999837,1050.0,1254.3586082999836,1050.0,0.001013423469657288,0.0
2990,1630591201000.0,0.0,0.0,0.1,12.893,0.0,0.0,12.872,1.0,1.0,1254.3783944099835,1050.0,1254.3762944099835,1050.0,0.001027839769678465,0.0
2991,1630594801000.0,0.0,0.0,0.1,12.98,0.0,0.0,12.859,1.0,1.0,1254.3866348299834,1050.0,1254.3745348299835,1050.0,0.0010347686781403947,0.0
2992,1630598401000.0,0.0,0.0,0.2,12.824,0.0,0.0,12.643,1.0,1.0,1254.3865081499835,1050.0,1254.3503081499834,1050.0,0.002044664848781468,0.0
2993,1630602001000.0,0.0,0.0,0.2,12.824,0.0,0.0,12.78,1.0,1.0,1254.3865081499835,1050.0,1254.3777081499834,1050.0,0.002044664848781468,0.0
2994,1630605601000.0,0.0,0.0,0.2,12.824,0.0,0.0,12.802,1.0,1.0,1254.3865081499835,1050.0,1254.3821081499834,1050.0,0.002044664848781468,0.0
2995,1630609201000.0,0.0,0.0,0.2,12.824,0.0,0.0,12.76,1.0,1.0,1254.3865081499835,1050.0,1254.3737081499835,1050.0,0.002044664848781468,0.0
2996,1630612801000.0,0.0,0.0,0.2,12.824,0.0,0.0,12.763,1.0,1.0,1254.3865081499835,1050.0,1254.3743081499836,1050.0,0.002044664848781468,0.0
2997,1630616401000.0,0.0,0.0,0.2,12.824,0.0,0.0,12.766,1.0,1.0,1254.3865081499835,1050.0,1254.3749081499834,1050.0,0.002044664848781468,0.0
2998,1630620001000.0,0.0,0.0,0.1,12.94,0.0,0.0,12.866,1.0,1.0,1254.402920589983,1050.0,1254.395520589983,1050.0,0.0010315664757790848,0.0
2999,1630623601000.0,0.0,0.0,0.1,12.94,0.0,0.0,12.695,1.0,1.0,1254.402920589983,1050.0,1254.378420589983,1050.0,0.0010315664757790848,0.0
3000,1630627201000.0,0.0,0.0,0.2,12.7845,0.0,0.0,12.557,1.0,1.0,1254.402794299983,1050.0,1254.357294299983,1050.0,0.0020383404849053073,0.0
3001,1630630801000.0,0.0,0.0,1.2,12.4175,0.0,0.0,12.306,1.0,1.0,1254.401559889983,1050.0,1254.267759889983,1050.0,0.011878971197474346,0.0
3002,1630634401000.0,0.0,0.0,1.2,12.4175,0.0,0.0,12.253,1.0,1.0,1254.401559889983,1050.0,1254.204159889983,1050.0,0.011878971197474346,0.0
3003,1630638001000.0,0.0,0.0,1.2,12.4175,0.0,0.0,12.331,1.0,1.0,1254.401559889983,1050.0,1254.297759889983,1050.0,0.011878971197474346,0.0
3004,1630641601000.0,0.0,0.0,0.1,12.4175,0.0,0.0,12.472,1.0,1.0,1254.4898349999828,1050.0,1254.495284999983,1050.0,0.0009898446088246042,0.0
3005,1630645201000.0,0.0,0.0,0.1,12.584,0.0,0.0,12.548,1.0,1.0,1254.505683329983,1050.0,1254.502083329983,1050.0,0.0010031042638720296,0.0
3006,1630648801000.0,0.0,0.0,0.1,12.584,0.0,0.0,12.495,1.0,1.0,1254.505683329983,1050.0,1254.496783329983,1050.0,0.0010031042638720296,0.0
3007,1630652401000.0,0.0,0.0,0.1,12.584,0.0,0.0,12.424,1.0,1.0,1254.505683329983,1050.0,1254.4896833299829,1050.0,0.0010031042638720296,0.0
3008,1630656001000.0,0.0,0.0,0.1,12.584,0.0,0.0,12.468,1.0,1.0,1254.505683329983,1050.0,1254.494083329983,1050.0,0.0010031042638720296,0.0
3009,1630659601000.0,0.0,0.0,0.1,12.707,0.0,0.0,12.704,1.0,1.0,1254.5137295899829,1050.0,1254.513429589983,1050.0,0.0010129024258788363,0.0
3010,1630663201000.0,0.0,0.0,0.1,12.882,0.0,0.0,12.866,1.0,1.0,1254.5299161099824,1050.0,1254.5283161099824,1050.0,0.0010268388050835974,0.0
3011,1630666801000.0,0.0,0.0,0.1,12.882,0.0,0.0,12.785,1.0,1.0,1254.5299161099824,1050.0,1254.5202161099824,1050.0,0.0010268388050835974,0.0
3012,1630670401000.0,0.0,0.0,0.1,12.882,0.0,0.0,12.726,1.0,1.0,1254.5299161099824,1050.0,1254.5143161099825,1050.0,0.0010268388050835974,0.0
3013,1630674001000.0,0.0,0.0,0.1,12.882,0.0,0.0,12.694,1.0,1.0,1254.5299161099824,1050.0,1254.5111161099824,1050.0,0.0010268388050835974,0.0
3014,1630677601000.0,0.0,0.0,0.1,12.882,0.0,0.0,12.641,1.0,1.0,1254.5299161099824,1050.0,1254.5058161099823,1050.0,0.0010268388050835974,0.0
3015,1630681201000.0,0.0,0.0,0.2,12.727,0.0,0.0,12.647,1.0,1.0,1254.5297903899825,1050.0,1254.5137903899824,1050.0,0.002028967362511765,0.0
3016,1630684801000.0,0.0,0.0,0.2,12.727,0.0,0.0,12.573,1.0,1.0,1254.5297903899825,1050.0,1254.4989903899825,1050.0,0.002028967362511765,0.0
3017,1630688401000.0,0.0,0.0,0.2,12.727,0.0,0.0,12.65,1.0,1.0,1254.5297903899825,1050.0,1254.5143903899825,1050.0,0.002028967362511765,0.0
3018,1630692001000.0,0.0,0.0,0.2,12.727,0.0,0.0,12.653,1.0,1.0,1254.5297903899825,1050.0,1254.5149903899826,1050.0,0.002028967362511765,0.0
3019,1630695601000.0,0.0,0.0,0.2,12.727,0.0,0.0,12.72,1.0,1.0,1254.5297903899825,1050.0,1254.5283903899824,1050.0,0.002028967362511765,0.0
3020,1630699201000.0,0.0,0.0,0.2,12.727,0.0,0.0,12.605,1.0,1.0,1254.5297903899825,1050.0,1254.5053903899825,1050.0,0.002028967362511765,0.0
3021,1630702801000.0,0.0,0.0,0.5,12.542200000000001,0.0,0.0,12.448,1.0,1.0,1254.5294178199824,1050.0,1254.4823178199824,1050.0,0.004998766797272399,0.0
3022,1630706401000.0,0.0,0.0,0.5,12.542200000000001,0.0,0.0,12.506,1.0,1.0,1254.5294178199824,1050.0,1254.5113178199824,1050.0,0.004998766797272399,0.0
3023,1630710001000.0,0.0,0.0,1.2,12.361833333333335,0.0,0.0,12.305,1.0,1.0,1254.5285615099824,1050.0,1254.4603615099825,1050.0,0.011824521541498571,0.0
3024,1630713601000.0,0.0,0.0,0.5,12.361833333333335,0.0,0.0,12.469,1.0,1.0,1254.5845071666495,1050.0,1254.6380904999828,1050.0,0.004926664271206117,0.0
3025,1630717201000.0,0.0,0.0,0.1,12.53,0.0,0.0,12.451,1.0,1.0,1254.632293309983,1050.0,1254.624393309983,1050.0,0.0009986989866922072,0.0
3026,1630720801000.0,0.0,0.0,0.1,12.53,0.0,0.0,12.424,1.0,1.0,1254.632293309983,1050.0,1254.621693309983,1050.0,0.0009986989866922072,0.0
3027,1630724401000.0,0.0,0.0,0.1,12.53,0.0,0.0,12.472,1.0,1.0,1254.632293309983,1050.0,1254.626493309983,1050.0,0.0009986989866922072,0.0
3028,1630728001000.0,0.0,0.0,0.1,12.53,0.0,0.0,12.545,1.0,1.0,1254.632293309983,1050.0,1254.633793309983,1050.0,0.0009986989866922072,0.0
3029,1630731601000.0,0.0,0.0,0.1,12.53,0.0,0.0,12.522,1.0,1.0,1254.632293309983,1050.0,1254.631493309983,1050.0,0.0009986989866922072,0.0
3030,1630735201000.0,0.0,0.0,0.1,12.53,0.0,0.0,12.564,1.0,1.0,1254.632293309983,1050.0,1254.635693309983,1050.0,0.0009986989866922072,0.0
3031,1630738801000.0,0.0,0.0,0.1,12.53,0.0,0.0,12.55,1.0,1.0,1254.632293309983,1050.0,1254.634293309983,1050.0,0.0009986989866922072,0.0
3032,1630742401000.0,0.0,0.0,0.1,12.616,0.0,0.0,12.566,1.0,1.0,1254.640241029983,1050.0,1254.6352410299828,1050.0,0.0010055472148448735,0.0
3033,1630746001000.0,0.0,0.0,0.1,12.761,0.0,0.0,12.771,1.0,1.0,1254.648286429983,1050.0,1254.649286429983,1050.0,0.0010170977905139109,0.0
3034,1630749601000.0,0.0,0.0,0.1,12.761,0.0,0.0,12.706,1.0,1.0,1254.648286429983,1050.0,1254.642786429983,1050.0,0.0010170977905139109,0.0
3035,1630753201000.0,0.0,0.0,0.2,12.6075,0.0,0.0,12.45,1.0,1.0,1254.6481618899832,1050.0,1254.616661889983,1050.0,0.002009726771688447,0.0
3036,1630756801000.0,0.0,0.0,0.2,12.6075,0.0,0.0,12.457,1.0,1.0,1254.6481618899832,1050.0,1254.6180618899832,1050.0,0.002009726771688447,0.0
3037,1630760401000.0,0.0,0.0,0.1,12.779,0.0,0.0,12.726,1.0,1.0,1254.6723255899833,1050.0,1254.6670255899833,1050.0,0.0010185129407386062,0.0
3038,1630764001000.0,0.0,0.0,0.1,12.779,0.0,0.0,12.719,1.0,1.0,1254.6723255899833,1050.0,1254.6663255899832,1050.0,0.0010185129407386062,0.0
3039,1630767601000.0,0.0,0.0,0.1,12.779,0.0,0.0,12.653,1.0,1.0,1254.6723255899833,1050.0,1254.6597255899833,1050.0,0.0010185129407386062,0.0
3040,1630771201000.0,0.0,0.0,0.1,12.88,0.0,0.0,12.879,1.0,1.0,1254.680468159983,1050.0,1254.6803681599831,1050.0,0.0010265561891537858,0.0
3041,1630774801000.0,0.0,0.0,0.1,12.88,0.0,0.0,12.573,1.0,1.0,1254.680468159983,1050.0,1254.649768159983,1050.0,0.0010265561891537858,0.0
3042,1630778401000.0,0.0,0.0,0.5,12.541,0.0,0.0,12.484,1.0,1.0,1254.6799699099831,1050.0,1254.6514699099832,1050.0,0.0049976887735363115,0.0
3043,1630782001000.0,0.0,0.0,0.5,12.541,0.0,0.0,12.374,1.0,1.0,1254.6799699099831,1050.0,1254.5964699099832,1050.0,0.0049976887735363115,0.0
3044,1630785601000.0,0.0,0.0,0.5,12.541,0.0,0.0,12.324,1.0,1.0,1254.6799699099831,1050.0,1254.571469909983,1050.0,0.0049976887735363115,0.0
3045,1630789201000.0,0.0,0.0,0.5,12.541,0.0,0.0,12.435,1.0,1.0,1254.6799699099831,1050.0,1254.626969909983,1050.0,0.0049976887735363115,0.0
3046,1630792801000.0,0.0,0.0,0.5,12.541,0.0,0.0,12.47,1.0,1.0,1254.6799699099831,1050.0,1254.6444699099832,1050.0,0.0049976887735363115,0.0
3047,1630796401000.0,0.0,0.0,0.5,12.541,0.0,0.0,12.394,1.0,1.0,1254.6799699099831,1050.0,1254.6064699099832,1050.0,0.0049976887735363115,0.0
3048,1630800001000.0,0.0,0.0,0.5,12.541,0.0,0.0,12.384,1.0,1.0,1254.6799699099831,1050.0,1254.601469909983,1050.0,0.0049976887735363115,0.0
3049,1630803601000.0,0.0,0.0,0.5,12.541,0.0,0.0,12.508,1.0,1.0,1254.6799699099831,1050.0,1254.6634699099832,1050.0,0.0049976887735363115,0.0
3050,1630807201000.0,0.0,0.0,0.5,12.541,0.0,0.0,12.428,1.0,1.0,1254.6799699099831,1050.0,1254.6234699099832,1050.0,0.0049976887735363115,0.0
3051,1630810801000.0,0.0,0.0,0.5,12.541,0.0,0.0,12.512,1.0,1.0,1254.6799699099831,1050.0,1254.6654699099831,1050.0,0.0049976887735363115,0.0
3052,1630814401000.0,0.0,0.0,0.5,12.541,0.0,0.0,12.297,1.0,1.0,1254.6799699099831,1050.0,1254.557969909983,1050.0,0.0049976887735363115,0.0
3053,1630818001000.0,0.0,0.0,0.5,12.541,0.0,0.0,12.462,1.0,1.0,1254.6799699099831,1050.0,1254.640469909983,1050.0,0.0049976887735363115,0.0
3054,1630821601000.0,0.0,0.0,0.5,12.541,0.0,0.0,12.386,1.0,1.0,1254.6799699099831,1050.0,1254.602469909983,1050.0,0.0049976887735363115,0.0
3055,1630825201000.0,0.0,0.0,0.5,12.541,0.0,0.0,12.446,1.0,1.0,1254.6799699099831,1050.0,1254.6324699099832,1050.0,0.0049976887735363115,0.0
3056,1630828801000.0,0.0,0.0,0.5,12.541,0.0,0.0,12.49,1.0,1.0,1254.6799699099831,1050.0,1254.6544699099832,1050.0,0.0049976887735363115,0.0
3057,1630832401000.0,0.0,0.0,0.0,12.697,0.0,0.0,12.786,1.0,1.0,1254.7555812699832,1050.0,1254.7555812699832,1050.0,0.0,0.0
3058,1630836001000.0,0.0,0.0,0.1,13.048,0.0,0.0,12.963,1.0,1.0,1254.780075829983,1050.0,1254.771575829983,1050.0,0.0010398634988979492,0.0
3059,1630839601000.0,0.0,0.0,0.1,13.142,0.0,0.0,12.875,1.0,1.0,1254.7884130699829,1050.0,1254.761713069983,1050.0,0.001047347892530072,0.0
3060,1630843201000.0,0.0,0.0,0.2,12.984,0.0,0.0,12.874,1.0,1.0,1254.7882848099828,1050.0,1254.7662848099828,1050.0,0.0020695124679086744,0.0
3061,1630846801000.0,0.0,0.0,0.2,12.984,0.0,0.0,12.946,1.0,1.0,1254.7882848099828,1050.0,1254.7806848099829,1050.0,0.0020695124679086744,0.0
3062,1630850401000.0,0.0,0.0,0.1,13.074,0.0,0.0,13.06,1.0,1.0,1254.8048926899824,1050.0,1254.8034926899822,1050.0,0.0010419149683081545,0.0
3063,1630854001000.0,0.0,0.0,0.1,13.074,0.0,0.0,12.957,1.0,1.0,1254.8048926899824,1050.0,1254.7931926899823,1050.0,0.0010419149683081545,0.0
3064,1630857601000.0,0.0,0.0,0.1,13.074,0.0,0.0,12.913,1.0,1.0,1254.8048926899824,1050.0,1254.7887926899823,1050.0,0.0010419149683081545,0.0
3065,1630861201000.0,0.0,0.0,0.2,12.917,0.0,0.0,12.866,1.0,1.0,1254.8047650899823,1050.0,1254.7945650899824,1050.0,0.0020588063353542845,0.0
3066,1630864801000.0,0.0,0.0,0.1,13.01,0.0,0.0,12.955,1.0,1.0,1254.8213749499823,1050.0,1254.8158749499823,1050.0,0.0010368009550776568,0.0
3067,1630868401000.0,0.0,0.0,0.1,13.01,0.0,0.0,12.829,1.0,1.0,1254.8213749499823,1050.0,1254.8032749499823,1050.0,0.0010368009550776568,0.0
3068,1630872001000.0,0.0,0.0,0.1,13.01,0.0,0.0,12.825,1.0,1.0,1254.8213749499823,1050.0,1254.8028749499824,1050.0,0.0010368009550776568,0.0
3069,1630875601000.0,0.0,0.0,0.1,13.01,0.0,0.0,12.99,1.0,1.0,1254.8213749499823,1050.0,1254.8193749499824,1050.0,0.0010368009550776568,0.0
3070,1630879201000.0,0.0,0.0,0.1,13.01,0.0,0.0,12.97,1.0,1.0,1254.8213749499823,1050.0,1254.8173749499824,1050.0,0.0010368009550776568,0.0
3071,1630882801000.0,0.0,0.0,0.1,13.01,0.0,0.0,12.873,1.0,1.0,1254.8213749499823,1050.0,1254.8076749499824,1050.0,0.0010368009550776568,0.0
3072,1630886401000.0,0.0,0.0,0.1,13.01,0.0,0.0,12.962,1.0,1.0,1254.8213749499823,1050.0,1254.8165749499824,1050.0,0.0010368009550776568,0.0
3073,1630890001000.0,0.0,0.0,0.1,13.1,0.0,0.0,12.977,1.0,1.0,1254.8296129999821,1050.0,1254.817312999982,1050.0,0.0010439664368998428,0.0
3074,1630893601000.0,0.0,0.0,0.2,12.942499999999999,0.0,0.0,12.848,1.0,1.0,1254.8294851499822,1050.0,1254.8105851499822,1050.0,0.002062830074231649,0.0
3075,1630897201000.0,0.0,0.0,0.2,12.942499999999999,0.0,0.0,12.777,1.0,1.0,1254.8294851499822,1050.0,1254.7963851499821,1050.0,0.002062830074231649,0.0
3076,1630900801000.0,0.0,0.0,0.2,12.942499999999999,0.0,0.0,12.788,1.0,1.0,1254.8294851499822,1050.0,1254.7985851499823,1050.0,0.002062830074231649,0.0
3077,1630904401000.0,0.0,0.0,0.2,12.942499999999999,0.0,0.0,12.877,1.0,1.0,1254.8294851499822,1050.0,1254.8163851499824,1050.0,0.002062830074231649,0.0
3078,1630908001000.0,0.0,0.0,0.2,12.942499999999999,0.0,0.0,12.959,1.0,1.0,1254.8294851499822,1050.0,1254.8327851499823,1050.0,0.002062830074231649,0.0
3079,1630911601000.0,0.0,0.0,0.1,13.033,0.0,0.0,13.057,1.0,1.0,1254.8461942599824,1050.0,1254.8485942599825,1050.0,0.0010386133423854326,0.0
3080,1630915201000.0,0.0,0.0,0.1,13.125,0.0,0.0,13.116,1.0,1.0,1254.8545318199822,1050.0,1254.8536318199822,1050.0,0.0010459379686794544,0.0
3081,1630918801000.0,0.0,0.0,0.1,13.409,0.0,0.0,13.401,1.0,1.0,1254.8797334399821,1050.0,1254.8789334399821,1050.0,0.0010685486140765157,0.0
3082,1630922401000.0,0.0,0.0,0.1,13.875,0.0,0.0,13.926,1.0,1.0,1254.922964479982,1050.0,1254.9280644799821,1050.0,0.0011056455569565225,0.0
3083,1630926001000.0,0.0,0.0,0.1,13.875,0.0,0.0,13.834,1.0,1.0,1254.922964479982,1050.0,1254.918864479982,1050.0,0.0011056455569565225,0.0
3084,1630929601000.0,0.0,0.0,0.5,13.508799999999999,0.0,0.0,13.37,1.0,1.0,1254.922427789982,1050.0,1254.853027789982,1050.0,0.0053823247161938394,0.0
3085,1630933201000.0,0.0,0.0,0.1,13.096,0.0,0.0,12.987,1.0,1.0,1258.733283489983,1050.0,1258.722383489983,1050.0,0.0010404110363785592,0.0
3086,1630936801000.0,0.0,0.0,0.1,13.096,0.0,0.0,13.101,1.0,1.0,1258.733283489983,1050.0,1258.7337834899831,1050.0,0.0010404110363785592,0.0
3087,1630940401000.0,0.0,0.0,0.1,13.378,0.0,0.0,13.381,1.0,1.0,1258.758486669983,1050.0,1258.758786669983,1050.0,0.0010627932317176423,0.0
3088,1630944001000.0,0.0,0.0,0.1,13.468,0.0,0.0,13.407,1.0,1.0,1258.7670173299832,1050.0,1258.7609173299832,1050.0,0.0010699358828584076,0.0
3089,1630947601000.0,0.0,0.0,0.1,13.648,0.0,0.0,13.505,1.0,1.0,1258.7841732599832,1050.0,1258.7698732599831,1050.0,0.0010842208132196788,0.0
3090,1630951201000.0,0.0,0.0,0.1,13.648,0.0,0.0,13.523,1.0,1.0,1258.7841732599832,1050.0,1258.7716732599831,1050.0,0.0010842208132196788,0.0
3091,1630954801000.0,0.0,0.0,0.1,13.935,0.0,0.0,13.905,1.0,1.0,1258.8104428999832,1050.0,1258.8074428999832,1050.0,0.0011069974894629298,0.0
3092,1630958401000.0,0.0,0.0,0.1,13.935,0.0,0.0,13.803,1.0,1.0,1258.8104428999832,1050.0,1258.797242899983,1050.0,0.0011069974894629298,0.0
3093,1630962001000.0,0.0,0.0,0.1,13.935,0.0,0.0,13.772,1.0,1.0,1258.8104428999832,1050.0,1258.7941428999832,1050.0,0.0011069974894629298,0.0
3094,1630965601000.0,0.0,0.0,0.1,13.935,0.0,0.0,13.791,1.0,1.0,1258.8104428999832,1050.0,1258.7960428999831,1050.0,0.0011069974894629298,0.0
3095,1630969201000.0,0.0,0.0,0.1,13.935,0.0,0.0,13.81,1.0,1.0,1258.8104428999832,1050.0,1258.7979428999831,1050.0,0.0011069974894629298,0.0
3096,1630972801000.0,0.0,0.0,0.2,13.7675,0.0,0.0,13.588,1.0,1.0,1258.810306899983,1050.0,1258.774406899983,1050.0,0.002187382789056537,0.0
3097,1630976401000.0,0.0,0.0,0.1,13.868,0.0,0.0,13.884,1.0,1.0,1258.8279910599827,1050.0,1258.8295910599827,1050.0,0.0011016596467895983,0.0
3098,1630980001000.0,0.0,0.0,0.1,14.272,0.0,0.0,14.072,1.0,1.0,1258.8636618999826,1050.0,1258.8436618999826,1050.0,0.0011337208652491804,0.0
3099,1630983601000.0,0.0,0.0,0.1,14.272,0.0,0.0,14.062,1.0,1.0,1258.8636618999826,1050.0,1258.8426618999827,1050.0,0.0011337208652491804,0.0
3100,1630987201000.0,0.0,0.0,0.5,13.8956,0.0,0.0,13.717,1.0,1.0,1258.8631098399826,1050.0,1258.7738098399825,1050.0,0.0055191068398875815,0.0
3101,1630990801000.0,0.0,0.0,0.5,13.8956,0.0,0.0,13.756,1.0,1.0,1258.8631098399826,1050.0,1258.7933098399826,1050.0,0.0055191068398875815,0.0
3102,1630994401000.0,0.0,0.0,0.3,13.8956,0.0,0.0,14.047,1.0,1.0,1258.8811100999822,1050.0,1258.926530099982,1050.0,0.0033114167545725726,0.0
3103,1630998001000.0,0.0,0.0,0.2,14.031500000000001,0.0,0.0,13.817,1.0,1.0,1258.931845269982,1050.0,1258.888945269982,1050.0,0.002229111933695013,0.0
3104,1631001601000.0,0.0,0.0,0.1,13.939,0.0,0.0,13.92,1.0,1.0,1258.9761991699816,1050.0,1258.9742991699816,1050.0,0.001107169461121641,0.0
3105,1631005201000.0,0.0,0.0,0.1,13.142,0.0,0.0,12.998,1.0,1.0,1259.9072997499804,1050.0,1259.8928997499804,1050.0,0.0010430926150366727,0.0
3106,1631008801000.0,0.0,0.0,1.0,12.705833333333334,0.0,0.0,12.65,1.0,1.0,1259.9306203233136,1050.0,1259.8747869899803,1050.0,0.010084549996945753,0.0
3107,1631012401000.0,0.0,0.0,0.1,12.79,0.0,0.0,12.708,1.0,1.0,1260.0123801899801,1050.0,1260.0041801899802,1050.0,0.0010150693914667385,0.0
3108,1631016001000.0,0.0,0.0,0.1,12.79,0.0,0.0,12.542,1.0,1.0,1260.0123801899801,1050.0,1259.9875801899802,1050.0,0.0010150693914667385,0.0
3109,1631019601000.0,0.0,0.0,0.1,12.61,0.0,0.0,12.575,1.0,1.0,1260.0588318999803,1050.0,1260.0553318999803,1050.0,0.001000746923934179,0.0
3110,1631023201000.0,0.0,0.0,0.1,12.61,0.0,0.0,12.326,1.0,1.0,1260.0588318999803,1050.0,1260.0304318999804,1050.0,0.001000746923934179,0.0
3111,1631026801000.0,0.0,0.0,9.5,10.03082894736842,0.0,0.0,9.953,1.0,1.0,1268.0621777199801,1050.0,1267.3228027199802,1050.0,0.07514842463903457,0.0
3112,1631030401000.0,0.0,0.0,0.1,10.617,0.0,0.0,10.564,1.0,1.0,1275.5876133499796,1050.0,1275.5823133499796,1050.0,0.0008323222873039175,0.0
3113,1631034001000.0,0.0,0.0,0.1,11.1,0.0,0.0,11.108,1.0,1.0,1275.6290054899796,1050.0,1275.6298054899796,1050.0,0.0008701589531304518,0.0
3114,1631037601000.0,0.0,0.0,0.5,10.8078,0.0,0.0,10.555,1.0,1.0,1275.6285760999795,1050.0,1275.5021760999794,1050.0,0.004236264459143365,0.0
3115,1631041201000.0,0.0,0.0,0.1,10.766,0.0,0.0,10.591,1.0,1.0,1276.5228328399803,1050.0,1276.5053328399804,1050.0,0.0008433848359804138,0.0
3116,1631044801000.0,0.0,0.0,0.1,10.838,0.0,0.0,10.641,1.0,1.0,1276.5297160899804,1050.0,1276.5100160899804,1050.0,0.0008490205800454744,0.0
3117,1631048401000.0,0.0,0.0,0.2,10.779,0.0,0.0,10.772,1.0,1.0,1276.5364914199804,1050.0,1276.5350914199803,1050.0,0.001688788385204683,0.0
3118,1631052001000.0,0.0,0.0,0.5,10.623000000000001,0.0,0.0,10.612,1.0,1.0,1276.5361758499803,1050.0,1276.5306758499803,1050.0,0.004160869155520284,0.0
3119,1631055601000.0,0.0,0.0,0.1,10.795,0.0,0.0,10.764,1.0,1.0,1276.5774181199813,1050.0,1276.5743181199814,1050.0,0.0008456204728968043,0.0
3120,1631059201000.0,0.0,0.0,0.1,10.795,0.0,0.0,10.734,1.0,1.0,1276.5774181199813,1050.0,1276.5713181199812,1050.0,0.0008456204728968043,0.0
3121,1631062801000.0,0.0,0.0,0.1,10.888,0.0,0.0,10.896,1.0,1.0,1276.6048567199814,1050.0,1276.6056567199814,1050.0,0.0008528872456254679,0.0
3122,1631066401000.0,0.0,0.0,0.1,10.966,0.0,0.0,11.013,1.0,1.0,1276.6118374599814,1050.0,1276.6165374599814,1050.0,0.0008589925048649533,0.0
3123,1631070001000.0,0.0,0.0,0.1,11.048,0.0,0.0,10.977,1.0,1.0,1276.6188165999813,1050.0,1276.6117165999813,1050.0,0.0008654110260903201,0.0
3124,1631073601000.0,0.0,0.0,0.5,10.7574,0.0,0.0,10.657,1.0,1.0,1276.6183892099814,1050.0,1276.5681892099815,1050.0,0.0042132402646405075,0.0
3125,1631077201000.0,0.0,0.0,0.1,10.89,0.0,0.0,10.722,1.0,1.0,1276.6588383299813,1050.0,1276.6420383299812,1050.0,0.0008530078414876594,0.0
3126,1631080801000.0,0.0,0.0,0.5,10.674599999999998,0.0,0.0,10.565,1.0,1.0,1276.665394979981,1050.0,1276.6105949799812,1050.0,0.004180656905863491,0.0
3127,1631084401000.0,0.0,0.0,6.5,10.205215384615386,0.0,0.0,10.128,1.0,1.0,1276.659295319981,1050.0,1276.157395319981,1050.0,0.051958968413239895,0.0
3128,1631088001000.0,0.0,0.0,0.1,10.283,0.0,0.0,10.156,1.0,1.0,1277.086615689981,1050.0,1277.073915689981,1050.0,0.000805192057740291,0.0
3129,1631091601000.0,0.0,0.0,0.1,10.487,0.0,0.0,10.485,1.0,1.0,1277.177478359981,1050.0,1277.177278359981,1050.0,0.0008211074950574855,0.0
3130,1631095201000.0,0.0,0.0,0.1,10.564,0.0,0.0,10.546,1.0,1.0,1277.1841671599811,1050.0,1277.1823671599811,1050.0,0.0008271320825633712,0.0
3131,1631098801000.0,0.0,0.0,0.1,10.633,0.0,0.0,10.557,1.0,1.0,1277.2042359599816,1050.0,1277.1966359599817,1050.0,0.0008325215107048205,0.0
3132,1631102401000.0,0.0,0.0,0.1,10.708,0.0,0.0,10.614,1.0,1.0,1277.2110218499818,1050.0,1277.2016218499818,1050.0,0.0008383892572810679,0.0
3133,1631106001000.0,0.0,0.0,0.2,10.6535,0.0,0.0,10.591,1.0,1.0,1277.2177009999818,1050.0,1277.2052009999818,1050.0,0.0016682355704370482,0.0
3134,1631109601000.0,0.0,0.0,0.2,10.6535,0.0,0.0,10.633,1.0,1.0,1277.2177009999818,1050.0,1277.2136009999817,1050.0,0.0016682355704370482,0.0
3135,1631113201000.0,0.0,0.0,0.2,10.6535,0.0,0.0,10.498,1.0,1.0,1277.2177009999818,1050.0,1277.186600999982,1050.0,0.0016682355704370482,0.0
3136,1631116801000.0,0.0,0.0,0.1,10.869,0.0,0.0,10.8,1.0,1.0,1277.2452459699819,1050.0,1277.2383459699818,1050.0,0.0008509720458380509,0.0
3137,1631120401000.0,0.0,0.0,0.1,11.02,0.0,0.0,11.005,1.0,1.0,1277.2591068099819,1050.0,1277.2576068099818,1050.0,0.0008627850011986212,0.0
3138,1631124001000.0,0.0,0.0,0.1,11.02,0.0,0.0,10.897,1.0,1.0,1277.2591068099819,1050.0,1277.2468068099818,1050.0,0.0008627850011986212,0.0
3139,1631127601000.0,0.0,0.0,0.1,11.02,0.0,0.0,11.043,1.0,1.0,1277.2591068099819,1050.0,1277.261406809982,1050.0,0.0008627850011986212,0.0
3140,1631131201000.0,0.0,0.0,0.1,11.02,0.0,0.0,10.993,1.0,1.0,1277.2591068099819,1050.0,1277.2564068099819,1050.0,0.0008627850011986212,0.0
3141,1631134801000.0,0.0,0.0,0.1,11.02,0.0,0.0,10.824,1.0,1.0,1277.2591068099819,1050.0,1277.2395068099818,1050.0,0.0008627850011986212,0.0
3142,1631138401000.0,0.0,0.0,0.1,11.02,0.0,0.0,10.801,1.0,1.0,1277.2591068099819,1050.0,1277.237206809982,1050.0,0.0008627850011986212,0.0
3143,1631142001000.0,0.0,0.0,0.1,11.283,0.0,0.0,11.085,1.0,1.0,1277.2731599699819,1050.0,1277.2533599699818,1050.0,0.0008833662487877825,0.0
3144,1631145601000.0,0.0,0.0,0.2,11.1475,0.0,0.0,11.069,1.0,1.0,1277.2730498499818,1050.0,1277.257349849982,1050.0,0.0017455155734021472,0.0
3145,1631149201000.0,0.0,0.0,0.1,11.225,0.0,0.0,11.231,1.0,1.0,1277.287413179982,1050.0,1277.288013179982,1050.0,0.0008788155182750784,0.0
3146,1631152801000.0,0.0,0.0,0.2,11.173,0.0,0.0,11.057,1.0,1.0,1277.294476729982,1050.0,1277.271276729982,1050.0,0.001749479106588504,0.0
3147,1631156401000.0,0.0,0.0,0.5,11.011,0.0,0.0,10.831,1.0,1.0,1277.2941496399822,1050.0,1277.2041496399822,1050.0,0.004310283579981775,0.0
3148,1631160001000.0,0.0,0.0,0.5,11.011,0.0,0.0,10.944,1.0,1.0,1277.2941496399822,1050.0,1277.2606496399821,1050.0,0.004310283579981775,0.0
3149,1631163601000.0,0.0,0.0,0.1,11.426,0.0,0.0,11.374,1.0,1.0,1277.358180369982,1050.0,1277.3529803699819,1050.0,0.0008945024328799071,0.0
3150,1631167201000.0,0.0,0.0,0.1,11.505,0.0,0.0,11.544,1.0,1.0,1277.365450309982,1050.0,1277.3693503099819,1050.0,0.0009006819463613995,0.0
3151,1631170801000.0,0.0,0.0,0.1,11.505,0.0,0.0,11.406,1.0,1.0,1277.365450309982,1050.0,1277.355550309982,1050.0,0.0009006819463613995,0.0
3152,1631174401000.0,0.0,0.0,0.1,11.505,0.0,0.0,11.416,1.0,1.0,1277.365450309982,1050.0,1277.356550309982,1050.0,0.0009006819463613995,0.0
3153,1631178001000.0,0.0,0.0,0.1,11.505,0.0,0.0,11.411,1.0,1.0,1277.365450309982,1050.0,1277.356050309982,1050.0,0.0009006819463613995,0.0
3154,1631181601000.0,0.0,0.0,0.1,11.505,0.0,0.0,11.285,1.0,1.0,1277.365450309982,1050.0,1277.343450309982,1050.0,0.0009006819463613995,0.0
3155,1631185201000.0,0.0,0.0,0.5,11.202,0.0,0.0,11.143,1.0,1.0,1277.365005259982,1050.0,1277.3355052599818,1050.0,0.00438480776985121,0.0
3156,1631188801000.0,0.0,0.0,0.1,11.284,0.0,0.0,11.246,1.0,1.0,1277.4013286199813,1050.0,1277.3975286199814,1050.0,0.0008833558997617826,0.0
3157,1631192401000.0,0.0,0.0,0.1,11.264,0.0,0.0,11.247,1.0,1.0,1277.467589719981,1050.0,1277.465889719981,1050.0,0.0008817444834329654,0.0
3158,1631196001000.0,0.0,0.0,0.1,11.505,0.0,0.0,11.359,1.0,1.0,1277.489304369981,1050.0,1277.474704369981,1050.0,0.0009005946242089219,0.0
3159,1631199601000.0,0.0,0.0,0.1,11.505,0.0,0.0,11.376,1.0,1.0,1277.489304369981,1050.0,1277.476404369981,1050.0,0.0009005946242089219,0.0
3160,1631203201000.0,0.0,0.0,0.1,11.505,0.0,0.0,11.401,1.0,1.0,1277.489304369981,1050.0,1277.4789043699811,1050.0,0.0009005946242089219,0.0
3161,1631206801000.0,0.0,0.0,0.1,11.505,0.0,0.0,11.518,1.0,1.0,1277.489304369981,1050.0,1277.490604369981,1050.0,0.0009005946242089219,0.0
3162,1631210401000.0,0.0,0.0,0.1,11.505,0.0,0.0,11.391,1.0,1.0,1277.489304369981,1050.0,1277.477904369981,1050.0,0.0009005946242089219,0.0
3163,1631214001000.0,0.0,0.0,0.2,11.367,0.0,0.0,11.176,1.0,1.0,1277.489192079981,1050.0,1277.450992079981,1050.0,0.0017795845272855094,0.0
3164,1631217601000.0,0.0,0.0,0.5,11.202,0.0,0.0,11.032,1.0,1.0,1277.488859319981,1050.0,1277.403859319981,1050.0,0.004384382657537588,0.0
3165,1631221201000.0,0.0,0.0,1.2,11.041583333333334,0.0,0.0,10.964,1.0,1.0,1277.488094429981,1050.0,1277.394994429981,1050.0,0.010371838342581303,0.0
3166,1631224801000.0,0.0,0.0,0.9,11.041583333333334,0.0,0.0,11.169,1.0,1.0,1277.5094860099812,1050.0,1277.6241610099812,1050.0,0.007778748501537436,0.0
3167,1631228401000.0,0.0,0.0,0.1,11.235,0.0,0.0,11.229,1.0,1.0,1277.639541799982,1050.0,1277.638941799982,1050.0,0.0008793560024114274,0.0
3168,1631232001000.0,0.0,0.0,0.1,11.314,0.0,0.0,11.329,1.0,1.0,1277.646715569982,1050.0,1277.648215569982,1050.0,0.0008855343078898468,0.0
3169,1631235601000.0,0.0,0.0,0.1,11.633,0.0,0.0,11.586,1.0,1.0,1277.6757949799814,1050.0,1277.6710949799815,1050.0,0.0009104813635592326,0.0
3170,1631239201000.0,0.0,0.0,0.1,11.796,0.0,0.0,11.837,1.0,1.0,1277.6906248199814,1050.0,1277.6947248199815,1050.0,0.0009232281877048274,0.0
3171,1631242801000.0,0.0,0.0,0.1,11.796,0.0,0.0,11.722,1.0,1.0,1277.6906248199814,1050.0,1277.6832248199814,1050.0,0.0009232281877048274,0.0
3172,1631246401000.0,0.0,0.0,0.1,11.796,0.0,0.0,11.721,1.0,1.0,1277.6906248199814,1050.0,1277.6831248199815,1050.0,0.0009232281877048274,0.0
3173,1631250001000.0,0.0,0.0,0.1,11.796,0.0,0.0,11.607,1.0,1.0,1277.6906248199814,1050.0,1277.6717248199814,1050.0,0.0009232281877048274,0.0
3174,1631253601000.0,0.0,0.0,0.2,11.654499999999999,0.0,0.0,11.659,1.0,1.0,1277.6905096899814,1050.0,1277.6914096899814,1050.0,0.0018243072029748182,0.0
3175,1631257201000.0,0.0,0.0,0.2,11.654499999999999,0.0,0.0,11.409,1.0,1.0,1277.6905096899814,1050.0,1277.6414096899814,1050.0,0.0018243072029748182,0.0
3176,1631260801000.0,0.0,0.0,1.2,11.32075,0.0,0.0,11.237,1.0,1.0,1277.6893842899815,1050.0,1277.5888842899815,1050.0,0.010632396392296236,0.0
3177,1631264401000.0,0.0,0.0,2.8,11.155178571428573,0.0,0.0,11.122,1.0,1.0,1277.6876193299815,1050.0,1277.5947193299814,1050.0,0.024446116192610015,0.0
3178,1631268001000.0,0.0,0.0,0.2,11.155178571428573,0.0,0.0,11.227,1.0,1.0,1277.8826349042665,1050.0,1277.8969991899808,1050.0,0.0017458846793491755,0.0
3179,1631271601000.0,0.0,0.0,0.1,11.312,0.0,0.0,11.278,1.0,1.0,1277.9042360299807,1050.0,1277.9008360299806,1050.0,0.0008851993507074196,0.0
3180,1631275201000.0,0.0,0.0,0.1,11.312,0.0,0.0,11.265,1.0,1.0,1277.9042360299807,1050.0,1277.8995360299807,1050.0,0.0008851993507074196,0.0
3181,1631278801000.0,0.0,0.0,0.2,11.175999999999998,0.0,0.0,11.017,1.0,1.0,1277.9041256299806,1050.0,1277.8723256299807,1050.0,0.001749114002506324,0.0
3182,1631282401000.0,0.0,0.0,0.1,11.114,0.0,0.0,11.033,1.0,1.0,1277.9391330099809,1050.0,1277.9310330099809,1050.0,0.0008696814827027603,0.0
3183,1631286001000.0,0.0,0.0,2.2,10.510535714285716,0.0,0.0,10.398,1.0,1.0,1277.9773449714094,1050.0,1277.7297663999807,1050.0,0.018093574711956953,0.0
3184,1631289601000.0,0.0,0.0,0.9,10.510535714285716,0.0,0.0,10.598,1.0,1.0,1278.0890708628372,1050.0,1278.16778871998,1050.0,0.007401269879000728,0.0
3185,1631293201000.0,0.0,0.0,0.1,10.582,0.0,0.0,10.563,1.0,1.0,1278.1505306999793,1050.0,1278.1486306999793,1050.0,0.0008279150026409461,0.0
3186,1631296801000.0,0.0,0.0,0.1,10.653,0.0,0.0,10.672,1.0,1.0,1278.1573176499794,1050.0,1278.1592176499794,1050.0,0.0008334654782234953,0.0
3187,1631300401000.0,0.0,0.0,0.1,10.653,0.0,0.0,10.693,1.0,1.0,1278.1573176499794,1050.0,1278.1613176499793,1050.0,0.0008334654782234953,0.0
3188,1631304001000.0,0.0,0.0,0.1,10.73,0.0,0.0,10.727,1.0,1.0,1278.1641031199795,1050.0,1278.1638031199795,1050.0,0.0008394853191235954,0.0
3189,1631307601000.0,0.0,0.0,0.1,10.73,0.0,0.0,10.524,1.0,1.0,1278.1641031199795,1050.0,1278.1435031199794,1050.0,0.0008394853191235954,0.0
3190,1631311201000.0,0.0,0.0,0.5,10.4474,0.0,0.0,10.373,1.0,1.0,1278.1636880499793,1050.0,1278.1264880499793,1050.0,0.004086878737706513,0.0
3191,1631314801000.0,0.0,0.0,0.5,10.4474,0.0,0.0,10.341,1.0,1.0,1278.1636880499793,1050.0,1278.1104880499793,1050.0,0.004086878737706513,0.0
3192,1631318401000.0,0.0,0.0,0.1,10.517,0.0,0.0,10.56,1.0,1.0,1278.1973570799792,1050.0,1278.2016570799792,1050.0,0.0008227993855366682,0.0
3193,1631322001000.0,0.0,0.0,0.1,10.666,0.0,0.0,10.707,1.0,1.0,1278.210832059979,1050.0,1278.2149320599792,1050.0,0.000834447630428116,0.0
3194,1631325601000.0,0.0,0.0,0.1,10.821,0.0,0.0,10.813,1.0,1.0,1278.2245010199795,1050.0,1278.2237010199794,1050.0,0.000846564902438125,0.0
3195,1631329201000.0,0.0,0.0,0.1,10.821,0.0,0.0,10.742,1.0,1.0,1278.2245010199795,1050.0,1278.2166010199794,1050.0,0.000846564902438125,0.0
3196,1631332801000.0,0.0,0.0,0.2,10.690999999999999,0.0,0.0,10.589,1.0,1.0,1278.2243954099795,1050.0,1278.2039954099794,1050.0,0.0016727892283061854,0.0
3197,1631336401000.0,0.0,0.0,0.1,10.764,0.0,0.0,10.734,1.0,1.0,1278.2380725499797,1050.0,1278.2350725499798,1050.0,0.0008420966509412997,0.0
3198,1631340001000.0,0.0,0.0,0.1,10.764,0.0,0.0,10.757,1.0,1.0,1278.2380725499797,1050.0,1278.2373725499797,1050.0,0.0008420966509412997,0.0
3199,1631343601000.0,0.0,0.0,0.1,10.838,0.0,0.0,10.79,1.0,1.0,1278.2449558199799,1050.0,1278.24015581998,1050.0,0.0008478813040218526,0.0
3200,1631347201000.0,0.0,0.0,0.2,10.707999999999998,0.0,0.0,10.726,1.0,1.0,1278.2448500399798,1050.0,1278.2484500399798,1050.0,0.0016754223574090808,0.0
3201,1631350801000.0,0.0,0.0,0.2,10.707999999999998,0.0,0.0,10.742,1.0,1.0,1278.2448500399798,1050.0,1278.25165003998,1050.0,0.0016754223574090808,0.0
3202,1631354401000.0,0.0,0.0,0.1,10.868,0.0,0.0,10.866,1.0,1.0,1278.2654093699798,1050.0,1278.2652093699799,1050.0,0.0008502146674966762,0.0
3203,1631358001000.0,0.0,0.0,0.1,10.944,0.0,0.0,10.989,1.0,1.0,1278.2722905399798,1050.0,1278.2767905399799,1050.0,0.000856155615747325,0.0
3204,1631361601000.0,0.0,0.0,0.1,10.944,0.0,0.0,10.893,1.0,1.0,1278.2722905399798,1050.0,1278.2671905399798,1050.0,0.000856155615747325,0.0
3205,1631365201000.0,0.0,0.0,0.1,10.944,0.0,0.0,10.944,1.0,1.0,1278.2722905399798,1050.0,1278.2722905399798,1050.0,0.000856155615747325,0.0
3206,1631368801000.0,0.0,0.0,0.1,10.944,0.0,0.0,10.938,1.0,1.0,1278.2722905399798,1050.0,1278.2716905399798,1050.0,0.000856155615747325,0.0
3207,1631372401000.0,0.0,0.0,0.1,11.019,0.0,0.0,11.015,1.0,1.0,1278.2792701899798,1050.0,1278.27887018998,1050.0,0.0008620182034527041,0.0
3208,1631376001000.0,0.0,0.0,0.1,11.019,0.0,0.0,10.915,1.0,1.0,1278.2792701899798,1050.0,1278.26887018998,1050.0,0.0008620182034527041,0.0
3209,1631379601000.0,0.0,0.0,0.1,11.019,0.0,0.0,11.025,1.0,1.0,1278.2792701899798,1050.0,1278.2798701899799,1050.0,0.0008620182034527041,0.0
3210,1631383201000.0,0.0,0.0,0.1,11.019,0.0,0.0,10.977,1.0,1.0,1278.2792701899798,1050.0,1278.2750701899797,1050.0,0.0008620182034527041,0.0
3211,1631386801000.0,0.0,0.0,0.1,11.019,0.0,0.0,10.969,1.0,1.0,1278.2792701899798,1050.0,1278.2742701899797,1050.0,0.0008620182034527041,0.0
3212,1631390401000.0,0.0,0.0,0.1,11.019,0.0,0.0,10.848,1.0,1.0,1278.2792701899798,1050.0,1278.2621701899798,1050.0,0.0008620182034527041,0.0
3213,1631394001000.0,0.0,0.0,0.1,11.019,0.0,0.0,10.894,1.0,1.0,1278.2792701899798,1050.0,1278.2667701899798,1050.0,0.0008620182034527041,0.0
3214,1631397601000.0,0.0,0.0,0.1,11.019,0.0,0.0,10.901,1.0,1.0,1278.2792701899798,1050.0,1278.2674701899798,1050.0,0.0008620182034527041,0.0
3215,1631401201000.0,0.0,0.0,0.2,10.8865,0.0,0.0,10.735,1.0,1.0,1278.2791626499798,1050.0,1278.2488626499799,1050.0,0.001703305556108945,0.0
3216,1631404801000.0,0.0,0.0,0.2,10.8865,0.0,0.0,10.832,1.0,1.0,1278.2791626499798,1050.0,1278.2682626499798,1050.0,0.001703305556108945,0.0
3217,1631408401000.0,0.0,0.0,0.3,10.729000000000001,0.0,0.0,10.757,1.0,1.0,1278.29282792998,1050.0,1278.3012279299799,1050.0,0.0025179676594229536,0.0
3218,1631412001000.0,0.0,0.0,0.3,10.729000000000001,0.0,0.0,10.645,1.0,1.0,1278.29282792998,1050.0,1278.2676279299799,1050.0,0.0025179676594229536,0.0
3219,1631415601000.0,0.0,0.0,0.1,10.804,0.0,0.0,10.845,1.0,1.0,1278.3136958899802,1050.0,1278.3177958899803,1050.0,0.0008451759560064873,0.0
3220,1631419201000.0,0.0,0.0,0.1,10.884,0.0,0.0,10.835,1.0,1.0,1278.3205782999803,1050.0,1278.3156782999804,1050.0,0.0008514296166986901,0.0
3221,1631422801000.0,0.0,0.0,0.1,10.884,0.0,0.0,10.846,1.0,1.0,1278.3205782999803,1050.0,1278.3167782999803,1050.0,0.0008514296166986901,0.0
3222,1631426401000.0,0.0,0.0,0.1,10.957,0.0,0.0,10.931,1.0,1.0,1278.3275591699803,1050.0,1278.3249591699803,1050.0,0.0008571355535129349,0.0
3223,1631430001000.0,0.0,0.0,0.1,10.957,0.0,0.0,10.769,1.0,1.0,1278.3275591699803,1050.0,1278.3087591699802,1050.0,0.0008571355535129349,0.0
3224,1631433601000.0,0.0,0.0,0.1,10.957,0.0,0.0,10.923,1.0,1.0,1278.3275591699803,1050.0,1278.3241591699802,1050.0,0.0008571355535129349,0.0
3225,1631437201000.0,0.0,0.0,0.0,11.115,0.0,0.0,11.189,1.0,1.0,1278.34880441998,1050.0,1278.34880441998,1050.0,0.0,0.0
3226,1631440801000.0,0.0,0.0,0.1,11.196,0.0,0.0,11.077,1.0,1.0,1278.3486924599802,1050.0,1278.3367924599802,1050.0,0.0008758173779999779,0.0
3227,1631444401000.0,0.0,0.0,0.1,11.196,0.0,0.0,11.177,1.0,1.0,1278.3486924599802,1050.0,1278.3467924599802,1050.0,0.0008758173779999779,0.0
3228,1631448001000.0,0.0,0.0,0.1,11.196,0.0,0.0,11.167,1.0,1.0,1278.3486924599802,1050.0,1278.3457924599802,1050.0,0.0008758173779999779,0.0
3229,1631451601000.0,0.0,0.0,0.1,11.196,0.0,0.0,11.101,1.0,1.0,1278.3486924599802,1050.0,1278.3391924599803,1050.0,0.0008758173779999779,0.0
3230,1631455201000.0,0.0,0.0,0.1,11.196,0.0,0.0,11.201,1.0,1.0,1278.3486924599802,1050.0,1278.3491924599803,1050.0,0.0008758173779999779,0.0
3231,1631458801000.0,0.0,0.0,0.1,11.196,0.0,0.0,11.181,1.0,1.0,1278.3486924599802,1050.0,1278.34719245998,1050.0,0.0008758173779999779,0.0
3232,1631462401000.0,0.0,0.0,0.1,11.196,0.0,0.0,11.138,1.0,1.0,1278.3486924599802,1050.0,1278.3428924599802,1050.0,0.0008758173779999779,0.0
3233,1631466001000.0,0.0,0.0,0.1,11.196,0.0,0.0,11.23,1.0,1.0,1278.3486924599802,1050.0,1278.3520924599802,1050.0,0.0008758173779999779,0.0
3234,1631469601000.0,0.0,0.0,0.1,11.448,0.0,0.0,11.299,1.0,1.0,1278.3703108699797,1050.0,1278.3554108699798,1050.0,0.0008955151651018241,0.0
3235,1631473201000.0,0.0,0.0,0.1,11.448,0.0,0.0,11.247,1.0,1.0,1278.3703108699797,1050.0,1278.3502108699797,1050.0,0.0008955151651018241,0.0
3236,1631476801000.0,0.0,0.0,0.2,11.310500000000001,0.0,0.0,11.192,1.0,1.0,1278.3701991399796,1050.0,1278.3464991399796,1050.0,0.0017695187211981492,0.0
3237,1631480401000.0,0.0,0.0,0.5,11.1464,0.0,0.0,10.906,1.0,1.0,1278.3698680299797,1050.0,1278.2496680299796,1050.0,0.004359614646259247,0.0
3238,1631484001000.0,0.0,0.0,1.2,10.986333333333334,0.0,0.0,10.833,1.0,1.0,1278.3691069899796,1050.0,1278.1851069899797,1050.0,0.01031282743607738,0.0
3239,1631487601000.0,0.0,0.0,1.2,10.986333333333334,0.0,0.0,10.935,1.0,1.0,1278.3691069899796,1050.0,1278.3075069899796,1050.0,0.01031282743607738,0.0
3240,1631491201000.0,0.0,0.0,0.9,10.986333333333334,0.0,0.0,10.961,1.0,1.0,1278.3905752199796,1050.0,1278.3677752199796,1050.0,0.007734490688261348,0.0
3241,1631494801000.0,0.0,0.0,0.7,10.986333333333334,0.0,0.0,10.85,1.0,1.0,1278.404887373313,1050.0,1278.3094540399795,1050.0,0.006015647631897401,0.0
3242,1631498401000.0,0.0,0.0,1.4,10.832583333333332,0.0,0.0,10.722,1.0,1.0,1278.4179884566463,1050.0,1278.2631717899797,1050.0,0.01186279980695137,0.0
3243,1631502001000.0,0.0,0.0,1.4,10.832583333333332,0.0,0.0,10.632,1.0,1.0,1278.4179884566463,1050.0,1278.1371717899797,1050.0,0.01186279980695137,0.0
3244,1631505601000.0,0.0,0.0,3.3,10.671611111111112,0.0,0.0,10.45,1.0,1.0,1278.4159833866463,1050.0,1277.6846667199795,1050.0,0.027546836964111848,0.0
3245,1631509201000.0,0.0,0.0,3.3,10.671611111111112,0.0,0.0,10.635,1.0,1.0,1278.4159833866463,1050.0,1278.2951667199795,1050.0,0.027546836964111848,0.0
3246,1631512801000.0,0.0,0.0,3.3,10.671611111111112,0.0,0.0,10.616,1.0,1.0,1278.4159833866463,1050.0,1278.2324667199796,1050.0,0.027546836964111848,0.0
3247,1631516401000.0,0.0,0.0,3.3,10.671611111111112,0.0,0.0,10.597,1.0,1.0,1278.4159833866463,1050.0,1278.1697667199796,1050.0,0.027546836964111848,0.0
3248,1631520001000.0,0.0,0.0,18.0,10.292867592592593,0.0,0.0,10.269,1.0,1.0,1278.4009778566465,1050.0,1277.97136118998,1050.0,0.14492449542497307,0.0
3249,1631523601000.0,0.0,0.0,18.0,10.292867592592593,0.0,0.0,10.157,1.0,1.0,1278.4009778566465,1050.0,1275.9553611899798,1050.0,0.14492449542497307,0.0
3250,1631527201000.0,0.0,0.0,18.0,10.292867592592593,0.0,0.0,10.265,1.0,1.0,1278.4009778566465,1050.0,1277.8993611899798,1050.0,0.14492449542497307,0.0
3251,1631530801000.0,0.0,0.0,12.2,10.292867592592593,0.0,0.0,10.348,1.0,1.0,1278.7901364396096,1050.0,1279.4627518099799,1050.0,0.09819671035252762,0.0
3252,1631534401000.0,0.0,0.0,0.1,10.585,0.0,0.0,10.577,1.0,1.0,1280.2538410099803,1050.0,1280.2530410099803,1050.0,0.0008267891617219906,0.0
3253,1631538001000.0,0.0,0.0,0.1,10.732,0.0,0.0,10.7,1.0,1.0,1280.2674132999803,1050.0,1280.2642132999802,1050.0,0.0008382623730410748,0.0
3254,1631541601000.0,0.0,0.0,0.1,11.208,0.0,0.0,11.081,1.0,1.0,1280.3092925199799,1050.0,1280.2965925199799,1050.0,0.0008754134696577697,0.0
3255,1631545201000.0,0.0,0.0,0.1,10.625,0.0,0.0,10.547,1.0,1.0,1281.1094546899785,1050.0,1281.1016546899784,1050.0,0.0008293592683359903,0.0
3256,1631548801000.0,0.0,0.0,0.1,10.929,0.0,0.0,10.796,1.0,1.0,1281.1367896299785,1050.0,1281.1234896299784,1050.0,0.0008530704986745829,0.0
3257,1631552401000.0,0.0,0.0,0.2,10.798,0.0,0.0,10.8,1.0,1.0,1281.1366829599785,1050.0,1281.1370829599784,1050.0,0.001685690550215448,0.0
3258,1631556001000.0,0.0,0.0,0.1,10.872,0.0,0.0,10.843,1.0,1.0,1281.1505568599787,1050.0,1281.1476568599787,1050.0,0.0008486122057852906,0.0
3259,1631559601000.0,0.0,0.0,0.1,11.019,0.0,0.0,10.937,1.0,1.0,1281.1644176199786,1050.0,1281.1562176199786,1050.0,0.0008600769618992398,0.0
3260,1631563201000.0,0.0,0.0,0.1,11.568,0.0,0.0,11.56,1.0,1.0,1281.2073568199787,1050.0,1281.2065568199787,1050.0,0.0009028983433807592,0.0
3261,1631566801000.0,0.0,0.0,0.1,12.191,0.0,0.0,12.107,1.0,1.0,1281.2755024999794,1050.0,1281.2671024999795,1050.0,0.0009514737444221287,0.0
3262,1631570401000.0,0.0,0.0,0.1,12.498,0.0,0.0,12.275,1.0,1.0,1281.3069106699797,1050.0,1281.2846106699797,1050.0,0.0009754103326786046,0.0
3263,1631574001000.0,0.0,0.0,0.1,12.588,0.0,0.0,12.595,1.0,1.0,1281.3148589899797,1050.0,1281.3155589899798,1050.0,0.0009824283166373895,0.0
3264,1631577601000.0,0.0,0.0,0.1,12.848,0.0,0.0,12.838,1.0,1.0,1281.3390933299795,1050.0,1281.3380933299795,1050.0,0.0010027010076318098,0.0
3265,1631581201000.0,0.0,0.0,0.2,12.821,0.0,0.0,12.652,1.0,1.0,1281.3471075899793,1050.0,1281.3133075899793,1050.0,0.002001175157622101,0.0
3266,1631584801000.0,0.0,0.0,0.5,12.634999999999998,0.0,0.0,12.49,1.0,1.0,1281.3467322599793,1050.0,1281.2742322599793,1050.0,0.004930359473315617,0.0
3267,1631588401000.0,0.0,0.0,0.5,12.634999999999998,0.0,0.0,12.525,1.0,1.0,1281.3467322599793,1050.0,1281.2917322599792,1050.0,0.004930359473315617,0.0
3268,1631592001000.0,0.0,0.0,0.5,12.634999999999998,0.0,0.0,12.469,1.0,1.0,1281.3467322599793,1050.0,1281.2637322599792,1050.0,0.004930359473315617,0.0
3269,1631595601000.0,0.0,0.0,1.2,12.453,0.0,0.0,12.287,1.0,1.0,1281.3458696499792,1050.0,1281.1466696499792,1050.0,0.011662424918950328,0.0
3270,1631599201000.0,0.0,0.0,1.1,12.453,0.0,0.0,12.552,1.0,1.0,1281.3539442999793,1050.0,1281.4628442999792,1050.0,0.01069048880751178,0.0
3271,1631602801000.0,0.0,0.0,0.1,12.639,0.0,0.0,12.529,1.0,1.0,1281.4572868499793,1050.0,1281.4462868499793,1050.0,0.0009862989683463131,0.0
3272,1631606401000.0,0.0,0.0,0.1,12.639,0.0,0.0,12.563,1.0,1.0,1281.4572868499793,1050.0,1281.4496868499793,1050.0,0.0009862989683463131,0.0
3273,1631610001000.0,0.0,0.0,0.1,12.639,0.0,0.0,12.547,1.0,1.0,1281.4572868499793,1050.0,1281.4480868499793,1050.0,0.0009862989683463131,0.0
3274,1631613601000.0,0.0,0.0,0.1,12.639,0.0,0.0,12.451,1.0,1.0,1281.4572868499793,1050.0,1281.4384868499792,1050.0,0.0009862989683463131,0.0
3275,1631617201000.0,0.0,0.0,0.1,12.639,0.0,0.0,12.469,1.0,1.0,1281.4572868499793,1050.0,1281.4402868499792,1050.0,0.0009862989683463131,0.0
3276,1631620801000.0,0.0,0.0,0.2,12.581,0.0,0.0,12.534,1.0,1.0,1281.4652080099793,1050.0,1281.4558080099794,1050.0,0.0019635336053387457,0.0
3277,1631624401000.0,0.0,0.0,0.1,12.763,0.0,0.0,12.809,1.0,1.0,1281.4894729299792,1050.0,1281.4940729299792,1050.0,0.0009959504365509035,0.0
3278,1631628001000.0,0.0,0.0,0.2,13.235,0.0,0.0,13.155,1.0,1.0,1281.539068469979,1050.0,1281.5230684699789,1050.0,0.0020654852162722095,0.0
3279,1631631601000.0,0.0,0.0,0.1,13.425,0.0,0.0,13.414,1.0,1.0,1281.5646003599793,1050.0,1281.5635003599793,1050.0,0.0010475476613686931,0.0
3280,1631635201000.0,0.0,0.0,0.1,13.628,0.0,0.0,13.541,1.0,1.0,1281.5817573599793,1050.0,1281.5730573599792,1050.0,0.0010633734384666398,0.0
3281,1631638801000.0,0.0,0.0,0.2,13.464,0.0,0.0,13.319,1.0,1.0,1281.5816243599793,1050.0,1281.5526243599793,1050.0,0.0021011537219447745,0.0
3282,1631642401000.0,0.0,0.0,0.1,13.818,0.0,0.0,13.86,1.0,1.0,1281.6234655399796,1050.0,1281.6276655399797,1050.0,0.0010781637798882011,0.0
3283,1631646001000.0,0.0,0.0,0.2,13.752500000000001,0.0,0.0,13.66,1.0,1.0,1281.6321513999796,1050.0,1281.6136513999797,1050.0,0.0021460916043620753,0.0
3284,1631649601000.0,0.0,0.0,0.5,13.553,0.0,0.0,13.342,1.0,1.0,1281.6317487999797,1050.0,1281.5262487999798,1050.0,0.005287400227362491,0.0
3285,1631653201000.0,0.0,0.0,1.2,13.357583333333334,0.0,0.0,13.216,1.0,1.0,1281.6308235399797,1050.0,1281.4609235399796,1050.0,0.012506799700498918,0.0
3286,1631656801000.0,0.0,0.0,1.2,13.159535714285715,0.0,0.0,13.238,1.0,1.0,1281.8501567571222,1050.0,1281.9443138999793,1050.0,0.012319258045802098,0.0
3287,1631660401000.0,0.0,0.0,0.1,13.536,0.0,0.0,13.494,1.0,1.0,1281.9762514599788,1050.0,1281.9720514599787,1050.0,0.0010558697935772621,0.0
3288,1631664001000.0,0.0,0.0,0.1,13.742,0.0,0.0,13.82,1.0,1.0,1281.9936038899787,1050.0,1282.0014038899787,1050.0,0.001071924224762306,0.0
3289,1631667601000.0,0.0,0.0,0.2,13.6795,0.0,0.0,13.453,1.0,1.0,1282.0021919799788,1050.0,1281.9568919799788,1050.0,0.00213408371461094,0.0
3290,1631671201000.0,0.0,0.0,0.5,13.480600000000003,0.0,0.0,13.288,1.0,1.0,1282.0017915399787,1050.0,1281.9054915399788,1050.0,0.005257636958450231,0.0
3291,1631674801000.0,0.0,0.0,0.1,13.891,0.0,0.0,13.949,1.0,1.0,1282.0713504399787,1050.0,1282.0771504399786,1050.0,0.0010834810398994497,0.0
3292,1631678401000.0,0.0,0.0,0.2,13.9185,0.0,0.0,13.699,1.0,1.0,1282.0889516299787,1050.0,1282.0450516299788,1050.0,0.002171222204559952,0.0
3293,1631682001000.0,0.0,0.0,0.5,13.716000000000001,0.0,0.0,13.534,1.0,1.0,1282.0885441999787,1050.0,1281.9975441999788,1050.0,0.005349084531661097,0.0
3294,1631685601000.0,0.0,0.0,0.5,13.716000000000001,0.0,0.0,13.416,1.0,1.0,1282.0885441999787,1050.0,1281.9385441999787,1050.0,0.005349084531661097,0.0
3295,1631689201000.0,0.0,0.0,1.2,13.518250000000002,0.0,0.0,13.362,1.0,1.0,1282.0876078099786,1050.0,1281.9001078099786,1050.0,0.01265272349657114,0.0
3296,1631692801000.0,0.0,0.0,1.2,13.518250000000002,0.0,0.0,13.245,1.0,1.0,1282.0876078099786,1050.0,1281.7597078099786,1050.0,0.01265272349657114,0.0
3297,1631696401000.0,0.0,0.0,2.8,13.318107142857144,0.0,0.0,13.103,1.0,1.0,1282.0855009299787,1050.0,1281.4832009299787,1050.0,0.029085969674370913,0.0
3298,1631700001000.0,0.0,0.0,2.8,13.318107142857144,0.0,0.0,13.166,1.0,1.0,1282.0855009299787,1050.0,1281.6596009299788,1050.0,0.029085969674370913,0.0
3299,1631703601000.0,0.0,0.0,2.8,13.318107142857144,0.0,0.0,13.231,1.0,1.0,1282.0855009299787,1050.0,1281.8416009299788,1050.0,0.029085969674370913,0.0
3300,1631707201000.0,0.0,0.0,0.1,13.485,0.0,0.0,13.472,1.0,1.0,1282.4501001599792,1050.0,1282.4488001599793,1050.0,0.0010515029004495235,0.0
3301,1631710801000.0,0.0,0.0,0.5,13.3048,0.0,0.0,13.238,1.0,1.0,1282.4668267899795,1050.0,1282.4334267899794,1050.0,0.0051871907023521135,0.0
3302,1631714401000.0,0.0,0.0,0.1,13.582,0.0,0.0,13.554,1.0,1.0,1282.5267818799796,1050.0,1282.5239818799796,1050.0,0.0010590032264348474,0.0
3303,1631718001000.0,0.0,0.0,0.2,13.636,0.0,0.0,13.406,1.0,1.0,1282.5439977299795,1050.0,1282.4979977299795,1050.0,0.0021263987861835296,0.0
3304,1631721601000.0,0.0,0.0,0.2,13.636,0.0,0.0,13.502,1.0,1.0,1282.5439977299795,1050.0,1282.5171977299794,1050.0,0.0021263987861835296,0.0
3305,1631725201000.0,0.0,0.0,0.2,13.636,0.0,0.0,13.598,1.0,1.0,1282.5439977299795,1050.0,1282.5363977299796,1050.0,0.0021263987861835296,0.0
3306,1631728801000.0,0.0,0.0,0.1,14.746,0.0,0.0,14.725,1.0,1.0,1282.6336042399791,1050.0,1282.6315042399792,1050.0,0.001149665808790165,0.0
3307,1631732401000.0,0.0,0.0,0.1,14.887,0.0,0.0,14.745,1.0,1.0,1282.6430069399792,1050.0,1282.628806939979,1050.0,0.0011606503071744133,0.0
3308,1631736001000.0,0.0,0.0,0.1,15.093,0.0,0.0,15.018,1.0,1.0,1282.662005399979,1050.0,1282.6545053999791,1050.0,0.001176693465344635,0.0
3309,1631739601000.0,0.0,0.0,0.1,15.017,0.0,0.0,14.805,1.0,1.0,1282.6809077499788,1050.0,1282.659707749979,1050.0,0.0011707510347481625,0.0
3310,1631743201000.0,0.0,0.0,0.1,15.288,0.0,0.0,15.038,1.0,1.0,1282.7001001599788,1050.0,1282.6751001599787,1050.0,0.0011918608253085252,0.0
3311,1631746801000.0,0.0,0.0,0.1,15.222,0.0,0.0,15.132,1.0,1.0,1282.719294679979,1050.0,1282.710294679979,1050.0,0.0011866976713558895,0.0
3312,1631750401000.0,0.0,0.0,0.2,15.1625,0.0,0.0,15.029,1.0,1.0,1282.7288382099791,1050.0,1282.7021382099792,1050.0,0.0023641005874879915,0.0
3313,1631754001000.0,0.0,0.0,0.5,14.942,0.0,0.0,14.955,1.0,1.0,1282.7283943599791,1050.0,1282.734894359979,1050.0,0.005824303907864826,0.0
3314,1631757601000.0,0.0,0.0,0.1,15.819,0.0,0.0,15.656,1.0,1.0,1282.8824269199788,1050.0,1282.8661269199788,1050.0,0.0012330826011842104,0.0
3315,1631761201000.0,0.0,0.0,0.5,15.4008,0.0,0.0,15.248,1.0,1.0,1282.881815069979,1050.0,1282.805415069979,1050.0,0.00600242353546804,0.0
3316,1631764801000.0,0.0,0.0,0.5,14.950357142857145,0.0,0.0,15.039,1.0,1.0,1283.099516541407,1050.0,1283.1438379699784,1050.0,0.005825875916139308,0.0
3317,1631768401000.0,0.0,0.0,0.1,15.755,0.0,0.0,15.53,1.0,1.0,1283.2373761299777,1050.0,1283.2148761299777,1050.0,0.001227754139106699,0.0
3318,1631772001000.0,0.0,0.0,0.2,15.5655,0.0,0.0,15.451,1.0,1.0,1283.2372223699776,1050.0,1283.2143223699777,1050.0,0.002425973893003584,0.0
3319,1631775601000.0,0.0,0.0,0.2,15.5655,0.0,0.0,15.63,1.0,1.0,1283.2372223699776,1050.0,1283.2501223699776,1050.0,0.002425973893003584,0.0
3320,1631779201000.0,0.0,0.0,0.1,15.762,0.0,0.0,15.712,1.0,1.0,1283.2656505499779,1050.0,1283.2606505499778,1050.0,0.0012282725710958424,0.0
3321,1631782801000.0,0.0,0.0,0.2,15.5725,0.0,0.0,15.522,1.0,1.0,1283.2654967199778,1050.0,1283.2553967199779,1050.0,0.002427011407974929,0.0
3322,1631786401000.0,0.0,0.0,0.1,15.677,0.0,0.0,15.321,1.0,1.0,1283.2855264499776,1050.0,1283.2499264499777,1050.0,0.0012216299238851495,0.0
3323,1631790001000.0,0.0,0.0,0.5,15.263200000000001,0.0,0.0,15.076,1.0,1.0,1283.2849200599776,1050.0,1283.1913200599777,1050.0,0.005946925644262475,0.0
3324,1631793601000.0,0.0,0.0,0.5,15.263200000000001,0.0,0.0,15.052,1.0,1.0,1283.2849200599776,1050.0,1283.1793200599775,1050.0,0.005946925644262475,0.0
3325,1631797201000.0,0.0,0.0,0.1,15.375,0.0,0.0,15.15,1.0,1.0,1283.3338981599773,1050.0,1283.3113981599772,1050.0,0.0011980514207599769,0.0
3326,1631800801000.0,0.0,0.0,1.2,14.752666666666666,0.0,0.0,14.63,1.0,1.0,1283.3322815899771,1050.0,1283.185081589977,1050.0,0.013794712604023894,0.0
3327,1631804401000.0,0.0,0.0,1.1,14.752666666666666,0.0,0.0,14.67,1.0,1.0,1283.3417664333106,1050.0,1283.2508330999772,1050.0,0.012645059763335166,0.0
3328,1631808001000.0,0.0,0.0,0.4,14.752666666666666,0.0,0.0,14.663,1.0,1.0,1283.4081603366446,1050.0,1283.372293669978,1050.0,0.004597965673771925,0.0
3329,1631811601000.0,0.0,0.0,0.4,14.752666666666666,0.0,0.0,14.633,1.0,1.0,1283.4081603366446,1050.0,1283.3602936699779,1050.0,0.004597965673771925,0.0
3330,1631815201000.0,0.0,0.0,0.9,14.551185185185187,0.0,0.0,14.247,1.0,1.0,1283.4074408366446,1050.0,1283.133674169978,1050.0,0.010204138023486471,0.0
3331,1631818801000.0,0.0,0.0,0.9,14.551185185185187,0.0,0.0,14.455,1.0,1.0,1283.4074408366446,1050.0,1283.320874169978,1050.0,0.010204138023486471,0.0
3332,1631822401000.0,0.0,0.0,0.6,14.551185185185187,0.0,0.0,14.497,1.0,1.0,1283.4357458710895,1050.0,1283.4032347599784,1050.0,0.006802608653528993,0.0
3333,1631826001000.0,0.0,0.0,2.8,14.127318783068784,0.0,0.0,13.999,1.0,1.0,1283.441952792571,1050.0,1283.0826601999786,1050.0,0.03082063236792578,0.0
3334,1631829601000.0,0.0,0.0,0.1,14.413,0.0,0.0,14.407,1.0,1.0,1283.8597318999775,1050.0,1283.8591318999775,1050.0,0.0011226304277547731,0.0
3335,1631833201000.0,0.0,0.0,0.1,14.536,0.0,0.0,14.517,1.0,1.0,1283.8689414599773,1050.0,1283.8670414599774,1050.0,0.0011322027919352963,0.0
3336,1631836801000.0,0.0,0.0,0.1,14.632,0.0,0.0,14.631,1.0,1.0,1283.8781488299771,1050.0,1283.8780488299772,1050.0,0.0011396720174211567,0.0
3337,1631840401000.0,0.0,0.0,0.2,14.553,0.0,0.0,14.296,1.0,1.0,1283.8873104899774,1050.0,1283.8359104899773,1050.0,0.002267021393715007,0.0
3338,1631844001000.0,0.0,0.0,0.1,14.906,0.0,0.0,14.712,1.0,1.0,1283.924778099978,1050.0,1283.9053780999782,1050.0,0.0011609714411819916,0.0
3339,1631847601000.0,0.0,0.0,0.5,14.5128,0.0,0.0,14.35,1.0,1.0,1283.9242015199782,1050.0,1283.8428015199781,1050.0,0.00565173550853663,0.0
3340,1631851201000.0,0.0,0.0,0.5,14.5128,0.0,0.0,14.346,1.0,1.0,1283.9242015199782,1050.0,1283.8408015199782,1050.0,0.00565173550853663,0.0
3341,1631854801000.0,0.0,0.0,1.0,14.302916666666668,0.0,0.0,14.409,1.0,1.0,1283.941739536645,1050.0,1284.0478228699783,1050.0,0.011139848659977651,0.0
3342,1631858401000.0,0.0,0.0,0.3,14.302916666666668,0.0,0.0,14.315,1.0,1.0,1284.0065900799787,1050.0,1284.0102150799787,1050.0,0.0033417858079160864,0.0
3343,1631862001000.0,0.0,0.0,0.3,14.302916666666668,0.0,0.0,14.107,1.0,1.0,1284.0065900799787,1050.0,1283.9478150799787,1050.0,0.0033417858079160864,0.0
3344,1631865601000.0,0.0,0.0,0.7,14.103535714285716,0.0,0.0,13.857,1.0,1.0,1284.0060319199786,1050.0,1283.8334569199785,1050.0,0.007688807337795488,0.0
3345,1631869201000.0,0.0,0.0,0.1,14.001,0.0,0.0,14.012,1.0,1.0,1284.1478402999785,1050.0,1284.1489402999784,1050.0,0.0010902950237201155,0.0
3346,1631872801000.0,0.0,0.0,0.1,14.001,0.0,0.0,13.732,1.0,1.0,1284.1478402999785,1050.0,1284.1209402999784,1050.0,0.0010902950237201155,0.0
3347,1631876401000.0,0.0,0.0,1.2,13.435333333333332,0.0,0.0,13.347,1.0,1.0,1284.1463680699785,1050.0,1284.0403680699785,1050.0,0.012554955105492633,0.0
3348,1631880001000.0,0.0,0.0,0.5,13.1754,0.0,0.0,12.989,1.0,1.0,1284.2504864199775,1050.0,1284.1572864199775,1050.0,0.005129606778163743,0.0
3349,1631883601000.0,0.0,0.0,1.2,12.985583333333334,0.0,0.0,12.971,1.0,1.0,1284.2495869199774,1050.0,1284.2320869199775,1050.0,0.012133700612956452,0.0
3350,1631887201000.0,0.0,0.0,0.1,13.073,0.0,0.0,13.005,1.0,1.0,1284.3503876699779,1050.0,1284.3435876699778,1050.0,0.0010178686537181312,0.0
3351,1631890801000.0,0.0,0.0,0.1,13.168,0.0,0.0,13.056,1.0,1.0,1284.3587243999777,1050.0,1284.3475243999778,1050.0,0.0010252587341711547,0.0
3352,1631894401000.0,0.0,0.0,0.1,13.168,0.0,0.0,13.137,1.0,1.0,1284.3587243999777,1050.0,1284.3556243999778,1050.0,0.0010252587341711547,0.0
3353,1631898001000.0,0.0,0.0,0.1,13.357,0.0,0.0,13.229,1.0,1.0,1284.3754922599778,1050.0,1284.3626922599778,1050.0,0.0010399606719758503,0.0
3354,1631901601000.0,0.0,0.0,0.2,13.1965,0.0,0.0,12.986,1.0,1.0,1284.3753618999779,1050.0,1284.333261899978,1050.0,0.002054928861369375,0.0
3355,1631905201000.0,0.0,0.0,0.5,13.004800000000001,0.0,0.0,13.003,1.0,1.0,1284.3749755899778,1050.0,1284.3740755899778,1050.0,0.005062695959965369,0.0
3356,1631908801000.0,0.0,0.0,0.1,13.187,0.0,0.0,13.144,1.0,1.0,1284.4251264199784,1050.0,1284.4208264199783,1050.0,0.0010266849914993134,0.0
3357,1631912401000.0,0.0,0.0,0.2,13.0285,0.0,0.0,12.856,1.0,1.0,1284.4249977199784,1050.0,1284.3904977199784,1050.0,0.002028689884287099,0.0
3358,1631916001000.0,0.0,0.0,0.5,12.839199999999998,0.0,0.0,12.747,1.0,1.0,1284.4246163299783,1050.0,1284.3785163299783,1050.0,0.0049980356327511835,0.0
3359,1631919601000.0,0.0,0.0,1.2,12.654166666666667,0.0,0.0,12.506,1.0,1.0,1284.4237397899783,1050.0,1284.2459397899784,1050.0,0.011822422405928875,0.0
3360,1631923201000.0,0.0,0.0,0.1,12.745,0.0,0.0,12.793,1.0,1.0,1284.5214838999786,1050.0,1284.5262838999786,1050.0,0.0009921982745905097,0.0
3361,1631926801000.0,0.0,0.0,0.1,12.745,0.0,0.0,12.748,1.0,1.0,1284.5214838999786,1050.0,1284.5217838999786,1050.0,0.0009921982745905097,0.0
3362,1631930401000.0,0.0,0.0,0.1,12.917,0.0,0.0,12.933,1.0,1.0,1284.5377689999787,1050.0,1284.5393689999787,1050.0,0.0010055757262829236,0.0
3363,1631934001000.0,0.0,0.0,0.1,13.012,0.0,0.0,12.893,1.0,1.0,1284.5460088599787,1050.0,1284.5341088599787,1050.0,0.0010129648848894105,0.0
3364,1631937601000.0,0.0,0.0,0.1,13.012,0.0,0.0,12.972,1.0,1.0,1284.5460088599787,1050.0,1284.5420088599788,1050.0,0.0010129648848894105,0.0
3365,1631941201000.0,0.0,0.0,0.1,13.101,0.0,0.0,13.047,1.0,1.0,1284.5542468799786,1050.0,1284.5488468799786,1050.0,0.0010198868620629057,0.0
3366,1631944801000.0,0.0,0.0,0.1,13.191,0.0,0.0,13.216,1.0,1.0,1284.5625830999786,1050.0,1284.5650830999787,1050.0,0.0010268865194692765,0.0
3367,1631948401000.0,0.0,0.0,0.1,13.191,0.0,0.0,13.121,1.0,1.0,1284.5625830999786,1050.0,1284.5555830999785,1050.0,0.0010268865194692765,0.0
3368,1631952001000.0,0.0,0.0,0.1,13.284,0.0,0.0,13.332,1.0,1.0,1284.5710174799785,1050.0,1284.5758174799785,1050.0,0.0010341195480231243,0.0
3369,1631955601000.0,0.0,0.0,0.1,13.375,0.0,0.0,13.243,1.0,1.0,1284.5794500199786,1050.0,1284.5662500199785,1050.0,0.001041196790108388,0.0
3370,1631959201000.0,0.0,0.0,0.1,13.214500000000001,0.0,0.0,13.255,1.0,1.0,1284.5878364699786,1050.0,1284.5918864699786,1050.0,0.0010286957127286197,0.0
3371,1631962801000.0,0.0,0.0,0.1,13.518,0.0,0.0,13.498,1.0,1.0,1284.6132812999788,1050.0,1284.6112812999788,1050.0,0.0010523011241422252,0.0
3372,1631966401000.0,0.0,0.0,0.1,13.518,0.0,0.0,13.322,1.0,1.0,1284.6132812999788,1050.0,1284.5936812999787,1050.0,0.0010523011241422252,0.0
3373,1631970001000.0,0.0,0.0,0.2,13.3555,0.0,0.0,13.169,1.0,1.0,1284.6131493699788,1050.0,1284.5758493699789,1050.0,0.002079303019208549,0.0
3374,1631973601000.0,0.0,0.0,0.2,13.3555,0.0,0.0,13.122,1.0,1.0,1284.6131493699788,1050.0,1284.5664493699787,1050.0,0.002079303019208549,0.0
3375,1631977201000.0,0.0,0.0,0.2,13.3555,0.0,0.0,13.112,1.0,1.0,1284.6131493699788,1050.0,1284.5644493699788,1050.0,0.002079303019208549,0.0
3376,1631980801000.0,0.0,0.0,0.5,13.1614,0.0,0.0,12.99,1.0,1.0,1284.6127584099788,1050.0,1284.5270584099787,1050.0,0.005122711071424527,0.0
3377,1631984401000.0,0.0,0.0,1.2,12.971583333333335,0.0,0.0,12.799,1.0,1.0,1284.6118598899789,1050.0,1284.4047598899788,1050.0,0.012117200911824954,0.0
3378,1631988001000.0,0.0,0.0,1.2,12.971583333333335,0.0,0.0,12.974,1.0,1.0,1284.6118598899789,1050.0,1284.6147598899788,1050.0,0.012117200911824954,0.0
3379,1631991601000.0,0.0,0.0,1.2,12.971583333333335,0.0,0.0,12.821,1.0,1.0,1284.6118598899789,1050.0,1284.4311598899787,1050.0,0.012117200911824954,0.0
3380,1631995201000.0,0.0,0.0,1.2,12.971583333333335,0.0,0.0,12.794,1.0,1.0,1284.6118598899789,1050.0,1284.398759889979,1050.0,0.012117200911824954,0.0
3381,1631998801000.0,0.0,0.0,2.8,12.77982142857143,0.0,0.0,12.585,1.0,1.0,1284.609838129979,1050.0,1284.064338129979,1050.0,0.027855539431404674,0.0
3382,1632002401000.0,0.0,0.0,2.8,12.77982142857143,0.0,0.0,12.477,1.0,1.0,1284.609838129979,1050.0,1283.761938129979,1050.0,0.027855539431404674,0.0
3383,1632006001000.0,0.0,0.0,6.5,12.572723076923078,0.0,0.0,12.45,1.0,1.0,1284.605244209979,1050.0,1283.807544209979,1050.0,0.06361697522903914,0.0
3384,1632009601000.0,0.0,0.0,6.5,12.572723076923078,0.0,0.0,12.586,1.0,1.0,1284.605244209979,1050.0,1284.691544209979,1050.0,0.06361697522903914,0.0
3385,1632013201000.0,0.0,0.0,6.5,12.572723076923078,0.0,0.0,12.382,1.0,1.0,1284.605244209979,1050.0,1283.365544209979,1050.0,0.06361697522903914,0.0
3386,1632016801000.0,0.0,0.0,6.5,12.572723076923078,0.0,0.0,12.454,1.0,1.0,1284.605244209979,1050.0,1283.833544209979,1050.0,0.06361697522903914,0.0
3387,1632020401000.0,0.0,0.0,6.5,12.572723076923078,0.0,0.0,12.468,1.0,1.0,1284.605244209979,1050.0,1283.9245442099789,1050.0,0.06361697522903914,0.0
3388,1632024001000.0,0.0,0.0,6.5,12.572723076923078,0.0,0.0,12.408,1.0,1.0,1284.605244209979,1050.0,1283.534544209979,1050.0,0.06361697522903914,0.0
3389,1632027601000.0,0.0,0.0,6.5,12.572723076923078,0.0,0.0,12.275,1.0,1.0,1284.605244209979,1050.0,1282.670044209979,1050.0,0.06361697522903914,0.0
3390,1632031201000.0,0.0,0.0,6.5,12.572723076923078,0.0,0.0,12.409,1.0,1.0,1284.605244209979,1050.0,1283.541044209979,1050.0,0.06361697522903914,0.0
3391,1632034801000.0,0.0,0.0,6.5,12.572723076923078,0.0,0.0,12.59,1.0,1.0,1284.605244209979,1050.0,1284.717544209979,1050.0,0.06361697522903914,0.0
3392,1632038401000.0,0.0,0.0,5.0,12.572723076923078,0.0,0.0,12.581,1.0,1.0,1284.7267613445943,1050.0,1284.768145959979,1050.0,0.048931506119497634,0.0
3393,1632042001000.0,0.0,0.0,2.4,12.572723076923078,0.0,0.0,12.78,1.0,1.0,1285.1354712345942,1050.0,1285.6329358499788,1050.0,0.0234796533595229,0.0
3394,1632045601000.0,0.0,0.0,0.1,12.656,0.0,0.0,12.621,1.0,1.0,1285.4800570599784,1050.0,1285.4765570599784,1050.0,0.0009845349160021617,0.0
3395,1632049201000.0,0.0,0.0,0.1,12.656,0.0,0.0,12.545,1.0,1.0,1285.4800570599784,1050.0,1285.4689570599785,1050.0,0.0009845349160021617,0.0
3396,1632052801000.0,0.0,0.0,1.2,12.145583333333335,0.0,0.0,12.12,1.0,1.0,1285.4787261499785,1050.0,1285.4480261499784,1050.0,0.011337955038471443,0.0
3397,1632056401000.0,0.0,0.0,0.1,12.379,0.0,0.0,12.371,1.0,1.0,1285.6528813699776,1050.0,1285.6520813699776,1050.0,0.0009628570961400617,0.0
3398,1632060001000.0,0.0,0.0,0.1,12.464,0.0,0.0,12.494,1.0,1.0,1285.6607321299778,1050.0,1285.6637321299777,1050.0,0.0009694626030423021,0.0
3399,1632063601000.0,0.0,0.0,0.1,12.717,0.0,0.0,12.726,1.0,1.0,1285.6846743099777,1050.0,1285.6855743099777,1050.0,0.0009891227805779957,0.0
3400,1632067201000.0,0.0,0.0,0.1,12.717,0.0,0.0,12.632,1.0,1.0,1285.6846743099777,1050.0,1285.6761743099778,1050.0,0.0009891227805779957,0.0
3401,1632070801000.0,0.0,0.0,0.1,13.259,0.0,0.0,13.163,1.0,1.0,1285.734110649977,1050.0,1285.724510649977,1050.0,0.001031239654464575,0.0
3402,1632074401000.0,0.0,0.0,0.2,13.099499999999999,0.0,0.0,12.923,1.0,1.0,1285.733981249977,1050.0,1285.698681249977,1050.0,0.002037668785461329,0.0
3403,1632078001000.0,0.0,0.0,0.1,13.099499999999999,0.0,0.0,13.141,1.0,1.0,1285.742499389977,1050.0,1285.746649389977,1050.0,0.0010188276428767878,0.0
3404,1632081601000.0,0.0,0.0,0.1,13.19,0.0,0.0,12.968,1.0,1.0,1285.750885629977,1050.0,1285.7286856299768,1050.0,0.0010258596861504256,0.0
3405,1632085201000.0,0.0,0.0,0.1,13.288,0.0,0.0,13.249,1.0,1.0,1285.7593199799771,1050.0,1285.7554199799772,1050.0,0.0010334749119459568,0.0
3406,1632088801000.0,0.0,0.0,0.2,13.128499999999999,0.0,0.0,13.122,1.0,1.0,1285.7591902899771,1050.0,1285.7578902899772,1050.0,0.002042139787783921,0.0
3407,1632092401000.0,0.0,0.0,1.2,12.751916666666666,0.0,0.0,12.733,1.0,1.0,1285.757922629977,1050.0,1285.735222629977,1050.0,0.011901384957986205,0.0
3408,1632096001000.0,0.0,0.0,0.1,12.839,0.0,0.0,12.835,1.0,1.0,1285.8571539199777,1050.0,1285.8567539199778,1050.0,0.0009984779383044133,0.0
3409,1632099601000.0,0.0,0.0,0.5,12.500800000000002,0.0,0.0,12.44,1.0,1.0,1285.8566572699779,1050.0,1285.8262572699778,1050.0,0.004860883959857797,0.0
3410,1632103201000.0,0.0,0.0,0.1,12.594,0.0,0.0,12.588,1.0,1.0,1285.897002179978,1050.0,1285.896402179978,1050.0,0.0009793941488820195,0.0
3411,1632106801000.0,0.0,0.0,2.2,11.908250000000002,0.0,0.0,11.813,1.0,1.0,1285.940324589978,1050.0,1285.730774589978,1050.0,0.02037275719489805,0.0
3412,1632110401000.0,0.0,0.0,5.1,11.72387254901961,0.0,0.0,11.543,1.0,1.0,1285.936965229978,1050.0,1285.0145152299779,1050.0,0.04649664145031153,0.0
3413,1632114001000.0,0.0,0.0,5.1,11.72387254901961,0.0,0.0,11.64,1.0,1.0,1285.936965229978,1050.0,1285.5092152299778,1050.0,0.04649664145031153,0.0
3414,1632117601000.0,0.0,0.0,5.1,11.72387254901961,0.0,0.0,11.572,1.0,1.0,1285.936965229978,1050.0,1285.1624152299778,1050.0,0.04649664145031153,0.0
3415,1632121201000.0,0.0,0.0,11.9,11.513088235294118,0.0,0.0,11.439,1.0,1.0,1285.9292438299778,1050.0,1285.0475938299778,1050.0,0.10654221502261328,0.0
3416,1632124801000.0,0.0,0.0,34.5,11.20121304347826,0.0,0.0,11.103,1.0,1.0,1285.9043002199778,1050.0,1282.5159502199779,1050.0,0.3005214695478442,0.0
3417,1632128401000.0,0.0,0.0,2.7,11.20121304347826,0.0,0.0,11.28,1.0,1.0,1288.214870937369,1050.0,1288.4275957199777,1050.0,0.02347688720235375,0.0
3418,1632132001000.0,0.0,0.0,1.2,11.20121304347826,0.0,0.0,11.104,1.0,1.0,1288.3238601221524,1050.0,1288.2072044699785,1050.0,0.010433289383384906,0.0
3419,1632135601000.0,0.0,0.0,1.2,11.20121304347826,0.0,0.0,11.0,1.0,1.0,1288.3238601221524,1050.0,1288.0824044699784,1050.0,0.010433289383384906,0.0
3420,1632139201000.0,0.0,0.0,15.2,10.65870760869565,0.0,0.0,10.621,1.0,1.0,1288.3090030321523,1050.0,1287.7358473799784,1050.0,0.12575582043660571,0.0
3421,1632142801000.0,0.0,0.0,0.1,10.69,0.0,0.0,10.63,1.0,1.0,1291.487733219979,1050.0,1291.4817332199789,1050.0,0.0008277275675973589,0.0
3422,1632146401000.0,0.0,0.0,0.1,10.944,0.0,0.0,10.961,1.0,1.0,1291.5285437899788,1050.0,1291.5302437899788,1050.0,0.0008473680316723727,0.0
3423,1632150001000.0,0.0,0.0,0.1,10.944,0.0,0.0,10.84,1.0,1.0,1291.5285437899788,1050.0,1291.518143789979,1050.0,0.0008473680316723727,0.0
3424,1632153601000.0,0.0,0.0,0.1,11.021,0.0,0.0,10.952,1.0,1.0,1291.5355234199787,1050.0,1291.5286234199787,1050.0,0.0008533253480180286,0.0
3425,1632157201000.0,0.0,0.0,0.1,11.174,0.0,0.0,11.009,1.0,1.0,1291.549578119979,1050.0,1291.533078119979,1050.0,0.0008651622972356378,0.0
3426,1632160801000.0,0.0,0.0,0.1,11.268,0.0,0.0,11.21,1.0,1.0,1291.556652969979,1050.0,1291.5508529699791,1050.0,0.00087243559731498,0.0
3427,1632164401000.0,0.0,0.0,0.5,10.971400000000001,0.0,0.0,10.787,1.0,1.0,1291.556217079979,1050.0,1291.464017079979,1050.0,0.0042473567371324895,0.0
3428,1632168001000.0,0.0,0.0,0.3,10.814250000000001,0.0,0.0,10.955,1.0,1.0,1291.6594591599799,1050.0,1291.7016841599798,1050.0,0.0025117107895527573,0.0
3429,1632171601000.0,0.0,0.0,0.2,10.93,0.0,0.0,10.855,1.0,1.0,1291.7154354799795,1050.0,1291.7004354799794,1050.0,0.0016923232005722061,0.0
3430,1632175201000.0,0.0,0.0,0.2,10.93,0.0,0.0,10.827,1.0,1.0,1291.7154354799795,1050.0,1291.6948354799795,1050.0,0.0016923232005722061,0.0
3431,1632178801000.0,0.0,0.0,0.2,10.874,0.0,0.0,10.694,1.0,1.0,1291.7293979599797,1050.0,1291.6933979599796,1050.0,0.001683634361372164,0.0
3432,1632182401000.0,0.0,0.0,0.5,10.7162,0.0,0.0,10.649,1.0,1.0,1291.7290796299797,1050.0,1291.6954796299797,1050.0,0.00414800602115023,0.0
3433,1632186001000.0,0.0,0.0,0.1,10.349,0.0,0.0,10.289,1.0,1.0,1293.2853835299798,1050.0,1293.2793835299797,1050.0,0.0008002100798319353,0.0
3434,1632189601000.0,0.0,0.0,0.1,10.817,0.0,0.0,10.843,1.0,1.0,1293.3258085599803,1050.0,1293.3284085599803,1050.0,0.0008363708454905038,0.0
3435,1632193201000.0,0.0,0.0,0.1,10.891,0.0,0.0,10.841,1.0,1.0,1293.3326907699802,1050.0,1293.32769076998,1050.0,0.0008420880472383396,0.0
3436,1632196801000.0,0.0,0.0,0.2,10.857,0.0,0.0,10.777,1.0,1.0,1293.3395639999803,1050.0,1293.3235639999803,1050.0,0.0016789094375837348,0.0
3437,1632200401000.0,0.0,0.0,0.5,10.6998,0.0,0.0,10.582,1.0,1.0,1293.3392461499802,1050.0,1293.2803461499802,1050.0,0.004136501707441117,0.0
3438,1632204001000.0,0.0,0.0,0.5,10.6998,0.0,0.0,10.647,1.0,1.0,1293.3392461499802,1050.0,1293.3128461499803,1050.0,0.004136501707441117,0.0
3439,1632207601000.0,0.0,0.0,0.1,10.852,0.0,0.0,10.851,1.0,1.0,1293.3805828199806,1050.0,1293.3804828199807,1050.0,0.0008390415121540787,0.0
3440,1632211201000.0,0.0,0.0,0.1,10.931,0.0,0.0,10.984,1.0,1.0,1293.3874642799808,1050.0,1293.3927642799808,1050.0,0.0008451450398187681,0.0
3441,1632214801000.0,0.0,0.0,0.1,11.025,0.0,0.0,10.943,1.0,1.0,1293.3944439999807,1050.0,1293.3862439999807,1050.0,0.0008524081768825168,0.0
3442,1632218401000.0,0.0,0.0,0.1,11.025,0.0,0.0,10.81,1.0,1.0,1293.3944439999807,1050.0,1293.3729439999806,1050.0,0.0008524081768825168,0.0
3443,1632222001000.0,0.0,0.0,0.1,11.051,0.0,0.0,11.022,1.0,1.0,1293.4152865299807,1050.0,1293.4123865299807,1050.0,0.0008544046227911845,0.0
3444,1632225601000.0,0.0,0.0,0.1,11.051,0.0,0.0,10.888,1.0,1.0,1293.4152865299807,1050.0,1293.3989865299807,1050.0,0.0008544046227911845,0.0
3445,1632229201000.0,0.0,0.0,0.2,10.9185,0.0,0.0,10.766,1.0,1.0,1293.4151786699806,1050.0,1293.3846786699805,1050.0,0.0016883209939174363,0.0
3446,1632232801000.0,0.0,0.0,0.5,10.7604,0.0,0.0,10.712,1.0,1.0,1293.4148590199807,1050.0,1293.3906590199806,1050.0,0.00415968624643494,0.0
3447,1632236401000.0,0.0,0.0,1.2,10.606166666666667,0.0,0.0,10.439,1.0,1.0,1293.4141242999806,1050.0,1293.2135242999807,1050.0,0.009840158508310942,0.0
3448,1632240001000.0,0.0,0.0,1.1,10.606166666666667,0.0,0.0,10.679,1.0,1.0,1293.421000873314,1050.0,1293.5011175399807,1050.0,0.009020097342981101,0.0
3449,1632243601000.0,0.0,0.0,0.9,10.462185185185184,0.0,0.0,10.21,1.0,1.0,1293.468619536647,1050.0,1293.2416528699805,1050.0,0.007279625129243337,0.0
3450,1632247201000.0,0.0,0.0,4.9,10.155585034013605,0.0,0.0,10.063,1.0,1.0,1293.464584896647,1050.0,1293.0109182299805,1050.0,0.038472152425141876,0.0
3451,1632250801000.0,0.0,0.0,3.4,10.155585034013605,0.0,0.0,10.064,1.0,1.0,1293.5626740456269,1050.0,1293.2512849299806,1050.0,0.026692938663463894,0.0
3452,1632254401000.0,0.0,0.0,3.4,10.155585034013605,0.0,0.0,9.986,1.0,1.0,1293.5626740456269,1050.0,1292.9860849299805,1050.0,0.026692938663463894,0.0
3453,1632258001000.0,0.0,0.0,18.4,9.799265712806863,0.0,0.0,9.641,1.0,1.0,1293.548096295627,1050.0,1290.6360071799807,1050.0,0.13938908775946982,0.0
3454,1632261601000.0,0.0,0.0,0.3,9.548215948787373,0.0,0.0,9.773,1.0,1.0,1299.5695584346172,1050.0,1299.636993649981,1050.0,0.0022041642681185705,0.0
3455,1632265201000.0,0.0,0.0,0.5,9.573599999999999,0.0,0.0,9.461,1.0,1.0,1299.640326009981,1050.0,1299.584026009981,1050.0,0.0036831728780653715,0.0
3456,1632268801000.0,0.0,0.0,0.4,9.43675,0.0,0.0,9.52,1.0,1.0,1299.6887123599818,1050.0,1299.7220123599818,1050.0,0.0029043108277411133,0.0
3457,1632272401000.0,0.0,0.0,0.5,9.4556,0.0,0.0,9.475,1.0,1.0,1299.730073889982,1050.0,1299.739773889982,1050.0,0.0036375245098777286,0.0
3458,1632276001000.0,0.0,0.0,0.1,9.897,0.0,0.0,9.893,1.0,1.0,1299.7916270899811,1050.0,1299.7912270899812,1050.0,0.0007614297394850703,0.0
3459,1632279601000.0,0.0,0.0,0.1,9.98,0.0,0.0,9.862,1.0,1.0,1299.7979276699812,1050.0,1299.7861276699812,1050.0,0.0007678116565311161,0.0
3460,1632283201000.0,0.0,0.0,0.1,9.98,0.0,0.0,9.852,1.0,1.0,1299.7979276699812,1050.0,1299.7851276699812,1050.0,0.0007678116565311161,0.0
3461,1632286801000.0,0.0,0.0,0.2,9.8605,0.0,0.0,9.771,1.0,1.0,1299.797830259981,1050.0,1299.779930259981,1050.0,0.0015172359532293939,0.0
3462,1632290401000.0,0.0,0.0,0.1,10.005,0.0,0.0,9.966,1.0,1.0,1299.8167324799815,1050.0,1299.8128324799816,1050.0,0.0007697238964535401,0.0
3463,1632294001000.0,0.0,0.0,0.1,10.074,0.0,0.0,10.108,1.0,1.0,1299.8231310299814,1050.0,1299.8265310299814,1050.0,0.0007750285219203133,0.0
3464,1632297601000.0,0.0,0.0,0.1,10.295,0.0,0.0,10.286,1.0,1.0,1299.8425180599813,1050.0,1299.8416180599813,1050.0,0.0007920190220708673,0.0
3465,1632301201000.0,0.0,0.0,0.1,10.295,0.0,0.0,10.188,1.0,1.0,1299.8425180599813,1050.0,1299.8318180599813,1050.0,0.0007920190220708673,0.0
3466,1632304801000.0,0.0,0.0,0.1,10.295,0.0,0.0,10.273,1.0,1.0,1299.8425180599813,1050.0,1299.8403180599814,1050.0,0.0007920190220708673,0.0
3467,1632308401000.0,0.0,0.0,0.1,10.295,0.0,0.0,10.223,1.0,1.0,1299.8425180599813,1050.0,1299.8353180599813,1050.0,0.0007920190220708673,0.0
3468,1632312001000.0,0.0,0.0,0.2,10.1715,0.0,0.0,10.043,1.0,1.0,1299.8424175799814,1050.0,1299.8167175799815,1050.0,0.0015650358631836433,0.0
3469,1632315601000.0,0.0,0.0,0.2,10.1715,0.0,0.0,10.187,1.0,1.0,1299.8424175799814,1050.0,1299.8455175799813,1050.0,0.0015650358631836433,0.0
3470,1632319201000.0,0.0,0.0,0.1,10.365,0.0,0.0,10.312,1.0,1.0,1299.8676020299815,1050.0,1299.8623020299815,1050.0,0.0007973889020553442,0.0
3471,1632322801000.0,0.0,0.0,0.1,10.365,0.0,0.0,10.357,1.0,1.0,1299.8676020299815,1050.0,1299.8668020299815,1050.0,0.0007973889020553442,0.0
3472,1632326401000.0,0.0,0.0,0.1,10.58,0.0,0.0,10.61,1.0,1.0,1299.8875716199816,1050.0,1299.8905716199815,1050.0,0.000813916544091171,0.0
3473,1632330001000.0,0.0,0.0,0.1,10.657,0.0,0.0,10.665,1.0,1.0,1299.8943585499817,1050.0,1299.8951585499817,1050.0,0.0008198358528063597,0.0
3474,1632333601000.0,0.0,0.0,0.1,10.657,0.0,0.0,10.473,1.0,1.0,1299.8943585499817,1050.0,1299.8759585499818,1050.0,0.0008198358528063597,0.0
3475,1632337201000.0,0.0,0.0,0.2,10.602,0.0,0.0,10.482,1.0,1.0,1299.9010392399819,1050.0,1299.877039239982,1050.0,0.0016312010960770847,0.0
3476,1632340801000.0,0.0,0.0,0.1,10.745,0.0,0.0,10.654,1.0,1.0,1299.9215041699817,1050.0,1299.9124041699818,1050.0,0.0008265883721079631,0.0
3477,1632344401000.0,0.0,0.0,0.1,10.819,0.0,0.0,10.831,1.0,1.0,1299.9283878199817,1050.0,1299.9295878199816,1050.0,0.0008322766162637454,0.0
3478,1632348001000.0,0.0,0.0,0.1,10.819,0.0,0.0,10.796,1.0,1.0,1299.9283878199817,1050.0,1299.9260878199816,1050.0,0.0008322766162637454,0.0
3479,1632351601000.0,0.0,0.0,0.1,10.819,0.0,0.0,10.845,1.0,1.0,1299.9283878199817,1050.0,1299.9309878199817,1050.0,0.0008322766162637454,0.0
3480,1632355201000.0,0.0,0.0,0.1,10.959,0.0,0.0,10.912,1.0,1.0,1299.9352693299818,1050.0,1299.9305693299818,1050.0,0.000843041977440041,0.0
3481,1632358801000.0,0.0,0.0,0.1,10.959,0.0,0.0,10.755,1.0,1.0,1299.9352693299818,1050.0,1299.9148693299817,1050.0,0.000843041977440041,0.0
3482,1632362401000.0,0.0,0.0,0.1,10.903,0.0,0.0,10.908,1.0,1.0,1299.9491353599817,1050.0,1299.9496353599818,1050.0,0.0008387251241934742,0.0
3483,1632366001000.0,0.0,0.0,0.1,10.99,0.0,0.0,10.974,1.0,1.0,1299.9561157099815,1050.0,1299.9545157099815,1050.0,0.0008454131541200313,0.0
3484,1632369601000.0,0.0,0.0,0.1,10.99,0.0,0.0,11.041,1.0,1.0,1299.9561157099815,1050.0,1299.9612157099816,1050.0,0.0008454131541200313,0.0
3485,1632373201000.0,0.0,0.0,0.1,10.99,0.0,0.0,10.927,1.0,1.0,1299.9561157099815,1050.0,1299.9498157099815,1050.0,0.0008454131541200313,0.0
3486,1632376801000.0,0.0,0.0,0.1,10.99,0.0,0.0,10.902,1.0,1.0,1299.9561157099815,1050.0,1299.9473157099815,1050.0,0.0008454131541200313,0.0
3487,1632380401000.0,0.0,0.0,0.1,11.063,0.0,0.0,11.06,1.0,1.0,1299.9630944599814,1050.0,1299.9627944599815,1050.0,0.0008510241596201382,0.0
3488,1632384001000.0,0.0,0.0,0.1,11.22,0.0,0.0,11.25,1.0,1.0,1299.9772472499815,1050.0,1299.9802472499814,1050.0,0.0008630920290132148,0.0
3489,1632387601000.0,0.0,0.0,0.1,11.22,0.0,0.0,11.097,1.0,1.0,1299.9772472499815,1050.0,1299.9649472499814,1050.0,0.0008630920290132148,0.0
3490,1632391201000.0,0.0,0.0,0.1,11.22,0.0,0.0,11.023,1.0,1.0,1299.9772472499815,1050.0,1299.9575472499814,1050.0,0.0008630920290132148,0.0
3491,1632394801000.0,0.0,0.0,0.5,10.924999999999999,0.0,0.0,10.859,1.0,1.0,1299.9768131999815,1050.0,1299.9438131999816,1050.0,0.004201998023759888,0.0
3492,1632398401000.0,0.0,0.0,1.2,10.768666666666666,0.0,0.0,10.749,1.0,1.0,1299.9760672099815,1050.0,1299.9524672099815,1050.0,0.00994049069513576,0.0
3493,1632402001000.0,0.0,0.0,1.1,10.768666666666666,0.0,0.0,10.7,1.0,1.0,1299.9829921533149,1050.0,1299.9074588199815,1050.0,0.009112067930759757,0.0
3494,1632405601000.0,0.0,0.0,0.1,10.909,0.0,0.0,10.928,1.0,1.0,1300.064956849982,1050.0,1300.066856849982,1050.0,0.0008391119184099984,0.0
3495,1632409201000.0,0.0,0.0,0.1,11.148,0.0,0.0,11.187,1.0,1.0,1300.0859929299822,1050.0,1300.0898929299822,1050.0,0.0008574817404867148,0.0
3496,1632412801000.0,0.0,0.0,0.1,11.595,0.0,0.0,11.446,1.0,1.0,1300.1220527599821,1050.0,1300.1071527599822,1050.0,0.0008918393450357522,0.0
3497,1632416401000.0,0.0,0.0,0.1,11.677,0.0,0.0,11.513,1.0,1.0,1300.1294192799821,1050.0,1300.1130192799822,1050.0,0.000898141356301804,0.0
3498,1632420001000.0,0.0,0.0,0.1,11.762,0.0,0.0,11.651,1.0,1.0,1300.1368841199821,1050.0,1300.1257841199822,1050.0,0.0009046739726918288,0.0
3499,1632423601000.0,0.0,0.0,0.1,11.985,0.0,0.0,11.829,1.0,1.0,1300.1519070399827,1050.0,1300.1363070399827,1050.0,0.0009218153613515742,0.0
3500,1632427201000.0,0.0,0.0,0.1,12.074,0.0,0.0,11.872,1.0,1.0,1300.1595656599827,1050.0,1300.1393656599828,1050.0,0.000928655245009949,0.0
3501,1632430801000.0,0.0,0.0,0.2,11.929,0.0,0.0,11.796,1.0,1.0,1300.1594478199827,1050.0,1300.1328478199828,1050.0,0.001835005701800917,0.0
3502,1632434401000.0,0.0,0.0,0.2,11.929,0.0,0.0,11.729,1.0,1.0,1300.1594478199827,1050.0,1300.1194478199827,1050.0,0.001835005701800917,0.0
3503,1632438001000.0,0.0,0.0,0.5,11.7562,0.0,0.0,11.567,1.0,1.0,1300.1590985899827,1050.0,1300.0644985899828,1050.0,0.0045210620810751355,0.0
3504,1632441601000.0,0.0,0.0,0.5,11.7562,0.0,0.0,11.733,1.0,1.0,1300.1590985899827,1050.0,1300.1474985899827,1050.0,0.0045210620810751355,0.0
3505,1632445201000.0,0.0,0.0,0.5,11.7562,0.0,0.0,11.516,1.0,1.0,1300.1590985899827,1050.0,1300.0389985899826,1050.0,0.0045210620810751355,0.0
3506,1632448801000.0,0.0,0.0,1.2,11.587500000000002,0.0,0.0,11.431,1.0,1.0,1300.1582958999827,1050.0,1299.9704958999828,1050.0,0.010694851576034302,0.0
3507,1632452401000.0,0.0,0.0,2.8,11.41807142857143,0.0,0.0,11.315,1.0,1.0,1300.1564893399827,1050.0,1299.8678893399826,1050.0,0.02458980919768335,0.0
3508,1632456001000.0,0.0,0.0,2.8,11.41807142857143,0.0,0.0,11.228,1.0,1.0,1300.1564893399827,1050.0,1299.6242893399826,1050.0,0.02458980919768335,0.0
3509,1632459601000.0,0.0,0.0,2.8,11.41807142857143,0.0,0.0,11.271,1.0,1.0,1300.1564893399827,1050.0,1299.7446893399826,1050.0,0.02458980919768335,0.0
3510,1632463201000.0,0.0,0.0,6.5,11.237015384615384,0.0,0.0,11.207,1.0,1.0,1300.1523823399828,1050.0,1299.9572823399828,1050.0,0.05617849183842843,0.0
3511,1632466801000.0,0.0,0.0,1.7,11.237015384615384,0.0,0.0,11.135,1.0,1.0,1300.7460548138292,1050.0,1300.5726286599831,1050.0,0.014686130381214402,0.0
3512,1632470401000.0,0.0,0.0,0.1,11.389,0.0,0.0,11.31,1.0,1.0,1300.9135612399843,1050.0,1300.9056612399843,1050.0,0.0008754617016325368,0.0
3513,1632474001000.0,0.0,0.0,0.1,11.389,0.0,0.0,11.197,1.0,1.0,1300.9135612399843,1050.0,1300.8943612399844,1050.0,0.0008754617016325368,0.0
3514,1632477601000.0,0.0,0.0,6.5,10.60153846153846,0.0,0.0,10.272,1.0,1.0,1300.9067841299843,1050.0,1298.7647841299843,1050.0,0.05297074382319051,0.0
3515,1632481201000.0,0.0,0.0,10.0,10.403763157894737,0.0,0.0,10.158,1.0,1.0,1301.3555367189317,1050.0,1298.8979051399842,1050.0,0.07994558646229323,0.0
3516,1632484801000.0,0.0,0.0,5.6,10.118419420644633,0.0,0.0,10.196,1.0,1.0,1303.4968870255948,1050.0,1303.9313382699847,1050.0,0.043470106695005346,0.0
3517,1632488401000.0,0.0,0.0,4.3,10.118419420644633,0.0,0.0,10.06,1.0,1.0,1303.5821177287569,1050.0,1303.330914219985,1050.0,0.03337664955436671,0.0
3518,1632492001000.0,0.0,0.0,0.1,10.373,0.0,0.0,10.351,1.0,1.0,1304.0190094499844,1050.0,1304.0168094499845,1050.0,0.0007954638640103241,0.0
3519,1632495601000.0,0.0,0.0,0.1,10.513,0.0,0.0,10.471,1.0,1.0,1304.0322903599847,1050.0,1304.0280903599846,1050.0,0.0008061916930828327,0.0
3520,1632499201000.0,0.0,0.0,0.2,10.387,0.0,0.0,10.256,1.0,1.0,1304.0321877499846,1050.0,1304.0059877499846,1050.0,0.001593058836672128,0.0
3521,1632502801000.0,0.0,0.0,0.2,10.387,0.0,0.0,10.337,1.0,1.0,1304.0321877499846,1050.0,1304.0221877499846,1050.0,0.001593058836672128,0.0
3522,1632506401000.0,0.0,0.0,0.2,10.387,0.0,0.0,10.243,1.0,1.0,1304.0321877499846,1050.0,1304.0033877499845,1050.0,0.001593058836672128,0.0
3523,1632510001000.0,0.0,0.0,0.2,10.387,0.0,0.0,10.298,1.0,1.0,1304.0321877499846,1050.0,1304.0143877499845,1050.0,0.001593058836672128,0.0
3524,1632513601000.0,0.0,0.0,0.2,10.387,0.0,0.0,10.398,1.0,1.0,1304.0321877499846,1050.0,1304.0343877499845,1050.0,0.001593058836672128,0.0
3525,1632517201000.0,0.0,0.0,0.1,10.545,0.0,0.0,10.546,1.0,1.0,1304.0521632499847,1050.0,1304.0522632499847,1050.0,0.0008086332968245336,0.0
3526,1632520801000.0,0.0,0.0,0.1,10.698,0.0,0.0,10.655,1.0,1.0,1304.0656371099847,1050.0,1304.0613371099846,1050.0,0.0008203574801425224,0.0
3527,1632524401000.0,0.0,0.0,0.1,10.698,0.0,0.0,10.645,1.0,1.0,1304.0656371099847,1050.0,1304.0603371099846,1050.0,0.0008203574801425224,0.0
3528,1632528001000.0,0.0,0.0,0.2,10.569500000000001,0.0,0.0,10.493,1.0,1.0,1304.0655326999847,1050.0,1304.0502326999847,1050.0,0.0016210074930999097,0.0
3529,1632531601000.0,0.0,0.0,0.1,10.641,0.0,0.0,10.64,1.0,1.0,1304.0791135099848,1050.0,1304.0790135099849,1050.0,0.0008159781020768973,0.0
3530,1632535201000.0,0.0,0.0,0.2,10.5135,0.0,0.0,10.489,1.0,1.0,1304.0790096499848,1050.0,1304.0741096499848,1050.0,0.001612402304185822,0.0
3531,1632538801000.0,0.0,0.0,0.1,10.59,0.0,0.0,10.413,1.0,1.0,1304.0925920899847,1050.0,1304.0748920899846,1050.0,0.0008120589031970569,0.0
3532,1632542401000.0,0.0,0.0,0.1,10.59,0.0,0.0,10.451,1.0,1.0,1304.0925920899847,1050.0,1304.0786920899848,1050.0,0.0008120589031970569,0.0
3533,1632546001000.0,0.0,0.0,0.1,10.59,0.0,0.0,10.436,1.0,1.0,1304.0925920899847,1050.0,1304.0771920899847,1050.0,0.0008120589031970569,0.0
3534,1632549601000.0,0.0,0.0,0.2,10.463000000000001,0.0,0.0,10.351,1.0,1.0,1304.0924887299848,1050.0,1304.0700887299847,1050.0,0.0016046407889657572,0.0
3535,1632553201000.0,0.0,0.0,0.1,10.535,0.0,0.0,10.533,1.0,1.0,1304.1059727399847,1050.0,1304.1057727399848,1050.0,0.0008078331224774239,0.0
3536,1632556801000.0,0.0,0.0,0.2,10.4085,0.0,0.0,10.254,1.0,1.0,1304.1058699199848,1050.0,1304.0749699199848,1050.0,0.0015962661069286695,0.0
3537,1632560401000.0,0.0,0.0,0.2,10.110833333333334,0.0,0.0,10.296,1.0,1.0,1304.2360071566522,1050.0,1304.2730404899855,1050.0,0.0015504606954343835,0.0
3538,1632564001000.0,0.0,0.0,0.1,10.441,0.0,0.0,10.427,1.0,1.0,1304.2841160399857,1050.0,1304.2827160399856,1050.0,0.0008005157673544733,0.0
3539,1632567601000.0,0.0,0.0,0.1,10.511,0.0,0.0,10.439,1.0,1.0,1304.2908058299859,1050.0,1304.2836058299858,1050.0,0.0008058785627420965,0.0
3540,1632571201000.0,0.0,0.0,0.2,10.385,0.0,0.0,10.301,1.0,1.0,1304.2907032399858,1050.0,1304.2739032399857,1050.0,0.0015924364061175385,0.0
3541,1632574801000.0,0.0,0.0,0.2,10.385,0.0,0.0,10.261,1.0,1.0,1304.2907032399858,1050.0,1304.2659032399858,1050.0,0.0015924364061175385,0.0
3542,1632578401000.0,0.0,0.0,0.2,10.385,0.0,0.0,10.354,1.0,1.0,1304.2907032399858,1050.0,1304.2845032399857,1050.0,0.0015924364061175385,0.0
3543,1632582001000.0,0.0,0.0,0.2,10.385,0.0,0.0,10.188,1.0,1.0,1304.2907032399858,1050.0,1304.2513032399859,1050.0,0.0015924364061175385,0.0
3544,1632585601000.0,0.0,0.0,0.1,10.363,0.0,0.0,10.308,1.0,1.0,1304.3455782899857,1050.0,1304.3400782899857,1050.0,0.00079449803583388,0.0
3545,1632589201000.0,0.0,0.0,0.1,10.363,0.0,0.0,10.156,1.0,1.0,1304.3455782899857,1050.0,1304.3248782899857,1050.0,0.00079449803583388,0.0
3546,1632592801000.0,0.0,0.0,0.2,10.2385,0.0,0.0,10.114,1.0,1.0,1304.3454771499858,1050.0,1304.3205771499859,1050.0,0.0015699061605014763,0.0
3547,1632596401000.0,0.0,0.0,0.2,10.2385,0.0,0.0,10.11,1.0,1.0,1304.3454771499858,1050.0,1304.3197771499858,1050.0,0.0015699061605014763,0.0
3548,1632600001000.0,0.0,0.0,0.2,10.2385,0.0,0.0,10.183,1.0,1.0,1304.3454771499858,1050.0,1304.3343771499858,1050.0,0.0015699061605014763,0.0
3549,1632603601000.0,0.0,0.0,0.2,10.2385,0.0,0.0,10.182,1.0,1.0,1304.3454771499858,1050.0,1304.3341771499859,1050.0,0.0015699061605014763,0.0
3550,1632607201000.0,0.0,0.0,0.2,10.2385,0.0,0.0,10.206,1.0,1.0,1304.3454771499858,1050.0,1304.3389771499858,1050.0,0.0015699061605014763,0.0
3551,1632610801000.0,0.0,0.0,0.2,10.2385,0.0,0.0,10.24,1.0,1.0,1304.3454771499858,1050.0,1304.3457771499857,1050.0,0.0015699061605014763,0.0
3552,1632614401000.0,0.0,0.0,0.2,10.2385,0.0,0.0,10.173,1.0,1.0,1304.3454771499858,1050.0,1304.3323771499859,1050.0,0.0015699061605014763,0.0
3553,1632618001000.0,0.0,0.0,1.2,9.945916666666667,0.0,0.0,9.916,1.0,1.0,1304.3444884099856,1050.0,1304.3085884099855,1050.0,0.009150266747819862,0.0
3554,1632621601000.0,0.0,0.0,1.2,9.945916666666667,0.0,0.0,9.862,1.0,1.0,1304.3444884099856,1050.0,1304.2437884099857,1050.0,0.009150266747819862,0.0
3555,1632625201000.0,0.0,0.0,1.2,9.945916666666667,0.0,0.0,9.821,1.0,1.0,1304.3444884099856,1050.0,1304.1945884099857,1050.0,0.009150266747819862,0.0
3556,1632628801000.0,0.0,0.0,0.9,9.801964285714288,0.0,0.0,9.827,1.0,1.0,1304.4627306871278,1050.0,1304.485262829985,1050.0,0.006762759601798649,0.0
3557,1632632401000.0,0.0,0.0,0.9,9.801964285714288,0.0,0.0,9.861,1.0,1.0,1304.4627306871278,1050.0,1304.5158628299848,1050.0,0.006762759601798649,0.0
3558,1632636001000.0,0.0,0.0,0.1,9.886,0.0,0.0,9.802,1.0,1.0,1304.5355744099845,1050.0,1304.5271744099846,1050.0,0.0007578175861146018,0.0
3559,1632639601000.0,0.0,0.0,0.1,9.886,0.0,0.0,9.671,1.0,1.0,1304.5355744099845,1050.0,1304.5140744099845,1050.0,0.0007578175861146018,0.0
3560,1632643201000.0,0.0,0.0,1.2,9.351857142857146,0.0,0.0,9.391,1.0,1.0,1304.6293772414135,1050.0,1304.676348669985,1050.0,0.008601851811092532,0.0
3561,1632646801000.0,0.0,0.0,0.1,9.466,0.0,0.0,9.462,1.0,1.0,1304.7474198599843,1050.0,1304.7470198599844,1050.0,0.0007255044046008399,0.0
3562,1632650401000.0,0.0,0.0,0.1,10.458,0.0,0.0,10.238,1.0,1.0,1304.8233239099843,1050.0,1304.8013239099844,1050.0,0.0008014878189532935,0.0
3563,1632654001000.0,0.0,0.0,0.5,10.1788,0.0,0.0,10.132,1.0,1.0,1304.8774957099847,1050.0,1304.8540957099847,1050.0,0.0039002895035988453,0.0
3564,1632657601000.0,0.0,0.0,0.1,10.381,0.0,0.0,10.369,1.0,1.0,1304.9445699299852,1050.0,1304.9433699299852,1050.0,0.0007955127167245868,0.0
3565,1632661201000.0,0.0,0.0,0.1,10.683,0.0,0.0,10.613,1.0,1.0,1304.9646365799854,1050.0,1304.9576365799853,1050.0,0.0008186428735722453,0.0
3566,1632664801000.0,0.0,0.0,0.2,10.555,0.0,0.0,10.515,1.0,1.0,1304.9645323099853,1050.0,1304.9565323099853,1050.0,0.0016176684865627801,0.0
3567,1632668401000.0,0.0,0.0,0.2,10.555,0.0,0.0,10.589,1.0,1.0,1304.9645323099853,1050.0,1304.9713323099854,1050.0,0.0016176684865627801,0.0
3568,1632672001000.0,0.0,0.0,0.1,10.626,0.0,0.0,10.642,1.0,1.0,1304.9780135699857,1050.0,1304.9796135699858,1050.0,0.0008142665921957412,0.0
3569,1632675601000.0,0.0,0.0,0.1,10.626,0.0,0.0,10.429,1.0,1.0,1304.9780135699857,1050.0,1304.9583135699856,1050.0,0.0008142665921957412,0.0
3570,1632679201000.0,0.0,0.0,0.1,10.626,0.0,0.0,10.457,1.0,1.0,1304.9780135699857,1050.0,1304.9611135699856,1050.0,0.0008142665921957412,0.0
3571,1632682801000.0,0.0,0.0,0.1,10.626,0.0,0.0,10.439,1.0,1.0,1304.9780135699857,1050.0,1304.9593135699856,1050.0,0.0008142665921957412,0.0
3572,1632686401000.0,0.0,0.0,0.1,10.626,0.0,0.0,10.481,1.0,1.0,1304.9780135699857,1050.0,1304.9635135699857,1050.0,0.0008142665921957412,0.0
3573,1632690001000.0,0.0,0.0,0.1,10.626,0.0,0.0,10.543,1.0,1.0,1304.9780135699857,1050.0,1304.9697135699857,1050.0,0.0008142665921957412,0.0
3574,1632693601000.0,0.0,0.0,0.1,10.626,0.0,0.0,10.582,1.0,1.0,1304.9780135699857,1050.0,1304.9736135699857,1050.0,0.0008142665921957412,0.0
3575,1632697201000.0,0.0,0.0,0.5,10.4172,0.0,0.0,10.34,1.0,1.0,1304.9843857499857,1050.0,1304.9457857499856,1050.0,0.003991312123636309,0.0
3576,1632700801000.0,0.0,0.0,0.5,10.4172,0.0,0.0,10.45,1.0,1.0,1304.9843857499857,1050.0,1305.0007857499857,1050.0,0.003991312123636309,0.0
3577,1632704401000.0,0.0,0.0,0.1,10.787,0.0,0.0,10.804,1.0,1.0,1305.056301719986,1050.0,1305.0580017199861,1050.0,0.0008265543782121417,0.0
3578,1632708001000.0,0.0,0.0,0.1,11.106,0.0,0.0,11.104,1.0,1.0,1305.084123139986,1050.0,1305.0839231399862,1050.0,0.0008509796267599485,0.0
3579,1632711601000.0,0.0,0.0,0.1,11.106,0.0,0.0,10.973,1.0,1.0,1305.084123139986,1050.0,1305.070823139986,1050.0,0.0008509796267599485,0.0
3580,1632715201000.0,0.0,0.0,0.2,10.9725,0.0,0.0,10.823,1.0,1.0,1305.0840147499862,1050.0,1305.0541147499862,1050.0,0.0016815009418534627,0.0
3581,1632718801000.0,0.0,0.0,0.2,10.9725,0.0,0.0,10.733,1.0,1.0,1305.0840147499862,1050.0,1305.0361147499862,1050.0,0.0016815009418534627,0.0
3582,1632722401000.0,0.0,0.0,0.5,10.8138,0.0,0.0,10.718,1.0,1.0,1305.0836935099862,1050.0,1305.0357935099862,1050.0,0.004142952690994317,0.0
3583,1632726001000.0,0.0,0.0,1.2,10.658750000000001,0.0,0.0,10.512,1.0,1.0,1305.0829551499862,1050.0,1304.9068551499863,1050.0,0.00980052643360901,0.0
3584,1632729601000.0,0.0,0.0,1.2,10.658750000000001,0.0,0.0,10.454,1.0,1.0,1305.0829551499862,1050.0,1304.8372551499863,1050.0,0.00980052643360901,0.0
3585,1632733201000.0,0.0,0.0,1.2,10.658750000000001,0.0,0.0,10.416,1.0,1.0,1305.0829551499862,1050.0,1304.7916551499861,1050.0,0.00980052643360901,0.0
3586,1632736801000.0,0.0,0.0,2.8,10.503464285714287,0.0,0.0,10.315,1.0,1.0,1305.0812932299862,1050.0,1304.553593229986,1050.0,0.022534764809334615,0.0
3587,1632740401000.0,0.0,0.0,2.8,10.503464285714287,0.0,0.0,10.405,1.0,1.0,1305.0812932299862,1050.0,1304.8055932299862,1050.0,0.022534764809334615,0.0
3588,1632744001000.0,0.0,0.0,2.8,10.503464285714287,0.0,0.0,10.425,1.0,1.0,1305.0812932299862,1050.0,1304.861593229986,1050.0,0.022534764809334615,0.0
3589,1632747601000.0,0.0,0.0,2.8,10.503464285714287,0.0,0.0,10.33,1.0,1.0,1305.0812932299862,1050.0,1304.5955932299862,1050.0,0.022534764809334615,0.0
3590,1632751201000.0,0.0,0.0,6.5,10.338692307692309,0.0,0.0,10.303,1.0,1.0,1305.0775140499861,1050.0,1304.8455140499861,1050.0,0.05149234377003151,0.0
3591,1632754801000.0,0.0,0.0,4.3,10.338692307692309,0.0,0.0,10.166,1.0,1.0,1305.264697513063,1050.0,1304.5221205899861,1050.0,0.03405928085527802,0.0
3592,1632758401000.0,0.0,0.0,4.3,10.338692307692309,0.0,0.0,10.225,1.0,1.0,1305.264697513063,1050.0,1304.775820589986,1050.0,0.03405928085527802,0.0
3593,1632762001000.0,0.0,0.0,4.3,10.338692307692309,0.0,0.0,10.113,1.0,1.0,1305.264697513063,1050.0,1304.2942205899863,1050.0,0.03405928085527802,0.0
3594,1632765601000.0,0.0,0.0,4.3,10.338692307692309,0.0,0.0,10.124,1.0,1.0,1305.264697513063,1050.0,1304.3415205899862,1050.0,0.03405928085527802,0.0
3595,1632769201000.0,0.0,0.0,4.3,10.338692307692309,0.0,0.0,10.097,1.0,1.0,1305.264697513063,1050.0,1304.2254205899862,1050.0,0.03405928085527802,0.0
3596,1632772801000.0,0.0,0.0,10.0,10.165017692307693,0.0,0.0,10.094,1.0,1.0,1305.258978133063,1050.0,1304.548801209986,1050.0,0.07787740105681489,0.0
3597,1632776401000.0,0.0,0.0,10.0,10.165017692307693,0.0,0.0,9.903,1.0,1.0,1305.258978133063,1050.0,1302.638801209986,1050.0,0.07787740105681489,0.0
3598,1632780001000.0,0.0,0.0,10.0,10.165017692307693,0.0,0.0,10.108,1.0,1.0,1305.258978133063,1050.0,1304.6888012099862,1050.0,0.07787740105681489,0.0
3599,1632783601000.0,0.0,0.0,10.0,10.165017692307693,0.0,0.0,10.105,1.0,1.0,1305.258978133063,1050.0,1304.658801209986,1050.0,0.07787740105681489,0.0
3600,1632787201000.0,0.0,0.0,39.7,9.885974229800425,0.0,0.0,9.819,1.0,1.0,1305.229895833063,1050.0,1302.5710189099862,1050.0,0.3006927577862296,0.0
3601,1632790801000.0,0.0,0.0,39.7,9.885974229800425,0.0,0.0,9.86,1.0,1.0,1305.229895833063,1050.0,1304.1987189099862,1050.0,0.3006927577862296,0.0
3602,1632794401000.0,0.0,0.0,12.2,9.885974229800425,0.0,0.0,9.965,1.0,1.0,1306.9907392635514,1050.0,1307.9548536599862,1050.0,0.0922798318154301,0.0
3603,1632798001000.0,0.0,0.0,0.4,9.885974229800425,0.0,0.0,9.984,1.0,1.0,1308.3510406919074,1050.0,1308.3902509999873,1050.0,0.003022422552458806,0.0
3604,1632801601000.0,0.0,0.0,0.1,10.015,0.0,0.0,9.961,1.0,1.0,1308.3981506499879,1050.0,1308.3927506499879,1050.0,0.0007654397856665217,0.0
3605,1632805201000.0,0.0,0.0,0.1,10.015,0.0,0.0,9.956,1.0,1.0,1308.3981506499879,1050.0,1308.3922506499878,1050.0,0.0007654397856665217,0.0
3606,1632808801000.0,0.0,0.0,0.1,10.015,0.0,0.0,9.794,1.0,1.0,1308.3981506499879,1050.0,1308.376050649988,1050.0,0.0007654397856665217,0.0
3607,1632812401000.0,0.0,0.0,0.2,9.895,0.0,0.0,9.793,1.0,1.0,1308.398052899988,1050.0,1308.3776528999879,1050.0,0.0015125366440386105,0.0
3608,1632816001000.0,0.0,0.0,0.5,9.7516,0.0,0.0,9.628,1.0,1.0,1308.397763219988,1050.0,1308.3359632199881,1050.0,0.003726542598177925,0.0
3609,1632819601000.0,0.0,0.0,0.5,9.7516,0.0,0.0,9.716,1.0,1.0,1308.397763219988,1050.0,1308.379963219988,1050.0,0.003726542598177925,0.0
3610,1632823201000.0,0.0,0.0,0.5,9.7516,0.0,0.0,9.716,1.0,1.0,1308.397763219988,1050.0,1308.379963219988,1050.0,0.003726542598177925,0.0
3611,1632826801000.0,0.0,0.0,0.5,9.7516,0.0,0.0,9.676,1.0,1.0,1308.397763219988,1050.0,1308.359963219988,1050.0,0.003726542598177925,0.0
3612,1632830401000.0,0.0,0.0,0.5,9.7516,0.0,0.0,9.768,1.0,1.0,1308.397763219988,1050.0,1308.405963219988,1050.0,0.003726542598177925,0.0
3613,1632834001000.0,0.0,0.0,0.1,9.7516,0.0,0.0,9.603,1.0,1.0,1308.423130579988,1050.0,1308.408270579988,1050.0,0.0007452940697920392,0.0
3614,1632837601000.0,0.0,0.0,0.1,9.7516,0.0,0.0,9.66,1.0,1.0,1308.423130579988,1050.0,1308.413970579988,1050.0,0.0007452940697920392,0.0
3615,1632841201000.0,0.0,0.0,0.2,9.6348,0.0,0.0,9.55,1.0,1.0,1308.423035399988,1050.0,1308.4060753999881,1050.0,0.0014727346950223358,0.0
3616,1632844801000.0,0.0,0.0,0.2,9.6348,0.0,0.0,9.43,1.0,1.0,1308.423035399988,1050.0,1308.382075399988,1050.0,0.0014727346950223358,0.0
3617,1632848401000.0,0.0,0.0,0.3,9.49512,0.0,0.0,9.332,1.0,1.0,1308.435138179988,1050.0,1308.386202179988,1050.0,0.002177055565751824,0.0
3618,1632852001000.0,0.0,0.0,0.7,9.363622857142857,0.0,0.0,9.352,1.0,1.0,1308.434767579988,1050.0,1308.426631579988,1050.0,0.005009448053816947,0.0
3619,1632855601000.0,0.0,0.0,0.1,9.48,0.0,0.0,9.419,1.0,1.0,1308.4922754999875,1050.0,1308.4861754999874,1050.0,0.0007244979720172671,0.0
3620,1632859201000.0,0.0,0.0,0.1,9.48,0.0,0.0,9.453,1.0,1.0,1308.4922754999875,1050.0,1308.4895754999875,1050.0,0.0007244979720172671,0.0
3621,1632862801000.0,0.0,0.0,0.1,9.543,0.0,0.0,9.516,1.0,1.0,1308.4982846499875,1050.0,1308.4955846499874,1050.0,0.0007293093244331362,0.0
3622,1632866401000.0,0.0,0.0,0.1,9.543,0.0,0.0,9.567,1.0,1.0,1308.4982846499875,1050.0,1308.5006846499875,1050.0,0.0007293093244331362,0.0
3623,1632870001000.0,0.0,0.0,0.1,9.543,0.0,0.0,9.401,1.0,1.0,1308.4982846499875,1050.0,1308.4840846499874,1050.0,0.0007293093244331362,0.0
3624,1632873601000.0,0.0,0.0,0.2,9.4285,0.0,0.0,9.297,1.0,1.0,1308.4981915099875,1050.0,1308.4718915099875,1050.0,0.0014411177732113869,0.0
3625,1632877201000.0,0.0,0.0,0.1,9.546,0.0,0.0,9.521,1.0,1.0,1308.5155057199875,1050.0,1308.5130057199874,1050.0,0.0007295289936016068,0.0
3626,1632880801000.0,0.0,0.0,0.1,9.681,0.0,0.0,9.493,1.0,1.0,1308.5277199099874,1050.0,1308.5089199099873,1050.0,0.0007398391224502258,0.0
3627,1632884401000.0,0.0,0.0,0.1,9.681,0.0,0.0,9.543,1.0,1.0,1308.5277199099874,1050.0,1308.5139199099874,1050.0,0.0007398391224502258,0.0
3628,1632888001000.0,0.0,0.0,0.1,9.681,0.0,0.0,9.665,1.0,1.0,1308.5277199099874,1050.0,1308.5261199099873,1050.0,0.0007398391224502258,0.0
3629,1632891601000.0,0.0,0.0,0.1,9.746,0.0,0.0,9.741,1.0,1.0,1308.5339249999872,1050.0,1308.5334249999871,1050.0,0.000744803005394002,0.0
3630,1632895201000.0,0.0,0.0,0.1,9.746,0.0,0.0,9.733,1.0,1.0,1308.5339249999872,1050.0,1308.5326249999873,1050.0,0.000744803005394002,0.0
3631,1632898801000.0,0.0,0.0,0.1,9.89,0.0,0.0,9.881,1.0,1.0,1308.546431069987,1050.0,1308.545531069987,1050.0,0.0007558004641771125,0.0
3632,1632902401000.0,0.0,0.0,0.1,9.89,0.0,0.0,9.856,1.0,1.0,1308.546431069987,1050.0,1308.543031069987,1050.0,0.0007558004641771125,0.0
3633,1632906001000.0,0.0,0.0,0.1,9.89,0.0,0.0,9.797,1.0,1.0,1308.546431069987,1050.0,1308.537131069987,1050.0,0.0007558004641771125,0.0
3634,1632909601000.0,0.0,0.0,0.2,9.7715,0.0,0.0,9.63,1.0,1.0,1308.546334539987,1050.0,1308.518034539987,1050.0,0.0014934893388295835,0.0
3635,1632913201000.0,0.0,0.0,0.1,9.84,0.0,0.0,9.853,1.0,1.0,1308.558939419987,1050.0,1308.5602394199868,1050.0,0.0007519722424090073,0.0
3636,1632916801000.0,0.0,0.0,0.1,9.84,0.0,0.0,9.818,1.0,1.0,1308.558939419987,1050.0,1308.556739419987,1050.0,0.0007519722424090073,0.0
3637,1632920401000.0,0.0,0.0,0.1,9.84,0.0,0.0,9.694,1.0,1.0,1308.558939419987,1050.0,1308.544339419987,1050.0,0.0007519722424090073,0.0
3638,1632924001000.0,0.0,0.0,0.1,9.794,0.0,0.0,9.781,1.0,1.0,1308.5713497199868,1050.0,1308.5700497199869,1050.0,0.0007484498267592179,0.0
3639,1632927601000.0,0.0,0.0,0.1,9.794,0.0,0.0,9.743,1.0,1.0,1308.5713497199868,1050.0,1308.5662497199867,1050.0,0.0007484498267592179,0.0
3640,1632931201000.0,0.0,0.0,0.5,9.5364,0.0,0.0,9.479,1.0,1.0,1308.5709708399868,1050.0,1308.5422708399867,1050.0,0.0036438222352886507,0.0
3641,1632934801000.0,0.0,0.0,0.5,9.5364,0.0,0.0,9.438,1.0,1.0,1308.5709708399868,1050.0,1308.5217708399869,1050.0,0.0036438222352886507,0.0
3642,1632938401000.0,0.0,0.0,0.5,9.5364,0.0,0.0,9.36,1.0,1.0,1308.5709708399868,1050.0,1308.4827708399869,1050.0,0.0036438222352886507,0.0
3643,1632942001000.0,0.0,0.0,0.5,9.5364,0.0,0.0,9.347,1.0,1.0,1308.5709708399868,1050.0,1308.4762708399867,1050.0,0.0036438222352886507,0.0
3644,1632945601000.0,0.0,0.0,1.2,9.400250000000002,0.0,0.0,9.297,1.0,1.0,1308.570319629987,1050.0,1308.4464196299868,1050.0,0.008620323899131102,0.0
3645,1632949201000.0,0.0,0.0,2.8,9.264678571428572,0.0,0.0,9.276,1.0,1.0,1308.568853549987,1050.0,1308.600553549987,1050.0,0.01982402372609204,0.0
3646,1632952801000.0,0.0,0.0,2.8,9.264678571428572,0.0,0.0,9.267,1.0,1.0,1308.568853549987,1050.0,1308.5753535499869,1050.0,0.01982402372609204,0.0
3647,1632956401000.0,0.0,0.0,2.8,9.264678571428572,0.0,0.0,9.225,1.0,1.0,1308.568853549987,1050.0,1308.4577535499868,1050.0,0.01982402372609204,0.0
3648,1632960001000.0,0.0,0.0,2.8,9.264678571428572,0.0,0.0,9.276,1.0,1.0,1308.568853549987,1050.0,1308.600553549987,1050.0,0.01982402372609204,0.0
3649,1632963601000.0,0.0,0.0,0.1,9.482,0.0,0.0,9.518,1.0,1.0,1308.8878324499865,1050.0,1308.8914324499865,1050.0,0.0007244318240969142,0.0
3650,1632967201000.0,0.0,0.0,0.1,9.61,0.0,0.0,9.577,1.0,1.0,1308.8999493799865,1050.0,1308.8966493799865,1050.0,0.0007342043220761194,0.0
3651,1632970801000.0,0.0,0.0,0.1,9.681,0.0,0.0,9.664,1.0,1.0,1308.9060558399865,1050.0,1308.9043558399865,1050.0,0.0007396252738541459,0.0
3652,1632974401000.0,0.0,0.0,0.1,9.681,0.0,0.0,9.701,1.0,1.0,1308.9060558399865,1050.0,1308.9080558399864,1050.0,0.0007396252738541459,0.0
3653,1632978001000.0,0.0,0.0,0.1,9.746,0.0,0.0,9.624,1.0,1.0,1308.9122609299864,1050.0,1308.9000609299865,1050.0,0.0007445877230209026,0.0
3654,1632981601000.0,0.0,0.0,0.1,9.746,0.0,0.0,9.597,1.0,1.0,1308.9122609299864,1050.0,1308.8973609299865,1050.0,0.0007445877230209026,0.0
3655,1632985201000.0,0.0,0.0,0.1,9.746,0.0,0.0,9.541,1.0,1.0,1308.9122609299864,1050.0,1308.8917609299863,1050.0,0.0007445877230209026,0.0
3656,1632988801000.0,0.0,0.0,0.2,9.629000000000001,0.0,0.0,9.508,1.0,1.0,1308.9121658099864,1050.0,1308.8879658099863,1050.0,0.0014712981132758202,0.0
3657,1632992401000.0,0.0,0.0,0.5,9.4898,0.0,0.0,9.423,1.0,1.0,1308.9118838999864,1050.0,1308.8784838999863,1050.0,0.00362507213691289,0.0
3658,1632996001000.0,0.0,0.0,0.5,9.4898,0.0,0.0,9.457,1.0,1.0,1308.9118838999864,1050.0,1308.8954838999864,1050.0,0.00362507213691289,0.0
3659,1632999601000.0,0.0,0.0,0.4,9.4898,0.0,0.0,9.389,1.0,1.0,1308.9180083799863,1050.0,1308.8776883799862,1050.0,0.0029000441400436625,0.0
3660,1633003201000.0,0.0,0.0,0.4,9.4898,0.0,0.0,9.447,1.0,1.0,1308.9180083799863,1050.0,1308.9008883799863,1050.0,0.0029000441400436625,0.0
3661,1633006801000.0,0.0,0.0,0.1,9.627,0.0,0.0,9.56,1.0,1.0,1308.948518299986,1050.0,1308.9418182999862,1050.0,0.0007354758315860423,0.0
3662,1633010401000.0,0.0,0.0,0.1,9.627,0.0,0.0,9.446,1.0,1.0,1308.948518299986,1050.0,1308.930418299986,1050.0,0.0007354758315860423,0.0
3663,1633014001000.0,0.0,0.0,0.2,9.511500000000002,0.0,0.0,9.401,1.0,1.0,1308.948424339986,1050.0,1308.9263243399862,1050.0,0.0014533040146017986,0.0
3664,1633017601000.0,0.0,0.0,0.2,9.511500000000002,0.0,0.0,9.468,1.0,1.0,1308.948424339986,1050.0,1308.939724339986,1050.0,0.0014533040146017986,0.0
3665,1633021201000.0,0.0,0.0,0.2,9.511500000000002,0.0,0.0,9.354,1.0,1.0,1308.948424339986,1050.0,1308.916924339986,1050.0,0.0014533040146017986,0.0
3666,1633024801000.0,0.0,0.0,0.2,9.511500000000002,0.0,0.0,9.389,1.0,1.0,1308.948424339986,1050.0,1308.9239243399861,1050.0,0.0014533040146017986,0.0
3667,1633028401000.0,0.0,0.0,0.1,9.653,0.0,0.0,9.653,1.0,1.0,1308.9667441599859,1050.0,1308.9667441599859,1050.0,0.0007374518904370409,0.0
3668,1633032001000.0,0.0,0.0,0.1,9.653,0.0,0.0,9.54,1.0,1.0,1308.9667441599859,1050.0,1308.955444159986,1050.0,0.0007374518904370409,0.0
3669,1633035601000.0,0.0,0.0,0.2,9.536999999999999,0.0,0.0,9.448,1.0,1.0,1308.9666499499858,1050.0,1308.9488499499857,1050.0,0.0014571799824486587,0.0
3670,1633039201000.0,0.0,0.0,0.1,9.615,0.0,0.0,9.588,1.0,1.0,1308.9789617999859,1050.0,1308.9762617999859,1050.0,0.0007345419812384416,0.0
3671,1633042801000.0,0.0,0.0,0.1,9.615,0.0,0.0,9.558,1.0,1.0,1308.9789617999859,1050.0,1308.973261799986,1050.0,0.0007345419812384416,0.0
3672,1633046401000.0,0.0,0.0,0.1,9.615,0.0,0.0,9.589,1.0,1.0,1308.9789617999859,1050.0,1308.9763617999859,1050.0,0.0007345419812384416,0.0
3673,1633050001000.0,0.0,0.0,0.1,9.684,0.0,0.0,9.67,1.0,1.0,1308.985068179986,1050.0,1308.983668179986,1050.0,0.0007398098141382653,0.0
3674,1633053601000.0,0.0,0.0,0.1,9.684,0.0,0.0,9.698,1.0,1.0,1308.985068179986,1050.0,1308.986468179986,1050.0,0.0007398098141382653,0.0
3675,1633057201000.0,0.0,0.0,0.1,9.684,0.0,0.0,9.541,1.0,1.0,1308.985068179986,1050.0,1308.970768179986,1050.0,0.0007398098141382653,0.0
3676,1633060801000.0,0.0,0.0,0.1,9.684,0.0,0.0,9.636,1.0,1.0,1308.985068179986,1050.0,1308.980268179986,1050.0,0.0007398098141382653,0.0
3677,1633064401000.0,0.0,0.0,0.1,9.684,0.0,0.0,9.585,1.0,1.0,1308.985068179986,1050.0,1308.975168179986,1050.0,0.0007398098141382653,0.0
3678,1633068001000.0,0.0,0.0,0.1,9.684,0.0,0.0,9.671,1.0,1.0,1308.985068179986,1050.0,1308.983768179986,1050.0,0.0007398098141382653,0.0
3679,1633071601000.0,0.0,0.0,0.1,9.898,0.0,0.0,9.882,1.0,1.0,1308.997476059986,1050.0,1308.995876059986,1050.0,0.0007561511905884237,0.0
3680,1633075201000.0,0.0,0.0,0.1,10.047,0.0,0.0,10.075,1.0,1.0,1309.0101758799858,1050.0,1309.0129758799858,1050.0,0.0007675265009491524,0.0
3681,1633078801000.0,0.0,0.0,0.1,10.114,0.0,0.0,10.139,1.0,1.0,1309.0165736099857,1050.0,1309.0190736099858,1050.0,0.0007726410959112434,0.0
3682,1633082401000.0,0.0,0.0,0.1,10.114,0.0,0.0,10.041,1.0,1.0,1309.0165736099857,1050.0,1309.0092736099857,1050.0,0.0007726410959112434,0.0
3683,1633086001000.0,0.0,0.0,0.1,10.264,0.0,0.0,10.199,1.0,1.0,1309.0295647299854,1050.0,1309.0230647299854,1050.0,0.0007840922983368342,0.0
3684,1633089601000.0,0.0,0.0,0.1,10.264,0.0,0.0,10.3,1.0,1.0,1309.0295647299854,1050.0,1309.0331647299854,1050.0,0.0007840922983368342,0.0
3685,1633093201000.0,0.0,0.0,0.1,10.333,0.0,0.0,10.129,1.0,1.0,1309.0361580799854,1050.0,1309.0157580799853,1050.0,0.0007893594028109825,0.0
3686,1633096801000.0,0.0,0.0,0.2,10.209,0.0,0.0,10.026,1.0,1.0,1309.0360572299853,1050.0,1308.9994572299854,1050.0,0.0015597736889850047,0.0
3687,1633100401000.0,0.0,0.0,0.2,10.209,0.0,0.0,10.086,1.0,1.0,1309.0360572299853,1050.0,1309.0114572299854,1050.0,0.0015597736889850047,0.0
3688,1633104001000.0,0.0,0.0,0.2,10.209,0.0,0.0,10.185,1.0,1.0,1309.0360572299853,1050.0,1309.0312572299854,1050.0,0.0015597736889850047,0.0
3689,1633107601000.0,0.0,0.0,0.1,10.284,0.0,0.0,10.279,1.0,1.0,1309.0491488699854,1050.0,1309.0486488699853,1050.0,0.0007856083943736942,0.0
3690,1633111201000.0,0.0,0.0,0.1,10.284,0.0,0.0,10.338,1.0,1.0,1309.0491488699854,1050.0,1309.0545488699854,1050.0,0.0007856083943736942,0.0
3691,1633114801000.0,0.0,0.0,0.1,10.461,0.0,0.0,10.452,1.0,1.0,1309.0623329599855,1050.0,1309.0614329599855,1050.0,0.000799121610683436,0.0
3692,1633118401000.0,0.0,0.0,0.1,10.461,0.0,0.0,10.426,1.0,1.0,1309.0623329599855,1050.0,1309.0588329599855,1050.0,0.000799121610683436,0.0
3693,1633122001000.0,0.0,0.0,0.2,10.3355,0.0,0.0,10.312,1.0,1.0,1309.0622308599854,1050.0,1309.0575308599855,1050.0,0.0015790693148652094,0.0
3694,1633125601000.0,0.0,0.0,0.1,10.412,0.0,0.0,10.411,1.0,1.0,1309.0754186799852,1050.0,1309.0753186799852,1050.0,0.0007953705226929561,0.0
3695,1633129201000.0,0.0,0.0,0.1,10.412,0.0,0.0,10.284,1.0,1.0,1309.0754186799852,1050.0,1309.0626186799852,1050.0,0.0007953705226929561,0.0
3696,1633132801000.0,0.0,0.0,0.1,10.483,0.0,0.0,10.492,1.0,1.0,1309.0820090499853,1050.0,1309.0829090499853,1050.0,0.0008007901665081795,0.0
3697,1633136401000.0,0.0,0.0,0.1,10.778,0.0,0.0,10.703,1.0,1.0,1309.1089558599854,1050.0,1309.1014558599854,1050.0,0.0008233080945443286,0.0
3698,1633140001000.0,0.0,0.0,0.1,10.778,0.0,0.0,10.595,1.0,1.0,1309.1089558599854,1050.0,1309.0906558599854,1050.0,0.0008233080945443286,0.0
3699,1633143601000.0,0.0,0.0,0.1,10.778,0.0,0.0,10.563,1.0,1.0,1309.1089558599854,1050.0,1309.0874558599853,1050.0,0.0008233080945443286,0.0
3700,1633147201000.0,0.0,0.0,0.2,10.6485,0.0,0.0,10.492,1.0,1.0,1309.1088506699853,1050.0,1309.0775506699852,1050.0,0.0016268318703292295,0.0
3701,1633150801000.0,0.0,0.0,0.5,10.494,0.0,0.0,10.453,1.0,1.0,1309.1085389399852,1050.0,1309.0880389399852,1050.0,0.00400807102232227,0.0
3702,1633154401000.0,0.0,0.0,0.5,10.494,0.0,0.0,10.394,1.0,1.0,1309.1085389399852,1050.0,1309.0585389399853,1050.0,0.00400807102232227,0.0
3703,1633158001000.0,0.0,0.0,0.5,10.494,0.0,0.0,10.479,1.0,1.0,1309.1085389399852,1050.0,1309.1010389399853,1050.0,0.00400807102232227,0.0
3704,1633161601000.0,0.0,0.0,0.5,10.494,0.0,0.0,10.468,1.0,1.0,1309.1085389399852,1050.0,1309.0955389399853,1050.0,0.00400807102232227,0.0
3705,1633165201000.0,0.0,0.0,0.5,10.494,0.0,0.0,10.418,1.0,1.0,1309.1085389399852,1050.0,1309.0705389399852,1050.0,0.00400807102232227,0.0
3706,1633168801000.0,0.0,0.0,0.5,10.494,0.0,0.0,10.491,1.0,1.0,1309.1085389399852,1050.0,1309.1070389399852,1050.0,0.00400807102232227,0.0
3707,1633172401000.0,0.0,0.0,0.5,10.494,0.0,0.0,10.405,1.0,1.0,1309.1085389399852,1050.0,1309.0640389399853,1050.0,0.00400807102232227,0.0
3708,1633176001000.0,0.0,0.0,0.5,10.494,0.0,0.0,10.456,1.0,1.0,1309.1085389399852,1050.0,1309.0895389399852,1050.0,0.00400807102232227,0.0
3709,1633179601000.0,0.0,0.0,0.5,10.494,0.0,0.0,10.546,1.0,1.0,1309.1085389399852,1050.0,1309.1345389399853,1050.0,0.00400807102232227,0.0
3710,1633183201000.0,0.0,0.0,0.1,10.727,0.0,0.0,10.678,1.0,1.0,1309.1559775199858,1050.0,1309.1510775199858,1050.0,0.0008193828836439193,0.0
3711,1633186801000.0,0.0,0.0,0.1,10.727,0.0,0.0,10.69,1.0,1.0,1309.1559775199858,1050.0,1309.1522775199858,1050.0,0.0008193828836439193,0.0
3712,1633190401000.0,0.0,0.0,0.1,10.727,0.0,0.0,10.719,1.0,1.0,1309.1559775199858,1050.0,1309.1551775199857,1050.0,0.0008193828836439193,0.0
3713,1633194001000.0,0.0,0.0,0.0,10.879,0.0,0.0,10.952,1.0,1.0,1309.176834529986,1050.0,1309.176834529986,1050.0,0.0,0.0
3714,1633197601000.0,0.0,0.0,0.1,11.18,0.0,0.0,11.043,1.0,1.0,1309.1907814599863,1050.0,1309.1770814599863,1050.0,0.0008539626277792961,0.0
3715,1633201201000.0,0.0,0.0,0.1,11.18,0.0,0.0,11.031,1.0,1.0,1309.1907814599863,1050.0,1309.1758814599864,1050.0,0.0008539626277792961,0.0
3716,1633204801000.0,0.0,0.0,0.1,11.18,0.0,0.0,11.069,1.0,1.0,1309.1907814599863,1050.0,1309.1796814599863,1050.0,0.0008539626277792961,0.0
3717,1633208401000.0,0.0,0.0,0.2,11.046,0.0,0.0,10.901,1.0,1.0,1309.1906723399863,1050.0,1309.1616723399864,1050.0,0.0016874547357195718,0.0
3718,1633212001000.0,0.0,0.0,0.2,11.046,0.0,0.0,10.946,1.0,1.0,1309.1906723399863,1050.0,1309.1706723399864,1050.0,0.0016874547357195718,0.0
3719,1633215601000.0,0.0,0.0,0.2,11.3065,0.0,0.0,11.22,1.0,1.0,1309.2263469499862,1050.0,1309.2090469499863,1050.0,0.0017272032489019135,0.0
3720,1633219201000.0,0.0,0.0,1.2,10.982916666666666,0.0,0.0,10.774,1.0,1.0,1309.2252551299862,1050.0,1308.9745551299861,1050.0,0.01006664051763306,0.0
3721,1633222801000.0,0.0,0.0,6.5,10.652784615384615,0.0,0.0,10.592,1.0,1.0,1309.2196487699862,1050.0,1308.8245487699862,1050.0,0.05288883348569814,0.0
3722,1633226401000.0,0.0,0.0,2.8,10.652784615384615,0.0,0.0,10.705,1.0,1.0,1309.4754781830627,1050.0,1309.6216812599857,1050.0,0.022778431074145736,0.0
3723,1633230001000.0,0.0,0.0,0.1,10.786,0.0,0.0,10.757,1.0,1.0,1309.7669611599863,1050.0,1309.7640611599863,1050.0,0.0008235052738272961,0.0
3724,1633233601000.0,0.0,0.0,0.1,10.858,0.0,0.0,10.91,1.0,1.0,1309.7738440099863,1050.0,1309.7790440099864,1050.0,0.0008289980785352448,0.0
3725,1633237201000.0,0.0,0.0,0.1,10.931,0.0,0.0,10.879,1.0,1.0,1309.7807254099864,1050.0,1309.7755254099864,1050.0,0.0008345671750955403,0.0
3726,1633240801000.0,0.0,0.0,0.1,11.004,0.0,0.0,10.984,1.0,1.0,1309.7877053399864,1050.0,1309.7857053399864,1050.0,0.000840136149937646,0.0
3727,1633244401000.0,0.0,0.0,0.1,11.004,0.0,0.0,10.969,1.0,1.0,1309.7877053399864,1050.0,1309.7842053399863,1050.0,0.000840136149937646,0.0
3728,1633248001000.0,0.0,0.0,0.1,11.004,0.0,0.0,10.859,1.0,1.0,1309.7877053399864,1050.0,1309.7732053399864,1050.0,0.000840136149937646,0.0
3729,1633251601000.0,0.0,0.0,0.1,11.004,0.0,0.0,10.897,1.0,1.0,1309.7877053399864,1050.0,1309.7770053399863,1050.0,0.000840136149937646,0.0
3730,1633255201000.0,0.0,0.0,0.2,10.872,0.0,0.0,10.835,1.0,1.0,1309.7875979399864,1050.0,1309.7801979399865,1050.0,0.0016601164978351166,0.0
3731,1633258801000.0,0.0,0.0,0.1,10.946,0.0,0.0,10.843,1.0,1.0,1309.8014696199864,1050.0,1309.7911696199865,1050.0,0.0008356991692165203,0.0
3732,1633262401000.0,0.0,0.0,0.1,10.946,0.0,0.0,10.936,1.0,1.0,1309.8014696199864,1050.0,1309.8004696199864,1050.0,0.0008356991692165203,0.0
3733,1633266001000.0,0.0,0.0,0.1,10.946,0.0,0.0,10.945,1.0,1.0,1309.8014696199864,1050.0,1309.8013696199864,1050.0,0.0008356991692165203,0.0
3734,1633269601000.0,0.0,0.0,0.1,11.204,0.0,0.0,11.132,1.0,1.0,1309.822503209986,1050.0,1309.815303209986,1050.0,0.0008553830746183031,0.0
3735,1633273201000.0,0.0,0.0,0.1,11.204,0.0,0.0,10.984,1.0,1.0,1309.822503209986,1050.0,1309.8005032099861,1050.0,0.0008553830746183031,0.0
3736,1633276801000.0,0.0,0.0,0.5,10.908999999999999,0.0,0.0,10.849,1.0,1.0,1309.8220697999861,1050.0,1309.7920697999862,1050.0,0.004164306073139322,0.0
3737,1633280401000.0,0.0,0.0,0.3,10.908999999999999,0.0,0.0,10.968,1.0,1.0,1309.8362501799863,1050.0,1309.8539501799864,1050.0,0.0024985565940401277,0.0
3738,1633284001000.0,0.0,0.0,0.1,11.049,0.0,0.0,11.053,1.0,1.0,1309.8633096699864,1050.0,1309.8637096699863,1050.0,0.000843523130881782,0.0
3739,1633287601000.0,0.0,0.0,0.1,11.123,0.0,0.0,11.022,1.0,1.0,1309.8703872199865,1050.0,1309.8602872199865,1050.0,0.0008491679870408389,0.0
3740,1633291201000.0,0.0,0.0,0.1,11.123,0.0,0.0,11.007,1.0,1.0,1309.8703872199865,1050.0,1309.8587872199864,1050.0,0.0008491679870408389,0.0
3741,1633294801000.0,0.0,0.0,0.1,11.123,0.0,0.0,10.867,1.0,1.0,1309.8703872199865,1050.0,1309.8447872199865,1050.0,0.0008491679870408389,0.0
3742,1633298401000.0,0.0,0.0,0.5,10.830200000000001,0.0,0.0,10.629,1.0,1.0,1309.8699569399864,1050.0,1309.7693569399864,1050.0,0.004134074509694325,0.0
3743,1633302001000.0,0.0,0.0,0.5,10.830200000000001,0.0,0.0,10.726,1.0,1.0,1309.8699569399864,1050.0,1309.8178569399863,1050.0,0.004134074509694325,0.0
3744,1633305601000.0,0.0,0.0,0.5,10.830200000000001,0.0,0.0,10.7,1.0,1.0,1309.8699569399864,1050.0,1309.8048569399864,1050.0,0.004134074509694325,0.0
3745,1633309201000.0,0.0,0.0,1.2,10.674916666666668,0.0,0.0,10.506,1.0,1.0,1309.8692174599864,1050.0,1309.6665174599864,1050.0,0.009779525947514156,0.0
3746,1633312801000.0,0.0,0.0,1.2,10.674916666666668,0.0,0.0,10.57,1.0,1.0,1309.8692174599864,1050.0,1309.7433174599864,1050.0,0.009779525947514156,0.0
3747,1633316401000.0,0.0,0.0,1.2,10.674916666666668,0.0,0.0,10.45,1.0,1.0,1309.8692174599864,1050.0,1309.5993174599864,1050.0,0.009779525947514156,0.0
3748,1633320001000.0,0.0,0.0,2.8,10.519535714285716,0.0,0.0,10.364,1.0,1.0,1309.8675529799864,1050.0,1309.4320529799863,1050.0,0.02248677733331871,0.0
3749,1633323601000.0,0.0,0.0,2.8,10.519535714285716,0.0,0.0,10.488,1.0,1.0,1309.8675529799864,1050.0,1309.7792529799863,1050.0,0.02248677733331871,0.0
3750,1633327201000.0,0.0,0.0,2.8,10.519535714285716,0.0,0.0,10.493,1.0,1.0,1309.8675529799864,1050.0,1309.7932529799864,1050.0,0.02248677733331871,0.0
3751,1633330801000.0,0.0,0.0,2.8,10.519535714285716,0.0,0.0,10.446,1.0,1.0,1309.8675529799864,1050.0,1309.6616529799865,1050.0,0.02248677733331871,0.0
3752,1633334401000.0,0.0,0.0,2.8,10.519535714285716,0.0,0.0,10.545,1.0,1.0,1309.8675529799864,1050.0,1309.9388529799865,1050.0,0.02248677733331871,0.0
3753,1633338001000.0,0.0,0.0,2.8,10.519535714285716,0.0,0.0,10.368,1.0,1.0,1309.8675529799864,1050.0,1309.4432529799865,1050.0,0.02248677733331871,0.0
3754,1633341601000.0,0.0,0.0,2.8,10.519535714285716,0.0,0.0,10.48,1.0,1.0,1309.8675529799864,1050.0,1309.7568529799864,1050.0,0.02248677733331871,0.0
3755,1633345201000.0,0.0,0.0,2.8,10.519535714285716,0.0,0.0,10.441,1.0,1.0,1309.8675529799864,1050.0,1309.6476529799863,1050.0,0.02248677733331871,0.0
3756,1633348801000.0,0.0,0.0,2.8,10.519535714285716,0.0,0.0,10.398,1.0,1.0,1309.8675529799864,1050.0,1309.5272529799863,1050.0,0.02248677733331871,0.0
3757,1633352401000.0,0.0,0.0,2.8,10.519535714285716,0.0,0.0,10.498,1.0,1.0,1309.8675529799864,1050.0,1309.8072529799863,1050.0,0.02248677733331871,0.0
3758,1633356001000.0,0.0,0.0,1.0,10.519535714285716,0.0,0.0,10.625,1.0,1.0,1309.990682674272,1050.0,1310.0961469599863,1050.0,0.008030237049328228,0.0
3759,1633359601000.0,0.0,0.0,0.5,10.3686,0.0,0.0,10.3,1.0,1.0,1310.1041650699844,1050.0,1310.0698650699844,1050.0,0.0039571662606866535,0.0
3760,1633363201000.0,0.0,0.0,0.1,10.38,0.0,0.0,10.383,1.0,1.0,1310.189012149984,1050.0,1310.1893121499838,1050.0,0.0007922521028448184,0.0
3761,1633366801000.0,0.0,0.0,0.1,10.524,0.0,0.0,10.46,1.0,1.0,1310.2022927599842,1050.0,1310.1958927599842,1050.0,0.000803234741547494,0.0
3762,1633370401000.0,0.0,0.0,0.1,10.524,0.0,0.0,10.562,1.0,1.0,1310.2022927599842,1050.0,1310.2060927599841,1050.0,0.000803234741547494,0.0
3763,1633374001000.0,0.0,0.0,0.1,10.596,0.0,0.0,10.525,1.0,1.0,1310.2089808699843,1050.0,1310.2018808699843,1050.0,0.0008087259478991063,0.0
3764,1633377601000.0,0.0,0.0,0.1,10.596,0.0,0.0,10.472,1.0,1.0,1310.2089808699843,1050.0,1310.1965808699842,1050.0,0.0008087259478991063,0.0
3765,1633381201000.0,0.0,0.0,0.2,10.469000000000001,0.0,0.0,10.315,1.0,1.0,1310.2088774499844,1050.0,1310.1780774499844,1050.0,0.0015980658015957677,0.0
3766,1633384801000.0,0.0,0.0,0.2,10.469000000000001,0.0,0.0,10.339,1.0,1.0,1310.2088774499844,1050.0,1310.1828774499843,1050.0,0.0015980658015957677,0.0
3767,1633388401000.0,0.0,0.0,0.2,10.469000000000001,0.0,0.0,10.277,1.0,1.0,1310.2088774499844,1050.0,1310.1704774499844,1050.0,0.0015980658015957677,0.0
3768,1633392001000.0,0.0,0.0,0.2,10.469000000000001,0.0,0.0,10.279,1.0,1.0,1310.2088774499844,1050.0,1310.1708774499843,1050.0,0.0015980658015957677,0.0
3769,1633395601000.0,0.0,0.0,0.5,10.3172,0.0,0.0,10.327,1.0,1.0,1310.2085709699843,1050.0,1310.2134709699842,1050.0,0.003937235730476822,0.0
3770,1633399201000.0,0.0,0.0,0.1,10.388,0.0,0.0,10.202,1.0,1.0,1310.241847839984,1050.0,1310.223247839984,1050.0,0.0007928307294661111,0.0
3771,1633402801000.0,0.0,0.0,0.2,10.2635,0.0,0.0,10.091,1.0,1.0,1310.241746449984,1050.0,1310.207246449984,1050.0,0.0015666574550548852,0.0
3772,1633406401000.0,0.0,0.0,0.2,10.2635,0.0,0.0,10.15,1.0,1.0,1310.241746449984,1050.0,1310.219046449984,1050.0,0.0015666574550548852,0.0
3773,1633410001000.0,0.0,0.0,0.2,10.2635,0.0,0.0,10.04,1.0,1.0,1310.241746449984,1050.0,1310.197046449984,1050.0,0.0015666574550548852,0.0
3774,1633413601000.0,0.0,0.0,0.2,10.2635,0.0,0.0,10.133,1.0,1.0,1310.241746449984,1050.0,1310.215646449984,1050.0,0.0015666574550548852,0.0
3775,1633417201000.0,0.0,0.0,0.2,10.2635,0.0,0.0,10.19,1.0,1.0,1310.241746449984,1050.0,1310.227046449984,1050.0,0.0015666574550548852,0.0
3776,1633420801000.0,0.0,0.0,0.2,10.2635,0.0,0.0,10.18,1.0,1.0,1310.241746449984,1050.0,1310.2250464499841,1050.0,0.0015666574550548852,0.0
3777,1633424401000.0,0.0,0.0,0.1,10.339,0.0,0.0,10.29,1.0,1.0,1310.254936439984,1050.0,1310.2500364399841,1050.0,0.0007890830793655687,0.0
3778,1633428001000.0,0.0,0.0,0.1,10.339,0.0,0.0,10.333,1.0,1.0,1310.254936439984,1050.0,1310.254336439984,1050.0,0.0007890830793655687,0.0
3779,1633431601000.0,0.0,0.0,0.1,10.413,0.0,0.0,10.31,1.0,1.0,1310.2615282399843,1050.0,1310.2512282399844,1050.0,0.00079472683701454,0.0
3780,1633435201000.0,0.0,0.0,0.1,10.413,0.0,0.0,10.31,1.0,1.0,1310.2615282399843,1050.0,1310.2512282399844,1050.0,0.00079472683701454,0.0
3781,1633438801000.0,0.0,0.0,0.1,10.413,0.0,0.0,10.238,1.0,1.0,1310.2615282399843,1050.0,1310.2440282399843,1050.0,0.00079472683701454,0.0
3782,1633442401000.0,0.0,0.0,0.1,10.413,0.0,0.0,10.255,1.0,1.0,1310.2615282399843,1050.0,1310.2457282399844,1050.0,0.00079472683701454,0.0
3783,1633446001000.0,0.0,0.0,0.5,10.139199999999999,0.0,0.0,10.072,1.0,1.0,1310.2611254099843,1050.0,1310.2275254099843,1050.0,0.0038691524167854003,0.0
3784,1633449601000.0,0.0,0.0,0.5,10.139199999999999,0.0,0.0,10.069,1.0,1.0,1310.2611254099843,1050.0,1310.2260254099842,1050.0,0.0038691524167854003,0.0
3785,1633453201000.0,0.0,0.0,0.5,10.139199999999999,0.0,0.0,10.124,1.0,1.0,1310.2611254099843,1050.0,1310.2535254099844,1050.0,0.0038691524167854003,0.0
3786,1633456801000.0,0.0,0.0,0.1,10.207,0.0,0.0,10.169,1.0,1.0,1310.3104113899838,1050.0,1310.3066113899838,1050.0,0.000778975722948913,0.0
3787,1633460401000.0,0.0,0.0,0.1,10.207,0.0,0.0,10.178,1.0,1.0,1310.3104113899838,1050.0,1310.3075113899838,1050.0,0.000778975722948913,0.0
3788,1633464001000.0,0.0,0.0,0.1,10.207,0.0,0.0,10.212,1.0,1.0,1310.3104113899838,1050.0,1310.3109113899839,1050.0,0.000778975722948913,0.0
3789,1633467601000.0,0.0,0.0,0.1,10.499,0.0,0.0,10.525,1.0,1.0,1310.3367805699838,1050.0,1310.3393805699839,1050.0,0.0008012443942413825,0.0
3790,1633471201000.0,0.0,0.0,0.1,10.569,0.0,0.0,10.419,1.0,1.0,1310.343469199984,1050.0,1310.3284691999838,1050.0,0.000806582415101652,0.0
3791,1633474801000.0,0.0,0.0,0.1,10.64,0.0,0.0,10.506,1.0,1.0,1310.350256409984,1050.0,1310.336856409984,1050.0,0.0008119966358575614,0.0
3792,1633478401000.0,0.0,0.0,0.1,10.64,0.0,0.0,10.513,1.0,1.0,1310.350256409984,1050.0,1310.337556409984,1050.0,0.0008119966358575614,0.0
3793,1633482001000.0,0.0,0.0,0.1,10.64,0.0,0.0,10.473,1.0,1.0,1310.350256409984,1050.0,1310.333556409984,1050.0,0.0008119966358575614,0.0
3794,1633485601000.0,0.0,0.0,0.2,10.5125,0.0,0.0,10.469,1.0,1.0,1310.350152559984,1050.0,1310.341452559984,1050.0,0.0016045329531899708,0.0
3795,1633489201000.0,0.0,0.0,0.2,10.5125,0.0,0.0,10.456,1.0,1.0,1310.350152559984,1050.0,1310.3388525599842,1050.0,0.0016045329531899708,0.0
3796,1633492801000.0,0.0,0.0,0.5,10.3604,0.0,0.0,10.236,1.0,1.0,1310.349844789984,1050.0,1310.287644789984,1050.0,0.003953295389469257,0.0
3797,1633496401000.0,0.0,0.0,1.2,10.212,0.0,0.0,10.177,1.0,1.0,1310.349137369984,1050.0,1310.307137369984,1050.0,0.009352011346072192,0.0
3798,1633500001000.0,0.0,0.0,1.2,10.212,0.0,0.0,10.229,1.0,1.0,1310.349137369984,1050.0,1310.369537369984,1050.0,0.009352011346072192,0.0
3799,1633503601000.0,0.0,0.0,0.1,10.296,0.0,0.0,10.209,1.0,1.0,1310.4282009299825,1050.0,1310.4195009299824,1050.0,0.0007856973768340114,0.0
3800,1633507201000.0,0.0,0.0,0.2,10.1725,0.0,0.0,10.0,1.0,1.0,1310.4281004399825,1050.0,1310.3936004399825,1050.0,0.0015525460720179206,0.0
3801,1633510801000.0,0.0,0.0,2.8,9.739214285714286,0.0,0.0,9.768,1.0,1.0,1310.4255769099825,1050.0,1310.5061769099825,1050.0,0.02080988075973219,0.0
3802,1633514401000.0,0.0,0.0,2.0,9.739214285714286,0.0,0.0,9.8,1.0,1.0,1310.4758212414115,1050.0,1310.597392669983,1050.0,0.014863630641408318,0.0
3803,1633518001000.0,0.0,0.0,0.1,9.805,0.0,0.0,9.834,1.0,1.0,1310.601334019984,1050.0,1310.604234019984,1050.0,0.0007481298656949554,0.0
3804,1633521601000.0,0.0,0.0,0.1,9.873,0.0,0.0,9.835,1.0,1.0,1310.607636589984,1050.0,1310.603836589984,1050.0,0.0007533147010869059,0.0
3805,1633525201000.0,0.0,0.0,0.1,10.013,0.0,0.0,10.022,1.0,1.0,1310.6202375699838,1050.0,1310.6211375699838,1050.0,0.0007639894237071348,0.0
3806,1633528801000.0,0.0,0.0,0.1,10.297,0.0,0.0,10.22,1.0,1.0,1310.6460226699835,1050.0,1310.6383226699834,1050.0,0.0007856430967549469,0.0
3807,1633532401000.0,0.0,0.0,0.1,10.297,0.0,0.0,10.277,1.0,1.0,1310.6460226699835,1050.0,1310.6440226699835,1050.0,0.0007856430967549469,0.0
3808,1633536001000.0,0.0,0.0,0.1,10.297,0.0,0.0,10.311,1.0,1.0,1310.6460226699835,1050.0,1310.6474226699836,1050.0,0.0007856430967549469,0.0
3809,1633539601000.0,0.0,0.0,0.1,10.371,0.0,0.0,10.356,1.0,1.0,1310.6526153099835,1050.0,1310.6511153099834,1050.0,0.0007912851871544275,0.0
3810,1633543201000.0,0.0,0.0,0.1,10.371,0.0,0.0,10.347,1.0,1.0,1310.6526153099835,1050.0,1310.6502153099834,1050.0,0.0007912851871544275,0.0
3811,1633546801000.0,0.0,0.0,0.1,10.371,0.0,0.0,10.391,1.0,1.0,1310.6526153099835,1050.0,1310.6546153099835,1050.0,0.0007912851871544275,0.0
3812,1633550401000.0,0.0,0.0,0.1,10.443,0.0,0.0,10.287,1.0,1.0,1310.6592064899837,1050.0,1310.6436064899838,1050.0,0.0007967746267137526,0.0
3813,1633554001000.0,0.0,0.0,0.2,10.317499999999999,0.0,0.0,10.16,1.0,1.0,1310.6591045699838,1050.0,1310.6276045699838,1050.0,0.0015743987073412325,0.0
3814,1633557601000.0,0.0,0.0,0.2,10.317499999999999,0.0,0.0,10.202,1.0,1.0,1310.6591045699838,1050.0,1310.6360045699837,1050.0,0.0015743987073412325,0.0
3815,1633561201000.0,0.0,0.0,0.2,10.317499999999999,0.0,0.0,10.262,1.0,1.0,1310.6591045699838,1050.0,1310.6480045699839,1050.0,0.0015743987073412325,0.0
3816,1633564801000.0,0.0,0.0,0.2,10.317499999999999,0.0,0.0,10.263,1.0,1.0,1310.6591045699838,1050.0,1310.6482045699838,1050.0,0.0015743987073412325,0.0
3817,1633568401000.0,0.0,0.0,0.5,10.1684,0.0,0.0,10.114,1.0,1.0,1310.6588024999837,1050.0,1310.6316024999837,1050.0,0.0038791178835424355,0.0
3818,1633572001000.0,0.0,0.0,0.5,10.1684,0.0,0.0,10.025,1.0,1.0,1310.6588024999837,1050.0,1310.5871024999838,1050.0,0.0038791178835424355,0.0
3819,1633575601000.0,0.0,0.0,0.5,10.1684,0.0,0.0,10.027,1.0,1.0,1310.6588024999837,1050.0,1310.5881024999837,1050.0,0.0038791178835424355,0.0
3820,1633579201000.0,0.0,0.0,0.5,10.1684,0.0,0.0,9.97,1.0,1.0,1310.6588024999837,1050.0,1310.5596024999836,1050.0,0.0038791178835424355,0.0
3821,1633582801000.0,0.0,0.0,0.5,10.1684,0.0,0.0,10.112,1.0,1.0,1310.6588024999837,1050.0,1310.6306024999838,1050.0,0.0038791178835424355,0.0
3822,1633586401000.0,0.0,0.0,0.5,10.1684,0.0,0.0,10.088,1.0,1.0,1310.6588024999837,1050.0,1310.6186024999838,1050.0,0.0038791178835424355,0.0
3823,1633590001000.0,0.0,0.0,0.5,10.1684,0.0,0.0,10.031,1.0,1.0,1310.6588024999837,1050.0,1310.5901024999837,1050.0,0.0038791178835424355,0.0
3824,1633593601000.0,0.0,0.0,0.3,10.1684,0.0,0.0,10.22,1.0,1.0,1310.671917799984,1050.0,1310.687397799984,1050.0,0.00232744744018047,0.0
3825,1633597201000.0,0.0,0.0,0.1,10.312,0.0,0.0,10.292,1.0,1.0,1310.6979821999842,1050.0,1310.6959821999842,1050.0,0.0007867563801915284,0.0
3826,1633600801000.0,0.0,0.0,0.2,10.1885,0.0,0.0,10.21,1.0,1.0,1310.6978815499842,1050.0,1310.7021815499843,1050.0,0.0015546679587139405,0.0
3827,1633604401000.0,0.0,0.0,0.2,10.1885,0.0,0.0,10.077,1.0,1.0,1310.6978815499842,1050.0,1310.6755815499841,1050.0,0.0015546679587139405,0.0
3828,1633608001000.0,0.0,0.0,0.2,10.1885,0.0,0.0,10.157,1.0,1.0,1310.6978815499842,1050.0,1310.6915815499842,1050.0,0.0015546679587139405,0.0
3829,1633611601000.0,0.0,0.0,0.2,10.1885,0.0,0.0,10.161,1.0,1.0,1310.6978815499842,1050.0,1310.6923815499842,1050.0,0.0015546679587139405,0.0
3830,1633615201000.0,0.0,0.0,0.1,10.257,0.0,0.0,10.293,1.0,1.0,1310.7110738599843,1050.0,1310.7146738599843,1050.0,0.0007825523263333393,0.0
3831,1633618801000.0,0.0,0.0,0.2,10.134,0.0,0.0,9.975,1.0,1.0,1310.7109737499843,1050.0,1310.6791737499843,1050.0,0.001546336332411457,0.0
3832,1633622401000.0,0.0,0.0,0.2,10.134,0.0,0.0,10.064,1.0,1.0,1310.7109737499843,1050.0,1310.6969737499844,1050.0,0.001546336332411457,0.0
3833,1633626001000.0,0.0,0.0,0.2,10.134,0.0,0.0,10.112,1.0,1.0,1310.7109737499843,1050.0,1310.7065737499843,1050.0,0.001546336332411457,0.0
3834,1633629601000.0,0.0,0.0,0.2,10.134,0.0,0.0,10.043,1.0,1.0,1310.7109737499843,1050.0,1310.6927737499843,1050.0,0.001546336332411457,0.0
3835,1633633201000.0,0.0,0.0,0.2,10.134,0.0,0.0,10.038,1.0,1.0,1310.7109737499843,1050.0,1310.6917737499843,1050.0,0.001546336332411457,0.0
3836,1633636801000.0,0.0,0.0,0.2,10.134,0.0,0.0,10.136,1.0,1.0,1310.7109737499843,1050.0,1310.7113737499842,1050.0,0.001546336332411457,0.0
3837,1633640401000.0,0.0,0.0,0.1,10.439,0.0,0.0,10.366,1.0,1.0,1310.7437458499842,1050.0,1310.7364458499842,1050.0,0.0007964180666931638,0.0
3838,1633644001000.0,0.0,0.0,0.1,10.439,0.0,0.0,10.351,1.0,1.0,1310.7437458499842,1050.0,1310.7349458499841,1050.0,0.0007964180666931638,0.0
3839,1633647601000.0,0.0,0.0,0.1,10.439,0.0,0.0,10.354,1.0,1.0,1310.7437458499842,1050.0,1310.7352458499843,1050.0,0.0007964180666931638,0.0
3840,1633651201000.0,0.0,0.0,0.1,10.439,0.0,0.0,10.309,1.0,1.0,1310.7437458499842,1050.0,1310.7307458499843,1050.0,0.0007964180666931638,0.0
3841,1633654801000.0,0.0,0.0,0.1,10.439,0.0,0.0,10.277,1.0,1.0,1310.7437458499842,1050.0,1310.7275458499842,1050.0,0.0007964180666931638,0.0
3842,1633658401000.0,0.0,0.0,0.2,10.313500000000001,0.0,0.0,10.211,1.0,1.0,1310.743643969984,1050.0,1310.723143969984,1050.0,0.0015736868223541324,0.0
3843,1633662001000.0,0.0,0.0,0.5,10.1644,0.0,0.0,10.042,1.0,1.0,1310.743342019984,1050.0,1310.682142019984,1050.0,0.003877341838843775,0.0
3844,1633665601000.0,0.0,0.0,0.5,10.1644,0.0,0.0,10.119,1.0,1.0,1310.743342019984,1050.0,1310.720642019984,1050.0,0.003877341838843775,0.0
3845,1633669201000.0,0.0,0.0,0.1,10.318,0.0,0.0,10.328,1.0,1.0,1310.7825219399836,1050.0,1310.7835219399835,1050.0,0.0007871633796832415,0.0
3846,1633672801000.0,0.0,0.0,0.1,10.318,0.0,0.0,10.319,1.0,1.0,1310.7825219399836,1050.0,1310.7826219399835,1050.0,0.0007871633796832415,0.0
3847,1633676401000.0,0.0,0.0,0.1,10.318,0.0,0.0,10.357,1.0,1.0,1310.7825219399836,1050.0,1310.7864219399835,1050.0,0.0007871633796832415,0.0
3848,1633680001000.0,0.0,0.0,0.1,10.462,0.0,0.0,10.408,1.0,1.0,1310.7957049599836,1050.0,1310.7903049599836,1050.0,0.0007981411565823973,0.0
3849,1633683601000.0,0.0,0.0,0.1,10.462,0.0,0.0,10.409,1.0,1.0,1310.7957049599836,1050.0,1310.7904049599836,1050.0,0.0007981411565823973,0.0
3850,1633687201000.0,0.0,0.0,0.1,10.462,0.0,0.0,10.402,1.0,1.0,1310.7957049599836,1050.0,1310.7897049599835,1050.0,0.0007981411565823973,0.0
3851,1633690801000.0,0.0,0.0,0.1,10.462,0.0,0.0,10.411,1.0,1.0,1310.7957049599836,1050.0,1310.7906049599835,1050.0,0.0007981411565823973,0.0
3852,1633694401000.0,0.0,0.0,0.2,10.336500000000001,0.0,0.0,10.187,1.0,1.0,1310.7956028499837,1050.0,1310.7657028499837,1050.0,0.00157713376174378,0.0
3853,1633698001000.0,0.0,0.0,0.5,10.186800000000002,0.0,0.0,10.187,1.0,1.0,1310.7953002399836,1050.0,1310.7954002399836,1050.0,0.003885732577060269,0.0
3854,1633701601000.0,0.0,0.0,0.5,10.186800000000002,0.0,0.0,10.147,1.0,1.0,1310.7953002399836,1050.0,1310.7754002399836,1050.0,0.003885732577060269,0.0
3855,1633705201000.0,0.0,0.0,0.1,10.261,0.0,0.0,10.253,1.0,1.0,1310.8282849299842,1050.0,1310.8274849299842,1050.0,0.0007827875029831291,0.0
3856,1633708801000.0,0.0,0.0,0.1,10.261,0.0,0.0,10.221,1.0,1.0,1310.8282849299842,1050.0,1310.8242849299843,1050.0,0.0007827875029831291,0.0
3857,1633712401000.0,0.0,0.0,0.1,10.261,0.0,0.0,10.254,1.0,1.0,1310.8282849299842,1050.0,1310.8275849299841,1050.0,0.0007827875029831291,0.0
3858,1633716001000.0,0.0,0.0,0.1,10.261,0.0,0.0,10.216,1.0,1.0,1310.8282849299842,1050.0,1310.8237849299842,1050.0,0.0007827875029831291,0.0
3859,1633719601000.0,0.0,0.0,0.1,10.261,0.0,0.0,10.253,1.0,1.0,1310.8282849299842,1050.0,1310.8274849299842,1050.0,0.0007827875029831291,0.0
3860,1633723201000.0,0.0,0.0,0.1,10.261,0.0,0.0,10.259,1.0,1.0,1310.8282849299842,1050.0,1310.8280849299842,1050.0,0.0007827875029831291,0.0
3861,1633726801000.0,0.0,0.0,0.2,10.138,0.0,0.0,10.059,1.0,1.0,1310.8281847799842,1050.0,1310.8123847799843,1050.0,0.0015468083640117352,0.0
3862,1633730401000.0,0.0,0.0,0.2,10.138,0.0,0.0,10.105,1.0,1.0,1310.8281847799842,1050.0,1310.8215847799843,1050.0,0.0015468083640117352,0.0
3863,1633734001000.0,0.0,0.0,0.2,10.138,0.0,0.0,10.057,1.0,1.0,1310.8281847799842,1050.0,1310.8119847799842,1050.0,0.0015468083640117352,0.0
3864,1633737601000.0,0.0,0.0,0.2,10.138,0.0,0.0,10.078,1.0,1.0,1310.8281847799842,1050.0,1310.8161847799843,1050.0,0.0015468083640117352,0.0
3865,1633741201000.0,0.0,0.0,0.2,10.138,0.0,0.0,10.069,1.0,1.0,1310.8281847799842,1050.0,1310.8143847799843,1050.0,0.0015468083640117352,0.0
3866,1633744801000.0,0.0,0.0,0.2,10.138,0.0,0.0,9.97,1.0,1.0,1310.8281847799842,1050.0,1310.7945847799842,1050.0,0.0015468083640117352,0.0
3867,1633748401000.0,0.0,0.0,0.2,10.138,0.0,0.0,10.025,1.0,1.0,1310.8281847799842,1050.0,1310.8055847799842,1050.0,0.0015468083640117352,0.0
3868,1633752001000.0,0.0,0.0,0.1,10.23,0.0,0.0,10.238,1.0,1.0,1310.8412783799843,1050.0,1310.8420783799843,1050.0,0.0007804148502740809,0.0
3869,1633755601000.0,0.0,0.0,0.1,10.23,0.0,0.0,10.217,1.0,1.0,1310.8412783799843,1050.0,1310.8399783799844,1050.0,0.0007804148502740809,0.0
3870,1633759201000.0,0.0,0.0,0.1,10.23,0.0,0.0,10.129,1.0,1.0,1310.8412783799843,1050.0,1310.8311783799843,1050.0,0.0007804148502740809,0.0
3871,1633762801000.0,0.0,0.0,0.1,10.3,0.0,0.0,10.126,1.0,1.0,1310.8477724099841,1050.0,1310.8303724099842,1050.0,0.0007857510396545531,0.0
3872,1633766401000.0,0.0,0.0,0.1,10.3,0.0,0.0,10.143,1.0,1.0,1310.8477724099841,1050.0,1310.8320724099842,1050.0,0.0007857510396545531,0.0
3873,1633770001000.0,0.0,0.0,0.2,10.1765,0.0,0.0,10.039,1.0,1.0,1310.847671879984,1050.0,1310.8201718799842,1050.0,0.0015526594307338742,0.0
3874,1633773601000.0,0.0,0.0,0.2,10.1765,0.0,0.0,10.088,1.0,1.0,1310.847671879984,1050.0,1310.829971879984,1050.0,0.0015526594307338742,0.0
3875,1633777201000.0,0.0,0.0,0.2,10.1765,0.0,0.0,10.138,1.0,1.0,1310.847671879984,1050.0,1310.839971879984,1050.0,0.0015526594307338742,0.0
3876,1633780801000.0,0.0,0.0,0.2,10.1765,0.0,0.0,10.076,1.0,1.0,1310.847671879984,1050.0,1310.8275718799841,1050.0,0.0015526594307338742,0.0
3877,1633784401000.0,0.0,0.0,0.2,10.1765,0.0,0.0,10.157,1.0,1.0,1310.847671879984,1050.0,1310.8437718799842,1050.0,0.0015526594307338742,0.0
3878,1633788001000.0,0.0,0.0,0.1,10.244,0.0,0.0,10.263,1.0,1.0,1310.8606645799841,1050.0,1310.862564579984,1050.0,0.0007814713094074192,0.0
3879,1633791601000.0,0.0,0.0,0.1,10.415,0.0,0.0,10.291,1.0,1.0,1310.8737498999842,1050.0,1310.8613498999841,1050.0,0.0007945082431313185,0.0
3880,1633795201000.0,0.0,0.0,0.1,10.415,0.0,0.0,10.231,1.0,1.0,1310.8737498999842,1050.0,1310.8553498999843,1050.0,0.0007945082431313185,0.0
3881,1633798801000.0,0.0,0.0,0.2,10.29,0.0,0.0,10.19,1.0,1.0,1310.8736482499842,1050.0,1310.8536482499842,1050.0,0.001569945358766979,0.0
3882,1633802401000.0,0.0,0.0,0.2,10.29,0.0,0.0,10.176,1.0,1.0,1310.8736482499842,1050.0,1310.8508482499842,1050.0,0.001569945358766979,0.0
3883,1633806001000.0,0.0,0.0,0.2,10.29,0.0,0.0,10.254,1.0,1.0,1310.8736482499842,1050.0,1310.8664482499842,1050.0,0.001569945358766979,0.0
3884,1633809601000.0,0.0,0.0,0.2,10.29,0.0,0.0,10.153,1.0,1.0,1310.8736482499842,1050.0,1310.8462482499842,1050.0,0.001569945358766979,0.0
3885,1633813201000.0,0.0,0.0,0.2,10.29,0.0,0.0,10.164,1.0,1.0,1310.8736482499842,1050.0,1310.8484482499841,1050.0,0.001569945358766979,0.0
3886,1633816801000.0,0.0,0.0,0.2,10.29,0.0,0.0,10.18,1.0,1.0,1310.8736482499842,1050.0,1310.8516482499842,1050.0,0.001569945358766979,0.0
3887,1633820401000.0,0.0,0.0,0.2,10.29,0.0,0.0,10.19,1.0,1.0,1310.8736482499842,1050.0,1310.8536482499842,1050.0,0.001569945358766979,0.0
3888,1633824001000.0,0.0,0.0,0.2,10.29,0.0,0.0,10.217,1.0,1.0,1310.8736482499842,1050.0,1310.8590482499842,1050.0,0.001569945358766979,0.0
3889,1633827601000.0,0.0,0.0,0.2,10.29,0.0,0.0,10.085,1.0,1.0,1310.8736482499842,1050.0,1310.8326482499842,1050.0,0.001569945358766979,0.0
3890,1633831201000.0,0.0,0.0,0.5,10.1412,0.0,0.0,10.007,1.0,1.0,1310.8733469899842,1050.0,1310.8062469899842,1050.0,0.003868108243746863,0.0
3891,1633834801000.0,0.0,0.0,0.5,10.1412,0.0,0.0,10.018,1.0,1.0,1310.8733469899842,1050.0,1310.8117469899842,1050.0,0.003868108243746863,0.0
3892,1633838401000.0,0.0,0.0,0.5,10.1412,0.0,0.0,10.094,1.0,1.0,1310.8733469899842,1050.0,1310.8497469899842,1050.0,0.003868108243746863,0.0
3893,1633842001000.0,0.0,0.0,0.5,10.1412,0.0,0.0,10.139,1.0,1.0,1310.8733469899842,1050.0,1310.8722469899842,1050.0,0.003868108243746863,0.0
3894,1633845601000.0,0.0,0.0,0.5,10.1412,0.0,0.0,10.122,1.0,1.0,1310.8733469899842,1050.0,1310.863746989984,1050.0,0.003868108243746863,0.0
3895,1633849201000.0,0.0,0.0,0.5,10.1412,0.0,0.0,10.19,1.0,1.0,1310.8733469899842,1050.0,1310.8977469899842,1050.0,0.003868108243746863,0.0
3896,1633852801000.0,0.0,0.0,0.5,10.1412,0.0,0.0,10.123,1.0,1.0,1310.8733469899842,1050.0,1310.8642469899842,1050.0,0.003868108243746863,0.0
3897,1633856401000.0,0.0,0.0,0.1,10.336,0.0,0.0,10.341,1.0,1.0,1310.9292255599844,1050.0,1310.9297255599845,1050.0,0.000788448361549405,0.0
3898,1633860001000.0,0.0,0.0,0.1,10.336,0.0,0.0,10.232,1.0,1.0,1310.9292255599844,1050.0,1310.9188255599845,1050.0,0.000788448361549405,0.0
3899,1633863601000.0,0.0,0.0,0.1,10.336,0.0,0.0,10.149,1.0,1.0,1310.9292255599844,1050.0,1310.9105255599843,1050.0,0.000788448361549405,0.0
3900,1633867201000.0,0.0,0.0,0.2,10.212,0.0,0.0,10.178,1.0,1.0,1310.9291246799844,1050.0,1310.9223246799843,1050.0,0.0015579789643460533,0.0
3901,1633870801000.0,0.0,0.0,0.2,10.212,0.0,0.0,10.092,1.0,1.0,1310.9291246799844,1050.0,1310.9051246799845,1050.0,0.0015579789643460533,0.0
3902,1633874401000.0,0.0,0.0,0.2,10.212,0.0,0.0,10.074,1.0,1.0,1310.9291246799844,1050.0,1310.9015246799845,1050.0,0.0015579789643460533,0.0
3903,1633878001000.0,0.0,0.0,0.2,10.212,0.0,0.0,10.135,1.0,1.0,1310.9291246799844,1050.0,1310.9137246799844,1050.0,0.0015579789643460533,0.0
3904,1633881601000.0,0.0,0.0,0.2,10.212,0.0,0.0,10.159,1.0,1.0,1310.9291246799844,1050.0,1310.9185246799843,1050.0,0.0015579789643460533,0.0
3905,1633885201000.0,0.0,0.0,0.2,10.212,0.0,0.0,10.101,1.0,1.0,1310.9291246799844,1050.0,1310.9069246799843,1050.0,0.0015579789643460533,0.0
3906,1633888801000.0,0.0,0.0,0.2,10.212,0.0,0.0,10.059,1.0,1.0,1310.9291246799844,1050.0,1310.8985246799843,1050.0,0.0015579789643460533,0.0
3907,1633892401000.0,0.0,0.0,0.2,10.212,0.0,0.0,10.062,1.0,1.0,1310.9291246799844,1050.0,1310.8991246799844,1050.0,0.0015579789643460533,0.0
3908,1633896001000.0,0.0,0.0,0.2,10.212,0.0,0.0,10.028,1.0,1.0,1310.9291246799844,1050.0,1310.8923246799843,1050.0,0.0015579789643460533,0.0
3909,1633899601000.0,0.0,0.0,0.5,10.0644,0.0,0.0,9.863,1.0,1.0,1310.9288256999844,1050.0,1310.8281256999844,1050.0,0.0038386523366842613,0.0
3910,1633903201000.0,0.0,0.0,2.8,9.776857142857144,0.0,0.0,9.718,1.0,1.0,1310.9265913999843,1050.0,1310.7617913999843,1050.0,0.020882328712826758,0.0
3911,1633906801000.0,0.0,0.0,2.8,9.776857142857144,0.0,0.0,9.746,1.0,1.0,1310.9265913999843,1050.0,1310.8401913999844,1050.0,0.020882328712826758,0.0
3912,1633910401000.0,0.0,0.0,2.8,9.776857142857144,0.0,0.0,9.597,1.0,1.0,1310.9265913999843,1050.0,1310.4229913999843,1050.0,0.020882328712826758,0.0
3913,1633914001000.0,0.0,0.0,6.5,9.624953846153847,0.0,0.0,9.668,1.0,1.0,1310.9230726999842,1050.0,1311.2028726999843,1050.0,0.047723776705788354,0.0
3914,1633917601000.0,0.0,0.0,1.6,9.624953846153847,0.0,0.0,9.673,1.0,1.0,1311.22725173383,1050.0,1311.3041255799837,1050.0,0.01174466602450712,0.0
3915,1633921201000.0,0.0,0.0,0.1,9.743,0.0,0.0,9.747,1.0,1.0,1311.3940713099844,1050.0,1311.3944713099843,1050.0,0.0007429498282135341,0.0
3916,1633924801000.0,0.0,0.0,0.1,9.816,0.0,0.0,9.828,1.0,1.0,1311.4002750799843,1050.0,1311.4014750799843,1050.0,0.0007485128824912979,0.0
3917,1633928401000.0,0.0,0.0,0.1,9.816,0.0,0.0,9.857,1.0,1.0,1311.4002750799843,1050.0,1311.4043750799844,1050.0,0.0007485128824912979,0.0
3918,1633932001000.0,0.0,0.0,0.1,9.816,0.0,0.0,9.811,1.0,1.0,1311.4002750799843,1050.0,1311.3997750799842,1050.0,0.0007485128824912979,0.0
3919,1633935601000.0,0.0,0.0,0.1,9.816,0.0,0.0,9.829,1.0,1.0,1311.4002750799843,1050.0,1311.4015750799842,1050.0,0.0007485128824912979,0.0
3920,1633939201000.0,0.0,0.0,0.1,9.951,0.0,0.0,9.951,1.0,1.0,1311.4128784299844,1050.0,1311.4128784299844,1050.0,0.000758799929730237,0.0
3921,1633942801000.0,0.0,0.0,0.1,10.023,0.0,0.0,9.976,1.0,1.0,1311.4191780399842,1050.0,1311.4144780399843,1050.0,0.0007642865201178571,0.0
3922,1633946401000.0,0.0,0.0,0.1,10.023,0.0,0.0,9.916,1.0,1.0,1311.4191780399842,1050.0,1311.4084780399842,1050.0,0.0007642865201178571,0.0
3923,1633950001000.0,0.0,0.0,0.1,10.023,0.0,0.0,9.817,1.0,1.0,1311.4191780399842,1050.0,1311.3985780399842,1050.0,0.0007642865201178571,0.0
3924,1633953601000.0,0.0,0.0,0.2,9.9025,0.0,0.0,9.786,1.0,1.0,1311.4190802199842,1050.0,1311.395780219984,1050.0,0.0015101961149351136,0.0
3925,1633957201000.0,0.0,0.0,0.2,9.9025,0.0,0.0,9.828,1.0,1.0,1311.4190802199842,1050.0,1311.4041802199843,1050.0,0.0015101961149351136,0.0
3926,1633960801000.0,0.0,0.0,0.2,9.9025,0.0,0.0,9.877,1.0,1.0,1311.4190802199842,1050.0,1311.413980219984,1050.0,0.0015101961149351136,0.0
3927,1633964401000.0,0.0,0.0,0.2,9.9025,0.0,0.0,9.816,1.0,1.0,1311.4190802199842,1050.0,1311.4017802199842,1050.0,0.0015101961149351136,0.0
3928,1633968001000.0,0.0,0.0,0.2,9.9025,0.0,0.0,9.769,1.0,1.0,1311.4190802199842,1050.0,1311.3923802199843,1050.0,0.0015101961149351136,0.0
3929,1633971601000.0,0.0,0.0,0.5,9.7594,0.0,0.0,9.671,1.0,1.0,1311.4187902999843,1050.0,1311.3745902999842,1050.0,0.0037209318915460855,0.0
3930,1633975201000.0,0.0,0.0,0.5,9.7594,0.0,0.0,9.605,1.0,1.0,1311.4187902999843,1050.0,1311.3415902999843,1050.0,0.0037209318915460855,0.0
3931,1633978801000.0,0.0,0.0,1.2,9.61975,0.0,0.0,9.55,1.0,1.0,1311.4181238999843,1050.0,1311.3344238999844,1050.0,0.008802455745899378,0.0
3932,1633982401000.0,0.0,0.0,1.2,9.61975,0.0,0.0,9.409,1.0,1.0,1311.4181238999843,1050.0,1311.1652238999843,1050.0,0.008802455745899378,0.0
3933,1633986001000.0,0.0,0.0,2.8,9.480464285714287,0.0,0.0,9.401,1.0,1.0,1311.4166237399843,1050.0,1311.1941237399842,1050.0,0.020241698571958292,0.0
3934,1633989601000.0,0.0,0.0,2.5,9.480464285714287,0.0,0.0,9.5,1.0,1.0,1311.43509816427,1050.0,1311.4839374499843,1050.0,0.01807269055667513,0.0
3935,1633993201000.0,0.0,0.0,1.6,9.480464285714287,0.0,0.0,9.51,1.0,1.0,1311.4905214371272,1050.0,1311.5377785799844,1050.0,0.011566033157846234,0.0
3936,1633996801000.0,0.0,0.0,1.0,9.480464285714287,0.0,0.0,9.585,1.0,1.0,1311.5325697756982,1050.0,1311.637105489984,1050.0,0.007228538965933314,0.0
3937,1634000401000.0,0.0,0.0,1.0,9.480464285714287,0.0,0.0,9.401,1.0,1.0,1311.5325697756982,1050.0,1311.453105489984,1050.0,0.007228538965933314,0.0
3938,1634004001000.0,0.0,0.0,1.0,9.480464285714287,0.0,0.0,9.444,1.0,1.0,1311.5325697756982,1050.0,1311.4961054899838,1050.0,0.007228538965933314,0.0
3939,1634007601000.0,0.0,0.0,1.0,9.480464285714287,0.0,0.0,9.349,1.0,1.0,1311.5325697756982,1050.0,1311.4011054899838,1050.0,0.007228538965933314,0.0
3940,1634011201000.0,0.0,0.0,1.0,9.480464285714287,0.0,0.0,9.315,1.0,1.0,1311.5325697756982,1050.0,1311.367105489984,1050.0,0.007228538965933314,0.0
3941,1634014801000.0,0.0,0.0,1.0,9.480464285714287,0.0,0.0,9.388,1.0,1.0,1311.5325697756982,1050.0,1311.440105489984,1050.0,0.007228538965933314,0.0
3942,1634018401000.0,0.0,0.0,1.0,9.480464285714287,0.0,0.0,9.47,1.0,1.0,1311.5325697756982,1050.0,1311.522105489984,1050.0,0.007228538965933314,0.0
3943,1634022001000.0,0.0,0.0,1.0,9.480464285714287,0.0,0.0,9.391,1.0,1.0,1311.5325697756982,1050.0,1311.443105489984,1050.0,0.007228538965933314,0.0
3944,1634025601000.0,0.0,0.0,1.0,9.480464285714287,0.0,0.0,9.381,1.0,1.0,1311.5325697756982,1050.0,1311.433105489984,1050.0,0.007228538965933314,0.0
3945,1634029201000.0,0.0,0.0,1.0,9.480464285714287,0.0,0.0,9.42,1.0,1.0,1311.5325697756982,1050.0,1311.472105489984,1050.0,0.007228538965933314,0.0
3946,1634032801000.0,0.0,0.0,5.4,9.203734126984129,0.0,0.0,9.092,1.0,1.0,1311.5285478056983,1050.0,1310.9251835199839,1050.0,0.0378948398560344,0.0
3947,1634036401000.0,0.0,0.0,5.4,9.203734126984129,0.0,0.0,9.171,1.0,1.0,1311.5285478056983,1050.0,1311.3517835199839,1050.0,0.0378948398560344,0.0
3948,1634040001000.0,0.0,0.0,5.4,9.203734126984129,0.0,0.0,9.197,1.0,1.0,1311.5285478056983,1050.0,1311.4921835199839,1050.0,0.0378948398560344,0.0
3949,1634043601000.0,0.0,0.0,12.6,9.045600340136055,0.0,0.0,8.995,1.0,1.0,1311.5221203656984,1050.0,1310.8845560799841,1050.0,0.08690251008037453,0.0
3950,1634047201000.0,0.0,0.0,0.1,9.304,0.0,0.0,9.271,1.0,1.0,1312.8763289999831,1050.0,1312.873028999983,1050.0,0.0007086729948956312,0.0
3951,1634050801000.0,0.0,0.0,0.1,9.368,0.0,0.0,9.215,1.0,1.0,1312.8822416699832,1050.0,1312.8669416699831,1050.0,0.0007135445741183861,0.0
3952,1634054401000.0,0.0,0.0,0.2,9.255500000000001,0.0,0.0,9.27,1.0,1.0,1312.882150239983,1050.0,1312.885050239983,1050.0,0.0014099513803745721,0.0
3953,1634058001000.0,0.0,0.0,0.1,9.318,0.0,0.0,9.33,1.0,1.0,1312.893970739983,1050.0,1312.8951707399829,1050.0,0.0007097298188328278,0.0
3954,1634061601000.0,0.0,0.0,0.1,9.318,0.0,0.0,9.157,1.0,1.0,1312.893970739983,1050.0,1312.8778707399829,1050.0,0.0007097298188328278,0.0
3955,1634065201000.0,0.0,0.0,0.1,9.318,0.0,0.0,9.19,1.0,1.0,1312.893970739983,1050.0,1312.881170739983,1050.0,0.0007097298188328278,0.0
3956,1634068801000.0,0.0,0.0,0.1,9.318,0.0,0.0,9.109,1.0,1.0,1312.893970739983,1050.0,1312.873070739983,1050.0,0.0007097298188328278,0.0
3957,1634072401000.0,0.0,0.0,0.2,9.206,0.0,0.0,9.208,1.0,1.0,1312.8938797999829,1050.0,1312.8942797999828,1050.0,0.0014023981894717215,0.0
3958,1634076001000.0,0.0,0.0,0.2,9.206,0.0,0.0,9.183,1.0,1.0,1312.8938797999829,1050.0,1312.889279799983,1050.0,0.0014023981894717215,0.0
3959,1634079601000.0,0.0,0.0,0.2,9.206,0.0,0.0,9.216,1.0,1.0,1312.8938797999829,1050.0,1312.8958797999828,1050.0,0.0014023981894717215,0.0
3960,1634083201000.0,0.0,0.0,0.1,9.206,0.0,0.0,9.227,1.0,1.0,1312.899887129983,1050.0,1312.901987129983,1050.0,0.0007011958863157831,0.0
3961,1634086801000.0,0.0,0.0,0.1,9.335,0.0,0.0,9.317,1.0,1.0,1312.9117150399832,1050.0,1312.9099150399832,1050.0,0.0007110150585955975,0.0
3962,1634090401000.0,0.0,0.0,0.1,9.335,0.0,0.0,9.26,1.0,1.0,1312.9117150399832,1050.0,1312.9042150399832,1050.0,0.0007110150585955975,0.0
3963,1634094001000.0,0.0,0.0,0.1,9.335,0.0,0.0,9.344,1.0,1.0,1312.9117150399832,1050.0,1312.9126150399832,1050.0,0.0007110150585955975,0.0
3964,1634097601000.0,0.0,0.0,0.1,9.335,0.0,0.0,9.309,1.0,1.0,1312.9117150399832,1050.0,1312.9091150399831,1050.0,0.0007110150585955975,0.0
3965,1634101201000.0,0.0,0.0,0.1,9.335,0.0,0.0,9.347,1.0,1.0,1312.9117150399832,1050.0,1312.912915039983,1050.0,0.0007110150585955975,0.0
3966,1634104801000.0,0.0,0.0,0.5,9.1516,0.0,0.0,9.06,1.0,1.0,1312.9172634999832,1050.0,1312.871463499983,1050.0,0.003485215806974617,0.0
3967,1634108401000.0,0.0,0.0,0.5,9.1516,0.0,0.0,9.179,1.0,1.0,1312.9172634999832,1050.0,1312.9309634999831,1050.0,0.003485215806974617,0.0
3968,1634112001000.0,0.0,0.0,0.1,9.223,0.0,0.0,9.08,1.0,1.0,1312.9469106699826,1050.0,1312.9326106699825,1050.0,0.0007024655700125456,0.0
3969,1634115601000.0,0.0,0.0,0.1,9.223,0.0,0.0,9.155,1.0,1.0,1312.9469106699826,1050.0,1312.9401106699825,1050.0,0.0007024655700125456,0.0
3970,1634119201000.0,0.0,0.0,0.1,9.223,0.0,0.0,9.243,1.0,1.0,1312.9469106699826,1050.0,1312.9489106699825,1050.0,0.0007024655700125456,0.0
3971,1634122801000.0,0.0,0.0,0.1,9.287,0.0,0.0,9.217,1.0,1.0,1312.9528249599828,1050.0,1312.9458249599827,1050.0,0.0007073369144304982,0.0
3972,1634126401000.0,0.0,0.0,0.1,9.287,0.0,0.0,9.314,1.0,1.0,1312.9528249599828,1050.0,1312.9555249599828,1050.0,0.0007073369144304982,0.0
3973,1634130001000.0,0.0,0.0,0.1,9.349,0.0,0.0,9.346,1.0,1.0,1312.9587379899829,1050.0,1312.958437989983,1050.0,0.0007120558879338772,0.0
3974,1634133601000.0,0.0,0.0,0.1,9.349,0.0,0.0,9.2,1.0,1.0,1312.9587379899829,1050.0,1312.943837989983,1050.0,0.0007120558879338772,0.0
3975,1634137201000.0,0.0,0.0,0.1,9.302,0.0,0.0,9.225,1.0,1.0,1312.970567759983,1050.0,1312.9628677599828,1050.0,0.0007084698033916971,0.0
3976,1634140801000.0,0.0,0.0,0.1,9.302,0.0,0.0,9.289,1.0,1.0,1312.970567759983,1050.0,1312.969267759983,1050.0,0.0007084698033916971,0.0
3977,1634144401000.0,0.0,0.0,0.1,9.302,0.0,0.0,9.245,1.0,1.0,1312.970567759983,1050.0,1312.964867759983,1050.0,0.0007084698033916971,0.0
3978,1634148001000.0,0.0,0.0,0.1,9.302,0.0,0.0,9.28,1.0,1.0,1312.970567759983,1050.0,1312.968367759983,1050.0,0.0007084698033916971,0.0
3979,1634151601000.0,0.0,0.0,0.1,9.302,0.0,0.0,9.232,1.0,1.0,1312.970567759983,1050.0,1312.9635677599829,1050.0,0.0007084698033916971,0.0
3980,1634155201000.0,0.0,0.0,0.1,9.302,0.0,0.0,9.302,1.0,1.0,1312.970567759983,1050.0,1312.970567759983,1050.0,0.0007084698033916971,0.0
3981,1634158801000.0,0.0,0.0,0.1,9.365,0.0,0.0,9.373,1.0,1.0,1312.976480479983,1050.0,1312.977280479983,1050.0,0.0007132648710185921,0.0
3982,1634162401000.0,0.0,0.0,0.1,9.365,0.0,0.0,9.345,1.0,1.0,1312.976480479983,1050.0,1312.974480479983,1050.0,0.0007132648710185921,0.0
3983,1634166001000.0,0.0,0.0,0.1,9.43,0.0,0.0,9.416,1.0,1.0,1312.9824919099829,1050.0,1312.9810919099828,1050.0,0.0007182121664305113,0.0
3984,1634169601000.0,0.0,0.0,0.1,9.43,0.0,0.0,9.404,1.0,1.0,1312.9824919099829,1050.0,1312.9798919099828,1050.0,0.0007182121664305113,0.0
3985,1634173201000.0,0.0,0.0,0.1,9.43,0.0,0.0,9.392,1.0,1.0,1312.9824919099829,1050.0,1312.978691909983,1050.0,0.0007182121664305113,0.0
3986,1634176801000.0,0.0,0.0,0.1,9.493,0.0,0.0,9.515,1.0,1.0,1312.988502059983,1050.0,1312.9907020599828,1050.0,0.0007230070929871951,0.0
3987,1634180401000.0,0.0,0.0,0.1,9.568,0.0,0.0,9.512,1.0,1.0,1312.994510829983,1050.0,1312.988910829983,1050.0,0.000728715917780325,0.0
3988,1634184001000.0,0.0,0.0,0.1,9.568,0.0,0.0,9.54,1.0,1.0,1312.994510829983,1050.0,1312.991710829983,1050.0,0.000728715917780325,0.0
3989,1634187601000.0,0.0,0.0,0.1,9.568,0.0,0.0,9.6,1.0,1.0,1312.994510829983,1050.0,1312.9977108299831,1050.0,0.000728715917780325,0.0
3990,1634191201000.0,0.0,0.0,0.1,9.568,0.0,0.0,9.618,1.0,1.0,1312.994510829983,1050.0,1312.9995108299831,1050.0,0.000728715917780325,0.0
3991,1634194801000.0,0.0,0.0,0.1,9.632,0.0,0.0,9.633,1.0,1.0,1313.0006181999831,1050.0,1313.000718199983,1050.0,0.0007335868594795247,0.0
3992,1634198401000.0,0.0,0.0,0.1,9.632,0.0,0.0,9.64,1.0,1.0,1313.0006181999831,1050.0,1313.0014181999832,1050.0,0.0007335868594795247,0.0
3993,1634202001000.0,0.0,0.0,0.1,9.767,0.0,0.0,9.806,1.0,1.0,1313.0129289999832,1050.0,1313.016828999983,1050.0,0.0007438616775418002,0.0
3994,1634205601000.0,0.0,0.0,0.1,9.767,0.0,0.0,9.806,1.0,1.0,1313.0129289999832,1050.0,1313.016828999983,1050.0,0.0007438616775418002,0.0
3995,1634209201000.0,0.0,0.0,0.1,9.832,0.0,0.0,9.887,1.0,1.0,1313.019132369983,1050.0,1313.024632369983,1050.0,0.0007488085860754644,0.0
3996,1634212801000.0,0.0,0.0,0.1,9.968,0.0,0.0,9.95,1.0,1.0,1313.0317350299829,1050.0,1313.0299350299829,1050.0,0.000759159107435616,0.0
3997,1634216401000.0,0.0,0.0,0.1,9.968,0.0,0.0,9.915,1.0,1.0,1313.0317350299829,1050.0,1313.0264350299828,1050.0,0.000759159107435616,0.0
3998,1634220001000.0,0.0,0.0,0.1,9.968,0.0,0.0,9.903,1.0,1.0,1313.0317350299829,1050.0,1313.025235029983,1050.0,0.000759159107435616,0.0
3999,1634223601000.0,0.0,0.0,0.1,9.968,0.0,0.0,9.84,1.0,1.0,1313.0317350299829,1050.0,1313.018935029983,1050.0,0.000759159107435616,0.0
4000,1634227201000.0,0.0,0.0,0.2,9.8485,0.0,0.0,9.794,1.0,1.0,1313.031637739983,1050.0,1313.020737739983,1050.0,0.0015001161764771245,0.0
4001,1634230801000.0,0.0,0.0,0.2,9.8485,0.0,0.0,9.737,1.0,1.0,1313.031637739983,1050.0,1313.0093377399828,1050.0,0.0015001161764771245,0.0
4002,1634234401000.0,0.0,0.0,0.2,9.8485,0.0,0.0,9.812,1.0,1.0,1313.031637739983,1050.0,1313.024337739983,1050.0,0.0015001161764771245,0.0
4003,1634238001000.0,0.0,0.0,0.2,9.8485,0.0,0.0,9.801,1.0,1.0,1313.031637739983,1050.0,1313.022137739983,1050.0,0.0015001161764771245,0.0
4004,1634241601000.0,0.0,0.0,0.2,9.8485,0.0,0.0,9.799,1.0,1.0,1313.031637739983,1050.0,1313.0217377399829,1050.0,0.0015001161764771245,0.0
4005,1634245201000.0,0.0,0.0,0.2,9.8485,0.0,0.0,9.751,1.0,1.0,1313.031637739983,1050.0,1313.0121377399828,1050.0,0.0015001161764771245,0.0
4006,1634248801000.0,0.0,0.0,0.1,9.968,0.0,0.0,9.999,1.0,1.0,1313.049639259983,1050.0,1313.052739259983,1050.0,0.0007591487558397129,0.0
4007,1634252401000.0,0.0,0.0,0.1,9.968,0.0,0.0,9.955,1.0,1.0,1313.049639259983,1050.0,1313.048339259983,1050.0,0.0007591487558397129,0.0
4008,1634256001000.0,0.0,0.0,0.1,9.968,0.0,0.0,10.002,1.0,1.0,1313.049639259983,1050.0,1313.053039259983,1050.0,0.0007591487558397129,0.0
4009,1634259601000.0,0.0,0.0,0.1,10.282,0.0,0.0,10.191,1.0,1.0,1313.0754268599826,1050.0,1313.0663268599826,1050.0,0.0007830471722852828,0.0
4010,1634263201000.0,0.0,0.0,0.1,10.282,0.0,0.0,10.107,1.0,1.0,1313.0754268599826,1050.0,1313.0579268599827,1050.0,0.0007830471722852828,0.0
4011,1634266801000.0,0.0,0.0,0.1,10.227,0.0,0.0,10.22,1.0,1.0,1313.0883197399826,1050.0,1313.0876197399825,1050.0,0.0007788508850665239,0.0
4012,1634270401000.0,0.0,0.0,0.1,10.227,0.0,0.0,10.082,1.0,1.0,1313.0883197399826,1050.0,1313.0738197399826,1050.0,0.0007788508850665239,0.0
4013,1634274001000.0,0.0,0.0,0.2,10.1045,0.0,0.0,9.988,1.0,1.0,1313.0882199199825,1050.0,1313.0649199199825,1050.0,0.0015390435839285426,0.0
4014,1634277601000.0,0.0,0.0,0.2,10.1045,0.0,0.0,10.022,1.0,1.0,1313.0882199199825,1050.0,1313.0717199199826,1050.0,0.0015390435839285426,0.0
4015,1634281201000.0,0.0,0.0,0.5,9.958400000000001,0.0,0.0,9.879,1.0,1.0,1313.0879240899826,1050.0,1313.0482240899826,1050.0,0.003791977603823267,0.0
4016,1634284801000.0,0.0,0.0,0.5,9.958400000000001,0.0,0.0,9.932,1.0,1.0,1313.0879240899826,1050.0,1313.0747240899825,1050.0,0.003791977603823267,0.0
4017,1634288401000.0,0.0,0.0,1.2,9.815833333333334,0.0,0.0,9.713,1.0,1.0,1313.0872441099825,1050.0,1312.9638441099826,1050.0,0.008970462589470868,0.0
4018,1634292001000.0,0.0,0.0,1.2,9.815833333333334,0.0,0.0,9.679,1.0,1.0,1313.0872441099825,1050.0,1312.9230441099826,1050.0,0.008970462589470868,0.0
4019,1634295601000.0,0.0,0.0,1.2,9.815833333333334,0.0,0.0,9.698,1.0,1.0,1313.0872441099825,1050.0,1312.9458441099825,1050.0,0.008970462589470868,0.0
4020,1634299201000.0,0.0,0.0,1.2,9.815833333333334,0.0,0.0,9.726,1.0,1.0,1313.0872441099825,1050.0,1312.9794441099825,1050.0,0.008970462589470868,0.0
4021,1634302801000.0,0.0,0.0,1.2,9.815833333333334,0.0,0.0,9.703,1.0,1.0,1313.0872441099825,1050.0,1312.9518441099826,1050.0,0.008970462589470868,0.0
4022,1634306401000.0,0.0,0.0,1.2,9.815833333333334,0.0,0.0,9.7,1.0,1.0,1313.0872441099825,1050.0,1312.9482441099826,1050.0,0.008970462589470868,0.0
4023,1634310001000.0,0.0,0.0,1.2,9.815833333333334,0.0,0.0,9.753,1.0,1.0,1313.0872441099825,1050.0,1313.0118441099826,1050.0,0.008970462589470868,0.0
4024,1634313601000.0,0.0,0.0,1.2,9.815833333333334,0.0,0.0,9.741,1.0,1.0,1313.0872441099825,1050.0,1312.9974441099826,1050.0,0.008970462589470868,0.0
4025,1634317201000.0,0.0,0.0,1.2,9.815833333333334,0.0,0.0,9.803,1.0,1.0,1313.0872441099825,1050.0,1313.0718441099825,1050.0,0.008970462589470868,0.0
4026,1634320801000.0,0.0,0.0,0.7,9.815833333333334,0.0,0.0,9.806,1.0,1.0,1313.118833443316,1050.0,1313.1119501099827,1050.0,0.005232643960574145,0.0
4027,1634324401000.0,0.0,0.0,0.1,9.885,0.0,0.0,9.916,1.0,1.0,1313.1629596599826,1050.0,1313.1660596599825,1050.0,0.0007527626276147421,0.0
4028,1634328001000.0,0.0,0.0,0.1,9.885,0.0,0.0,9.912,1.0,1.0,1313.1629596599826,1050.0,1313.1656596599826,1050.0,0.0007527626276147421,0.0
4029,1634331601000.0,0.0,0.0,0.1,9.951,0.0,0.0,9.921,1.0,1.0,1313.1692606499826,1050.0,1313.1662606499826,1050.0,0.0007577850242301994,0.0
4030,1634335201000.0,0.0,0.0,0.1,9.951,0.0,0.0,9.788,1.0,1.0,1313.1692606499826,1050.0,1313.1529606499826,1050.0,0.0007577850242301994,0.0
4031,1634338801000.0,0.0,0.0,0.1,9.951,0.0,0.0,9.792,1.0,1.0,1313.1692606499826,1050.0,1313.1533606499825,1050.0,0.0007577850242301994,0.0
4032,1634342401000.0,0.0,0.0,0.1,9.951,0.0,0.0,9.765,1.0,1.0,1313.1692606499826,1050.0,1313.1506606499825,1050.0,0.0007577850242301994,0.0
4033,1634346001000.0,0.0,0.0,0.1,9.951,0.0,0.0,9.837,1.0,1.0,1313.1692606499826,1050.0,1313.1578606499825,1050.0,0.0007577850242301994,0.0
4034,1634349601000.0,0.0,0.0,0.1,9.951,0.0,0.0,9.842,1.0,1.0,1313.1692606499826,1050.0,1313.1583606499826,1050.0,0.0007577850242301994,0.0
4035,1634353201000.0,0.0,0.0,0.1,9.951,0.0,0.0,9.901,1.0,1.0,1313.1692606499826,1050.0,1313.1642606499825,1050.0,0.0007577850242301994,0.0
4036,1634356801000.0,0.0,0.0,0.1,9.951,0.0,0.0,9.778,1.0,1.0,1313.1692606499826,1050.0,1313.1519606499826,1050.0,0.0007577850242301994,0.0
4037,1634360401000.0,0.0,0.0,0.1,9.951,0.0,0.0,9.773,1.0,1.0,1313.1692606499826,1050.0,1313.1514606499825,1050.0,0.0007577850242301994,0.0
4038,1634364001000.0,0.0,0.0,0.1,9.951,0.0,0.0,9.828,1.0,1.0,1313.1692606499826,1050.0,1313.1569606499825,1050.0,0.0007577850242301994,0.0
4039,1634367601000.0,0.0,0.0,0.1,9.951,0.0,0.0,9.861,1.0,1.0,1313.1692606499826,1050.0,1313.1602606499825,1050.0,0.0007577850242301994,0.0
4040,1634371201000.0,0.0,0.0,0.1,9.951,0.0,0.0,9.874,1.0,1.0,1313.1692606499826,1050.0,1313.1615606499824,1050.0,0.0007577850242301994,0.0
4041,1634374801000.0,0.0,0.0,0.1,10.053,0.0,0.0,10.024,1.0,1.0,1313.1755599599824,1050.0,1313.1726599599824,1050.0,0.0007655488197104701,0.0
4042,1634378401000.0,0.0,0.0,0.1,10.053,0.0,0.0,9.981,1.0,1.0,1313.1755599599824,1050.0,1313.1683599599824,1050.0,0.0007655488197104701,0.0
4043,1634382001000.0,0.0,0.0,0.1,10.053,0.0,0.0,10.02,1.0,1.0,1313.1755599599824,1050.0,1313.1722599599823,1050.0,0.0007655488197104701,0.0
4044,1634385601000.0,0.0,0.0,0.1,10.128,0.0,0.0,10.096,1.0,1.0,1313.1819574899823,1050.0,1313.1787574899822,1050.0,0.000771256408316687,0.0
4045,1634389201000.0,0.0,0.0,0.5,9.8616,0.0,0.0,9.779,1.0,1.0,1313.1815656899823,1050.0,1313.1402656899822,1050.0,0.003754850150831366,0.0
4046,1634392801000.0,0.0,0.0,0.5,9.8616,0.0,0.0,9.888,1.0,1.0,1313.1815656899823,1050.0,1313.1947656899824,1050.0,0.003754850150831366,0.0
4047,1634396401000.0,0.0,0.0,0.5,9.8616,0.0,0.0,9.839,1.0,1.0,1313.1815656899823,1050.0,1313.1702656899824,1050.0,0.003754850150831366,0.0
4048,1634400001000.0,0.0,0.0,0.5,9.8616,0.0,0.0,9.825,1.0,1.0,1313.1815656899823,1050.0,1313.1632656899824,1050.0,0.003754850150831366,0.0
4049,1634403601000.0,0.0,0.0,0.5,9.8616,0.0,0.0,9.863,1.0,1.0,1313.1815656899823,1050.0,1313.1822656899824,1050.0,0.003754850150831366,0.0
4050,1634407201000.0,0.0,0.0,0.5,9.8616,0.0,0.0,9.859,1.0,1.0,1313.1815656899823,1050.0,1313.1802656899824,1050.0,0.003754850150831366,0.0
4051,1634410801000.0,0.0,0.0,0.5,9.8616,0.0,0.0,9.835,1.0,1.0,1313.1815656899823,1050.0,1313.1682656899823,1050.0,0.003754850150831366,0.0
4052,1634414401000.0,0.0,0.0,0.5,9.8616,0.0,0.0,9.778,1.0,1.0,1313.1815656899823,1050.0,1313.1397656899824,1050.0,0.003754850150831366,0.0
4053,1634418001000.0,0.0,0.0,0.5,9.8616,0.0,0.0,9.802,1.0,1.0,1313.1815656899823,1050.0,1313.1517656899823,1050.0,0.003754850150831366,0.0
4054,1634421601000.0,0.0,0.0,0.5,9.8616,0.0,0.0,9.748,1.0,1.0,1313.1815656899823,1050.0,1313.1247656899823,1050.0,0.003754850150831366,0.0
4055,1634425201000.0,0.0,0.0,0.5,9.8616,0.0,0.0,9.792,1.0,1.0,1313.1815656899823,1050.0,1313.1467656899824,1050.0,0.003754850150831366,0.0
4056,1634428801000.0,0.0,0.0,0.5,9.8616,0.0,0.0,9.792,1.0,1.0,1313.1815656899823,1050.0,1313.1467656899824,1050.0,0.003754850150831366,0.0
4057,1634432401000.0,0.0,0.0,1.2,9.720666666666666,0.0,0.0,9.753,1.0,1.0,1313.1808922899822,1050.0,1313.2196922899823,1050.0,0.008882858461074934,0.0
4058,1634436001000.0,0.0,0.0,0.1,9.720666666666666,0.0,0.0,9.87,1.0,1.0,1313.302577406649,1050.0,1313.3175107399825,1050.0,0.0007401696177176369,0.0
4059,1634439601000.0,0.0,0.0,0.1,9.849,0.0,0.0,9.889,1.0,1.0,1313.3140138799824,1050.0,1313.3180138799823,1050.0,0.0007499348895929816,0.0
4060,1634443201000.0,0.0,0.0,0.1,9.916,0.0,0.0,9.912,1.0,1.0,1313.3203155799824,1050.0,1313.3199155799825,1050.0,0.0007550328645925912,0.0
4061,1634446801000.0,0.0,0.0,0.1,9.916,0.0,0.0,9.896,1.0,1.0,1313.3203155799824,1050.0,1313.3183155799825,1050.0,0.0007550328645925912,0.0
4062,1634450401000.0,0.0,0.0,0.1,9.916,0.0,0.0,9.813,1.0,1.0,1313.3203155799824,1050.0,1313.3100155799825,1050.0,0.0007550328645925912,0.0
4063,1634454001000.0,0.0,0.0,0.1,9.916,0.0,0.0,9.859,1.0,1.0,1313.3203155799824,1050.0,1313.3146155799825,1050.0,0.0007550328645925912,0.0
4064,1634457601000.0,0.0,0.0,0.1,9.916,0.0,0.0,9.811,1.0,1.0,1313.3203155799824,1050.0,1313.3098155799823,1050.0,0.0007550328645925912,0.0
4065,1634461201000.0,0.0,0.0,0.1,9.916,0.0,0.0,9.924,1.0,1.0,1313.3203155799824,1050.0,1313.3211155799825,1050.0,0.0007550328645925912,0.0
4066,1634464801000.0,0.0,0.0,0.1,9.916,0.0,0.0,9.914,1.0,1.0,1313.3203155799824,1050.0,1313.3201155799825,1050.0,0.0007550328645925912,0.0
4067,1634468401000.0,0.0,0.0,0.1,9.916,0.0,0.0,9.862,1.0,1.0,1313.3203155799824,1050.0,1313.3149155799824,1050.0,0.0007550328645925912,0.0
4068,1634472001000.0,0.0,0.0,0.1,9.916,0.0,0.0,9.827,1.0,1.0,1313.3203155799824,1050.0,1313.3114155799824,1050.0,0.0007550328645925912,0.0
4069,1634475601000.0,0.0,0.0,0.1,9.916,0.0,0.0,9.849,1.0,1.0,1313.3203155799824,1050.0,1313.3136155799825,1050.0,0.0007550328645925912,0.0
4070,1634479201000.0,0.0,0.0,0.1,9.916,0.0,0.0,9.827,1.0,1.0,1313.3203155799824,1050.0,1313.3114155799824,1050.0,0.0007550328645925912,0.0
4071,1634482801000.0,0.0,0.0,0.1,9.916,0.0,0.0,9.824,1.0,1.0,1313.3203155799824,1050.0,1313.3111155799825,1050.0,0.0007550328645925912,0.0
4072,1634486401000.0,0.0,0.0,0.2,9.797,0.0,0.0,9.667,1.0,1.0,1313.3202187999825,1050.0,1313.2942187999824,1050.0,0.0014919438320917338,0.0
4073,1634490001000.0,0.0,0.0,0.2,9.797,0.0,0.0,9.68,1.0,1.0,1313.3202187999825,1050.0,1313.2968187999825,1050.0,0.0014919438320917338,0.0
4074,1634493601000.0,0.0,0.0,0.2,9.797,0.0,0.0,9.73,1.0,1.0,1313.3202187999825,1050.0,1313.3068187999825,1050.0,0.0014919438320917338,0.0
4075,1634497201000.0,0.0,0.0,0.2,9.797,0.0,0.0,9.78,1.0,1.0,1313.3202187999825,1050.0,1313.3168187999825,1050.0,0.0014919438320917338,0.0
4076,1634500801000.0,0.0,0.0,0.2,9.797,0.0,0.0,9.674,1.0,1.0,1313.3202187999825,1050.0,1313.2956187999825,1050.0,0.0014919438320917338,0.0
4077,1634504401000.0,0.0,0.0,2.8,9.38007142857143,0.0,0.0,9.349,1.0,1.0,1313.3177883199826,1050.0,1313.2307883199826,1050.0,0.019998358534073914,0.0
4078,1634508001000.0,0.0,0.0,1.2,9.38007142857143,0.0,0.0,9.527,1.0,1.0,1313.4459602542681,1050.0,1313.6222745399823,1050.0,0.008569888716325007,0.0
4079,1634511601000.0,0.0,0.0,0.1,9.597,0.0,0.0,9.565,1.0,1.0,1313.6664307899828,1050.0,1313.6632307899827,1050.0,0.0007305507528443712,0.0
4080,1634515201000.0,0.0,0.0,0.1,9.597,0.0,0.0,9.574,1.0,1.0,1313.6664307899828,1050.0,1313.6641307899827,1050.0,0.0007305507528443712,0.0
4081,1634518801000.0,0.0,0.0,0.1,9.664,0.0,0.0,9.654,1.0,1.0,1313.6725375499827,1050.0,1313.6715375499828,1050.0,0.0007356475623691953,0.0
4082,1634522401000.0,0.0,0.0,0.1,9.664,0.0,0.0,9.627,1.0,1.0,1313.6725375499827,1050.0,1313.6688375499828,1050.0,0.0007356475623691953,0.0
4083,1634526001000.0,0.0,0.0,0.1,9.664,0.0,0.0,9.668,1.0,1.0,1313.6725375499827,1050.0,1313.6729375499826,1050.0,0.0007356475623691953,0.0
4084,1634529601000.0,0.0,0.0,0.1,9.664,0.0,0.0,9.618,1.0,1.0,1313.6725375499827,1050.0,1313.6679375499828,1050.0,0.0007356475623691953,0.0
4085,1634533201000.0,0.0,0.0,0.1,9.664,0.0,0.0,9.572,1.0,1.0,1313.6725375499827,1050.0,1313.6633375499828,1050.0,0.0007356475623691953,0.0
4086,1634536801000.0,0.0,0.0,0.1,9.664,0.0,0.0,9.532,1.0,1.0,1313.6725375499827,1050.0,1313.6593375499826,1050.0,0.0007356475623691953,0.0
4087,1634540401000.0,0.0,0.0,0.1,9.664,0.0,0.0,9.546,1.0,1.0,1313.6725375499827,1050.0,1313.6607375499827,1050.0,0.0007356475623691953,0.0
4088,1634544001000.0,0.0,0.0,0.1,9.664,0.0,0.0,9.483,1.0,1.0,1313.6725375499827,1050.0,1313.6544375499827,1050.0,0.0007356475623691953,0.0
4089,1634547601000.0,0.0,0.0,0.1,9.664,0.0,0.0,9.488,1.0,1.0,1313.6725375499827,1050.0,1313.6549375499828,1050.0,0.0007356475623691953,0.0
4090,1634551201000.0,0.0,0.0,0.2,9.548,0.0,0.0,9.43,1.0,1.0,1313.6724432299827,1050.0,1313.6488432299827,1050.0,0.0014536348157724805,0.0
4091,1634554801000.0,0.0,0.0,0.2,9.548,0.0,0.0,9.446,1.0,1.0,1313.6724432299827,1050.0,1313.6520432299826,1050.0,0.0014536348157724805,0.0
4092,1634558401000.0,0.0,0.0,0.2,9.548,0.0,0.0,9.394,1.0,1.0,1313.6724432299827,1050.0,1313.6416432299827,1050.0,0.0014536348157724805,0.0
4093,1634562001000.0,0.0,0.0,0.5,9.41,0.0,0.0,9.373,1.0,1.0,1313.6721636899827,1050.0,1313.6536636899827,1050.0,0.003581563292613352,0.0
4094,1634565601000.0,0.0,0.0,0.1,9.567,0.0,0.0,9.566,1.0,1.0,1313.708604179982,1050.0,1313.7085041799821,1050.0,0.0007282436888636905,0.0
4095,1634569201000.0,0.0,0.0,0.1,9.567,0.0,0.0,9.474,1.0,1.0,1313.708604179982,1050.0,1313.6993041799822,1050.0,0.0007282436888636905,0.0
4096,1634572801000.0,0.0,0.0,0.1,9.567,0.0,0.0,9.478,1.0,1.0,1313.708604179982,1050.0,1313.699704179982,1050.0,0.0007282436888636905,0.0
4097,1634576401000.0,0.0,0.0,0.1,9.567,0.0,0.0,9.372,1.0,1.0,1313.708604179982,1050.0,1313.689104179982,1050.0,0.0007282436888636905,0.0
4098,1634580001000.0,0.0,0.0,0.1,9.567,0.0,0.0,9.371,1.0,1.0,1313.708604179982,1050.0,1313.689004179982,1050.0,0.0007282436888636905,0.0
4099,1634583601000.0,0.0,0.0,0.1,9.567,0.0,0.0,9.402,1.0,1.0,1313.708604179982,1050.0,1313.6921041799822,1050.0,0.0007282436888636905,0.0
4100,1634587201000.0,0.0,0.0,0.1,9.518,0.0,0.0,9.525,1.0,1.0,1313.7206253499821,1050.0,1313.7213253499822,1050.0,0.0007245071605284689,0.0
4101,1634590801000.0,0.0,0.0,0.1,9.518,0.0,0.0,9.492,1.0,1.0,1313.7206253499821,1050.0,1313.718025349982,1050.0,0.0007245071605284689,0.0
4102,1634594401000.0,0.0,0.0,0.1,9.583,0.0,0.0,9.443,1.0,1.0,1313.7267337099822,1050.0,1313.7127337099823,1050.0,0.0007294515483396975,0.0
4103,1634598001000.0,0.0,0.0,0.1,9.583,0.0,0.0,9.466,1.0,1.0,1313.7267337099822,1050.0,1313.7150337099822,1050.0,0.0007294515483396975,0.0
4104,1634601601000.0,0.0,0.0,0.1,9.583,0.0,0.0,9.412,1.0,1.0,1313.7267337099822,1050.0,1313.7096337099822,1050.0,0.0007294515483396975,0.0
4105,1634605201000.0,0.0,0.0,0.2,9.468,0.0,0.0,9.331,1.0,1.0,1313.7266401799823,1050.0,1313.6992401799823,1050.0,0.0014413957531839155,0.0
4106,1634608801000.0,0.0,0.0,0.2,9.468,0.0,0.0,9.421,1.0,1.0,1313.7266401799823,1050.0,1313.7172401799824,1050.0,0.0014413957531839155,0.0
4107,1634612401000.0,0.0,0.0,0.2,9.468,0.0,0.0,9.498,1.0,1.0,1313.7266401799823,1050.0,1313.7326401799824,1050.0,0.0014413957531839155,0.0
4108,1634616001000.0,0.0,0.0,0.1,9.534,0.0,0.0,9.506,1.0,1.0,1313.7387542399822,1050.0,1313.7359542399822,1050.0,0.000725715060869584,0.0
4109,1634619601000.0,0.0,0.0,0.1,9.534,0.0,0.0,9.477,1.0,1.0,1313.7387542399822,1050.0,1313.7330542399823,1050.0,0.000725715060869584,0.0
4110,1634623201000.0,0.0,0.0,0.1,9.534,0.0,0.0,9.483,1.0,1.0,1313.7387542399822,1050.0,1313.7336542399821,1050.0,0.000725715060869584,0.0
4111,1634626801000.0,0.0,0.0,0.1,9.534,0.0,0.0,9.465,1.0,1.0,1313.7387542399822,1050.0,1313.731854239982,1050.0,0.000725715060869584,0.0
4112,1634630401000.0,0.0,0.0,0.1,9.534,0.0,0.0,9.464,1.0,1.0,1313.7387542399822,1050.0,1313.7317542399821,1050.0,0.000725715060869584,0.0
4113,1634634001000.0,0.0,0.0,0.1,9.534,0.0,0.0,9.466,1.0,1.0,1313.7387542399822,1050.0,1313.731954239982,1050.0,0.000725715060869584,0.0
4114,1634637601000.0,0.0,0.0,0.1,9.534,0.0,0.0,9.448,1.0,1.0,1313.7387542399822,1050.0,1313.7301542399823,1050.0,0.000725715060869584,0.0
4115,1634641201000.0,0.0,0.0,0.1,9.534,0.0,0.0,9.447,1.0,1.0,1313.7387542399822,1050.0,1313.730054239982,1050.0,0.000725715060869584,0.0
4116,1634644801000.0,0.0,0.0,0.1,9.534,0.0,0.0,9.465,1.0,1.0,1313.7387542399822,1050.0,1313.731854239982,1050.0,0.000725715060869584,0.0
4117,1634648401000.0,0.0,0.0,0.1,9.534,0.0,0.0,9.488,1.0,1.0,1313.7387542399822,1050.0,1313.7341542399822,1050.0,0.000725715060869584,0.0
4118,1634652001000.0,0.0,0.0,0.1,9.534,0.0,0.0,9.426,1.0,1.0,1313.7387542399822,1050.0,1313.7279542399822,1050.0,0.000725715060869584,0.0
4119,1634655601000.0,0.0,0.0,0.2,9.4195,0.0,0.0,9.4,1.0,1.0,1313.7386611899822,1050.0,1313.7347611899822,1050.0,0.001433999056017402,0.0
4120,1634659201000.0,0.0,0.0,0.2,9.4195,0.0,0.0,9.326,1.0,1.0,1313.7386611899822,1050.0,1313.719961189982,1050.0,0.001433999056017402,0.0
4121,1634662801000.0,0.0,0.0,0.2,9.4195,0.0,0.0,9.388,1.0,1.0,1313.7386611899822,1050.0,1313.7323611899822,1050.0,0.001433999056017402,0.0
4122,1634666401000.0,0.0,0.0,0.2,9.4195,0.0,0.0,9.411,1.0,1.0,1313.7386611899822,1050.0,1313.7369611899821,1050.0,0.001433999056017402,0.0
4123,1634670001000.0,0.0,0.0,0.2,9.4195,0.0,0.0,9.327,1.0,1.0,1313.7386611899822,1050.0,1313.7201611899823,1050.0,0.001433999056017402,0.0
4124,1634673601000.0,0.0,0.0,0.2,9.4195,0.0,0.0,9.318,1.0,1.0,1313.7386611899822,1050.0,1313.7183611899823,1050.0,0.001433999056017402,0.0
4125,1634677201000.0,0.0,0.0,0.2,9.4195,0.0,0.0,9.423,1.0,1.0,1313.7386611899822,1050.0,1313.7393611899822,1050.0,0.001433999056017402,0.0
4126,1634680801000.0,0.0,0.0,0.1,9.486,0.0,0.0,9.387,1.0,1.0,1313.750876689982,1050.0,1313.740976689982,1050.0,0.0007220547036969552,0.0
4127,1634684401000.0,0.0,0.0,0.1,9.486,0.0,0.0,9.499,1.0,1.0,1313.750876689982,1050.0,1313.752176689982,1050.0,0.0007220547036969552,0.0
4128,1634688001000.0,0.0,0.0,0.1,9.486,0.0,0.0,9.405,1.0,1.0,1313.750876689982,1050.0,1313.742776689982,1050.0,0.0007220547036969552,0.0
4129,1634691601000.0,0.0,0.0,0.1,9.486,0.0,0.0,9.423,1.0,1.0,1313.750876689982,1050.0,1313.744576689982,1050.0,0.0007220547036969552,0.0
4130,1634695201000.0,0.0,0.0,0.1,9.486,0.0,0.0,9.433,1.0,1.0,1313.750876689982,1050.0,1313.745576689982,1050.0,0.0007220547036969552,0.0
4131,1634698801000.0,0.0,0.0,0.1,9.486,0.0,0.0,9.436,1.0,1.0,1313.750876689982,1050.0,1313.745876689982,1050.0,0.0007220547036969552,0.0
4132,1634702401000.0,0.0,0.0,0.1,9.486,0.0,0.0,9.355,1.0,1.0,1313.750876689982,1050.0,1313.7377766899822,1050.0,0.0007220547036969552,0.0
4133,1634706001000.0,0.0,0.0,0.1,9.486,0.0,0.0,9.419,1.0,1.0,1313.750876689982,1050.0,1313.7441766899822,1050.0,0.0007220547036969552,0.0
4134,1634709601000.0,0.0,0.0,0.1,9.486,0.0,0.0,9.44,1.0,1.0,1313.750876689982,1050.0,1313.746276689982,1050.0,0.0007220547036969552,0.0
4135,1634713201000.0,0.0,0.0,0.1,9.486,0.0,0.0,9.472,1.0,1.0,1313.750876689982,1050.0,1313.749476689982,1050.0,0.0007220547036969552,0.0
4136,1634716801000.0,0.0,0.0,0.1,9.486,0.0,0.0,9.505,1.0,1.0,1313.750876689982,1050.0,1313.752776689982,1050.0,0.0007220547036969552,0.0
4137,1634720401000.0,0.0,0.0,0.1,9.486,0.0,0.0,9.447,1.0,1.0,1313.750876689982,1050.0,1313.7469766899821,1050.0,0.0007220547036969552,0.0
4138,1634724001000.0,0.0,0.0,0.1,9.486,0.0,0.0,9.508,1.0,1.0,1313.750876689982,1050.0,1313.753076689982,1050.0,0.0007220547036969552,0.0
4139,1634727601000.0,0.0,0.0,0.1,9.486,0.0,0.0,9.504,1.0,1.0,1313.750876689982,1050.0,1313.752676689982,1050.0,0.0007220547036969552,0.0
4140,1634731201000.0,0.0,0.0,0.1,9.615,0.0,0.0,9.568,1.0,1.0,1313.762993429982,1050.0,1313.7582934299821,1050.0,0.000731867166915479,0.0
4141,1634734801000.0,0.0,0.0,0.1,9.684,0.0,0.0,9.66,1.0,1.0,1313.7690998099822,1050.0,1313.7666998099821,1050.0,0.000737115829669053,0.0
4142,1634738401000.0,0.0,0.0,0.1,9.751,0.0,0.0,9.74,1.0,1.0,1313.7753048199822,1050.0,1313.7742048199823,1050.0,0.0007422121548658668,0.0
4143,1634742001000.0,0.0,0.0,0.1,9.751,0.0,0.0,9.72,1.0,1.0,1313.7753048199822,1050.0,1313.7722048199823,1050.0,0.0007422121548658668,0.0
4144,1634745601000.0,0.0,0.0,0.1,9.751,0.0,0.0,9.76,1.0,1.0,1313.7753048199822,1050.0,1313.7762048199822,1050.0,0.0007422121548658668,0.0
4145,1634749201000.0,0.0,0.0,0.1,9.818,0.0,0.0,9.849,1.0,1.0,1313.7815084899823,1050.0,1313.7846084899822,1050.0,0.0007473084326848602,0.0
4146,1634752801000.0,0.0,0.0,0.1,9.818,0.0,0.0,9.856,1.0,1.0,1313.7815084899823,1050.0,1313.7853084899823,1050.0,0.0007473084326848602,0.0
4147,1634756401000.0,0.0,0.0,0.1,9.884,0.0,0.0,9.919,1.0,1.0,1313.7878108199823,1050.0,1313.7913108199823,1050.0,0.0007523284900802238,0.0
4148,1634760001000.0,0.0,0.0,0.1,9.884,0.0,0.0,9.922,1.0,1.0,1313.7878108199823,1050.0,1313.7916108199822,1050.0,0.0007523284900802238,0.0
4149,1634763601000.0,0.0,0.0,0.1,9.884,0.0,0.0,9.937,1.0,1.0,1313.7878108199823,1050.0,1313.7931108199823,1050.0,0.0007523284900802238,0.0
4150,1634767201000.0,0.0,0.0,0.1,9.884,0.0,0.0,9.932,1.0,1.0,1313.7878108199823,1050.0,1313.7926108199822,1050.0,0.0007523284900802238,0.0
4151,1634770801000.0,0.0,0.0,0.1,10.022,0.0,0.0,9.883,1.0,1.0,1313.8004113599825,1050.0,1313.7865113599826,1050.0,0.0007628251531467943,0.0
4152,1634774401000.0,0.0,0.0,0.1,10.022,0.0,0.0,9.968,1.0,1.0,1313.8004113599825,1050.0,1313.7950113599825,1050.0,0.0007628251531467943,0.0
4153,1634778001000.0,0.0,0.0,0.1,10.096,0.0,0.0,10.058,1.0,1.0,1313.8068095199824,1050.0,1313.8030095199824,1050.0,0.000768453925405419,0.0
4154,1634781601000.0,0.0,0.0,0.1,10.096,0.0,0.0,9.998,1.0,1.0,1313.8068095199824,1050.0,1313.7970095199823,1050.0,0.000768453925405419,0.0
4155,1634785201000.0,0.0,0.0,0.2,9.975,0.0,0.0,10.001,1.0,1.0,1313.8067109799824,1050.0,1313.8119109799825,1050.0,0.001518488209359129,0.0
4156,1634788801000.0,0.0,0.0,0.2,9.975,0.0,0.0,9.973,1.0,1.0,1313.8067109799824,1050.0,1313.8063109799825,1050.0,0.001518488209359129,0.0
4157,1634792401000.0,0.0,0.0,0.2,9.975,0.0,0.0,9.957,1.0,1.0,1313.8067109799824,1050.0,1313.8031109799824,1050.0,0.001518488209359129,0.0
4158,1634796001000.0,0.0,0.0,0.2,9.975,0.0,0.0,9.959,1.0,1.0,1313.8067109799824,1050.0,1313.8035109799823,1050.0,0.001518488209359129,0.0
4159,1634799601000.0,0.0,0.0,0.2,9.975,0.0,0.0,9.903,1.0,1.0,1313.8067109799824,1050.0,1313.7923109799824,1050.0,0.001518488209359129,0.0
4160,1634803201000.0,0.0,0.0,0.2,9.975,0.0,0.0,9.898,1.0,1.0,1313.8067109799824,1050.0,1313.7913109799824,1050.0,0.001518488209359129,0.0
4161,1634806801000.0,0.0,0.0,0.2,9.975,0.0,0.0,9.997,1.0,1.0,1313.8067109799824,1050.0,1313.8111109799825,1050.0,0.001518488209359129,0.0
4162,1634810401000.0,0.0,0.0,0.1,10.042,0.0,0.0,9.992,1.0,1.0,1313.8196097399823,1050.0,1313.8146097399822,1050.0,0.0007643362852520834,0.0
4163,1634814001000.0,0.0,0.0,0.1,10.042,0.0,0.0,9.964,1.0,1.0,1313.8196097399823,1050.0,1313.8118097399822,1050.0,0.0007643362852520834,0.0
4164,1634817601000.0,0.0,0.0,0.2,9.9215,0.0,0.0,9.838,1.0,1.0,1313.8195117299822,1050.0,1313.8028117299823,1050.0,0.0015103292212391925,0.0
4165,1634821201000.0,0.0,0.0,0.1,9.846,0.0,0.0,9.836,1.0,1.0,1313.8507307099815,1050.0,1313.8497307099815,1050.0,0.0007494001997227948,0.0
4166,1634824801000.0,0.0,0.0,0.1,9.912,0.0,0.0,9.827,1.0,1.0,1313.8570324799814,1050.0,1313.8485324799815,1050.0,0.000754419982917816,0.0
4167,1634828401000.0,0.0,0.0,0.5,9.6514,0.0,0.0,9.622,1.0,1.0,1313.8566490299816,1050.0,1313.8419490299816,1050.0,0.0036729273346242206,0.0
4168,1634832001000.0,0.0,0.0,1.1,9.5135,0.0,0.0,9.546,1.0,1.0,1313.8621442199815,1050.0,1313.8978942199815,1050.0,0.00796495282708127,0.0
4169,1634835601000.0,0.0,0.0,0.1,9.578,0.0,0.0,9.459,1.0,1.0,1313.9297450799802,1050.0,1313.9178450799802,1050.0,0.0007289583051045837,0.0
4170,1634839201000.0,0.0,0.0,0.1,9.578,0.0,0.0,9.473,1.0,1.0,1313.9297450799802,1050.0,1313.91924507998,1050.0,0.0007289583051045837,0.0
4171,1634842801000.0,0.0,0.0,0.1,9.578,0.0,0.0,9.485,1.0,1.0,1313.9297450799802,1050.0,1313.9204450799803,1050.0,0.0007289583051045837,0.0
4172,1634846401000.0,0.0,0.0,0.1,9.578,0.0,0.0,9.497,1.0,1.0,1313.9297450799802,1050.0,1313.9216450799802,1050.0,0.0007289583051045837,0.0
4173,1634850001000.0,0.0,0.0,0.1,9.578,0.0,0.0,9.509,1.0,1.0,1313.9297450799802,1050.0,1313.92284507998,1050.0,0.0007289583051045837,0.0
4174,1634853601000.0,0.0,0.0,0.1,9.578,0.0,0.0,9.533,1.0,1.0,1313.9297450799802,1050.0,1313.9252450799802,1050.0,0.0007289583051045837,0.0
4175,1634857201000.0,0.0,0.0,0.1,9.578,0.0,0.0,9.458,1.0,1.0,1313.9297450799802,1050.0,1313.9177450799803,1050.0,0.0007289583051045837,0.0
4176,1634860801000.0,0.0,0.0,0.1,9.578,0.0,0.0,9.47,1.0,1.0,1313.9297450799802,1050.0,1313.9189450799802,1050.0,0.0007289583051045837,0.0
4177,1634864401000.0,0.0,0.0,0.1,9.578,0.0,0.0,9.61,1.0,1.0,1313.9297450799802,1050.0,1313.9329450799803,1050.0,0.0007289583051045837,0.0
4178,1634868001000.0,0.0,0.0,0.1,9.646,0.0,0.0,9.582,1.0,1.0,1313.9358522099803,1050.0,1313.9294522099804,1050.0,0.0007341302076334905,0.0
4179,1634871601000.0,0.0,0.0,0.1,9.646,0.0,0.0,9.616,1.0,1.0,1313.9358522099803,1050.0,1313.9328522099804,1050.0,0.0007341302076334905,0.0
4180,1634875201000.0,0.0,0.0,0.1,9.711,0.0,0.0,9.717,1.0,1.0,1313.9419580099802,1050.0,1313.9425580099803,1050.0,0.0007390737422456403,0.0
4181,1634878801000.0,0.0,0.0,0.1,9.711,0.0,0.0,9.714,1.0,1.0,1313.9419580099802,1050.0,1313.9422580099802,1050.0,0.0007390737422456403,0.0
4182,1634882401000.0,0.0,0.0,0.1,9.711,0.0,0.0,9.703,1.0,1.0,1313.9419580099802,1050.0,1313.9411580099802,1050.0,0.0007390737422456403,0.0
4183,1634886001000.0,0.0,0.0,0.1,9.711,0.0,0.0,9.64,1.0,1.0,1313.9419580099802,1050.0,1313.9348580099802,1050.0,0.0007390737422456403,0.0
4184,1634889601000.0,0.0,0.0,0.1,9.711,0.0,0.0,9.698,1.0,1.0,1313.9419580099802,1050.0,1313.9406580099803,1050.0,0.0007390737422456403,0.0
4185,1634893201000.0,0.0,0.0,0.1,9.711,0.0,0.0,9.735,1.0,1.0,1313.9419580099802,1050.0,1313.9443580099803,1050.0,0.0007390737422456403,0.0
4186,1634896801000.0,0.0,0.0,0.1,9.711,0.0,0.0,9.676,1.0,1.0,1313.9419580099802,1050.0,1313.9384580099802,1050.0,0.0007390737422456403,0.0
4187,1634900401000.0,0.0,0.0,0.1,9.841,0.0,0.0,9.789,1.0,1.0,1313.9543656899802,1050.0,1313.9491656899802,1050.0,0.000748960561870984,0.0
4188,1634904001000.0,0.0,0.0,0.1,9.841,0.0,0.0,9.781,1.0,1.0,1313.9543656899802,1050.0,1313.9483656899802,1050.0,0.000748960561870984,0.0
4189,1634907601000.0,0.0,0.0,0.1,9.841,0.0,0.0,9.814,1.0,1.0,1313.9543656899802,1050.0,1313.9516656899802,1050.0,0.000748960561870984,0.0
4190,1634911201000.0,0.0,0.0,0.2,9.722999999999999,0.0,0.0,9.583,1.0,1.0,1313.9542696399803,1050.0,1313.9262696399803,1050.0,0.0014799601819725542,0.0
4191,1634914801000.0,0.0,0.0,0.5,9.5826,0.0,0.0,9.617,1.0,1.0,1313.9539849699804,1050.0,1313.9711849699804,1050.0,0.003646474728039632,0.0
4192,1634918401000.0,0.0,0.0,0.1,9.647,0.0,0.0,9.493,1.0,1.0,1313.9851061999805,1050.0,1313.9697061999805,1050.0,0.0007341787935404336,0.0
4193,1634922001000.0,0.0,0.0,0.2,9.531500000000001,0.0,0.0,9.553,1.0,1.0,1313.9850120399806,1050.0,1313.9893120399806,1050.0,0.001450777583102293,0.0
4194,1634925601000.0,0.0,0.0,0.2,9.531500000000001,0.0,0.0,9.492,1.0,1.0,1313.9850120399806,1050.0,1313.9771120399805,1050.0,0.001450777583102293,0.0
4195,1634929201000.0,0.0,0.0,0.2,9.531500000000001,0.0,0.0,9.536,1.0,1.0,1313.9850120399806,1050.0,1313.9859120399806,1050.0,0.001450777583102293,0.0
4196,1634932801000.0,0.0,0.0,0.1,9.598,0.0,0.0,9.591,1.0,1.0,1313.9972241799805,1050.0,1313.9965241799805,1050.0,0.0007304429433623633,0.0
4197,1634936401000.0,0.0,0.0,0.1,9.598,0.0,0.0,9.58,1.0,1.0,1313.9972241799805,1050.0,1313.9954241799805,1050.0,0.0007304429433623633,0.0
4198,1634940001000.0,0.0,0.0,0.1,9.598,0.0,0.0,9.529,1.0,1.0,1313.9972241799805,1050.0,1313.9903241799805,1050.0,0.0007304429433623633,0.0
4199,1634943601000.0,0.0,0.0,0.1,9.598,0.0,0.0,9.634,1.0,1.0,1313.9972241799805,1050.0,1314.0008241799806,1050.0,0.0007304429433623633,0.0
4200,1634947201000.0,0.0,0.0,0.1,9.663,0.0,0.0,9.664,1.0,1.0,1314.0033309399807,1050.0,1314.0034309399807,1050.0,0.0007353862636776964,0.0
4201,1634950801000.0,0.0,0.0,0.1,9.729,0.0,0.0,9.716,1.0,1.0,1314.0095363799808,1050.0,1314.0082363799809,1050.0,0.0007404055853964975,0.0
4202,1634954401000.0,0.0,0.0,0.1,9.729,0.0,0.0,9.737,1.0,1.0,1314.0095363799808,1050.0,1314.0103363799808,1050.0,0.0007404055853964975,0.0
4203,1634958001000.0,0.0,0.0,0.1,9.729,0.0,0.0,9.777,1.0,1.0,1314.0095363799808,1050.0,1314.0143363799807,1050.0,0.0007404055853964975,0.0
4204,1634961601000.0,0.0,0.0,0.1,9.795,0.0,0.0,9.785,1.0,1.0,1314.0157404999807,1050.0,1314.0147404999807,1050.0,0.0007454248604566198,0.0
4205,1634965201000.0,0.0,0.0,0.1,9.795,0.0,0.0,9.748,1.0,1.0,1314.0157404999807,1050.0,1314.0110404999807,1050.0,0.0007454248604566198,0.0
4206,1634968801000.0,0.0,0.0,0.1,9.795,0.0,0.0,9.672,1.0,1.0,1314.0157404999807,1050.0,1314.0034404999806,1050.0,0.0007454248604566198,0.0
4207,1634972401000.0,0.0,0.0,0.1,9.795,0.0,0.0,9.706,1.0,1.0,1314.0157404999807,1050.0,1314.0068404999806,1050.0,0.0007454248604566198,0.0
4208,1634976001000.0,0.0,0.0,0.1,9.93,0.0,0.0,9.919,1.0,1.0,1314.0282447199804,1050.0,1314.0271447199805,1050.0,0.000755691518801111,0.0
4209,1634979601000.0,0.0,0.0,0.1,9.93,0.0,0.0,9.947,1.0,1.0,1314.0282447199804,1050.0,1314.0299447199804,1050.0,0.000755691518801111,0.0
4210,1634983201000.0,0.0,0.0,0.1,9.93,0.0,0.0,9.841,1.0,1.0,1314.0282447199804,1050.0,1314.0193447199804,1050.0,0.000755691518801111,0.0
4211,1634986801000.0,0.0,0.0,0.2,10.0225,0.0,0.0,9.882,1.0,1.0,1314.0472417199803,1050.0,1314.0191417199803,1050.0,0.0015254398292227863,0.0
4212,1634990401000.0,0.0,0.0,0.2,10.0225,0.0,0.0,10.018,1.0,1.0,1314.0472417199803,1050.0,1314.0463417199803,1050.0,0.0015254398292227863,0.0
4213,1634994001000.0,0.0,0.0,0.2,9.969000000000001,0.0,0.0,9.889,1.0,1.0,1314.0599405799805,1050.0,1314.0439405799805,1050.0,0.001517282384485449,0.0
4214,1634997601000.0,0.0,0.0,0.2,9.969000000000001,0.0,0.0,9.925,1.0,1.0,1314.0599405799805,1050.0,1314.0511405799805,1050.0,0.001517282384485449,0.0
4215,1635001201000.0,0.0,0.0,0.2,9.969000000000001,0.0,0.0,9.891,1.0,1.0,1314.0599405799805,1050.0,1314.0443405799806,1050.0,0.001517282384485449,0.0
4216,1635004801000.0,0.0,0.0,0.2,9.969000000000001,0.0,0.0,10.005,1.0,1.0,1314.0599405799805,1050.0,1314.0671405799806,1050.0,0.001517282384485449,0.0
4217,1635008401000.0,0.0,0.0,0.2,9.969000000000001,0.0,0.0,9.824,1.0,1.0,1314.0599405799805,1050.0,1314.0309405799806,1050.0,0.001517282384485449,0.0
4218,1635012001000.0,0.0,0.0,0.2,9.969000000000001,0.0,0.0,9.872,1.0,1.0,1314.0599405799805,1050.0,1314.0405405799806,1050.0,0.001517282384485449,0.0
4219,1635015601000.0,0.0,0.0,0.2,9.969000000000001,0.0,0.0,9.886,1.0,1.0,1314.0599405799805,1050.0,1314.0433405799806,1050.0,0.001517282384485449,0.0
4220,1635019201000.0,0.0,0.0,0.2,9.969000000000001,0.0,0.0,9.88,1.0,1.0,1314.0599405799805,1050.0,1314.0421405799805,1050.0,0.001517282384485449,0.0
4221,1635022801000.0,0.0,0.0,0.2,9.969000000000001,0.0,0.0,9.827,1.0,1.0,1314.0599405799805,1050.0,1314.0315405799806,1050.0,0.001517282384485449,0.0
4222,1635026401000.0,0.0,0.0,0.2,9.969000000000001,0.0,0.0,9.871,1.0,1.0,1314.0599405799805,1050.0,1314.0403405799805,1050.0,0.001517282384485449,0.0
4223,1635030001000.0,0.0,0.0,0.2,9.969000000000001,0.0,0.0,9.818,1.0,1.0,1314.0599405799805,1050.0,1314.0297405799806,1050.0,0.001517282384485449,0.0
4224,1635033601000.0,0.0,0.0,0.2,9.969000000000001,0.0,0.0,9.938,1.0,1.0,1314.0599405799805,1050.0,1314.0537405799805,1050.0,0.001517282384485449,0.0
4225,1635037201000.0,0.0,0.0,0.2,9.969000000000001,0.0,0.0,9.972,1.0,1.0,1314.0599405799805,1050.0,1314.0605405799806,1050.0,0.001517282384485449,0.0
4226,1635040801000.0,0.0,0.0,0.2,9.969000000000001,0.0,0.0,9.905,1.0,1.0,1314.0599405799805,1050.0,1314.0471405799806,1050.0,0.001517282384485449,0.0
4227,1635044401000.0,0.0,0.0,0.2,9.969000000000001,0.0,0.0,9.921,1.0,1.0,1314.0599405799805,1050.0,1314.0503405799805,1050.0,0.001517282384485449,0.0
4228,1635048001000.0,0.0,0.0,0.2,9.969000000000001,0.0,0.0,9.948,1.0,1.0,1314.0599405799805,1050.0,1314.0557405799805,1050.0,0.001517282384485449,0.0
4229,1635051601000.0,0.0,0.0,0.2,9.969000000000001,0.0,0.0,9.99,1.0,1.0,1314.0599405799805,1050.0,1314.0641405799806,1050.0,0.001517282384485449,0.0
4230,1635055201000.0,0.0,0.0,0.1,10.036,0.0,0.0,9.902,1.0,1.0,1314.0728395199806,1050.0,1314.0594395199805,1050.0,0.0007637323973354524,0.0
4231,1635058801000.0,0.0,0.0,0.1,10.036,0.0,0.0,9.843,1.0,1.0,1314.0728395199806,1050.0,1314.0535395199806,1050.0,0.0007637323973354524,0.0
4232,1635062401000.0,0.0,0.0,0.2,9.9155,0.0,0.0,9.796,1.0,1.0,1314.0727415699805,1050.0,1314.0488415699806,1050.0,0.0015091249801214986,0.0
4233,1635066001000.0,0.0,0.0,0.2,9.9155,0.0,0.0,9.724,1.0,1.0,1314.0727415699805,1050.0,1314.0344415699806,1050.0,0.0015091249801214986,0.0
4234,1635069601000.0,0.0,0.0,0.2,9.9155,0.0,0.0,9.757,1.0,1.0,1314.0727415699805,1050.0,1314.0410415699805,1050.0,0.0015091249801214986,0.0
4235,1635073201000.0,0.0,0.0,0.2,9.9155,0.0,0.0,9.739,1.0,1.0,1314.0727415699805,1050.0,1314.0374415699805,1050.0,0.0015091249801214986,0.0
4236,1635076801000.0,0.0,0.0,0.5,9.7718,0.0,0.0,9.573,1.0,1.0,1314.0724512899806,1050.0,1313.9730512899805,1050.0,0.003718135933223223,0.0
4237,1635080401000.0,0.0,0.0,1.2,9.6325,0.0,0.0,9.584,1.0,1.0,1314.0717839799806,1050.0,1314.0135839799807,1050.0,0.008796323108765644,0.0
4238,1635084001000.0,0.0,0.0,1.2,9.6325,0.0,0.0,9.535,1.0,1.0,1314.0717839799806,1050.0,1313.9547839799807,1050.0,0.008796323108765644,0.0
4239,1635087601000.0,0.0,0.0,1.2,9.6325,0.0,0.0,9.471,1.0,1.0,1314.0717839799806,1050.0,1313.8779839799806,1050.0,0.008796323108765644,0.0
4240,1635091201000.0,0.0,0.0,2.8,9.493357142857143,0.0,0.0,9.391,1.0,1.0,1314.0702817399806,1050.0,1313.7836817399807,1050.0,0.020228294003272914,0.0
4241,1635094801000.0,0.0,0.0,2.8,9.493357142857143,0.0,0.0,9.469,1.0,1.0,1314.0702817399806,1050.0,1314.0020817399807,1050.0,0.020228294003272914,0.0
4242,1635098401000.0,0.0,0.0,2.8,9.493357142857143,0.0,0.0,9.459,1.0,1.0,1314.0702817399806,1050.0,1313.9740817399806,1050.0,0.020228294003272914,0.0
4243,1635102001000.0,0.0,0.0,2.8,9.493357142857143,0.0,0.0,9.287,1.0,1.0,1314.0702817399806,1050.0,1313.4924817399806,1050.0,0.020228294003272914,0.0
4244,1635105601000.0,0.0,0.0,2.8,9.493357142857143,0.0,0.0,9.387,1.0,1.0,1314.0702817399806,1050.0,1313.7724817399805,1050.0,0.020228294003272914,0.0
4245,1635109201000.0,0.0,0.0,2.8,9.493357142857143,0.0,0.0,9.395,1.0,1.0,1314.0702817399806,1050.0,1313.7948817399806,1050.0,0.020228294003272914,0.0
4246,1635112801000.0,0.0,0.0,2.8,9.493357142857143,0.0,0.0,9.453,1.0,1.0,1314.0702817399806,1050.0,1313.9572817399805,1050.0,0.020228294003272914,0.0
4247,1635116401000.0,0.0,0.0,2.8,9.493357142857143,0.0,0.0,9.467,1.0,1.0,1314.0702817399806,1050.0,1313.9964817399807,1050.0,0.020228294003272914,0.0
4248,1635120001000.0,0.0,0.0,2.8,9.493357142857143,0.0,0.0,9.439,1.0,1.0,1314.0702817399806,1050.0,1313.9180817399806,1050.0,0.020228294003272914,0.0
4249,1635123601000.0,0.0,0.0,2.8,9.493357142857143,0.0,0.0,9.503,1.0,1.0,1314.0702817399806,1050.0,1314.0972817399806,1050.0,0.020228294003272914,0.0
4250,1635127201000.0,0.0,0.0,1.8,9.493357142857143,0.0,0.0,9.571,1.0,1.0,1314.1319689971237,1050.0,1314.271726139981,1050.0,0.01300329286577173,0.0
4251,1635130801000.0,0.0,0.0,0.8,9.493357142857143,0.0,0.0,9.584,1.0,1.0,1314.193656254266,1050.0,1314.2661705399803,1050.0,0.005778970000458075,0.0
4252,1635134401000.0,0.0,0.0,0.1,9.61,0.0,0.0,9.598,1.0,1.0,1314.283705879981,1050.0,1314.282505879981,1050.0,0.00073119676954114,0.0
4253,1635138001000.0,0.0,0.0,0.1,9.61,0.0,0.0,9.655,1.0,1.0,1314.283705879981,1050.0,1314.288205879981,1050.0,0.00073119676954114,0.0
4254,1635141601000.0,0.0,0.0,0.1,9.674,0.0,0.0,9.645,1.0,1.0,1314.289812409981,1050.0,1314.2869124099811,1050.0,0.0007360629222455148,0.0
4255,1635145201000.0,0.0,0.0,0.1,9.674,0.0,0.0,9.644,1.0,1.0,1314.289812409981,1050.0,1314.2868124099812,1050.0,0.0007360629222455148,0.0
4256,1635148801000.0,0.0,0.0,0.1,9.745,0.0,0.0,9.659,1.0,1.0,1314.296017579981,1050.0,1314.2874175799811,1050.0,0.0007414615786437145,0.0
4257,1635152401000.0,0.0,0.0,0.1,9.745,0.0,0.0,9.672,1.0,1.0,1314.296017579981,1050.0,1314.288717579981,1050.0,0.0007414615786437145,0.0
4258,1635156001000.0,0.0,0.0,0.1,9.745,0.0,0.0,9.697,1.0,1.0,1314.296017579981,1050.0,1314.291217579981,1050.0,0.0007414615786437145,0.0
4259,1635159601000.0,0.0,0.0,0.1,9.745,0.0,0.0,9.616,1.0,1.0,1314.296017579981,1050.0,1314.283117579981,1050.0,0.0007414615786437145,0.0
4260,1635163201000.0,0.0,0.0,0.1,9.745,0.0,0.0,9.642,1.0,1.0,1314.296017579981,1050.0,1314.285717579981,1050.0,0.0007414615786437145,0.0
4261,1635166801000.0,0.0,0.0,0.1,9.745,0.0,0.0,9.698,1.0,1.0,1314.296017579981,1050.0,1314.291317579981,1050.0,0.0007414615786437145,0.0
4262,1635170401000.0,0.0,0.0,0.1,9.745,0.0,0.0,9.694,1.0,1.0,1314.296017579981,1050.0,1314.290917579981,1050.0,0.0007414615786437145,0.0
4263,1635174001000.0,0.0,0.0,0.1,9.82,0.0,0.0,9.752,1.0,1.0,1314.3022212899812,1050.0,1314.295421289981,1050.0,0.0007471645288982103,0.0
4264,1635177601000.0,0.0,0.0,0.1,9.82,0.0,0.0,9.758,1.0,1.0,1314.3022212899812,1050.0,1314.2960212899811,1050.0,0.0007471645288982103,0.0
4265,1635181201000.0,0.0,0.0,0.1,9.82,0.0,0.0,9.728,1.0,1.0,1314.3022212899812,1050.0,1314.2930212899812,1050.0,0.0007471645288982103,0.0
4266,1635184801000.0,0.0,0.0,0.1,9.82,0.0,0.0,9.639,1.0,1.0,1314.3022212899812,1050.0,1314.2841212899812,1050.0,0.0007471645288982103,0.0
4267,1635188401000.0,0.0,0.0,0.1,9.82,0.0,0.0,9.692,1.0,1.0,1314.3022212899812,1050.0,1314.2894212899812,1050.0,0.0007471645288982103,0.0
4268,1635192001000.0,0.0,0.0,0.1,9.82,0.0,0.0,9.685,1.0,1.0,1314.3022212899812,1050.0,1314.2887212899811,1050.0,0.0007471645288982103,0.0
4269,1635195601000.0,0.0,0.0,0.1,9.82,0.0,0.0,9.765,1.0,1.0,1314.3022212899812,1050.0,1314.2967212899812,1050.0,0.0007471645288982103,0.0
4270,1635199201000.0,0.0,0.0,0.1,9.82,0.0,0.0,9.759,1.0,1.0,1314.3022212899812,1050.0,1314.296121289981,1050.0,0.0007471645288982103,0.0
4271,1635202801000.0,0.0,0.0,0.1,9.82,0.0,0.0,9.819,1.0,1.0,1314.3022212899812,1050.0,1314.3021212899812,1050.0,0.0007471645288982103,0.0
4272,1635206401000.0,0.0,0.0,0.1,9.888,0.0,0.0,9.884,1.0,1.0,1314.308523559981,1050.0,1314.3081235599811,1050.0,0.0007523347694053619,0.0
4273,1635210001000.0,0.0,0.0,0.1,9.958,0.0,0.0,9.992,1.0,1.0,1314.314824449981,1050.0,1314.318224449981,1050.0,0.000757657131666856,0.0
4274,1635213601000.0,0.0,0.0,0.1,10.1,0.0,0.0,9.971,1.0,1.0,1314.3276219299808,1050.0,1314.3147219299808,1050.0,0.0007684537577601078,0.0
4275,1635217201000.0,0.0,0.0,0.1,10.1,0.0,0.0,10.014,1.0,1.0,1314.3276219299808,1050.0,1314.3190219299809,1050.0,0.0007684537577601078,0.0
4276,1635220801000.0,0.0,0.0,0.1,10.259,0.0,0.0,10.173,1.0,1.0,1314.3405136099807,1050.0,1314.3319136099808,1050.0,0.000780543542085797,0.0
4277,1635224401000.0,0.0,0.0,0.1,10.259,0.0,0.0,10.133,1.0,1.0,1314.3405136099807,1050.0,1314.3279136099807,1050.0,0.000780543542085797,0.0
4278,1635228001000.0,0.0,0.0,0.1,10.259,0.0,0.0,10.154,1.0,1.0,1314.3405136099807,1050.0,1314.3300136099806,1050.0,0.000780543542085797,0.0
4279,1635231601000.0,0.0,0.0,0.1,10.259,0.0,0.0,10.228,1.0,1.0,1314.3405136099807,1050.0,1314.3374136099808,1050.0,0.000780543542085797,0.0
4280,1635235201000.0,0.0,0.0,0.1,10.396,0.0,0.0,10.385,1.0,1.0,1314.3535991699807,1050.0,1314.3524991699808,1050.0,0.0007909591457401656,0.0
4281,1635238801000.0,0.0,0.0,0.1,10.486,0.0,0.0,10.462,1.0,1.0,1314.3601896699809,1050.0,1314.3577896699808,1050.0,0.0007978026177613385,0.0
4282,1635242401000.0,0.0,0.0,0.1,10.563,0.0,0.0,10.443,1.0,1.0,1314.366878489981,1050.0,1314.354878489981,1050.0,0.0008036568916081765,0.0
4283,1635246001000.0,0.0,0.0,0.1,10.563,0.0,0.0,10.388,1.0,1.0,1314.366878489981,1050.0,1314.349378489981,1050.0,0.0008036568916081765,0.0
4284,1635249601000.0,0.0,0.0,0.2,10.436,0.0,0.0,10.331,1.0,1.0,1314.366775399981,1050.0,1314.345775399981,1050.0,0.0015879890142268963,0.0
4285,1635253201000.0,0.0,0.0,0.2,10.436,0.0,0.0,10.382,1.0,1.0,1314.366775399981,1050.0,1314.355975399981,1050.0,0.0015879890142268963,0.0
4286,1635256801000.0,0.0,0.0,0.2,10.436,0.0,0.0,10.273,1.0,1.0,1314.366775399981,1050.0,1314.334175399981,1050.0,0.0015879890142268963,0.0
4287,1635260401000.0,0.0,0.0,0.5,10.2848,0.0,0.0,10.252,1.0,1.0,1314.366469879981,1050.0,1314.350069879981,1050.0,0.003912455253419215,0.0
4288,1635264001000.0,0.0,0.0,0.1,10.495,0.0,0.0,10.48,1.0,1.0,1314.4229364799814,1050.0,1314.4214364799814,1050.0,0.0007984492440542433,0.0
4289,1635267601000.0,0.0,0.0,0.1,10.907,0.0,0.0,10.731,1.0,1.0,1314.4501740899816,1050.0,1314.4325740899817,1050.0,0.0008297766027952425,0.0
4290,1635271201000.0,0.0,0.0,0.1,10.981,0.0,0.0,10.985,1.0,1.0,1314.4571544899818,1050.0,1314.4575544899817,1050.0,0.0008354018967062265,0.0
4291,1635274801000.0,0.0,0.0,0.1,10.981,0.0,0.0,10.904,1.0,1.0,1314.4571544899818,1050.0,1314.4494544899817,1050.0,0.0008354018967062265,0.0
4292,1635278401000.0,0.0,0.0,0.1,10.981,0.0,0.0,10.845,1.0,1.0,1314.4571544899818,1050.0,1314.4435544899818,1050.0,0.0008354018967062265,0.0
4293,1635282001000.0,0.0,0.0,0.1,10.981,0.0,0.0,10.837,1.0,1.0,1314.4571544899818,1050.0,1314.4427544899818,1050.0,0.0008354018967062265,0.0
4294,1635285601000.0,0.0,0.0,0.5,10.6918,0.0,0.0,10.53,1.0,1.0,1314.4567297099818,1050.0,1314.3758297099819,1050.0,0.0040670034084572,0.0
4295,1635289201000.0,0.0,0.0,2.8,10.38507142857143,0.0,0.0,10.32,1.0,1.0,1314.4543564799817,1050.0,1314.2721564799817,1050.0,0.02212187882877076,0.0
4296,1635292801000.0,0.0,0.0,2.8,10.38507142857143,0.0,0.0,10.362,1.0,1.0,1314.4543564799817,1050.0,1314.3897564799818,1050.0,0.02212187882877076,0.0
4297,1635296401000.0,0.0,0.0,0.1,11.023,0.0,0.0,11.038,1.0,1.0,1314.866632049982,1050.0,1314.868132049982,1050.0,0.0008383359750193268,0.0
4298,1635300001000.0,0.0,0.0,0.2,10.8905,0.0,0.0,10.656,1.0,1.0,1314.8665244699819,1050.0,1314.8196244699818,1050.0,0.001656517950274827,0.0
4299,1635303601000.0,0.0,0.0,0.5,10.733,0.0,0.0,10.509,1.0,1.0,1314.8662056299818,1050.0,1314.7542056299817,1050.0,0.0040814038546445035,0.0
4300,1635307201000.0,0.0,0.0,0.5,10.733,0.0,0.0,10.537,1.0,1.0,1314.8662056299818,1050.0,1314.7682056299818,1050.0,0.0040814038546445035,0.0
4301,1635310801000.0,0.0,0.0,0.5,10.579583333333336,0.0,0.0,10.706,1.0,1.0,1314.9481154866485,1050.0,1315.0113238199817,1050.0,0.004022813983583657,0.0
4302,1635314401000.0,0.0,0.0,0.1,10.783,0.0,0.0,10.702,1.0,1.0,1315.017965719982,1050.0,1315.009865719982,1050.0,0.0008199887971945865,0.0
4303,1635318001000.0,0.0,0.0,0.2,10.9925,0.0,0.0,10.845,1.0,1.0,1315.045777539982,1050.0,1315.016277539982,1050.0,0.0016718049193030148,0.0
4304,1635321601000.0,0.0,0.0,6.5,10.357723076923076,0.0,0.0,10.238,1.0,1.0,1315.039264869982,1050.0,1314.261064869982,1050.0,0.05119634203976141,0.0
4305,1635325201000.0,0.0,0.0,40.0,9.893854999999999,0.0,0.0,9.573,1.0,1.0,1315.006421969982,1050.0,1302.172221969982,1050.0,0.3009522945196947,0.0
4306,1635328801000.0,0.0,0.0,40.0,9.893854999999999,0.0,0.0,9.375,1.0,1.0,1315.006421969982,1050.0,1294.2522219699822,1050.0,0.3009522945196947,0.0
4307,1635332401000.0,0.0,0.0,40.0,9.893854999999999,0.0,0.0,9.384,1.0,1.0,1315.006421969982,1050.0,1294.612221969982,1050.0,0.3009522945196947,0.0
4308,1635336001000.0,0.0,0.0,40.0,9.893854999999999,0.0,0.0,9.282,1.0,1.0,1315.006421969982,1050.0,1290.5322219699822,1050.0,0.3009522945196947,0.0
4309,1635339601000.0,0.0,0.0,40.0,9.893854999999999,0.0,0.0,9.463,1.0,1.0,1315.006421969982,1050.0,1297.7722219699822,1050.0,0.3009522945196947,0.0
4310,1635343201000.0,0.0,0.0,40.0,9.893854999999999,0.0,0.0,9.407,1.0,1.0,1315.006421969982,1050.0,1295.5322219699822,1050.0,0.3009522945196947,0.0
4311,1635346801000.0,0.0,0.0,40.0,9.893854999999999,0.0,0.0,9.555,1.0,1.0,1315.006421969982,1050.0,1301.452221969982,1050.0,0.3009522945196947,0.0
4312,1635350401000.0,0.0,0.0,40.1,9.864835922693265,0.0,0.0,9.5,1.0,1.0,1314.1330082399825,1050.0,1299.5030877399824,1050.0,0.3010196974123646,0.0
4313,1635354001000.0,0.0,0.0,37.3,9.842646650704907,0.0,0.0,9.631,1.0,1.0,1312.722748711275,1050.0,1304.828328639982,1050.0,0.2796711799439084,0.0
4314,1635357601000.0,0.0,0.0,40.2,9.824279106251069,0.0,0.0,9.588,1.0,1.0,1312.719968181275,1050.0,1303.221548109982,1050.0,0.3008532129045483,0.0
4315,1635361201000.0,0.0,0.0,37.6,9.793388639187663,0.0,0.0,9.634,1.0,1.0,1311.3498879234378,1050.0,1305.3568750899817,1050.0,0.2808033281007571,0.0
4316,1635364801000.0,0.0,0.0,37.4,9.780009279641124,0.0,0.0,9.555,1.0,1.0,1310.7678574285599,1050.0,1302.3525103699817,1050.0,0.27905196559835044,0.0
4317,1635368401000.0,0.0,0.0,40.4,9.762553145014307,0.0,0.0,9.504,1.0,1.0,1310.7649939485598,1050.0,1300.3194468899817,1050.0,0.30089844394643356,0.0
4318,1635372001000.0,0.0,0.0,40.5,9.729662339675084,0.0,0.0,9.525,1.0,1.0,1309.6787000368222,1050.0,1301.3898752799814,1050.0,0.3008763330622709,0.0
4319,1635375601000.0,0.0,0.0,40.5,9.712424789426745,0.0,0.0,9.452,1.0,1.0,1309.1807551017644,1050.0,1298.6335511299812,1050.0,0.3004575208113316,0.0
4320,1635379201000.0,0.0,0.0,40.5,9.712424789426745,0.0,0.0,9.268,1.0,1.0,1309.1807551017644,1050.0,1291.1815511299812,1050.0,0.3004575208113316,0.0
4321,1635382801000.0,0.0,0.0,40.5,9.712424789426745,0.0,0.0,9.23,1.0,1.0,1309.1807551017644,1050.0,1289.6425511299813,1050.0,0.3004575208113316,0.0
4322,1635386401000.0,0.0,0.0,37.6,9.712424789426745,0.0,0.0,9.485,1.0,1.0,1308.4273816724267,1050.0,1299.876209589981,1050.0,0.2791038900574404,0.0
4323,1635390001000.0,0.0,0.0,38.0,9.689043647350879,0.0,0.0,9.423,1.0,1.0,1307.7876936793145,1050.0,1297.678035079981,1050.0,0.2815316739703291,0.0
4324,1635393601000.0,0.0,0.0,40.7,9.667883181944179,0.0,0.0,9.399,1.0,1.0,1307.711276655109,1050.0,1296.7677311499808,1050.0,0.30089428188734957,0.0
4325,1635397201000.0,0.0,0.0,40.7,9.64879322549115,0.0,0.0,9.403,1.0,1.0,1307.0367526574712,1050.0,1297.0329683799814,1050.0,0.3004551199337272,0.0
4326,1635400801000.0,0.0,0.0,37.9,9.63064176283249,0.0,0.0,9.492,1.0,1.0,1305.8209003313332,1050.0,1300.5663775199819,1050.0,0.2795186711429856,0.0
4327,1635404401000.0,0.0,0.0,37.9,9.615669676748809,0.0,0.0,9.453,1.0,1.0,1305.2680926587616,1050.0,1299.1029119099817,1050.0,0.2792023208093959,0.0
4328,1635408001000.0,0.0,0.0,40.9,9.586645966041353,0.0,0.0,9.374,1.0,1.0,1304.7627473810735,1050.0,1296.0655273699822,1050.0,0.3005096679822474,0.0
4329,1635411601000.0,0.0,0.0,4.2,9.586645966041353,0.0,0.0,9.727,1.0,1.0,1306.7287572973553,1050.0,1307.3182442399816,1050.0,0.03081275500559857,0.0
4330,1635415201000.0,0.0,0.0,0.4,9.586645966041353,0.0,0.0,9.754,1.0,1.0,1307.1374184663975,1050.0,1307.204360079981,1050.0,0.0029336306437586068,0.0
4331,1635418801000.0,0.0,0.0,0.1,9.755,0.0,0.0,9.664,1.0,1.0,1307.2038723699807,1050.0,1307.1947723699807,1050.0,0.0007462493193440467,0.0
4332,1635422401000.0,0.0,0.0,0.1,9.755,0.0,0.0,9.703,1.0,1.0,1307.2038723699807,1050.0,1307.1986723699806,1050.0,0.0007462493193440467,0.0
4333,1635426001000.0,0.0,0.0,0.1,9.899,0.0,0.0,9.87,1.0,1.0,1307.2163778999807,1050.0,1307.2134778999807,1050.0,0.0007572579541806662,0.0
4334,1635429601000.0,0.0,0.0,0.1,9.899,0.0,0.0,9.83,1.0,1.0,1307.2163778999807,1050.0,1307.2094778999806,1050.0,0.0007572579541806662,0.0
4335,1635433201000.0,0.0,0.0,0.1,9.899,0.0,0.0,9.85,1.0,1.0,1307.2163778999807,1050.0,1307.2114778999808,1050.0,0.0007572579541806662,0.0
4336,1635436801000.0,0.0,0.0,0.1,9.899,0.0,0.0,9.786,1.0,1.0,1307.2163778999807,1050.0,1307.2050778999808,1050.0,0.0007572579541806662,0.0
4337,1635440401000.0,0.0,0.0,0.1,9.899,0.0,0.0,9.801,1.0,1.0,1307.2163778999807,1050.0,1307.2065778999806,1050.0,0.0007572579541806662,0.0
4338,1635444001000.0,0.0,0.0,0.1,9.899,0.0,0.0,9.765,1.0,1.0,1307.2163778999807,1050.0,1307.2029778999806,1050.0,0.0007572579541806662,0.0
4339,1635447601000.0,0.0,0.0,0.5,9.6384,0.0,0.0,9.601,1.0,1.0,1307.2159949699808,1050.0,1307.1972949699807,1050.0,0.0036866133971308005,0.0
4340,1635451201000.0,0.0,0.0,0.1,9.718,0.0,0.0,9.732,1.0,1.0,1307.2472126899806,1050.0,1307.2486126899807,1050.0,0.000743394203151739,0.0
4341,1635454801000.0,0.0,0.0,0.1,9.849,0.0,0.0,9.699,1.0,1.0,1307.2596200599805,1050.0,1307.2446200599804,1050.0,0.0007534081102840232,0.0
4342,1635458401000.0,0.0,0.0,0.2,9.731,0.0,0.0,9.609,1.0,1.0,1307.2595239299806,1050.0,1307.2351239299805,1050.0,0.0014887632978562583,0.0
4343,1635462001000.0,0.0,0.0,0.2,9.731,0.0,0.0,9.632,1.0,1.0,1307.2595239299806,1050.0,1307.2397239299805,1050.0,0.0014887632978562583,0.0
4344,1635465601000.0,0.0,0.0,0.2,9.731,0.0,0.0,9.71,1.0,1.0,1307.2595239299806,1050.0,1307.2553239299805,1050.0,0.0014887632978562583,0.0
4345,1635469201000.0,0.0,0.0,0.1,9.798,0.0,0.0,9.839,1.0,1.0,1307.2720300499805,1050.0,1307.2761300499806,1050.0,0.0007494997043289756,0.0
4346,1635472801000.0,0.0,0.0,0.1,9.87,0.0,0.0,9.852,1.0,1.0,1307.2782327299803,1050.0,1307.2764327299803,1050.0,0.0007550037744748909,0.0
4347,1635476401000.0,0.0,0.0,0.1,9.938,0.0,0.0,9.918,1.0,1.0,1307.2845339999803,1050.0,1307.2825339999804,1050.0,0.0007602017572710113,0.0
4348,1635480001000.0,0.0,0.0,0.1,10.078,0.0,0.0,10.078,1.0,1.0,1307.2972323499803,1050.0,1307.2972323499803,1050.0,0.0007709034908521852,0.0
4349,1635483601000.0,0.0,0.0,0.1,10.146,0.0,0.0,10.143,1.0,1.0,1307.3036294499802,1050.0,1307.3033294499803,1050.0,0.0007761012645752932,0.0
4350,1635487201000.0,0.0,0.0,0.2,10.0245,0.0,0.0,9.988,1.0,1.0,1307.3035304199802,1050.0,1307.2962304199802,1050.0,0.0015336147676094107,0.0
4351,1635490801000.0,0.0,0.0,0.2,10.0245,0.0,0.0,10.028,1.0,1.0,1307.3035304199802,1050.0,1307.3042304199803,1050.0,0.0015336147676094107,0.0
4352,1635494401000.0,0.0,0.0,0.5,9.8796,0.0,0.0,9.886,1.0,1.0,1307.3032369299801,1050.0,1307.3064369299802,1050.0,0.0037786183499403194,0.0
4353,1635498001000.0,0.0,0.0,0.1,10.104,0.0,0.0,10.151,1.0,1.0,1307.34803814998,1050.0,1307.35273814998,1050.0,0.0007728622910772946,0.0
4354,1635501601000.0,0.0,0.0,0.1,10.177,0.0,0.0,10.069,1.0,1.0,1307.3544346799802,1050.0,1307.3436346799801,1050.0,0.0007784423053180043,0.0
4355,1635505201000.0,0.0,0.0,0.1,10.177,0.0,0.0,10.086,1.0,1.0,1307.3544346799802,1050.0,1307.3453346799802,1050.0,0.0007784423053180043,0.0
4356,1635508801000.0,0.0,0.0,0.1,10.177,0.0,0.0,10.099,1.0,1.0,1307.3544346799802,1050.0,1307.34663467998,1050.0,0.0007784423053180043,0.0
4357,1635512401000.0,0.0,0.0,0.1,10.177,0.0,0.0,9.977,1.0,1.0,1307.3544346799802,1050.0,1307.3344346799802,1050.0,0.0007784423053180043,0.0
4358,1635516001000.0,0.0,0.0,0.1,10.177,0.0,0.0,10.063,1.0,1.0,1307.3544346799802,1050.0,1307.34303467998,1050.0,0.0007784423053180043,0.0
4359,1635519601000.0,0.0,0.0,0.1,10.177,0.0,0.0,9.997,1.0,1.0,1307.3544346799802,1050.0,1307.3364346799801,1050.0,0.0007784423053180043,0.0
4360,1635523201000.0,0.0,0.0,0.1,10.177,0.0,0.0,10.134,1.0,1.0,1307.3544346799802,1050.0,1307.35013467998,1050.0,0.0007784423053180043,0.0
4361,1635526801000.0,0.0,0.0,0.1,10.382,0.0,0.0,10.321,1.0,1.0,1307.37401590998,1050.0,1307.36791590998,1050.0,0.0007941109333409652,0.0
4362,1635530401000.0,0.0,0.0,0.1,10.382,0.0,0.0,10.183,1.0,1.0,1307.37401590998,1050.0,1307.35411590998,1050.0,0.0007941109333409652,0.0
4363,1635534001000.0,0.0,0.0,0.1,10.382,0.0,0.0,10.185,1.0,1.0,1307.37401590998,1050.0,1307.35431590998,1050.0,0.0007941109333409652,0.0
4364,1635537601000.0,0.0,0.0,0.1,10.675,0.0,0.0,10.588,1.0,1.0,1307.4007709799805,1050.0,1307.3920709799804,1050.0,0.0008165055610299515,0.0
4365,1635541201000.0,0.0,0.0,0.2,10.547,0.0,0.0,10.429,1.0,1.0,1307.4006667899805,1050.0,1307.3770667899805,1050.0,0.0016134304147015187,0.0
4366,1635544801000.0,0.0,0.0,0.4,10.394,0.0,0.0,10.343,1.0,1.0,1307.4070534099806,1050.0,1307.3866534099805,1050.0,0.0031800348553697516,0.0
4367,1635548401000.0,0.0,0.0,0.4,10.394,0.0,0.0,10.309,1.0,1.0,1307.4070534099806,1050.0,1307.3730534099805,1050.0,0.0031800348553697516,0.0
4368,1635552001000.0,0.0,0.0,0.4,10.394,0.0,0.0,10.368,1.0,1.0,1307.4070534099806,1050.0,1307.3966534099807,1050.0,0.0031800348553697516,0.0
4369,1635555601000.0,0.0,0.0,0.4,10.394,0.0,0.0,10.207,1.0,1.0,1307.4070534099806,1050.0,1307.3322534099805,1050.0,0.0031800348553697516,0.0
4370,1635559201000.0,0.0,0.0,0.4,10.394,0.0,0.0,10.282,1.0,1.0,1307.4070534099806,1050.0,1307.3622534099807,1050.0,0.0031800348553697516,0.0
4371,1635562801000.0,0.0,0.0,0.4,10.394,0.0,0.0,10.263,1.0,1.0,1307.4070534099806,1050.0,1307.3546534099805,1050.0,0.0031800348553697516,0.0
4372,1635566401000.0,0.0,0.0,0.9,10.25288888888889,0.0,0.0,10.135,1.0,1.0,1307.4065464099806,1050.0,1307.3004464099806,1050.0,0.007057942325084841,0.0
4373,1635570001000.0,0.0,0.0,0.9,10.25288888888889,0.0,0.0,10.218,1.0,1.0,1307.4065464099806,1050.0,1307.3751464099805,1050.0,0.007057942325084841,0.0
4374,1635573601000.0,0.0,0.0,0.9,10.25288888888889,0.0,0.0,10.21,1.0,1.0,1307.4065464099806,1050.0,1307.3679464099805,1050.0,0.007057942325084841,0.0
4375,1635577201000.0,0.0,0.0,0.9,10.25288888888889,0.0,0.0,10.245,1.0,1.0,1307.4065464099806,1050.0,1307.3994464099806,1050.0,0.007057942325084841,0.0
4376,1635580801000.0,0.0,0.0,0.9,10.25288888888889,0.0,0.0,10.311,1.0,1.0,1307.4065464099806,1050.0,1307.4588464099807,1050.0,0.007057942325084841,0.0
4377,1635584401000.0,0.0,0.0,2.1,10.10609523809524,0.0,0.0,10.043,1.0,1.0,1307.4053468899806,1050.0,1307.2728468899807,1050.0,0.016232762127280732,0.0
4378,1635588001000.0,0.0,0.0,2.1,10.10609523809524,0.0,0.0,10.078,1.0,1.0,1307.4053468899806,1050.0,1307.3463468899806,1050.0,0.016232762127280732,0.0
4379,1635591601000.0,0.0,0.0,2.1,10.10609523809524,0.0,0.0,10.13,1.0,1.0,1307.4053468899806,1050.0,1307.4555468899805,1050.0,0.016232762127280732,0.0
4380,1635595201000.0,0.0,0.0,2.1,10.10609523809524,0.0,0.0,10.141,1.0,1.0,1307.4053468899806,1050.0,1307.4786468899806,1050.0,0.016232762127280732,0.0
4381,1635598801000.0,0.0,0.0,2.1,10.10609523809524,0.0,0.0,10.103,1.0,1.0,1307.4053468899806,1050.0,1307.3988468899806,1050.0,0.016232762127280732,0.0
4382,1635602401000.0,0.0,0.0,2.1,10.10609523809524,0.0,0.0,9.995,1.0,1.0,1307.4053468899806,1050.0,1307.1720468899805,1050.0,0.016232762127280732,0.0
4383,1635606001000.0,0.0,0.0,4.9,9.952897959183673,0.0,0.0,9.848,1.0,1.0,1307.4025922499807,1050.0,1306.8885922499808,1050.0,0.037302358347072274,0.0
4384,1635609601000.0,0.0,0.0,4.9,9.952897959183673,0.0,0.0,9.92,1.0,1.0,1307.4025922499807,1050.0,1307.2413922499807,1050.0,0.037302358347072274,0.0
4385,1635613201000.0,0.0,0.0,4.9,9.952897959183673,0.0,0.0,9.828,1.0,1.0,1307.4025922499807,1050.0,1306.7905922499806,1050.0,0.037302358347072274,0.0
4386,1635616801000.0,0.0,0.0,4.9,9.952897959183673,0.0,0.0,9.822,1.0,1.0,1307.4025922499807,1050.0,1306.7611922499807,1050.0,0.037302358347072274,0.0
4387,1635620401000.0,0.0,0.0,3.8,9.952897959183673,0.0,0.0,9.99,1.0,1.0,1307.4731025148787,1050.0,1307.6140902699808,1050.0,0.02892679946696461,0.0
4388,1635624001000.0,0.0,0.0,1.7,9.952897959183673,0.0,0.0,10.008,1.0,1.0,1307.607713020593,1050.0,1307.701386489981,1050.0,0.012939604410505475,0.0
4389,1635627601000.0,0.0,0.0,1.0,9.952897959183673,0.0,0.0,9.94,1.0,1.0,1307.6525831891654,1050.0,1307.6396852299818,1050.0,0.0076112708276919174,0.0
4390,1635631201000.0,0.0,0.0,0.8,9.952897959183673,0.0,0.0,10.021,1.0,1.0,1307.665403237329,1050.0,1307.719884869982,1050.0,0.006088956966847163,0.0
4391,1635634801000.0,0.0,0.0,0.3,9.952897959183673,0.0,0.0,9.848,1.0,1.0,1307.697453357738,1050.0,1307.6659839699828,1050.0,0.002283302900138231,0.0
4392,1635638401000.0,0.0,0.0,0.3,9.952897959183673,0.0,0.0,9.872,1.0,1.0,1307.697453357738,1050.0,1307.6731839699828,1050.0,0.002283302900138231,0.0
4393,1635642001000.0,0.0,0.0,0.3,9.952897959183673,0.0,0.0,9.978,1.0,1.0,1307.697453357738,1050.0,1307.7049839699828,1050.0,0.002283302900138231,0.0
4394,1635645601000.0,0.0,0.0,0.3,9.952897959183673,0.0,0.0,9.89,1.0,1.0,1307.697453357738,1050.0,1307.6785839699828,1050.0,0.002283302900138231,0.0
4395,1635649201000.0,0.0,0.0,0.1,10.022,0.0,0.0,9.978,1.0,1.0,1307.7165832099834,1050.0,1307.7121832099833,1050.0,0.0007663740086096883,0.0
4396,1635652801000.0,0.0,0.0,0.1,10.022,0.0,0.0,10.026,1.0,1.0,1307.7165832099834,1050.0,1307.7169832099833,1050.0,0.0007663740086096883,0.0
4397,1635656401000.0,0.0,0.0,0.1,10.022,0.0,0.0,10.032,1.0,1.0,1307.7165832099834,1050.0,1307.7175832099833,1050.0,0.0007663740086096883,0.0
4398,1635660001000.0,0.0,0.0,0.1,10.022,0.0,0.0,9.915,1.0,1.0,1307.7165832099834,1050.0,1307.7058832099833,1050.0,0.0007663740086096883,0.0
4399,1635663601000.0,0.0,0.0,0.1,10.022,0.0,0.0,9.851,1.0,1.0,1307.7165832099834,1050.0,1307.6994832099833,1050.0,0.0007663740086096883,0.0
4400,1635667201000.0,0.0,0.0,0.2,9.9015,0.0,0.0,9.915,1.0,1.0,1307.7164853999834,1050.0,1307.7191853999834,1050.0,0.0015143190608278504,0.0
4401,1635670801000.0,0.0,0.0,0.5,9.7584,0.0,0.0,9.758,1.0,1.0,1307.7161955099834,1050.0,1307.7159955099835,1050.0,0.0037310847848735316,0.0
4402,1635674401000.0,0.0,0.0,0.5,9.7584,0.0,0.0,9.708,1.0,1.0,1307.7161955099834,1050.0,1307.6909955099834,1050.0,0.0037310847848735316,0.0
4403,1635678001000.0,0.0,0.0,0.5,9.7584,0.0,0.0,9.685,1.0,1.0,1307.7161955099834,1050.0,1307.6794955099833,1050.0,0.0037310847848735316,0.0
4404,1635681601000.0,0.0,0.0,0.5,9.7584,0.0,0.0,9.586,1.0,1.0,1307.7161955099834,1050.0,1307.6299955099835,1050.0,0.0037310847848735316,0.0
4405,1635685201000.0,0.0,0.0,0.9,9.61875,0.0,0.0,9.639,1.0,1.0,1307.7342137199837,1050.0,1307.7524387199837,1050.0,0.006619751100167851,0.0
4406,1635688801000.0,0.0,0.0,0.3,9.61875,0.0,0.0,9.647,1.0,1.0,1307.7715827999843,1050.0,1307.7800577999844,1050.0,0.0022065206477585152,0.0
4407,1635692401000.0,0.0,0.0,0.1,9.686,0.0,0.0,9.684,1.0,1.0,1307.7901704799847,1050.0,1307.7899704799847,1050.0,0.0007406386910252619,0.0
4408,1635696001000.0,0.0,0.0,0.1,9.775,0.0,0.0,9.722,1.0,1.0,1307.7963752299847,1050.0,1307.7910752299847,1050.0,0.0007474405178926269,0.0
4409,1635699601000.0,0.0,0.0,0.1,9.775,0.0,0.0,9.836,1.0,1.0,1307.7963752299847,1050.0,1307.8024752299848,1050.0,0.0007474405178926269,0.0
4410,1635703201000.0,0.0,0.0,0.1,10.057,0.0,0.0,9.911,1.0,1.0,1307.8215797499845,1050.0,1307.8069797499845,1050.0,0.000768988687426506,0.0
4411,1635706801000.0,0.0,0.0,0.1,10.057,0.0,0.0,9.976,1.0,1.0,1307.8215797499845,1050.0,1307.8134797499845,1050.0,0.000768988687426506,0.0
4412,1635710401000.0,0.0,0.0,0.1,10.057,0.0,0.0,10.067,1.0,1.0,1307.8215797499845,1050.0,1307.8225797499845,1050.0,0.000768988687426506,0.0
4413,1635714001000.0,0.0,0.0,0.1,10.057,0.0,0.0,9.987,1.0,1.0,1307.8215797499845,1050.0,1307.8145797499844,1050.0,0.000768988687426506,0.0
4414,1635717601000.0,0.0,0.0,0.1,10.186,0.0,0.0,10.158,1.0,1.0,1307.8279766599844,1050.0,1307.8251766599844,1050.0,0.0007788486086689829,0.0
4415,1635721201000.0,0.0,0.0,0.1,10.186,0.0,0.0,10.098,1.0,1.0,1307.8279766599844,1050.0,1307.8191766599844,1050.0,0.0007788486086689829,0.0
4416,1635724801000.0,0.0,0.0,0.1,10.186,0.0,0.0,10.152,1.0,1.0,1307.8279766599844,1050.0,1307.8245766599844,1050.0,0.0007788486086689829,0.0
4417,1635728401000.0,0.0,0.0,0.1,10.186,0.0,0.0,10.224,1.0,1.0,1307.8279766599844,1050.0,1307.8317766599844,1050.0,0.0007788486086689829,0.0
4418,1635732001000.0,0.0,0.0,0.1,10.186,0.0,0.0,10.075,1.0,1.0,1307.8279766599844,1050.0,1307.8168766599845,1050.0,0.0007788486086689829,0.0
4419,1635735601000.0,0.0,0.0,0.2,9.918199999999999,0.0,0.0,9.975,1.0,1.0,1307.8467231199845,1050.0,1307.8580831199845,1050.0,0.001516722078308879,0.0
4420,1635739201000.0,0.0,0.0,0.1,9.984,0.0,0.0,9.776,1.0,1.0,1307.8593836199846,1050.0,1307.8385836199845,1050.0,0.0007633848198852684,0.0
4421,1635742801000.0,0.0,0.0,0.2,9.864,0.0,0.0,9.815,1.0,1.0,1307.8592861799846,1050.0,1307.8494861799845,1050.0,0.0015084191555210689,0.0
4422,1635746401000.0,0.0,0.0,0.2,9.864,0.0,0.0,9.86,1.0,1.0,1307.8592861799846,1050.0,1307.8584861799845,1050.0,0.0015084191555210689,0.0
4423,1635750001000.0,0.0,0.0,0.2,9.864,0.0,0.0,9.905,1.0,1.0,1307.8592861799846,1050.0,1307.8674861799846,1050.0,0.0015084191555210689,0.0
4424,1635753601000.0,0.0,0.0,0.1,10.337,0.0,0.0,10.346,1.0,1.0,1307.9042701599842,1050.0,1307.9051701599842,1050.0,0.0007903483638550678,0.0
4425,1635757201000.0,0.0,0.0,0.1,10.337,0.0,0.0,10.322,1.0,1.0,1307.9042701599842,1050.0,1307.9027701599841,1050.0,0.0007903483638550678,0.0
4426,1635760801000.0,0.0,0.0,0.1,10.337,0.0,0.0,10.268,1.0,1.0,1307.9042701599842,1050.0,1307.8973701599841,1050.0,0.0007903483638550678,0.0
4427,1635764401000.0,0.0,0.0,0.1,10.406,0.0,0.0,10.292,1.0,1.0,1307.9108620499844,1050.0,1307.8994620499843,1050.0,0.0007956199693677838,0.0
4428,1635768001000.0,0.0,0.0,0.1,10.406,0.0,0.0,10.209,1.0,1.0,1307.9108620499844,1050.0,1307.8911620499844,1050.0,0.0007956199693677838,0.0
4429,1635771601000.0,0.0,0.0,0.1,10.406,0.0,0.0,10.248,1.0,1.0,1307.9108620499844,1050.0,1307.8950620499845,1050.0,0.0007956199693677838,0.0
4430,1635775201000.0,0.0,0.0,0.1,10.406,0.0,0.0,10.394,1.0,1.0,1307.9108620499844,1050.0,1307.9096620499845,1050.0,0.0007956199693677838,0.0
4431,1635778801000.0,0.0,0.0,0.2,10.445,0.0,0.0,10.271,1.0,1.0,1307.9240377599845,1050.0,1307.8892377599846,1050.0,0.0015971875580616478,0.0
4432,1635782401000.0,0.0,0.0,0.2,10.445,0.0,0.0,10.397,1.0,1.0,1307.9240377599845,1050.0,1307.9144377599844,1050.0,0.0015971875580616478,0.0
4433,1635786001000.0,0.0,0.0,0.2,10.445,0.0,0.0,10.313,1.0,1.0,1307.9240377599845,1050.0,1307.8976377599845,1050.0,0.0015971875580616478,0.0
4434,1635789601000.0,0.0,0.0,0.5,10.2938,0.0,0.0,10.274,1.0,1.0,1307.9237319699844,1050.0,1307.9138319699844,1050.0,0.003935168293221333,0.0
4435,1635793201000.0,0.0,0.0,0.5,10.2938,0.0,0.0,10.206,1.0,1.0,1307.9237319699844,1050.0,1307.8798319699845,1050.0,0.003935168293221333,0.0
4436,1635796801000.0,0.0,0.0,0.1,10.736,0.0,0.0,10.64,1.0,1.0,1307.9907519099856,1050.0,1307.9811519099856,1050.0,0.0008208009104286724,0.0
4437,1635800401000.0,0.0,0.0,0.3,10.525000000000002,0.0,0.0,10.603,1.0,1.0,1308.0108057099862,1050.0,1308.0342057099863,1050.0,0.0024139708832803673,0.0
4438,1635804001000.0,0.0,0.0,0.3,10.525000000000002,0.0,0.0,10.374,1.0,1.0,1308.0108057099862,1050.0,1307.9655057099862,1050.0,0.0024139708832803673,0.0
4439,1635807601000.0,0.0,0.0,0.3,10.525000000000002,0.0,0.0,10.325,1.0,1.0,1308.0108057099862,1050.0,1307.9508057099863,1050.0,0.0024139708832803673,0.0
4440,1635811201000.0,0.0,0.0,0.3,10.525000000000002,0.0,0.0,10.323,1.0,1.0,1308.0108057099862,1050.0,1307.9502057099862,1050.0,0.0024139708832803673,0.0
4441,1635814801000.0,0.0,0.0,0.7,10.379285714285716,0.0,0.0,10.33,1.0,1.0,1308.0103949099862,1050.0,1307.9758949099862,1050.0,0.005554619465008146,0.0
4442,1635818401000.0,0.0,0.0,0.7,10.379285714285716,0.0,0.0,10.356,1.0,1.0,1308.0103949099862,1050.0,1307.9940949099862,1050.0,0.005554619465008146,0.0
4443,1635822001000.0,0.0,0.0,0.7,10.379285714285716,0.0,0.0,10.241,1.0,1.0,1308.0103949099862,1050.0,1307.9135949099862,1050.0,0.005554619465008146,0.0
4444,1635825601000.0,0.0,0.0,0.7,10.379285714285716,0.0,0.0,10.357,1.0,1.0,1308.0103949099862,1050.0,1307.9947949099862,1050.0,0.005554619465008146,0.0
4445,1635829201000.0,0.0,0.0,0.7,10.379285714285716,0.0,0.0,10.41,1.0,1.0,1308.0103949099862,1050.0,1308.0318949099862,1050.0,0.005554619465008146,0.0
4446,1635832801000.0,0.0,0.0,0.5,10.379285714285716,0.0,0.0,10.418,1.0,1.0,1308.0239288071293,1050.0,1308.0432859499865,1050.0,0.003967544280230122,0.0
4447,1635836401000.0,0.0,0.0,0.5,10.379285714285716,0.0,0.0,10.376,1.0,1.0,1308.0239288071293,1050.0,1308.0222859499866,1050.0,0.003967544280230122,0.0
4448,1635840001000.0,0.0,0.0,0.5,10.379285714285716,0.0,0.0,10.26,1.0,1.0,1308.0239288071293,1050.0,1307.9642859499866,1050.0,0.003967544280230122,0.0
4449,1635843601000.0,0.0,0.0,0.5,10.379285714285716,0.0,0.0,10.319,1.0,1.0,1308.0239288071293,1050.0,1307.9937859499864,1050.0,0.003967544280230122,0.0
4450,1635847201000.0,0.0,0.0,0.1,10.505,0.0,0.0,10.495,1.0,1.0,1308.0688573799866,1050.0,1308.0678573799867,1050.0,0.0008030922791817801,0.0
4451,1635850801000.0,0.0,0.0,0.1,10.505,0.0,0.0,10.511,1.0,1.0,1308.0688573799866,1050.0,1308.0694573799867,1050.0,0.0008030922791817801,0.0
4452,1635854401000.0,0.0,0.0,0.1,10.651,0.0,0.0,10.515,1.0,1.0,1308.0823328699867,1050.0,1308.0687328699867,1050.0,0.0008142453829057736,0.0
4453,1635858001000.0,0.0,0.0,0.1,10.651,0.0,0.0,10.505,1.0,1.0,1308.0823328699867,1050.0,1308.0677328699867,1050.0,0.0008142453829057736,0.0
4454,1635861601000.0,0.0,0.0,0.1,10.651,0.0,0.0,10.613,1.0,1.0,1308.0823328699867,1050.0,1308.0785328699867,1050.0,0.0008142453829057736,0.0
4455,1635865201000.0,0.0,0.0,0.1,10.651,0.0,0.0,10.575,1.0,1.0,1308.0823328699867,1050.0,1308.0747328699867,1050.0,0.0008142453829057736,0.0
4456,1635868801000.0,0.0,0.0,0.1,10.651,0.0,0.0,10.522,1.0,1.0,1308.0823328699867,1050.0,1308.0694328699867,1050.0,0.0008142453829057736,0.0
4457,1635872401000.0,0.0,0.0,0.1,10.651,0.0,0.0,10.494,1.0,1.0,1308.0823328699867,1050.0,1308.0666328699867,1050.0,0.0008142453829057736,0.0
4458,1635876001000.0,0.0,0.0,0.1,10.651,0.0,0.0,10.473,1.0,1.0,1308.0823328699867,1050.0,1308.0645328699866,1050.0,0.0008142453829057736,0.0
4459,1635879601000.0,0.0,0.0,0.1,10.651,0.0,0.0,10.456,1.0,1.0,1308.0823328699867,1050.0,1308.0628328699866,1050.0,0.0008142453829057736,0.0
4460,1635883201000.0,0.0,0.0,0.1,10.651,0.0,0.0,10.5,1.0,1.0,1308.0823328699867,1050.0,1308.0672328699866,1050.0,0.0008142453829057736,0.0
4461,1635886801000.0,0.0,0.0,0.2,10.523,0.0,0.0,10.363,1.0,1.0,1308.0822289199866,1050.0,1308.0502289199867,1050.0,0.0016089202601106013,0.0
4462,1635890401000.0,0.0,0.0,0.2,10.523,0.0,0.0,10.337,1.0,1.0,1308.0822289199866,1050.0,1308.0450289199866,1050.0,0.0016089202601106013,0.0
4463,1635894001000.0,0.0,0.0,0.2,10.523,0.0,0.0,10.352,1.0,1.0,1308.0822289199866,1050.0,1308.0480289199866,1050.0,0.0016089202601106013,0.0
4464,1635897601000.0,0.0,0.0,0.2,10.523,0.0,0.0,10.459,1.0,1.0,1308.0822289199866,1050.0,1308.0694289199866,1050.0,0.0016089202601106013,0.0
4465,1635901201000.0,0.0,0.0,0.2,10.523,0.0,0.0,10.482,1.0,1.0,1308.0822289199866,1050.0,1308.0740289199866,1050.0,0.0016089202601106013,0.0
4466,1635904801000.0,0.0,0.0,0.1,10.599,0.0,0.0,10.556,1.0,1.0,1308.095711089987,1050.0,1308.0914110899869,1050.0,0.0008102618111306437,0.0
4467,1635908401000.0,0.0,0.0,0.1,10.758,0.0,0.0,10.766,1.0,1.0,1308.109282699987,1050.0,1308.110082699987,1050.0,0.0008224083524424717,0.0
4468,1635912001000.0,0.0,0.0,0.1,10.84,0.0,0.0,10.85,1.0,1.0,1308.116166009987,1050.0,1308.117166009987,1050.0,0.0008286725813552282,0.0
4469,1635915601000.0,0.0,0.0,0.1,10.915,0.0,0.0,10.824,1.0,1.0,1308.1230477499869,1050.0,1308.113947749987,1050.0,0.0008344016274901772,0.0
4470,1635919201000.0,0.0,0.0,0.1,11.151,0.0,0.0,11.154,1.0,1.0,1308.144083899987,1050.0,1308.144383899987,1050.0,0.0008524290357034203,0.0
4471,1635922801000.0,0.0,0.0,0.2,11.091000000000001,0.0,0.0,11.108,1.0,1.0,1308.151049839987,1050.0,1308.1544498399871,1050.0,0.0016956757404057662,0.0
4472,1635926401000.0,0.0,0.0,0.1,11.449,0.0,0.0,11.453,1.0,1.0,1308.1868338699874,1050.0,1308.1872338699873,1050.0,0.0008751808001408036,0.0
4473,1635930001000.0,0.0,0.0,0.1,11.467,0.0,0.0,11.477,1.0,1.0,1308.2085512499875,1050.0,1308.2095512499875,1050.0,0.0008765421987987567,0.0
4474,1635933601000.0,0.0,0.0,0.1,11.547,0.0,0.0,11.428,1.0,1.0,1308.2158203599874,1050.0,1308.2039203599875,1050.0,0.0008826525272276987,0.0
4475,1635937201000.0,0.0,0.0,0.1,11.547,0.0,0.0,11.423,1.0,1.0,1308.2158203599874,1050.0,1308.2034203599874,1050.0,0.0008826525272276987,0.0
4476,1635940801000.0,0.0,0.0,0.2,11.4085,0.0,0.0,11.281,1.0,1.0,1308.2157076599874,1050.0,1308.1902076599874,1050.0,0.0017441313283734297,0.0
4477,1635944401000.0,0.0,0.0,2.8,10.92032142857143,0.0,0.0,10.923,1.0,1.0,1308.2128781399874,1050.0,1308.2203781399874,1050.0,0.023373030881238637,0.0
4478,1635948001000.0,0.0,0.0,0.9,10.92032142857143,0.0,0.0,10.837,1.0,1.0,1308.3469789457004,1050.0,1308.271989659986,1050.0,0.007511989895550625,0.0
4479,1635951601000.0,0.0,0.0,0.1,11.07,0.0,0.0,11.098,1.0,1.0,1308.4232685099848,1050.0,1308.4260685099848,1050.0,0.0008460564915362878,0.0
4480,1635955201000.0,0.0,0.0,0.1,11.679,0.0,0.0,11.605,1.0,1.0,1308.4738699999843,1050.0,1308.4664699999844,1050.0,0.0008925665439539989,0.0
4481,1635958801000.0,0.0,0.0,0.5,11.371599999999999,0.0,0.0,11.288,1.0,1.0,1308.4734182099844,1050.0,1308.4316182099844,1050.0,0.004345369130829022,0.0
4482,1635962401000.0,0.0,0.0,0.2,11.371599999999999,0.0,0.0,11.466,1.0,1.0,1308.4953948299844,1050.0,1308.5142748299845,1050.0,0.0017381184595575189,0.0
4483,1635966001000.0,0.0,0.0,0.1,11.538,0.0,0.0,11.511,1.0,1.0,1308.5172008199845,1050.0,1308.5145008199845,1050.0,0.0008817614313949938,0.0
4484,1635969601000.0,0.0,0.0,0.2,11.3995,0.0,0.0,11.288,1.0,1.0,1308.5170882099844,1050.0,1308.4947882099843,1050.0,0.0017423540132126519,0.0
4485,1635973201000.0,0.0,0.0,0.2,11.3995,0.0,0.0,11.234,1.0,1.0,1308.5170882099844,1050.0,1308.4839882099843,1050.0,0.0017423540132126519,0.0
4486,1635976801000.0,0.0,0.0,0.5,11.234200000000001,0.0,0.0,11.22,1.0,1.0,1308.5167544899844,1050.0,1308.5096544899843,1050.0,0.0042927230245434315,0.0
4487,1635980401000.0,0.0,0.0,0.5,11.234200000000001,0.0,0.0,11.176,1.0,1.0,1308.5167544899844,1050.0,1308.4876544899844,1050.0,0.0042927230245434315,0.0
4488,1635984001000.0,0.0,0.0,0.5,11.234200000000001,0.0,0.0,11.27,1.0,1.0,1308.5167544899844,1050.0,1308.5346544899844,1050.0,0.0042927230245434315,0.0
4489,1635987601000.0,0.0,0.0,1.2,11.073083333333335,0.0,0.0,11.03,1.0,1.0,1308.5159874299843,1050.0,1308.4642874299843,1050.0,0.010154786129971527,0.0
4490,1635991201000.0,0.0,0.0,1.0,11.073083333333335,0.0,0.0,11.039,1.0,1.0,1308.5303478433175,1050.0,1308.4962645099843,1050.0,0.008462228905568508,0.0
4491,1635994801000.0,0.0,0.0,1.0,11.073083333333335,0.0,0.0,10.994,1.0,1.0,1308.5303478433175,1050.0,1308.4512645099842,1050.0,0.008462228905568508,0.0
4492,1635998401000.0,0.0,0.0,0.1,11.212,0.0,0.0,11.2,1.0,1.0,1308.6140365899835,1050.0,1308.6128365899835,1050.0,0.0008567843295656897,0.0
4493,1636002001000.0,0.0,0.0,0.1,11.212,0.0,0.0,11.163,1.0,1.0,1308.6140365899835,1050.0,1308.6091365899836,1050.0,0.0008567843295656897,0.0
4494,1636005601000.0,0.0,0.0,0.1,11.212,0.0,0.0,11.038,1.0,1.0,1308.6140365899835,1050.0,1308.5966365899835,1050.0,0.0008567843295656897,0.0
4495,1636009201000.0,0.0,0.0,0.1,11.212,0.0,0.0,11.094,1.0,1.0,1308.6140365899835,1050.0,1308.6022365899835,1050.0,0.0008567843295656897,0.0
4496,1636012801000.0,0.0,0.0,0.5,10.917,0.0,0.0,10.774,1.0,1.0,1308.6136028599833,1050.0,1308.5421028599833,1050.0,0.0041712083598018646,0.0
4497,1636016401000.0,0.0,0.0,0.5,10.917,0.0,0.0,10.759,1.0,1.0,1308.6136028599833,1050.0,1308.5346028599834,1050.0,0.0041712083598018646,0.0
4498,1636020001000.0,0.0,0.0,0.5,10.917,0.0,0.0,10.825,1.0,1.0,1308.6136028599833,1050.0,1308.5676028599833,1050.0,0.0041712083598018646,0.0
4499,1636023601000.0,0.0,0.0,0.5,10.917,0.0,0.0,10.891,1.0,1.0,1308.6136028599833,1050.0,1308.6006028599834,1050.0,0.0041712083598018646,0.0
4500,1636027201000.0,0.0,0.0,0.5,10.917,0.0,0.0,10.778,1.0,1.0,1308.6136028599833,1050.0,1308.5441028599832,1050.0,0.0041712083598018646,0.0
4501,1636030801000.0,0.0,0.0,0.5,10.917,0.0,0.0,10.891,1.0,1.0,1308.6136028599833,1050.0,1308.6006028599834,1050.0,0.0041712083598018646,0.0
4502,1636034401000.0,0.0,0.0,0.5,10.917,0.0,0.0,10.829,1.0,1.0,1308.6136028599833,1050.0,1308.5696028599832,1050.0,0.0041712083598018646,0.0
4503,1636038001000.0,0.0,0.0,1.2,10.760666666666665,0.0,0.0,10.642,1.0,1.0,1308.6128574299833,1050.0,1308.4704574299833,1050.0,0.009867547859310936,0.0
4504,1636041601000.0,0.0,0.0,2.8,10.603714285714286,0.0,0.0,10.482,1.0,1.0,1308.6111796699834,1050.0,1308.2703796699834,1050.0,0.02268848108686308,0.0
4505,1636045201000.0,0.0,0.0,2.8,10.603714285714286,0.0,0.0,10.517,1.0,1.0,1308.6111796699834,1050.0,1308.3683796699834,1050.0,0.02268848108686308,0.0
4506,1636048801000.0,0.0,0.0,2.8,10.603714285714286,0.0,0.0,10.404,1.0,1.0,1308.6111796699834,1050.0,1308.0519796699834,1050.0,0.02268848108686308,0.0
4507,1636052401000.0,0.0,0.0,2.8,10.603714285714286,0.0,0.0,10.429,1.0,1.0,1308.6111796699834,1050.0,1308.1219796699834,1050.0,0.02268848108686308,0.0
4508,1636056001000.0,0.0,0.0,2.8,10.603714285714286,0.0,0.0,10.563,1.0,1.0,1308.6111796699834,1050.0,1308.4971796699833,1050.0,0.02268848108686308,0.0
4509,1636059601000.0,0.0,0.0,2.8,10.603714285714286,0.0,0.0,10.586,1.0,1.0,1308.6111796699834,1050.0,1308.5615796699833,1050.0,0.02268848108686308,0.0
4510,1636063201000.0,0.0,0.0,2.8,10.603714285714286,0.0,0.0,10.658,1.0,1.0,1308.6111796699834,1050.0,1308.7631796699834,1050.0,0.02268848108686308,0.0
4511,1636066801000.0,0.0,0.0,2.8,10.603714285714286,0.0,0.0,10.603,1.0,1.0,1308.6111796699834,1050.0,1308.6091796699834,1050.0,0.02268848108686308,0.0
4512,1636070401000.0,0.0,0.0,2.0,10.603714285714286,0.0,0.0,10.658,1.0,1.0,1308.6657544014122,1050.0,1308.7743258299836,1050.0,0.016205382084846346,0.0
4513,1636074001000.0,0.0,0.0,2.0,10.603714285714286,0.0,0.0,10.488,1.0,1.0,1308.6657544014122,1050.0,1308.4343258299837,1050.0,0.016205382084846346,0.0
4514,1636077601000.0,0.0,0.0,2.0,10.603714285714286,0.0,0.0,10.613,1.0,1.0,1308.6657544014122,1050.0,1308.6843258299837,1050.0,0.016205382084846346,0.0
4515,1636081201000.0,0.0,0.0,2.0,10.603714285714286,0.0,0.0,10.522,1.0,1.0,1308.6657544014122,1050.0,1308.5023258299836,1050.0,0.016205382084846346,0.0
4516,1636084801000.0,0.0,0.0,2.0,10.603714285714286,0.0,0.0,10.627,1.0,1.0,1308.6657544014122,1050.0,1308.7123258299837,1050.0,0.016205382084846346,0.0
4517,1636088401000.0,0.0,0.0,0.6,10.603714285714286,0.0,0.0,10.68,1.0,1.0,1308.7612601814121,1050.0,1308.8070316099836,1050.0,0.004861259853112308,0.0
4518,1636092001000.0,0.0,0.0,0.1,10.675,0.0,0.0,10.618,1.0,1.0,1308.8020844799833,1050.0,1308.7963844799833,1050.0,0.0008156313415592871,0.0
4519,1636095601000.0,0.0,0.0,0.1,10.675,0.0,0.0,10.573,1.0,1.0,1308.8020844799833,1050.0,1308.7918844799833,1050.0,0.0008156313415592871,0.0
4520,1636099201000.0,0.0,0.0,0.1,10.675,0.0,0.0,10.574,1.0,1.0,1308.8020844799833,1050.0,1308.7919844799833,1050.0,0.0008156313415592871,0.0
4521,1636102801000.0,0.0,0.0,0.1,10.675,0.0,0.0,10.55,1.0,1.0,1308.8020844799833,1050.0,1308.7895844799832,1050.0,0.0008156313415592871,0.0
4522,1636106401000.0,0.0,0.0,0.1,10.675,0.0,0.0,10.489,1.0,1.0,1308.8020844799833,1050.0,1308.7834844799831,1050.0,0.0008156313415592871,0.0
4523,1636110001000.0,0.0,0.0,0.2,10.547,0.0,0.0,10.443,1.0,1.0,1308.8019802899832,1050.0,1308.7811802899832,1050.0,0.0016117029403734807,0.0
4524,1636113601000.0,0.0,0.0,0.2,10.547,0.0,0.0,10.405,1.0,1.0,1308.8019802899832,1050.0,1308.7735802899833,1050.0,0.0016117029403734807,0.0
4525,1636117201000.0,0.0,0.0,0.2,10.547,0.0,0.0,10.394,1.0,1.0,1308.8019802899832,1050.0,1308.7713802899832,1050.0,0.0016117029403734807,0.0
4526,1636120801000.0,0.0,0.0,0.2,10.547,0.0,0.0,10.512,1.0,1.0,1308.8019802899832,1050.0,1308.7949802899832,1050.0,0.0016117029403734807,0.0
4527,1636124401000.0,0.0,0.0,0.2,10.547,0.0,0.0,10.35,1.0,1.0,1308.8019802899832,1050.0,1308.7625802899834,1050.0,0.0016117029403734807,0.0
4528,1636128001000.0,0.0,0.0,0.5,10.394,0.0,0.0,10.249,1.0,1.0,1308.8016715299832,1050.0,1308.7291715299832,1050.0,0.003970807887129859,0.0
4529,1636131601000.0,0.0,0.0,0.5,10.394,0.0,0.0,10.457,1.0,1.0,1308.8016715299832,1050.0,1308.8331715299832,1050.0,0.003970807887129859,0.0
4530,1636135201000.0,0.0,0.0,0.1,10.538,0.0,0.0,10.522,1.0,1.0,1308.841733019984,1050.0,1308.840133019984,1050.0,0.0008051393636177019,0.0
4531,1636138801000.0,0.0,0.0,0.1,10.538,0.0,0.0,10.498,1.0,1.0,1308.841733019984,1050.0,1308.8377330199842,1050.0,0.0008051393636177019,0.0
4532,1636142401000.0,0.0,0.0,0.1,10.538,0.0,0.0,10.427,1.0,1.0,1308.841733019984,1050.0,1308.8306330199841,1050.0,0.0008051393636177019,0.0
4533,1636146001000.0,0.0,0.0,0.2,10.4115,0.0,0.0,10.291,1.0,1.0,1308.841630169984,1050.0,1308.817530169984,1050.0,0.0015909487840248206,0.0
4534,1636149601000.0,0.0,0.0,0.2,10.4115,0.0,0.0,10.293,1.0,1.0,1308.841630169984,1050.0,1308.817930169984,1050.0,0.0015909487840248206,0.0
4535,1636153201000.0,0.0,0.0,0.2,10.4115,0.0,0.0,10.363,1.0,1.0,1308.841630169984,1050.0,1308.831930169984,1050.0,0.0015909487840248206,0.0
4536,1636156801000.0,0.0,0.0,0.2,10.4115,0.0,0.0,10.389,1.0,1.0,1308.841630169984,1050.0,1308.837130169984,1050.0,0.0015909487840248206,0.0
4537,1636160401000.0,0.0,0.0,0.2,10.4115,0.0,0.0,10.433,1.0,1.0,1308.841630169984,1050.0,1308.845930169984,1050.0,0.0015909487840248206,0.0
4538,1636164001000.0,0.0,0.0,0.2,10.4115,0.0,0.0,10.414,1.0,1.0,1308.841630169984,1050.0,1308.842130169984,1050.0,0.0015909487840248206,0.0
4539,1636167601000.0,0.0,0.0,0.2,10.4115,0.0,0.0,10.26,1.0,1.0,1308.841630169984,1050.0,1308.811330169984,1050.0,0.0015909487840248206,0.0
4540,1636171201000.0,0.0,0.0,0.2,10.4115,0.0,0.0,10.306,1.0,1.0,1308.841630169984,1050.0,1308.820530169984,1050.0,0.0015909487840248206,0.0
4541,1636174801000.0,0.0,0.0,0.2,10.4115,0.0,0.0,10.314,1.0,1.0,1308.841630169984,1050.0,1308.822130169984,1050.0,0.0015909487840248206,0.0
4542,1636178401000.0,0.0,0.0,0.2,10.4115,0.0,0.0,10.27,1.0,1.0,1308.841630169984,1050.0,1308.813330169984,1050.0,0.0015909487840248206,0.0
4543,1636182001000.0,0.0,0.0,0.2,10.4115,0.0,0.0,10.294,1.0,1.0,1308.841630169984,1050.0,1308.818130169984,1050.0,0.0015909487840248206,0.0
4544,1636185601000.0,0.0,0.0,0.5,10.2606,0.0,0.0,10.184,1.0,1.0,1308.841325369984,1050.0,1308.803025369984,1050.0,0.003919726479105299,0.0
4545,1636189201000.0,0.0,0.0,0.5,10.2606,0.0,0.0,10.184,1.0,1.0,1308.841325369984,1050.0,1308.803025369984,1050.0,0.003919726479105299,0.0
4546,1636192801000.0,0.0,0.0,0.5,10.2606,0.0,0.0,10.183,1.0,1.0,1308.841325369984,1050.0,1308.8025253699839,1050.0,0.003919726479105299,0.0
4547,1636196401000.0,0.0,0.0,1.2,10.113833333333336,0.0,0.0,9.975,1.0,1.0,1308.840624739984,1050.0,1308.674024739984,1050.0,0.009272786747745607,0.0
4548,1636200001000.0,0.0,0.0,2.8,9.96707142857143,0.0,0.0,9.843,1.0,1.0,1308.8390476199838,1050.0,1308.4916476199837,1050.0,0.021322560669891414,0.0
4549,1636203601000.0,0.0,0.0,2.8,9.96707142857143,0.0,0.0,9.808,1.0,1.0,1308.8390476199838,1050.0,1308.3936476199838,1050.0,0.021322560669891414,0.0
4550,1636207201000.0,0.0,0.0,2.8,9.96707142857143,0.0,0.0,9.951,1.0,1.0,1308.8390476199838,1050.0,1308.7940476199838,1050.0,0.021322560669891414,0.0
4551,1636210801000.0,0.0,0.0,2.8,9.96707142857143,0.0,0.0,10.01,1.0,1.0,1308.8390476199838,1050.0,1308.959247619984,1050.0,0.021322560669891414,0.0
4552,1636214401000.0,0.0,0.0,2.8,9.96707142857143,0.0,0.0,9.968,1.0,1.0,1308.8390476199838,1050.0,1308.8416476199839,1050.0,0.021322560669891414,0.0
4553,1636218001000.0,0.0,0.0,2.8,9.96707142857143,0.0,0.0,9.968,1.0,1.0,1308.8390476199838,1050.0,1308.8416476199839,1050.0,0.021322560669891414,0.0
4554,1636221601000.0,0.0,0.0,2.8,9.96707142857143,0.0,0.0,10.002,1.0,1.0,1308.8390476199838,1050.0,1308.9368476199838,1050.0,0.021322560669891414,0.0
4555,1636225201000.0,0.0,0.0,2.8,9.96707142857143,0.0,0.0,10.015,1.0,1.0,1308.8390476199838,1050.0,1308.9732476199838,1050.0,0.021322560669891414,0.0
4556,1636228801000.0,0.0,0.0,0.4,9.96707142857143,0.0,0.0,10.112,1.0,1.0,1309.0110666514124,1050.0,1309.0690380799838,1050.0,0.00304567980592196,0.0
4557,1636232401000.0,0.0,0.0,0.1,10.145,0.0,0.0,10.128,1.0,1.0,1309.0801309899832,1050.0,1309.0784309899832,1050.0,0.000774971658329877,0.0
4558,1636236001000.0,0.0,0.0,0.1,10.145,0.0,0.0,10.176,1.0,1.0,1309.0801309899832,1050.0,1309.0832309899831,1050.0,0.000774971658329877,0.0
4559,1636239601000.0,0.0,0.0,0.1,10.145,0.0,0.0,10.183,1.0,1.0,1309.0801309899832,1050.0,1309.0839309899832,1050.0,0.000774971658329877,0.0
4560,1636243201000.0,0.0,0.0,0.1,10.145,0.0,0.0,10.156,1.0,1.0,1309.0801309899832,1050.0,1309.0812309899832,1050.0,0.000774971658329877,0.0
4561,1636246801000.0,0.0,0.0,0.1,10.214,0.0,0.0,10.224,1.0,1.0,1309.086626729983,1050.0,1309.087626729983,1050.0,0.0007802386634652237,0.0
4562,1636250401000.0,0.0,0.0,0.1,10.214,0.0,0.0,10.255,1.0,1.0,1309.086626729983,1050.0,1309.090726729983,1050.0,0.0007802386634652237,0.0
4563,1636254001000.0,0.0,0.0,0.1,10.287,0.0,0.0,10.265,1.0,1.0,1309.0931210499828,1050.0,1309.0909210499829,1050.0,0.0007858111722219669,0.0
4564,1636257601000.0,0.0,0.0,0.1,10.287,0.0,0.0,10.269,1.0,1.0,1309.0931210499828,1050.0,1309.0913210499828,1050.0,0.0007858111722219669,0.0
4565,1636261201000.0,0.0,0.0,0.1,10.287,0.0,0.0,10.272,1.0,1.0,1309.0931210499828,1050.0,1309.0916210499827,1050.0,0.0007858111722219669,0.0
4566,1636264801000.0,0.0,0.0,0.1,10.287,0.0,0.0,10.206,1.0,1.0,1309.0931210499828,1050.0,1309.0850210499827,1050.0,0.0007858111722219669,0.0
4567,1636268401000.0,0.0,0.0,0.1,10.287,0.0,0.0,10.146,1.0,1.0,1309.0931210499828,1050.0,1309.0790210499827,1050.0,0.0007858111722219669,0.0
4568,1636272001000.0,0.0,0.0,0.1,10.287,0.0,0.0,10.133,1.0,1.0,1309.0931210499828,1050.0,1309.0777210499828,1050.0,0.0007858111722219669,0.0
4569,1636275601000.0,0.0,0.0,0.1,10.287,0.0,0.0,10.176,1.0,1.0,1309.0931210499828,1050.0,1309.0820210499828,1050.0,0.0007858111722219669,0.0
4570,1636279201000.0,0.0,0.0,0.1,10.287,0.0,0.0,10.21,1.0,1.0,1309.0931210499828,1050.0,1309.0854210499826,1050.0,0.0007858111722219669,0.0
4571,1636282801000.0,0.0,0.0,0.1,10.287,0.0,0.0,10.225,1.0,1.0,1309.0931210499828,1050.0,1309.0869210499827,1050.0,0.0007858111722219669,0.0
4572,1636286401000.0,0.0,0.0,0.1,10.287,0.0,0.0,10.239,1.0,1.0,1309.0931210499828,1050.0,1309.0883210499828,1050.0,0.0007858111722219669,0.0
4573,1636290001000.0,0.0,0.0,0.1,10.287,0.0,0.0,10.197,1.0,1.0,1309.0931210499828,1050.0,1309.0841210499827,1050.0,0.0007858111722219669,0.0
4574,1636293601000.0,0.0,0.0,0.1,10.482,0.0,0.0,10.386,1.0,1.0,1309.099712679983,1050.0,1309.090112679983,1050.0,0.0008007029486349285,0.0
4575,1636297201000.0,0.0,0.0,0.1,10.482,0.0,0.0,10.495,1.0,1.0,1309.099712679983,1050.0,1309.101012679983,1050.0,0.0008007029486349285,0.0
4576,1636300801000.0,0.0,0.0,0.1,10.482,0.0,0.0,10.459,1.0,1.0,1309.099712679983,1050.0,1309.0974126799829,1050.0,0.0008007029486349285,0.0
4577,1636304401000.0,0.0,0.0,0.1,10.576,0.0,0.0,10.584,1.0,1.0,1309.1064014099832,1050.0,1309.1072014099832,1050.0,0.0008078793281133634,0.0
4578,1636308001000.0,0.0,0.0,0.1,10.576,0.0,0.0,10.578,1.0,1.0,1309.1064014099832,1050.0,1309.106601409983,1050.0,0.0008078793281133634,0.0
4579,1636311601000.0,0.0,0.0,0.1,10.576,0.0,0.0,10.562,1.0,1.0,1309.1064014099832,1050.0,1309.105001409983,1050.0,0.0008078793281133634,0.0
4580,1636315201000.0,0.0,0.0,0.1,10.576,0.0,0.0,10.529,1.0,1.0,1309.1064014099832,1050.0,1309.1017014099832,1050.0,0.0008078793281133634,0.0
4581,1636318801000.0,0.0,0.0,0.1,10.651,0.0,0.0,10.647,1.0,1.0,1309.113188439983,1050.0,1309.1127884399832,1050.0,0.0008136042088684755,0.0
4582,1636322401000.0,0.0,0.0,0.1,10.651,0.0,0.0,10.601,1.0,1.0,1309.113188439983,1050.0,1309.108188439983,1050.0,0.0008136042088684755,0.0
4583,1636326001000.0,0.0,0.0,0.1,10.651,0.0,0.0,10.499,1.0,1.0,1309.113188439983,1050.0,1309.097988439983,1050.0,0.0008136042088684755,0.0
4584,1636329601000.0,0.0,0.0,0.2,10.523,0.0,0.0,10.492,1.0,1.0,1309.113084489983,1050.0,1309.106884489983,1050.0,0.0016076533226462484,0.0
4585,1636333201000.0,0.0,0.0,0.2,10.523,0.0,0.0,10.338,1.0,1.0,1309.113084489983,1050.0,1309.076084489983,1050.0,0.0016076533226462484,0.0
4586,1636336801000.0,0.0,0.0,0.2,10.523,0.0,0.0,10.356,1.0,1.0,1309.113084489983,1050.0,1309.079684489983,1050.0,0.0016076533226462484,0.0
4587,1636340401000.0,0.0,0.0,0.2,10.523,0.0,0.0,10.327,1.0,1.0,1309.113084489983,1050.0,1309.0738844899831,1050.0,0.0016076533226462484,0.0
4588,1636344001000.0,0.0,0.0,0.2,10.523,0.0,0.0,10.364,1.0,1.0,1309.113084489983,1050.0,1309.081284489983,1050.0,0.0016076533226462484,0.0
4589,1636347601000.0,0.0,0.0,0.2,10.523,0.0,0.0,10.367,1.0,1.0,1309.113084489983,1050.0,1309.0818844899832,1050.0,0.0016076533226462484,0.0
4590,1636351201000.0,0.0,0.0,0.2,10.523,0.0,0.0,10.359,1.0,1.0,1309.113084489983,1050.0,1309.0802844899831,1050.0,0.0016076533226462484,0.0
4591,1636354801000.0,0.0,0.0,0.2,10.523,0.0,0.0,10.394,1.0,1.0,1309.113084489983,1050.0,1309.0872844899832,1050.0,0.0016076533226462484,0.0
4592,1636358401000.0,0.0,0.0,0.2,10.523,0.0,0.0,10.394,1.0,1.0,1309.113084489983,1050.0,1309.0872844899832,1050.0,0.0016076533226462484,0.0
4593,1636362001000.0,0.0,0.0,0.2,10.523,0.0,0.0,10.333,1.0,1.0,1309.113084489983,1050.0,1309.075084489983,1050.0,0.0016076533226462484,0.0
4594,1636365601000.0,0.0,0.0,0.2,10.523,0.0,0.0,10.378,1.0,1.0,1309.113084489983,1050.0,1309.084084489983,1050.0,0.0016076533226462484,0.0
4595,1636369201000.0,0.0,0.0,0.2,10.523,0.0,0.0,10.429,1.0,1.0,1309.113084489983,1050.0,1309.094284489983,1050.0,0.0016076533226462484,0.0
4596,1636372801000.0,0.0,0.0,0.2,10.523,0.0,0.0,10.43,1.0,1.0,1309.113084489983,1050.0,1309.094484489983,1050.0,0.0016076533226462484,0.0
4597,1636376401000.0,0.0,0.0,0.2,10.523,0.0,0.0,10.541,1.0,1.0,1309.113084489983,1050.0,1309.116684489983,1050.0,0.0016076533226462484,0.0
4598,1636380001000.0,0.0,0.0,0.2,10.523,0.0,0.0,10.448,1.0,1.0,1309.113084489983,1050.0,1309.098084489983,1050.0,0.0016076533226462484,0.0
4599,1636383601000.0,0.0,0.0,0.2,10.523,0.0,0.0,10.384,1.0,1.0,1309.113084489983,1050.0,1309.085284489983,1050.0,0.0016076533226462484,0.0
4600,1636387201000.0,0.0,0.0,0.2,10.523,0.0,0.0,10.406,1.0,1.0,1309.113084489983,1050.0,1309.089684489983,1050.0,0.0016076533226462484,0.0
4601,1636390801000.0,0.0,0.0,0.2,10.523,0.0,0.0,10.386,1.0,1.0,1309.113084489983,1050.0,1309.0856844899831,1050.0,0.0016076533226462484,0.0
4602,1636394401000.0,0.0,0.0,0.2,10.523,0.0,0.0,10.458,1.0,1.0,1309.113084489983,1050.0,1309.1000844899831,1050.0,0.0016076533226462484,0.0
4603,1636398001000.0,0.0,0.0,0.2,10.523,0.0,0.0,10.463,1.0,1.0,1309.113084489983,1050.0,1309.1010844899831,1050.0,0.0016076533226462484,0.0
4604,1636401601000.0,0.0,0.0,0.2,10.523,0.0,0.0,10.536,1.0,1.0,1309.113084489983,1050.0,1309.115684489983,1050.0,0.0016076533226462484,0.0
4605,1636405201000.0,0.0,0.0,0.2,10.523,0.0,0.0,10.405,1.0,1.0,1309.113084489983,1050.0,1309.089484489983,1050.0,0.0016076533226462484,0.0
4606,1636408801000.0,0.0,0.0,0.2,10.523,0.0,0.0,10.422,1.0,1.0,1309.113084489983,1050.0,1309.0928844899831,1050.0,0.0016076533226462484,0.0
4607,1636412401000.0,0.0,0.0,0.2,10.523,0.0,0.0,10.405,1.0,1.0,1309.113084489983,1050.0,1309.089484489983,1050.0,0.0016076533226462484,0.0
4608,1636416001000.0,0.0,0.0,0.2,10.523,0.0,0.0,10.497,1.0,1.0,1309.113084489983,1050.0,1309.107884489983,1050.0,0.0016076533226462484,0.0
4609,1636419601000.0,0.0,0.0,0.2,10.523,0.0,0.0,10.489,1.0,1.0,1309.113084489983,1050.0,1309.106284489983,1050.0,0.0016076533226462484,0.0
4610,1636423201000.0,0.0,0.0,0.2,10.523,0.0,0.0,10.481,1.0,1.0,1309.113084489983,1050.0,1309.1046844899831,1050.0,0.0016076533226462484,0.0
4611,1636426801000.0,0.0,0.0,0.2,10.523,0.0,0.0,10.475,1.0,1.0,1309.113084489983,1050.0,1309.103484489983,1050.0,0.0016076533226462484,0.0
4612,1636430401000.0,0.0,0.0,0.2,10.523,0.0,0.0,10.468,1.0,1.0,1309.113084489983,1050.0,1309.102084489983,1050.0,0.0016076533226462484,0.0
4613,1636434001000.0,0.0,0.0,0.2,10.523,0.0,0.0,10.518,1.0,1.0,1309.113084489983,1050.0,1309.112084489983,1050.0,0.0016076533226462484,0.0
4614,1636437601000.0,0.0,0.0,0.1,10.593,0.0,0.0,10.588,1.0,1.0,1309.1265667199834,1050.0,1309.1260667199833,1050.0,0.000809165459573612,0.0
4615,1636441201000.0,0.0,0.0,0.1,10.593,0.0,0.0,10.591,1.0,1.0,1309.1265667199834,1050.0,1309.1263667199835,1050.0,0.000809165459573612,0.0
4616,1636444801000.0,0.0,0.0,0.1,10.809,0.0,0.0,10.818,1.0,1.0,1309.1470226099837,1050.0,1309.1479226099837,1050.0,0.0008256521088403512,0.0
4617,1636448401000.0,0.0,0.0,0.1,10.809,0.0,0.0,10.802,1.0,1.0,1309.1470226099837,1050.0,1309.1463226099836,1050.0,0.0008256521088403512,0.0
4618,1636452001000.0,0.0,0.0,0.1,10.882,0.0,0.0,10.89,1.0,1.0,1309.1539049899839,1050.0,1309.1547049899839,1050.0,0.0008312238888431729,0.0
4619,1636455601000.0,0.0,0.0,0.1,10.882,0.0,0.0,10.764,1.0,1.0,1309.1539049899839,1050.0,1309.1421049899839,1050.0,0.0008312238888431729,0.0
4620,1636459201000.0,0.0,0.0,0.2,10.7515,0.0,0.0,10.657,1.0,1.0,1309.1537987799838,1050.0,1309.1348987799838,1050.0,0.0016425113703247781,0.0
4621,1636462801000.0,0.0,0.0,0.2,10.7515,0.0,0.0,10.64,1.0,1.0,1309.1537987799838,1050.0,1309.1314987799838,1050.0,0.0016425113703247781,0.0
4622,1636466401000.0,0.0,0.0,0.1,10.931,0.0,0.0,10.916,1.0,1.0,1309.174455819984,1050.0,1309.1729558199838,1050.0,0.0008349536573529853,0.0
4623,1636470001000.0,0.0,0.0,0.1,10.931,0.0,0.0,10.737,1.0,1.0,1309.174455819984,1050.0,1309.155055819984,1050.0,0.0008349536573529853,0.0
4624,1636473601000.0,0.0,0.0,0.2,10.8,0.0,0.0,10.678,1.0,1.0,1309.174349129984,1050.0,1309.149949129984,1050.0,0.0016498948374870277,0.0
4625,1636477201000.0,0.0,0.0,0.2,10.8,0.0,0.0,10.745,1.0,1.0,1309.174349129984,1050.0,1309.163349129984,1050.0,0.0016498948374870277,0.0
4626,1636480801000.0,0.0,0.0,0.1,10.878,0.0,0.0,10.788,1.0,1.0,1309.1882229299842,1050.0,1309.1792229299842,1050.0,0.0008308965670081313,0.0
4627,1636484401000.0,0.0,0.0,0.1,10.878,0.0,0.0,10.665,1.0,1.0,1309.1882229299842,1050.0,1309.1669229299841,1050.0,0.0008308965670081313,0.0
4628,1636488001000.0,0.0,0.0,0.2,10.7475,0.0,0.0,10.649,1.0,1.0,1309.1881167599843,1050.0,1309.1684167599842,1050.0,0.0016418572491473903,0.0
4629,1636491601000.0,0.0,0.0,0.2,10.7475,0.0,0.0,10.627,1.0,1.0,1309.1881167599843,1050.0,1309.1640167599842,1050.0,0.0016418572491473903,0.0
4630,1636495201000.0,0.0,0.0,0.2,10.7475,0.0,0.0,10.67,1.0,1.0,1309.1881167599843,1050.0,1309.1726167599843,1050.0,0.0016418572491473903,0.0
4631,1636498801000.0,0.0,0.0,0.2,10.7475,0.0,0.0,10.725,1.0,1.0,1309.1881167599843,1050.0,1309.1836167599843,1050.0,0.0016418572491473903,0.0
4632,1636502401000.0,0.0,0.0,0.2,10.7475,0.0,0.0,10.688,1.0,1.0,1309.1881167599843,1050.0,1309.1762167599843,1050.0,0.0016418572491473903,0.0
4633,1636506001000.0,0.0,0.0,0.1,10.82,0.0,0.0,10.7,1.0,1.0,1309.2018921999838,1050.0,1309.189892199984,1050.0,0.0008264577117145824,0.0
4634,1636509601000.0,0.0,0.0,0.1,10.898,0.0,0.0,10.842,1.0,1.0,1309.2087743099837,1050.0,1309.2031743099838,1050.0,0.0008324111641967702,0.0
4635,1636513201000.0,0.0,0.0,0.1,10.972,0.0,0.0,10.817,1.0,1.0,1309.2157548899838,1050.0,1309.2002548899839,1050.0,0.0008380589646144306,0.0
4636,1636516801000.0,0.0,0.0,0.5,10.6836,0.0,0.0,10.453,1.0,1.0,1309.2153304299839,1050.0,1309.100030429984,1050.0,0.004080153872201909,0.0
4637,1636520401000.0,0.0,0.0,1.2,10.530416666666667,0.0,0.0,10.549,1.0,1.0,1309.214600959984,1050.0,1309.236900959984,1050.0,0.009651969960260345,0.0
4638,1636524001000.0,0.0,0.0,1.2,10.530416666666667,0.0,0.0,10.402,1.0,1.0,1309.214600959984,1050.0,1309.060500959984,1050.0,0.009651969960260345,0.0
4639,1636527601000.0,0.0,0.0,1.2,10.530416666666667,0.0,0.0,10.51,1.0,1.0,1309.214600959984,1050.0,1309.190100959984,1050.0,0.009651969960260345,0.0
4640,1636531201000.0,0.0,0.0,1.2,10.530416666666667,0.0,0.0,10.462,1.0,1.0,1309.214600959984,1050.0,1309.1325009599839,1050.0,0.009651969960260345,0.0
4641,1636534801000.0,0.0,0.0,1.2,10.530416666666667,0.0,0.0,10.459,1.0,1.0,1309.214600959984,1050.0,1309.1289009599839,1050.0,0.009651969960260345,0.0
4642,1636538401000.0,0.0,0.0,1.2,10.530416666666667,0.0,0.0,10.46,1.0,1.0,1309.214600959984,1050.0,1309.130100959984,1050.0,0.009651969960260345,0.0
4643,1636542001000.0,0.0,0.0,1.2,10.530416666666667,0.0,0.0,10.507,1.0,1.0,1309.214600959984,1050.0,1309.186500959984,1050.0,0.009651969960260345,0.0
4644,1636545601000.0,0.0,0.0,1.2,10.530416666666667,0.0,0.0,10.5,1.0,1.0,1309.214600959984,1050.0,1309.178100959984,1050.0,0.009651969960260345,0.0
4645,1636549201000.0,0.0,0.0,1.2,10.530416666666667,0.0,0.0,10.373,1.0,1.0,1309.214600959984,1050.0,1309.0257009599839,1050.0,0.009651969960260345,0.0
4646,1636552801000.0,0.0,0.0,1.2,10.530416666666667,0.0,0.0,10.55,1.0,1.0,1309.214600959984,1050.0,1309.238100959984,1050.0,0.009651969960260345,0.0
4647,1636556401000.0,0.0,0.0,0.1,10.658,0.0,0.0,10.63,1.0,1.0,1309.3537166799833,1050.0,1309.3509166799834,1050.0,0.0008139893646939486,0.0
4648,1636560001000.0,0.0,0.0,0.1,10.802,0.0,0.0,10.753,1.0,1.0,1309.3673860899835,1050.0,1309.3624860899836,1050.0,0.0008249785442004018,0.0
4649,1636563601000.0,0.0,0.0,0.1,10.802,0.0,0.0,10.749,1.0,1.0,1309.3673860899835,1050.0,1309.3620860899834,1050.0,0.0008249785442004018,0.0
4650,1636567201000.0,0.0,0.0,0.1,10.802,0.0,0.0,10.66,1.0,1.0,1309.3673860899835,1050.0,1309.3531860899834,1050.0,0.0008249785442004018,0.0
4651,1636570801000.0,0.0,0.0,0.2,10.6725,0.0,0.0,10.542,1.0,1.0,1309.3672806599834,1050.0,1309.3411806599834,1050.0,0.0016301766750457598,0.0
4652,1636574401000.0,0.0,0.0,1.2,10.3675,0.0,0.0,10.133,1.0,1.0,1309.3662500099836,1050.0,1309.0848500099835,1050.0,0.009501543208330854,0.0
4653,1636578001000.0,0.0,0.0,0.2,10.008500000000002,0.0,0.0,9.914,1.0,1.0,1309.8600692299835,1050.0,1309.8411692299835,1050.0,0.0015281785032020428,0.0
4654,1636581601000.0,0.0,0.0,0.1,9.427,0.0,0.0,9.314,1.0,1.0,1316.322464019984,1050.0,1316.311164019984,1050.0,0.0007161619023966519,0.0
4655,1636585201000.0,0.0,0.0,0.1,9.622,0.0,0.0,9.607,1.0,1.0,1316.3405907399845,1050.0,1316.3390907399844,1050.0,0.0007309658357181683,0.0
4656,1636588801000.0,0.0,0.0,0.1,9.622,0.0,0.0,9.589,1.0,1.0,1316.3405907399845,1050.0,1316.3372907399844,1050.0,0.0007309658357181683,0.0
4657,1636592401000.0,0.0,0.0,0.1,9.698,0.0,0.0,9.7,1.0,1.0,1316.3466969099843,1050.0,1316.3468969099843,1050.0,0.0007367359999280781,0.0
4658,1636596001000.0,0.0,0.0,0.1,9.698,0.0,0.0,9.647,1.0,1.0,1316.3466969099843,1050.0,1316.3415969099842,1050.0,0.0007367359999280781,0.0
4659,1636599601000.0,0.0,0.0,0.1,9.698,0.0,0.0,9.724,1.0,1.0,1316.3466969099843,1050.0,1316.3492969099843,1050.0,0.0007367359999280781,0.0
4660,1636603201000.0,0.0,0.0,0.1,9.698,0.0,0.0,9.745,1.0,1.0,1316.3466969099843,1050.0,1316.3513969099843,1050.0,0.0007367359999280781,0.0
4661,1636606801000.0,0.0,0.0,0.1,9.763,0.0,0.0,9.778,1.0,1.0,1316.3529016599844,1050.0,1316.3544016599844,1050.0,0.0007416704128268633,0.0
4662,1636610401000.0,0.0,0.0,0.1,9.828,0.0,0.0,9.866,1.0,1.0,1316.3591051099843,1050.0,1316.3629051099842,1050.0,0.0007466047799455797,0.0
4663,1636614001000.0,0.0,0.0,0.1,9.894,0.0,0.0,9.912,1.0,1.0,1316.3654072399843,1050.0,1316.3672072399843,1050.0,0.000751615010967562,0.0
4664,1636617601000.0,0.0,0.0,0.1,9.969,0.0,0.0,10.004,1.0,1.0,1316.3717079599842,1050.0,1316.3752079599842,1050.0,0.0007573088922922251,0.0
4665,1636621201000.0,0.0,0.0,0.2,9.9245,0.0,0.0,9.979,1.0,1.0,1316.3780091199842,1050.0,1316.3889091199842,1050.0,0.0015078495585982416,0.0
4666,1636624801000.0,0.0,0.0,0.1,9.997,0.0,0.0,10.024,1.0,1.0,1316.3908093499845,1050.0,1316.3935093499845,1050.0,0.0007594249313345161,0.0
4667,1636628401000.0,0.0,0.0,0.1,10.068,0.0,0.0,10.052,1.0,1.0,1316.3972080399844,1050.0,1316.3956080399844,1050.0,0.000764814748809023,0.0
4668,1636632001000.0,0.0,0.0,0.1,10.208,0.0,0.0,10.187,1.0,1.0,1316.4101012099843,1050.0,1316.4080012099844,1050.0,0.0007754422417920731,0.0
4669,1636635601000.0,0.0,0.0,0.2,10.0855,0.0,0.0,10.031,1.0,1.0,1316.4100015799843,1050.0,1316.3991015799843,1050.0,0.0015322733780349833,0.0
4670,1636639201000.0,0.0,0.0,0.2,10.0855,0.0,0.0,9.972,1.0,1.0,1316.4100015799843,1050.0,1316.3873015799843,1050.0,0.0015322733780349833,0.0
4671,1636642801000.0,0.0,0.0,0.2,10.0855,0.0,0.0,9.999,1.0,1.0,1316.4100015799843,1050.0,1316.3927015799843,1050.0,0.0015322733780349833,0.0
4672,1636646401000.0,0.0,0.0,0.2,10.0855,0.0,0.0,9.973,1.0,1.0,1316.4100015799843,1050.0,1316.3875015799842,1050.0,0.0015322733780349833,0.0
4673,1636650001000.0,0.0,0.0,0.2,10.0855,0.0,0.0,10.09,1.0,1.0,1316.4100015799843,1050.0,1316.4109015799843,1050.0,0.0015322733780349833,0.0
4674,1636653601000.0,0.0,0.0,0.2,10.0855,0.0,0.0,10.036,1.0,1.0,1316.4100015799843,1050.0,1316.4001015799843,1050.0,0.0015322733780349833,0.0
4675,1636657201000.0,0.0,0.0,0.2,10.0855,0.0,0.0,9.955,1.0,1.0,1316.4100015799843,1050.0,1316.3839015799842,1050.0,0.0015322733780349833,0.0
4676,1636660801000.0,0.0,0.0,0.2,10.0855,0.0,0.0,10.016,1.0,1.0,1316.4100015799843,1050.0,1316.3961015799844,1050.0,0.0015322733780349833,0.0
4677,1636664401000.0,0.0,0.0,0.2,10.0855,0.0,0.0,9.951,1.0,1.0,1316.4100015799843,1050.0,1316.3831015799842,1050.0,0.0015322733780349833,0.0
4678,1636668001000.0,0.0,0.0,0.2,10.0855,0.0,0.0,10.025,1.0,1.0,1316.4100015799843,1050.0,1316.3979015799844,1050.0,0.0015322733780349833,0.0
4679,1636671601000.0,0.0,0.0,0.2,10.0855,0.0,0.0,10.047,1.0,1.0,1316.4100015799843,1050.0,1316.4023015799844,1050.0,0.0015322733780349833,0.0
4680,1636675201000.0,0.0,0.0,0.2,10.0855,0.0,0.0,9.902,1.0,1.0,1316.4100015799843,1050.0,1316.3733015799842,1050.0,0.0015322733780349833,0.0
4681,1636678801000.0,0.0,0.0,0.5,9.9394,0.0,0.0,9.928,1.0,1.0,1316.4097063199843,1050.0,1316.4040063199843,1050.0,0.0037751924618459154,0.0
4682,1636682401000.0,0.0,0.0,0.5,9.9394,0.0,0.0,9.91,1.0,1.0,1316.4097063199843,1050.0,1316.3950063199843,1050.0,0.0037751924618459154,0.0
4683,1636686001000.0,0.0,0.0,0.1,10.064,0.0,0.0,10.023,1.0,1.0,1316.4527043499845,1050.0,1316.4486043499844,1050.0,0.0007644786604748728,0.0
4684,1636689601000.0,0.0,0.0,0.1,10.064,0.0,0.0,10.036,1.0,1.0,1316.4527043499845,1050.0,1316.4499043499845,1050.0,0.0007644786604748728,0.0
4685,1636693201000.0,0.0,0.0,0.1,10.134,0.0,0.0,10.052,1.0,1.0,1316.4591017099845,1050.0,1316.4509017099845,1050.0,0.0007697922394122744,0.0
4686,1636696801000.0,0.0,0.0,0.1,10.134,0.0,0.0,9.961,1.0,1.0,1316.4591017099845,1050.0,1316.4418017099845,1050.0,0.0007697922394122744,0.0
4687,1636700401000.0,0.0,0.0,0.1,10.134,0.0,0.0,9.918,1.0,1.0,1316.4591017099845,1050.0,1316.4375017099844,1050.0,0.0007697922394122744,0.0
4688,1636704001000.0,0.0,0.0,0.1,10.134,0.0,0.0,10.011,1.0,1.0,1316.4591017099845,1050.0,1316.4468017099844,1050.0,0.0007697922394122744,0.0
4689,1636707601000.0,0.0,0.0,0.1,10.134,0.0,0.0,10.103,1.0,1.0,1316.4591017099845,1050.0,1316.4560017099845,1050.0,0.0007697922394122744,0.0
4690,1636711201000.0,0.0,0.0,0.5,9.8676,0.0,0.0,9.71,1.0,1.0,1316.4587096699845,1050.0,1316.3799096699845,1050.0,0.003747781805657107,0.0
4691,1636714801000.0,0.0,0.0,0.5,9.8676,0.0,0.0,9.675,1.0,1.0,1316.4587096699845,1050.0,1316.3624096699846,1050.0,0.003747781805657107,0.0
4692,1636718401000.0,0.0,0.0,1.2,9.726666666666667,0.0,0.0,9.689,1.0,1.0,1316.4580358499845,1050.0,1316.4128358499845,1050.0,0.00886621501190796,0.0
4693,1636722001000.0,0.0,0.0,0.1,9.808,0.0,0.0,9.784,1.0,1.0,1316.533962849983,1050.0,1316.531562849983,1050.0,0.0007449864778853112,0.0
4694,1636725601000.0,0.0,0.0,0.1,9.808,0.0,0.0,9.767,1.0,1.0,1316.533962849983,1050.0,1316.529862849983,1050.0,0.0007449864778853112,0.0
4695,1636729201000.0,0.0,0.0,0.2,9.6905,0.0,0.0,9.556,1.0,1.0,1316.533867119983,1050.0,1316.5069671199828,1050.0,0.001472123162497703,0.0
4696,1636732801000.0,0.0,0.0,0.2,9.6905,0.0,0.0,9.547,1.0,1.0,1316.533867119983,1050.0,1316.5051671199828,1050.0,0.001472123162497703,0.0
4697,1636736401000.0,0.0,0.0,1.2,9.414250000000001,0.0,0.0,9.448,1.0,1.0,1316.5329312199829,1050.0,1316.573431219983,1050.0,0.008580947526721866,0.0
4698,1636740001000.0,0.0,0.0,0.2,9.414250000000001,0.0,0.0,9.542,1.0,1.0,1316.6090320899837,1050.0,1316.6345820899837,1050.0,0.0014300752570496698,0.0
4699,1636743601000.0,0.0,0.0,0.1,9.579,0.0,0.0,9.559,1.0,1.0,1316.6363952499837,1050.0,1316.6343952499838,1050.0,0.0007275357140785464,0.0
4700,1636747201000.0,0.0,0.0,0.1,9.579,0.0,0.0,9.536,1.0,1.0,1316.6363952499837,1050.0,1316.6320952499836,1050.0,0.0007275357140785464,0.0
4701,1636750801000.0,0.0,0.0,0.1,9.579,0.0,0.0,9.584,1.0,1.0,1316.6363952499837,1050.0,1316.6368952499838,1050.0,0.0007275357140785464,0.0
4702,1636754401000.0,0.0,0.0,0.1,9.579,0.0,0.0,9.556,1.0,1.0,1316.6363952499837,1050.0,1316.6340952499836,1050.0,0.0007275357140785464,0.0
4703,1636758001000.0,0.0,0.0,0.1,9.579,0.0,0.0,9.545,1.0,1.0,1316.6363952499837,1050.0,1316.6329952499837,1050.0,0.0007275357140785464,0.0
4704,1636761601000.0,0.0,0.0,0.1,9.579,0.0,0.0,9.56,1.0,1.0,1316.6363952499837,1050.0,1316.6344952499837,1050.0,0.0007275357140785464,0.0
4705,1636765201000.0,0.0,0.0,0.1,9.645,0.0,0.0,9.627,1.0,1.0,1316.6425023799836,1050.0,1316.6407023799836,1050.0,0.0007325450896933334,0.0
4706,1636768801000.0,0.0,0.0,0.1,9.645,0.0,0.0,9.563,1.0,1.0,1316.6425023799836,1050.0,1316.6343023799836,1050.0,0.0007325450896933334,0.0
4707,1636772401000.0,0.0,0.0,0.1,9.645,0.0,0.0,9.505,1.0,1.0,1316.6425023799836,1050.0,1316.6285023799837,1050.0,0.0007325450896933334,0.0
4708,1636776001000.0,0.0,0.0,0.1,9.645,0.0,0.0,9.461,1.0,1.0,1316.6425023799836,1050.0,1316.6241023799837,1050.0,0.0007325450896933334,0.0
4709,1636779601000.0,0.0,0.0,0.1,9.645,0.0,0.0,9.485,1.0,1.0,1316.6425023799836,1050.0,1316.6265023799835,1050.0,0.0007325450896933334,0.0
4710,1636783201000.0,0.0,0.0,0.1,9.645,0.0,0.0,9.479,1.0,1.0,1316.6425023799836,1050.0,1316.6259023799837,1050.0,0.0007325450896933334,0.0
4711,1636786801000.0,0.0,0.0,0.1,9.645,0.0,0.0,9.587,1.0,1.0,1316.6425023799836,1050.0,1316.6367023799837,1050.0,0.0007325450896933334,0.0
4712,1636790401000.0,0.0,0.0,0.1,9.645,0.0,0.0,9.604,1.0,1.0,1316.6425023799836,1050.0,1316.6384023799835,1050.0,0.0007325450896933334,0.0
4713,1636794001000.0,0.0,0.0,0.1,9.645,0.0,0.0,9.579,1.0,1.0,1316.6425023799836,1050.0,1316.6359023799837,1050.0,0.0007325450896933334,0.0
4714,1636797601000.0,0.0,0.0,0.1,9.645,0.0,0.0,9.493,1.0,1.0,1316.6425023799836,1050.0,1316.6273023799836,1050.0,0.0007325450896933334,0.0
4715,1636801201000.0,0.0,0.0,0.1,9.645,0.0,0.0,9.599,1.0,1.0,1316.6425023799836,1050.0,1316.6379023799836,1050.0,0.0007325450896933334,0.0
4716,1636804801000.0,0.0,0.0,0.1,9.645,0.0,0.0,9.556,1.0,1.0,1316.6425023799836,1050.0,1316.6336023799836,1050.0,0.0007325450896933334,0.0
4717,1636808401000.0,0.0,0.0,0.1,9.645,0.0,0.0,9.526,1.0,1.0,1316.6425023799836,1050.0,1316.6306023799837,1050.0,0.0007325450896933334,0.0
4718,1636812001000.0,0.0,0.0,0.1,9.645,0.0,0.0,9.531,1.0,1.0,1316.6425023799836,1050.0,1316.6311023799835,1050.0,0.0007325450896933334,0.0
4719,1636815601000.0,0.0,0.0,0.1,9.713,0.0,0.0,9.697,1.0,1.0,1316.6486081699836,1050.0,1316.6470081699836,1050.0,0.0007377063204054229,0.0
4720,1636819201000.0,0.0,0.0,0.1,9.713,0.0,0.0,9.736,1.0,1.0,1316.6486081699836,1050.0,1316.6509081699837,1050.0,0.0007377063204054229,0.0
4721,1636822801000.0,0.0,0.0,0.1,9.713,0.0,0.0,9.698,1.0,1.0,1316.6486081699836,1050.0,1316.6471081699835,1050.0,0.0007377063204054229,0.0
4722,1636826401000.0,0.0,0.0,0.1,9.713,0.0,0.0,9.724,1.0,1.0,1316.6486081699836,1050.0,1316.6497081699836,1050.0,0.0007377063204054229,0.0
4723,1636830001000.0,0.0,0.0,0.1,9.713,0.0,0.0,9.613,1.0,1.0,1316.6486081699836,1050.0,1316.6386081699836,1050.0,0.0007377063204054229,0.0
4724,1636833601000.0,0.0,0.0,0.1,9.713,0.0,0.0,9.585,1.0,1.0,1316.6486081699836,1050.0,1316.6358081699836,1050.0,0.0007377063204054229,0.0
4725,1636837201000.0,0.0,0.0,0.1,10.0,0.0,0.0,9.962,1.0,1.0,1316.6736170799836,1050.0,1316.6698170799837,1050.0,0.0007594896616959048,0.0
4726,1636840801000.0,0.0,0.0,0.1,10.0,0.0,0.0,9.852,1.0,1.0,1316.6736170799836,1050.0,1316.6588170799837,1050.0,0.0007594896616959048,0.0
4727,1636844401000.0,0.0,0.0,0.1,10.0,0.0,0.0,9.895,1.0,1.0,1316.6736170799836,1050.0,1316.6631170799835,1050.0,0.0007594896616959048,0.0
4728,1636848001000.0,0.0,0.0,0.1,10.0,0.0,0.0,9.817,1.0,1.0,1316.6736170799836,1050.0,1316.6553170799837,1050.0,0.0007594896616959048,0.0
4729,1636851601000.0,0.0,0.0,0.1,10.0,0.0,0.0,9.941,1.0,1.0,1316.6736170799836,1050.0,1316.6677170799835,1050.0,0.0007594896616959048,0.0
4730,1636855201000.0,0.0,0.0,0.1,10.0,0.0,0.0,9.903,1.0,1.0,1316.6736170799836,1050.0,1316.6639170799835,1050.0,0.0007594896616959048,0.0
4731,1636858801000.0,0.0,0.0,0.1,10.0,0.0,0.0,9.919,1.0,1.0,1316.6736170799836,1050.0,1316.6655170799836,1050.0,0.0007594896616959048,0.0
4732,1636862401000.0,0.0,0.0,0.1,10.0,0.0,0.0,9.932,1.0,1.0,1316.6736170799836,1050.0,1316.6668170799835,1050.0,0.0007594896616959048,0.0
4733,1636866001000.0,0.0,0.0,0.1,10.07,0.0,0.0,10.065,1.0,1.0,1316.6800157199834,1050.0,1316.6795157199833,1050.0,0.0007648023726169757,0.0
4734,1636869601000.0,0.0,0.0,0.1,10.07,0.0,0.0,10.003,1.0,1.0,1316.6800157199834,1050.0,1316.6733157199835,1050.0,0.0007648023726169757,0.0
4735,1636873201000.0,0.0,0.0,0.1,10.138,0.0,0.0,10.14,1.0,1.0,1316.6864129799835,1050.0,1316.6866129799835,1050.0,0.0007699631362531664,0.0
4736,1636876801000.0,0.0,0.0,0.1,10.229,0.0,0.0,10.175,1.0,1.0,1316.6929086399834,1050.0,1316.6875086399834,1050.0,0.0007768705924425133,0.0
4737,1636880401000.0,0.0,0.0,0.1,10.231,0.0,0.0,10.22,1.0,1.0,1316.7113024799833,1050.0,1316.7102024799833,1050.0,0.0007770116335092015,0.0
4738,1636884001000.0,0.0,0.0,0.1,10.441,0.0,0.0,10.426,1.0,1.0,1316.7309803299834,1050.0,1316.7294803299833,1050.0,0.00079294860954691,0.0
4739,1636887601000.0,0.0,0.0,0.5,10.3192,0.0,0.0,10.241,1.0,1.0,1316.7439483199835,1050.0,1316.7048483199835,1050.0,0.003918453550960357,0.0
4740,1636891201000.0,0.0,0.0,0.5,10.3192,0.0,0.0,10.239,1.0,1.0,1316.7439483199835,1050.0,1316.7038483199835,1050.0,0.003918453550960357,0.0
4741,1636894801000.0,0.0,0.0,0.5,10.3192,0.0,0.0,10.149,1.0,1.0,1316.7439483199835,1050.0,1316.6588483199835,1050.0,0.003918453550960357,0.0
4742,1636898401000.0,0.0,0.0,0.5,10.3192,0.0,0.0,10.156,1.0,1.0,1316.7439483199835,1050.0,1316.6623483199835,1050.0,0.003918453550960357,0.0
4743,1636902001000.0,0.0,0.0,0.5,10.3192,0.0,0.0,10.245,1.0,1.0,1316.7439483199835,1050.0,1316.7068483199835,1050.0,0.003918453550960357,0.0
4744,1636905601000.0,0.0,0.0,0.5,10.3192,0.0,0.0,10.151,1.0,1.0,1316.7439483199835,1050.0,1316.6598483199834,1050.0,0.003918453550960357,0.0
4745,1636909201000.0,0.0,0.0,1.2,10.171500000000002,0.0,0.0,9.974,1.0,1.0,1316.7432436999834,1050.0,1316.5062436999833,1050.0,0.009269688725117213,0.0
4746,1636912801000.0,0.0,0.0,2.8,10.023785714285715,0.0,0.0,10.071,1.0,1.0,1316.7416576199835,1050.0,1316.8738576199835,1050.0,0.021315191053293256,0.0
4747,1636916401000.0,0.0,0.0,1.1,10.023785714285715,0.0,0.0,10.042,1.0,1.0,1316.8525066056973,1050.0,1316.872542319983,1050.0,0.008373120171320622,0.0
4748,1636920001000.0,0.0,0.0,1.1,10.023785714285715,0.0,0.0,10.002,1.0,1.0,1316.8525066056973,1050.0,1316.828542319983,1050.0,0.008373120171320622,0.0
4749,1636923601000.0,0.0,0.0,1.1,10.023785714285715,0.0,0.0,9.975,1.0,1.0,1316.8525066056973,1050.0,1316.798842319983,1050.0,0.008373120171320622,0.0
4750,1636927201000.0,0.0,0.0,1.1,10.023785714285715,0.0,0.0,10.026,1.0,1.0,1316.8525066056973,1050.0,1316.854942319983,1050.0,0.008373120171320622,0.0
4751,1636930801000.0,0.0,0.0,1.1,10.023785714285715,0.0,0.0,10.021,1.0,1.0,1316.8525066056973,1050.0,1316.849442319983,1050.0,0.008373120171320622,0.0
4752,1636934401000.0,0.0,0.0,1.1,10.023785714285715,0.0,0.0,10.029,1.0,1.0,1316.8525066056973,1050.0,1316.858242319983,1050.0,0.008373120171320622,0.0
4753,1636938001000.0,0.0,0.0,0.4,10.023785714285715,0.0,0.0,10.018,1.0,1.0,1316.898150305697,1050.0,1316.8958360199829,1050.0,0.0030446654396040734,0.0
4754,1636941601000.0,0.0,0.0,0.4,10.023785714285715,0.0,0.0,10.014,1.0,1.0,1316.898150305697,1050.0,1316.8942360199828,1050.0,0.0030446654396040734,0.0
4755,1636945201000.0,0.0,0.0,0.4,10.023785714285715,0.0,0.0,10.03,1.0,1.0,1316.898150305697,1050.0,1316.9006360199828,1050.0,0.0030446654396040734,0.0
4756,1636948801000.0,0.0,0.0,0.4,10.023785714285715,0.0,0.0,10.04,1.0,1.0,1316.898150305697,1050.0,1316.9046360199827,1050.0,0.0030446654396040734,0.0
4757,1636952401000.0,0.0,0.0,0.1,10.145,0.0,0.0,10.131,1.0,1.0,1316.9403293499827,1050.0,1316.9389293499826,1050.0,0.0007703462164460696,0.0
4758,1636956001000.0,0.0,0.0,0.1,10.145,0.0,0.0,10.148,1.0,1.0,1316.9403293499827,1050.0,1316.9406293499826,1050.0,0.0007703462164460696,0.0
4759,1636959601000.0,0.0,0.0,0.1,10.145,0.0,0.0,10.096,1.0,1.0,1316.9403293499827,1050.0,1316.9354293499828,1050.0,0.0007703462164460696,0.0
4760,1636963201000.0,0.0,0.0,0.1,10.145,0.0,0.0,10.032,1.0,1.0,1316.9403293499827,1050.0,1316.9290293499828,1050.0,0.0007703462164460696,0.0
4761,1636966801000.0,0.0,0.0,0.5,9.878599999999999,0.0,0.0,9.859,1.0,1.0,1316.9399368699826,1050.0,1316.9301368699826,1050.0,0.0037505886652199243,0.0
4762,1636970401000.0,0.0,0.0,0.1,9.946,0.0,0.0,9.946,1.0,1.0,1316.972040209983,1050.0,1316.972040209983,1050.0,0.0007552172480756822,0.0
4763,1636974001000.0,0.0,0.0,0.1,9.946,0.0,0.0,9.966,1.0,1.0,1316.972040209983,1050.0,1316.974040209983,1050.0,0.0007552172480756822,0.0
4764,1636977601000.0,0.0,0.0,0.1,9.946,0.0,0.0,9.946,1.0,1.0,1316.972040209983,1050.0,1316.972040209983,1050.0,0.0007552172480756822,0.0
4765,1636981201000.0,0.0,0.0,0.1,9.946,0.0,0.0,9.956,1.0,1.0,1316.972040209983,1050.0,1316.973040209983,1050.0,0.0007552172480756822,0.0
4766,1636984801000.0,0.0,0.0,0.1,10.012,0.0,0.0,9.961,1.0,1.0,1316.978339979983,1050.0,1316.973239979983,1050.0,0.0007602251074343542,0.0
4767,1636988401000.0,0.0,0.0,0.1,10.012,0.0,0.0,9.882,1.0,1.0,1316.978339979983,1050.0,1316.9653399799831,1050.0,0.0007602251074343542,0.0
4768,1636992001000.0,0.0,0.0,0.1,10.012,0.0,0.0,9.808,1.0,1.0,1316.978339979983,1050.0,1316.957939979983,1050.0,0.0007602251074343542,0.0
4769,1636995601000.0,0.0,0.0,0.2,9.892,0.0,0.0,9.795,1.0,1.0,1316.978242259983,1050.0,1316.9588422599832,1050.0,0.0015022267919969528,0.0
4770,1636999201000.0,0.0,0.0,0.2,9.892,0.0,0.0,9.768,1.0,1.0,1316.978242259983,1050.0,1316.9534422599831,1050.0,0.0015022267919969528,0.0
4771,1637002801000.0,0.0,0.0,0.2,9.892,0.0,0.0,9.728,1.0,1.0,1316.978242259983,1050.0,1316.945442259983,1050.0,0.0015022267919969528,0.0
4772,1637006401000.0,0.0,0.0,0.2,9.892,0.0,0.0,9.764,1.0,1.0,1316.978242259983,1050.0,1316.9526422599831,1050.0,0.0015022267919969528,0.0
4773,1637010001000.0,0.0,0.0,0.5,9.7486,0.0,0.0,9.617,1.0,1.0,1316.977952669983,1050.0,1316.912152669983,1050.0,0.0037011249809596725,0.0
4774,1637013601000.0,0.0,0.0,1.2,9.609416666666668,0.0,0.0,9.621,1.0,1.0,1316.9772869699832,1050.0,1316.9911869699831,1050.0,0.008755883730182224,0.0
4775,1637017201000.0,0.0,0.0,1.1,9.609416666666668,0.0,0.0,9.664,1.0,1.0,1316.9835485733165,1050.0,1317.0435902399831,1050.0,0.008026188591941156,0.0
4776,1637020801000.0,0.0,0.0,0.2,9.609416666666668,0.0,0.0,9.61,1.0,1.0,1317.0399030033163,1050.0,1317.040019669983,1050.0,0.0014592445748612176,0.0
4777,1637024401000.0,0.0,0.0,0.5,9.470566666666667,0.0,0.0,9.373,1.0,1.0,1317.0396216633164,1050.0,1316.990838329983,1050.0,0.0035953992996452504,0.0
4778,1637028001000.0,0.0,0.0,0.1,9.33,0.0,0.0,9.384,1.0,1.0,1317.233960809983,1050.0,1317.239360809983,1050.0,0.0007083024183693891,0.0
4779,1637031601000.0,0.0,0.0,0.1,9.33,0.0,0.0,9.267,1.0,1.0,1317.233960809983,1050.0,1317.227660809983,1050.0,0.0007083024183693891,0.0
4780,1637035201000.0,0.0,0.0,0.1,9.281,0.0,0.0,9.215,1.0,1.0,1317.245791359983,1050.0,1317.2391913599831,1050.0,0.0007045761740804565,0.0
4781,1637038801000.0,0.0,0.0,0.1,9.281,0.0,0.0,9.285,1.0,1.0,1317.245791359983,1050.0,1317.246191359983,1050.0,0.0007045761740804565,0.0
4782,1637042401000.0,0.0,0.0,0.1,9.281,0.0,0.0,9.231,1.0,1.0,1317.245791359983,1050.0,1317.240791359983,1050.0,0.0007045761740804565,0.0
4783,1637046001000.0,0.0,0.0,0.1,9.281,0.0,0.0,9.272,1.0,1.0,1317.245791359983,1050.0,1317.244891359983,1050.0,0.0007045761740804565,0.0
4784,1637049601000.0,0.0,0.0,0.1,9.281,0.0,0.0,9.244,1.0,1.0,1317.245791359983,1050.0,1317.242091359983,1050.0,0.0007045761740804565,0.0
4785,1637053201000.0,0.0,0.0,0.1,9.281,0.0,0.0,9.335,1.0,1.0,1317.245791359983,1050.0,1317.251191359983,1050.0,0.0007045761740804565,0.0
4786,1637056801000.0,0.0,0.0,0.2,9.231,0.0,0.0,9.056,1.0,1.0,1317.251613319983,1050.0,1317.216613319983,1050.0,0.0014015545559643405,0.0
4787,1637060401000.0,0.0,0.0,0.1,8.718,0.0,0.0,8.757,1.0,1.0,1322.9286283799813,1050.0,1322.9325283799812,1050.0,0.0006589924666363749,0.0
4788,1637064001000.0,0.0,0.0,0.1,8.87,0.0,0.0,8.864,1.0,1.0,1322.939775189981,1050.0,1322.939175189981,1050.0,0.0006704764771870452,0.0
4789,1637067601000.0,0.0,0.0,0.1,8.87,0.0,0.0,8.851,1.0,1.0,1322.939775189981,1050.0,1322.937875189981,1050.0,0.0006704764771870452,0.0
4790,1637071201000.0,0.0,0.0,0.1,8.999,0.0,0.0,9.042,1.0,1.0,1322.9511165899808,1050.0,1322.9554165899808,1050.0,0.0006802216565035065,0.0
4791,1637074801000.0,0.0,0.0,0.1,9.189,0.0,0.0,9.12,1.0,1.0,1322.9684691599807,1050.0,1322.9615691599806,1050.0,0.0006945743768054094,0.0
4792,1637078401000.0,0.0,0.0,0.1,9.189,0.0,0.0,8.98,1.0,1.0,1322.9684691599807,1050.0,1322.9475691599807,1050.0,0.0006945743768054094,0.0
4793,1637082001000.0,0.0,0.0,0.1,9.189,0.0,0.0,9.037,1.0,1.0,1322.9684691599807,1050.0,1322.9532691599807,1050.0,0.0006945743768054094,0.0
4794,1637085601000.0,0.0,0.0,0.2,9.079,0.0,0.0,8.966,1.0,1.0,1322.9683794699806,1050.0,1322.9457794699806,1050.0,0.0013725195765657394,0.0
4795,1637089201000.0,0.0,0.0,0.2,9.079,0.0,0.0,8.893,1.0,1.0,1322.9683794699806,1050.0,1322.9311794699806,1050.0,0.0013725195765657394,0.0
4796,1637092801000.0,0.0,0.0,0.2,9.079,0.0,0.0,8.956,1.0,1.0,1322.9683794699806,1050.0,1322.9437794699807,1050.0,0.0013725195765657394,0.0
4797,1637096401000.0,0.0,0.0,1.2,8.820083333333333,0.0,0.0,8.773,1.0,1.0,1322.9675026399805,1050.0,1322.9110026399806,1050.0,0.008000272099563622,0.0
4798,1637100001000.0,0.0,0.0,0.1,8.931,0.0,0.0,8.952,1.0,1.0,1323.0790436499797,1050.0,1323.0811436499796,1050.0,0.0006750163599721178,0.0
4799,1637103601000.0,0.0,0.0,0.1,8.994,0.0,0.0,8.956,1.0,1.0,1323.08476380998,1050.0,1323.08096380998,1050.0,0.0006797750413284714,0.0
4800,1637107201000.0,0.0,0.0,0.1,8.994,0.0,0.0,8.814,1.0,1.0,1323.08476380998,1050.0,1323.0667638099799,1050.0,0.0006797750413284714,0.0
4801,1637110801000.0,0.0,0.0,0.2,8.886,0.0,0.0,8.782,1.0,1.0,1323.0846760299798,1050.0,1323.0638760299798,1050.0,0.0013432246871248098,0.0
4802,1637114401000.0,0.0,0.0,0.2,8.886,0.0,0.0,8.702,1.0,1.0,1323.0846760299798,1050.0,1323.0478760299798,1050.0,0.0013432246871248098,0.0
4803,1637118001000.0,0.0,0.0,0.5,8.7576,0.0,0.0,8.648,1.0,1.0,1323.08441586998,1050.0,1323.0296158699798,1050.0,0.0033095393970918835,0.0
4804,1637121601000.0,0.0,0.0,0.3,8.633000000000001,0.0,0.0,8.543,1.0,1.0,1323.134335689979,1050.0,1323.107335689979,1050.0,0.0019573976202873133,0.0
4805,1637125201000.0,0.0,0.0,0.3,8.633000000000001,0.0,0.0,8.647,1.0,1.0,1323.134335689979,1050.0,1323.138535689979,1050.0,0.0019573976202873133,0.0
4806,1637128801000.0,0.0,0.0,0.1,8.709,0.0,0.0,8.731,1.0,1.0,1323.1510878999786,1050.0,1323.1532878999785,1050.0,0.0006582014767355383,0.0
4807,1637132401000.0,0.0,0.0,0.1,8.709,0.0,0.0,8.688,1.0,1.0,1323.1510878999786,1050.0,1323.1489878999787,1050.0,0.0006582014767355383,0.0
4808,1637136001000.0,0.0,0.0,0.1,8.826,0.0,0.0,8.775,1.0,1.0,1323.1622360599783,1050.0,1323.1571360599783,1050.0,0.0006670383842182088,0.0
4809,1637139601000.0,0.0,0.0,0.1,8.826,0.0,0.0,8.717,1.0,1.0,1323.1622360599783,1050.0,1323.1513360599783,1050.0,0.0006670383842182088,0.0
4810,1637143201000.0,0.0,0.0,0.2,8.72,0.0,0.0,8.6,1.0,1.0,1323.1621499199784,1050.0,1323.1381499199786,1050.0,0.0013180546315547743,0.0
4811,1637146801000.0,0.0,0.0,0.1,8.905,0.0,0.0,8.922,1.0,1.0,1323.1845316099782,1050.0,1323.1862316099782,1050.0,0.0006729975893207341,0.0
4812,1637150401000.0,0.0,0.0,0.1,9.025,0.0,0.0,9.016,1.0,1.0,1323.1959718299784,1050.0,1323.1950718299784,1050.0,0.000682060722080225,0.0
4813,1637154001000.0,0.0,0.0,0.1,9.025,0.0,0.0,8.948,1.0,1.0,1323.1959718299784,1050.0,1323.1882718299782,1050.0,0.000682060722080225,0.0
4814,1637157601000.0,0.0,0.0,0.1,9.025,0.0,0.0,8.845,1.0,1.0,1323.1959718299784,1050.0,1323.1779718299783,1050.0,0.000682060722080225,0.0
4815,1637161201000.0,0.0,0.0,0.2,8.9165,0.0,0.0,8.74,1.0,1.0,1323.1958837499783,1050.0,1323.1605837499783,1050.0,0.0013477218467050187,0.0
4816,1637164801000.0,0.0,0.0,0.1,8.847,0.0,0.0,8.849,1.0,1.0,1323.2241919199791,1050.0,1323.224391919979,1050.0,0.0006685941848722651,0.0
4817,1637168401000.0,0.0,0.0,0.1,8.91,0.0,0.0,8.91,1.0,1.0,1323.229813769979,1050.0,1323.229813769979,1050.0,0.0006733524220267343,0.0
4818,1637172001000.0,0.0,0.0,0.1,8.91,0.0,0.0,8.914,1.0,1.0,1323.229813769979,1050.0,1323.230213769979,1050.0,0.0006733524220267343,0.0
4819,1637175601000.0,0.0,0.0,0.1,8.91,0.0,0.0,8.921,1.0,1.0,1323.229813769979,1050.0,1323.230913769979,1050.0,0.0006733524220267343,0.0
4820,1637179201000.0,0.0,0.0,0.1,8.91,0.0,0.0,8.849,1.0,1.0,1323.229813769979,1050.0,1323.223713769979,1050.0,0.0006733524220267343,0.0
4821,1637182801000.0,0.0,0.0,0.1,8.974,0.0,0.0,9.01,1.0,1.0,1323.235534339979,1050.0,1323.239134339979,1050.0,0.0006781861404950987,0.0
4822,1637186401000.0,0.0,0.0,0.1,8.974,0.0,0.0,8.879,1.0,1.0,1323.235534339979,1050.0,1323.2260343399792,1050.0,0.0006781861404950987,0.0
4823,1637190001000.0,0.0,0.0,0.1,8.974,0.0,0.0,8.917,1.0,1.0,1323.235534339979,1050.0,1323.229834339979,1050.0,0.0006781861404950987,0.0
4824,1637193601000.0,0.0,0.0,0.1,8.974,0.0,0.0,8.949,1.0,1.0,1323.235534339979,1050.0,1323.233034339979,1050.0,0.0006781861404950987,0.0
4825,1637197201000.0,0.0,0.0,0.1,8.974,0.0,0.0,8.988,1.0,1.0,1323.235534339979,1050.0,1323.2369343399791,1050.0,0.0006781861404950987,0.0
4826,1637200801000.0,0.0,0.0,0.1,8.974,0.0,0.0,8.962,1.0,1.0,1323.235534339979,1050.0,1323.2343343399791,1050.0,0.0006781861404950987,0.0
4827,1637204401000.0,0.0,0.0,0.1,8.974,0.0,0.0,8.992,1.0,1.0,1323.235534339979,1050.0,1323.237334339979,1050.0,0.0006781861404950987,0.0
4828,1637208001000.0,0.0,0.0,0.1,8.974,0.0,0.0,8.877,1.0,1.0,1323.235534339979,1050.0,1323.225834339979,1050.0,0.0006781861404950987,0.0
4829,1637211601000.0,0.0,0.0,0.2,8.8665,0.0,0.0,8.744,1.0,1.0,1323.235446749979,1050.0,1323.210946749979,1050.0,0.001340124317524468,0.0
4830,1637215201000.0,0.0,0.0,0.2,8.8665,0.0,0.0,8.737,1.0,1.0,1323.235446749979,1050.0,1323.209546749979,1050.0,0.001340124317524468,0.0
4831,1637218801000.0,0.0,0.0,0.2,8.8665,0.0,0.0,8.742,1.0,1.0,1323.235446749979,1050.0,1323.2105467499791,1050.0,0.001340124317524468,0.0
4832,1637222401000.0,0.0,0.0,0.2,8.8665,0.0,0.0,8.741,1.0,1.0,1323.235446749979,1050.0,1323.210346749979,1050.0,0.001340124317524468,0.0
4833,1637226001000.0,0.0,0.0,0.2,8.8665,0.0,0.0,8.751,1.0,1.0,1323.235446749979,1050.0,1323.212346749979,1050.0,0.001340124317524468,0.0
4834,1637229601000.0,0.0,0.0,1.2,8.613916666666668,0.0,0.0,8.6,1.0,1.0,1323.2345904099789,1050.0,1323.217890409979,1050.0,0.007811691195887929,0.0
4835,1637233201000.0,0.0,0.0,0.1,8.613916666666668,0.0,0.0,8.722,1.0,1.0,1323.305627346646,1050.0,1323.3164356799793,1050.0,0.0006509393210953387,0.0
4836,1637236801000.0,0.0,0.0,0.1,8.722,0.0,0.0,8.576,1.0,1.0,1323.3157612899793,1050.0,1323.3011612899793,1050.0,0.0006591019509582294,0.0
4837,1637240401000.0,0.0,0.0,0.1,8.722,0.0,0.0,8.578,1.0,1.0,1323.3157612899793,1050.0,1323.3013612899792,1050.0,0.0006591019509582294,0.0
4838,1637244001000.0,0.0,0.0,0.2,8.6175,0.0,0.0,8.509,1.0,1.0,1323.3156761599794,1050.0,1323.2939761599794,1050.0,0.0013024103251019308,0.0
4839,1637247601000.0,0.0,0.0,0.5,8.493,0.0,0.0,8.429,1.0,1.0,1323.3154238599793,1050.0,1323.2834238599794,1050.0,0.003208985494639957,0.0
4840,1637251201000.0,0.0,0.0,0.1,8.252107142857145,0.0,0.0,8.242,1.0,1.0,1323.5467970142654,1050.0,1323.5457862999797,1050.0,0.0006234843498902142,0.0
4841,1637254801000.0,0.0,0.0,0.1,8.313,0.0,0.0,8.205,1.0,1.0,1323.5520201099798,1050.0,1323.5412201099798,1050.0,0.000628082604513666,0.0
4842,1637258401000.0,0.0,0.0,0.1,8.31,0.0,0.0,8.252,1.0,1.0,1323.60137662998,1050.0,1323.59557662998,1050.0,0.0006278325292436672,0.0
4843,1637262001000.0,0.0,0.0,0.1,8.31,0.0,0.0,8.345,1.0,1.0,1323.60137662998,1050.0,1323.60487662998,1050.0,0.0006278325292436672,0.0
4844,1637265601000.0,0.0,0.0,0.1,8.372,0.0,0.0,8.342,1.0,1.0,1323.6067092599799,1050.0,1323.60370925998,1050.0,0.0006325141706693775,0.0
4845,1637269201000.0,0.0,0.0,0.1,8.372,0.0,0.0,8.33,1.0,1.0,1323.6067092599799,1050.0,1323.6025092599798,1050.0,0.0006325141706693775,0.0
4846,1637272801000.0,0.0,0.0,0.1,8.372,0.0,0.0,8.246,1.0,1.0,1323.6067092599799,1050.0,1323.5941092599799,1050.0,0.0006325141706693775,0.0
4847,1637276401000.0,0.0,0.0,0.2,8.2715,0.0,0.0,8.163,1.0,1.0,1323.60662754998,1050.0,1323.58492754998,1050.0,0.0012498426387167157,0.0
4848,1637280001000.0,0.0,0.0,0.2,8.2715,0.0,0.0,8.2,1.0,1.0,1323.60662754998,1050.0,1323.59232754998,1050.0,0.0012498426387167157,0.0
4849,1637283601000.0,0.0,0.0,0.1,8.333,0.0,0.0,8.374,1.0,1.0,1323.61727769998,1050.0,1323.62137769998,1050.0,0.0006295626492939158,0.0
4850,1637287201000.0,0.0,0.0,0.1,8.333,0.0,0.0,8.194,1.0,1.0,1323.61727769998,1050.0,1323.60337769998,1050.0,0.0006295626492939158,0.0
4851,1637290801000.0,0.0,0.0,0.5,8.1142,0.0,0.0,8.07,1.0,1.0,1323.6169553199798,1050.0,1323.5948553199798,1050.0,0.003065161702328912,0.0
4852,1637294401000.0,0.0,0.0,0.5,8.1142,0.0,0.0,8.095,1.0,1.0,1323.6169553199798,1050.0,1323.6073553199797,1050.0,0.003065161702328912,0.0
4853,1637298001000.0,0.0,0.0,0.1,8.279,0.0,0.0,8.274,1.0,1.0,1323.6661974299807,1050.0,1323.6656974299806,1050.0,0.0006254598036932905,0.0
4854,1637301601000.0,0.0,0.0,0.1,8.335,0.0,0.0,8.343,1.0,1.0,1323.6715307399807,1050.0,1323.6723307399807,1050.0,0.000629687940431901,0.0
4855,1637305201000.0,0.0,0.0,0.1,8.335,0.0,0.0,8.303,1.0,1.0,1323.6715307399807,1050.0,1323.6683307399805,1050.0,0.000629687940431901,0.0
4856,1637308801000.0,0.0,0.0,0.1,8.335,0.0,0.0,8.272,1.0,1.0,1323.6715307399807,1050.0,1323.6652307399806,1050.0,0.000629687940431901,0.0
4857,1637312401000.0,0.0,0.0,0.1,8.46,0.0,0.0,8.454,1.0,1.0,1323.6821936099807,1050.0,1323.6815936099806,1050.0,0.0006391262223546021,0.0
4858,1637316001000.0,0.0,0.0,0.1,8.526,0.0,0.0,8.499,1.0,1.0,1323.6876231899805,1050.0,1323.6849231899805,1050.0,0.000644109671393091,0.0
4859,1637319601000.0,0.0,0.0,0.1,8.526,0.0,0.0,8.468,1.0,1.0,1323.6876231899805,1050.0,1323.6818231899806,1050.0,0.000644109671393091,0.0
4860,1637323201000.0,0.0,0.0,0.1,8.526,0.0,0.0,8.469,1.0,1.0,1323.6876231899805,1050.0,1323.6819231899806,1050.0,0.000644109671393091,0.0
4861,1637326801000.0,0.0,0.0,0.1,8.526,0.0,0.0,8.462,1.0,1.0,1323.6876231899805,1050.0,1323.6812231899805,1050.0,0.000644109671393091,0.0
4862,1637330401000.0,0.0,0.0,0.1,8.586,0.0,0.0,8.583,1.0,1.0,1323.6930515099805,1050.0,1323.6927515099806,1050.0,0.0006486398028761778,0.0
4863,1637334001000.0,0.0,0.0,0.1,8.644,0.0,0.0,8.692,1.0,1.0,1323.6985786399805,1050.0,1323.7033786399804,1050.0,0.0006530187566478453,0.0
4864,1637337601000.0,0.0,0.0,0.1,8.644,0.0,0.0,8.63,1.0,1.0,1323.6985786399805,1050.0,1323.6971786399804,1050.0,0.0006530187566478453,0.0
4865,1637341201000.0,0.0,0.0,0.1,8.703,0.0,0.0,8.707,1.0,1.0,1323.7041045999804,1050.0,1323.7045045999803,1050.0,0.0006574732200161924,0.0
4866,1637344801000.0,0.0,0.0,0.1,8.821,0.0,0.0,8.761,1.0,1.0,1323.7152529899802,1050.0,1323.70925298998,1050.0,0.0006663819866149696,0.0
4867,1637348401000.0,0.0,0.0,0.1,8.821,0.0,0.0,8.711,1.0,1.0,1323.7152529899802,1050.0,1323.7042529899802,1050.0,0.0006663819866149696,0.0
4868,1637352001000.0,0.0,0.0,0.1,8.821,0.0,0.0,8.708,1.0,1.0,1323.7152529899802,1050.0,1323.7039529899803,1050.0,0.0006663819866149696,0.0
4869,1637355601000.0,0.0,0.0,0.1,8.821,0.0,0.0,8.628,1.0,1.0,1323.7152529899802,1050.0,1323.6959529899802,1050.0,0.0006663819866149696,0.0
4870,1637359201000.0,0.0,0.0,0.2,8.715,0.0,0.0,8.607,1.0,1.0,1323.7151668999802,1050.0,1323.6935668999802,1050.0,0.0013167485298834693,0.0
4871,1637362801000.0,0.0,0.0,0.2,8.715,0.0,0.0,8.629,1.0,1.0,1323.7151668999802,1050.0,1323.6979668999802,1050.0,0.0013167485298834693,0.0
4872,1637366401000.0,0.0,0.0,0.2,8.715,0.0,0.0,8.648,1.0,1.0,1323.7151668999802,1050.0,1323.7017668999802,1050.0,0.0013167485298834693,0.0
4873,1637370001000.0,0.0,0.0,0.2,8.715,0.0,0.0,8.675,1.0,1.0,1323.7151668999802,1050.0,1323.7071668999802,1050.0,0.0013167485298834693,0.0
4874,1637373601000.0,0.0,0.0,0.2,8.715,0.0,0.0,8.738,1.0,1.0,1323.7151668999802,1050.0,1323.7197668999802,1050.0,0.0013167485298834693,0.0
4875,1637377201000.0,0.0,0.0,0.1,8.911,0.0,0.0,8.754,1.0,1.0,1323.7367247499799,1050.0,1323.72102474998,1050.0,0.0006731701125601891,0.0
4876,1637380801000.0,0.0,0.0,0.2,8.803999999999998,0.0,0.0,8.689,1.0,1.0,1323.73663777998,1050.0,1323.71363777998,1050.0,0.0013301739558655812,0.0
4877,1637384401000.0,0.0,0.0,0.2,8.803999999999998,0.0,0.0,8.693,1.0,1.0,1323.73663777998,1050.0,1323.7144377799798,1050.0,0.0013301739558655812,0.0
4878,1637388001000.0,0.0,0.0,0.2,8.803999999999998,0.0,0.0,8.657,1.0,1.0,1323.73663777998,1050.0,1323.70723777998,1050.0,0.0013301739558655812,0.0
4879,1637391601000.0,0.0,0.0,0.2,8.803999999999998,0.0,0.0,8.737,1.0,1.0,1323.73663777998,1050.0,1323.7232377799799,1050.0,0.0013301739558655812,0.0
4880,1637395201000.0,0.0,0.0,0.1,8.911,0.0,0.0,8.779,1.0,1.0,1323.7527709499798,1050.0,1323.7395709499797,1050.0,0.0006731619525604542,0.0
4881,1637398801000.0,0.0,0.0,0.1,8.911,0.0,0.0,8.849,1.0,1.0,1323.7527709499798,1050.0,1323.7465709499797,1050.0,0.0006731619525604542,0.0
4882,1637402401000.0,0.0,0.0,0.1,8.974,0.0,0.0,8.972,1.0,1.0,1323.7584915099799,1050.0,1323.75829150998,1050.0,0.0006779182197927639,0.0
4883,1637406001000.0,0.0,0.0,0.1,8.974,0.0,0.0,8.932,1.0,1.0,1323.7584915099799,1050.0,1323.7542915099798,1050.0,0.0006779182197927639,0.0
4884,1637409601000.0,0.0,0.0,0.1,8.974,0.0,0.0,8.905,1.0,1.0,1323.7584915099799,1050.0,1323.7515915099798,1050.0,0.0006779182197927639,0.0
4885,1637413201000.0,0.0,0.0,0.1,8.974,0.0,0.0,8.878,1.0,1.0,1323.7584915099799,1050.0,1323.7488915099798,1050.0,0.0006779182197927639,0.0
4886,1637416801000.0,0.0,0.0,0.1,8.974,0.0,0.0,8.831,1.0,1.0,1323.7584915099799,1050.0,1323.7441915099798,1050.0,0.0006779182197927639,0.0
4887,1637420401000.0,0.0,0.0,0.2,8.8665,0.0,0.0,8.754,1.0,1.0,1323.7584039199799,1050.0,1323.7359039199798,1050.0,0.001339594894921018,0.0
4888,1637424001000.0,0.0,0.0,1.2,8.613916666666668,0.0,0.0,8.544,1.0,1.0,1323.7575475799797,1050.0,1323.6736475799796,1050.0,0.00780860514744334,0.0
4889,1637427601000.0,0.0,0.0,1.2,8.613916666666668,0.0,0.0,8.596,1.0,1.0,1323.7575475799797,1050.0,1323.7360475799796,1050.0,0.00780860514744334,0.0
4890,1637431201000.0,0.0,0.0,1.2,8.613916666666668,0.0,0.0,8.61,1.0,1.0,1323.7575475799797,1050.0,1323.7528475799797,1050.0,0.00780860514744334,0.0
4891,1637434801000.0,0.0,0.0,0.1,8.86,0.0,0.0,8.872,1.0,1.0,1323.95070587998,1050.0,1323.95190587998,1050.0,0.0006692092054976543,0.0
4892,1637438401000.0,0.0,0.0,0.1,8.86,0.0,0.0,8.813,1.0,1.0,1323.95070587998,1050.0,1323.94600587998,1050.0,0.0006692092054976543,0.0
4893,1637442001000.0,0.0,0.0,0.1,8.86,0.0,0.0,8.784,1.0,1.0,1323.95070587998,1050.0,1323.94310587998,1050.0,0.0006692092054976543,0.0
4894,1637445601000.0,0.0,0.0,0.1,8.86,0.0,0.0,8.847,1.0,1.0,1323.95070587998,1050.0,1323.94940587998,1050.0,0.0006692092054976543,0.0
4895,1637449201000.0,0.0,0.0,0.1,8.86,0.0,0.0,8.849,1.0,1.0,1323.95070587998,1050.0,1323.94960587998,1050.0,0.0006692092054976543,0.0
4896,1637452801000.0,0.0,0.0,0.1,8.86,0.0,0.0,8.851,1.0,1.0,1323.95070587998,1050.0,1323.94980587998,1050.0,0.0006692092054976543,0.0
4897,1637456401000.0,0.0,0.0,0.1,8.86,0.0,0.0,8.805,1.0,1.0,1323.95070587998,1050.0,1323.94520587998,1050.0,0.0006692092054976543,0.0
4898,1637460001000.0,0.0,0.0,0.1,8.86,0.0,0.0,8.757,1.0,1.0,1323.95070587998,1050.0,1323.94040587998,1050.0,0.0006692092054976543,0.0
4899,1637463601000.0,0.0,0.0,0.2,8.753499999999999,0.0,0.0,8.68,1.0,1.0,1323.95061940998,1050.0,1323.93591940998,1050.0,0.0013223302850828389,0.0
4900,1637467201000.0,0.0,0.0,0.2,8.753499999999999,0.0,0.0,8.632,1.0,1.0,1323.95061940998,1050.0,1323.92631940998,1050.0,0.0013223302850828389,0.0
4901,1637470801000.0,0.0,0.0,0.2,8.753499999999999,0.0,0.0,8.634,1.0,1.0,1323.95061940998,1050.0,1323.92671940998,1050.0,0.0013223302850828389,0.0
4902,1637474401000.0,0.0,0.0,0.2,8.753499999999999,0.0,0.0,8.728,1.0,1.0,1323.95061940998,1050.0,1323.9455194099799,1050.0,0.0013223302850828389,0.0
4903,1637478001000.0,0.0,0.0,0.2,8.753499999999999,0.0,0.0,8.752,1.0,1.0,1323.95061940998,1050.0,1323.95031940998,1050.0,0.0013223302850828389,0.0
4904,1637481601000.0,0.0,0.0,0.2,8.753499999999999,0.0,0.0,8.749,1.0,1.0,1323.95061940998,1050.0,1323.94971940998,1050.0,0.0013223302850828389,0.0
4905,1637485201000.0,0.0,0.0,0.2,8.753499999999999,0.0,0.0,8.676,1.0,1.0,1323.95061940998,1050.0,1323.93511940998,1050.0,0.0013223302850828389,0.0
4906,1637488801000.0,0.0,0.0,0.2,8.753499999999999,0.0,0.0,8.737,1.0,1.0,1323.95061940998,1050.0,1323.9473194099799,1050.0,0.0013223302850828389,0.0
4907,1637492401000.0,0.0,0.0,0.2,8.753499999999999,0.0,0.0,8.697,1.0,1.0,1323.95061940998,1050.0,1323.93931940998,1050.0,0.0013223302850828389,0.0
4908,1637496001000.0,0.0,0.0,0.2,8.753499999999999,0.0,0.0,8.71,1.0,1.0,1323.95061940998,1050.0,1323.9419194099798,1050.0,0.0013223302850828389,0.0
4909,1637499601000.0,0.0,0.0,0.2,8.753499999999999,0.0,0.0,8.743,1.0,1.0,1323.95061940998,1050.0,1323.94851940998,1050.0,0.0013223302850828389,0.0
4910,1637503201000.0,0.0,0.0,0.2,8.753499999999999,0.0,0.0,8.696,1.0,1.0,1323.95061940998,1050.0,1323.9391194099799,1050.0,0.0013223302850828389,0.0
4911,1637506801000.0,0.0,0.0,0.2,8.753499999999999,0.0,0.0,8.682,1.0,1.0,1323.95061940998,1050.0,1323.93631940998,1050.0,0.0013223302850828389,0.0
4912,1637510401000.0,0.0,0.0,0.1,8.817,0.0,0.0,8.82,1.0,1.0,1323.96185501998,1050.0,1323.96215501998,1050.0,0.0006659557423477992,0.0
4913,1637514001000.0,0.0,0.0,0.1,8.817,0.0,0.0,8.852,1.0,1.0,1323.96185501998,1050.0,1323.96535501998,1050.0,0.0006659557423477992,0.0
4914,1637517601000.0,0.0,0.0,0.1,8.817,0.0,0.0,8.773,1.0,1.0,1323.96185501998,1050.0,1323.95745501998,1050.0,0.0006659557423477992,0.0
4915,1637521201000.0,0.0,0.0,0.1,8.817,0.0,0.0,8.71,1.0,1.0,1323.96185501998,1050.0,1323.95115501998,1050.0,0.0006659557423477992,0.0
4916,1637524801000.0,0.0,0.0,0.1,8.817,0.0,0.0,8.657,1.0,1.0,1323.96185501998,1050.0,1323.94585501998,1050.0,0.0006659557423477992,0.0
4917,1637528401000.0,0.0,0.0,0.1,8.817,0.0,0.0,8.737,1.0,1.0,1323.96185501998,1050.0,1323.95385501998,1050.0,0.0006659557423477992,0.0
4918,1637532001000.0,0.0,0.0,0.1,8.817,0.0,0.0,8.764,1.0,1.0,1323.96185501998,1050.0,1323.95655501998,1050.0,0.0006659557423477992,0.0
4919,1637535601000.0,0.0,0.0,0.2,8.711500000000001,0.0,0.0,8.646,1.0,1.0,1323.96176895998,1050.0,1323.94866895998,1050.0,0.0013159745551932667,0.0
4920,1637539201000.0,0.0,0.0,0.2,8.665,0.0,0.0,8.58,1.0,1.0,1323.97292027998,1050.0,1323.9559202799799,1050.0,0.0013089391583881664,0.0
4921,1637542801000.0,0.0,0.0,0.5,8.5396,0.0,0.0,8.399,1.0,1.0,1323.97266659998,1050.0,1323.9023665999798,1050.0,0.003224991049826606,0.0
4922,1637546401000.0,0.0,0.0,1.2,8.417916666666667,0.0,0.0,8.382,1.0,1.0,1323.9720834299799,1050.0,1323.9289834299798,1050.0,0.007629692594295725,0.0
4923,1637550001000.0,0.0,0.0,1.2,8.417916666666667,0.0,0.0,8.286,1.0,1.0,1323.9720834299799,1050.0,1323.8137834299798,1050.0,0.007629692594295725,0.0
4924,1637553601000.0,0.0,0.0,2.8,8.296821428571429,0.0,0.0,8.266,1.0,1.0,1323.97077046998,1050.0,1323.88447046998,1050.0,0.017546535405576574,0.0
4925,1637557201000.0,0.0,0.0,2.8,8.296821428571429,0.0,0.0,8.172,1.0,1.0,1323.97077046998,1050.0,1323.62127046998,1050.0,0.017546535405576574,0.0
4926,1637560801000.0,0.0,0.0,2.8,8.296821428571429,0.0,0.0,8.294,1.0,1.0,1323.97077046998,1050.0,1323.9628704699799,1050.0,0.017546535405576574,0.0
4927,1637564401000.0,0.0,0.0,2.8,8.296821428571429,0.0,0.0,8.275,1.0,1.0,1323.97077046998,1050.0,1323.90967046998,1050.0,0.017546535405576574,0.0
4928,1637568001000.0,0.0,0.0,0.3,8.296821428571429,0.0,0.0,8.319,1.0,1.0,1324.1041291485528,1050.0,1324.1107827199814,1050.0,0.001879796591354168,0.0
4929,1637571601000.0,0.0,0.0,0.1,8.352,0.0,0.0,8.322,1.0,1.0,1324.1200486699815,1050.0,1324.1170486699816,1050.0,0.0006307585183374578,0.0
4930,1637575201000.0,0.0,0.0,0.1,8.352,0.0,0.0,8.323,1.0,1.0,1324.1200486699815,1050.0,1324.1171486699816,1050.0,0.0006307585183374578,0.0
4931,1637578801000.0,0.0,0.0,0.1,8.352,0.0,0.0,8.375,1.0,1.0,1324.1200486699815,1050.0,1324.1223486699816,1050.0,0.0006307585183374578,0.0
4932,1637582401000.0,0.0,0.0,0.1,8.408,0.0,0.0,8.355,1.0,1.0,1324.1253805199815,1050.0,1324.1200805199815,1050.0,0.0006349851852169916,0.0
4933,1637586001000.0,0.0,0.0,0.1,8.466,0.0,0.0,8.368,1.0,1.0,1324.1307112299814,1050.0,1324.1209112299814,1050.0,0.0006393628610982035,0.0
4934,1637589601000.0,0.0,0.0,0.1,8.531,0.0,0.0,8.484,1.0,1.0,1324.1514045199815,1050.0,1324.1467045199815,1050.0,0.0006442616736182503,0.0
4935,1637593201000.0,0.0,0.0,0.2,8.4285,0.0,0.0,8.315,1.0,1.0,1324.1513212599814,1050.0,1324.1286212599814,1050.0,0.0012730418139793804,0.0
4936,1637596801000.0,0.0,0.0,0.2,8.4285,0.0,0.0,8.316,1.0,1.0,1324.1513212599814,1050.0,1324.1288212599814,1050.0,0.0012730418139793804,0.0
4937,1637600401000.0,0.0,0.0,0.2,8.4285,0.0,0.0,8.349,1.0,1.0,1324.1513212599814,1050.0,1324.1354212599813,1050.0,0.0012730418139793804,0.0
4938,1637604001000.0,0.0,0.0,0.2,8.4285,0.0,0.0,8.329,1.0,1.0,1324.1513212599814,1050.0,1324.1314212599814,1050.0,0.0012730418139793804,0.0
4939,1637607601000.0,0.0,0.0,0.5,8.3064,0.0,0.0,8.143,1.0,1.0,1324.1510745099813,1050.0,1324.0693745099813,1050.0,0.0031365001169046695,0.0
4940,1637611201000.0,0.0,0.0,1.2,8.188333333333333,0.0,0.0,8.05,1.0,1.0,1324.1505072299813,1050.0,1323.9845072299813,1050.0,0.007420606605026507,0.0
4941,1637614801000.0,0.0,0.0,1.2,8.188333333333333,0.0,0.0,8.052,1.0,1.0,1324.1505072299813,1050.0,1323.9869072299812,1050.0,0.007420606605026507,0.0
4942,1637618401000.0,0.0,0.0,1.2,8.188333333333333,0.0,0.0,8.155,1.0,1.0,1324.1505072299813,1050.0,1324.1105072299813,1050.0,0.007420606605026507,0.0
4943,1637622001000.0,0.0,0.0,0.9,8.188333333333333,0.0,0.0,8.267,1.0,1.0,1324.1753590699818,1050.0,1324.2461590699818,1050.0,0.005565350502501328,0.0
4944,1637625601000.0,0.0,0.0,0.7,8.188333333333333,0.0,0.0,8.175,1.0,1.0,1324.1859275633155,1050.0,1324.1765942299821,1050.0,0.0043285713992450405,0.0
4945,1637629201000.0,0.0,0.0,0.1,8.244,0.0,0.0,8.212,1.0,1.0,1324.2228348499837,1050.0,1324.2196348499835,1050.0,0.0006225538318053496,0.0
4946,1637632801000.0,0.0,0.0,0.1,8.244,0.0,0.0,8.223,1.0,1.0,1324.2228348499837,1050.0,1324.2207348499837,1050.0,0.0006225538318053496,0.0
4947,1637636401000.0,0.0,0.0,0.1,8.244,0.0,0.0,8.232,1.0,1.0,1324.2228348499837,1050.0,1324.2216348499837,1050.0,0.0006225538318053496,0.0
4948,1637640001000.0,0.0,0.0,0.1,8.244,0.0,0.0,8.268,1.0,1.0,1324.2228348499837,1050.0,1324.2252348499837,1050.0,0.0006225538318053496,0.0
4949,1637643601000.0,0.0,0.0,0.1,8.244,0.0,0.0,8.208,1.0,1.0,1324.2228348499837,1050.0,1324.2192348499836,1050.0,0.0006225538318053496,0.0
4950,1637647201000.0,0.0,0.0,0.1,8.244,0.0,0.0,8.205,1.0,1.0,1324.2228348499837,1050.0,1324.2189348499837,1050.0,0.0006225538318053496,0.0
4951,1637650801000.0,0.0,0.0,0.1,8.244,0.0,0.0,8.14,1.0,1.0,1324.2228348499837,1050.0,1324.2124348499838,1050.0,0.0006225538318053496,0.0
4952,1637654401000.0,0.0,0.0,0.2,8.145,0.0,0.0,8.038,1.0,1.0,1324.2227543899837,1050.0,1324.2013543899836,1050.0,0.0012301555720890893,0.0
4953,1637658001000.0,0.0,0.0,0.5,8.0274,0.0,0.0,8.067,1.0,1.0,1324.2225159199836,1050.0,1324.2423159199836,1050.0,0.00303098607050307,0.0
4954,1637661601000.0,0.0,0.0,0.1,8.101,0.0,0.0,7.951,1.0,1.0,1324.2637490799832,1050.0,1324.248749079983,1050.0,0.000611736144376683,0.0
4955,1637665201000.0,0.0,0.0,0.5,7.8882,0.0,0.0,7.824,1.0,1.0,1324.263435679983,1050.0,1324.2313356799832,1050.0,0.0029783348945029075,0.0
4956,1637668801000.0,0.0,0.0,0.5,7.8882,0.0,0.0,7.849,1.0,1.0,1324.263435679983,1050.0,1324.243835679983,1050.0,0.0029783348945029075,0.0
4957,1637672401000.0,0.0,0.0,0.5,7.8882,0.0,0.0,7.863,1.0,1.0,1324.263435679983,1050.0,1324.250835679983,1050.0,0.0029783348945029075,0.0
4958,1637676001000.0,0.0,0.0,0.1,8.027,0.0,0.0,8.025,1.0,1.0,1324.310356259983,1050.0,1324.3101562599832,1050.0,0.0006061268011728945,0.0
4959,1637679601000.0,0.0,0.0,0.1,8.085,0.0,0.0,8.129,1.0,1.0,1324.3154946099833,1050.0,1324.3198946099833,1050.0,0.0006105040704353511,0.0
4960,1637683201000.0,0.0,0.0,0.1,8.146,0.0,0.0,8.08,1.0,1.0,1324.3206317699833,1050.0,1324.3140317699833,1050.0,0.0006151078375266792,0.0
4961,1637686801000.0,0.0,0.0,0.1,8.146,0.0,0.0,8.142,1.0,1.0,1324.3206317699833,1050.0,1324.3202317699834,1050.0,0.0006151078375266792,0.0
4962,1637690401000.0,0.0,0.0,0.1,8.146,0.0,0.0,8.086,1.0,1.0,1324.3206317699833,1050.0,1324.3146317699832,1050.0,0.0006151078375266792,0.0
4963,1637694001000.0,0.0,0.0,0.1,8.146,0.0,0.0,8.052,1.0,1.0,1324.3206317699833,1050.0,1324.3112317699834,1050.0,0.0006151078375266792,0.0
4964,1637697601000.0,0.0,0.0,0.1,8.146,0.0,0.0,8.116,1.0,1.0,1324.3206317699833,1050.0,1324.3176317699833,1050.0,0.0006151078375266792,0.0
4965,1637701201000.0,0.0,0.0,0.1,8.146,0.0,0.0,8.177,1.0,1.0,1324.3206317699833,1050.0,1324.3237317699832,1050.0,0.0006151078375266792,0.0
4966,1637704801000.0,0.0,0.0,0.1,8.146,0.0,0.0,8.151,1.0,1.0,1324.3206317699833,1050.0,1324.3211317699834,1050.0,0.0006151078375266792,0.0
4967,1637708401000.0,0.0,0.0,0.1,8.146,0.0,0.0,8.14,1.0,1.0,1324.3206317699833,1050.0,1324.3200317699832,1050.0,0.0006151078375266792,0.0
4968,1637712001000.0,0.0,0.0,0.1,8.267,0.0,0.0,8.271,1.0,1.0,1324.3311023799833,1050.0,1324.3315023799832,1050.0,0.0006242396622070719,0.0
4969,1637715601000.0,0.0,0.0,0.1,8.267,0.0,0.0,8.249,1.0,1.0,1324.3311023799833,1050.0,1324.3293023799833,1050.0,0.0006242396622070719,0.0
4970,1637719201000.0,0.0,0.0,0.1,8.267,0.0,0.0,8.114,1.0,1.0,1324.3311023799833,1050.0,1324.3158023799833,1050.0,0.0006242396622070719,0.0
4971,1637722801000.0,0.0,0.0,0.5,8.0498,0.0,0.0,7.978,1.0,1.0,1324.3307825599834,1050.0,1324.2948825599833,1050.0,0.0030391953830595933,0.0
4972,1637726401000.0,0.0,0.0,0.5,8.0498,0.0,0.0,7.987,1.0,1.0,1324.3307825599834,1050.0,1324.2993825599833,1050.0,0.0030391953830595933,0.0
4973,1637730001000.0,0.0,0.0,0.5,8.0498,0.0,0.0,8.029,1.0,1.0,1324.3307825599834,1050.0,1324.3203825599835,1050.0,0.0030391953830595933,0.0
4974,1637733601000.0,0.0,0.0,0.1,8.0498,0.0,0.0,8.131,1.0,1.0,1324.3605375599834,1050.0,1324.3686575599834,1050.0,0.000607825420019766,0.0
4975,1637737201000.0,0.0,0.0,0.1,8.264,0.0,0.0,8.203,1.0,1.0,1324.3753288499836,1050.0,1324.3692288499835,1050.0,0.0006239922943276219,0.0
4976,1637740801000.0,0.0,0.0,0.1,8.264,0.0,0.0,8.158,1.0,1.0,1324.3753288499836,1050.0,1324.3647288499835,1050.0,0.0006239922943276219,0.0
4977,1637744401000.0,0.0,0.0,0.1,8.264,0.0,0.0,8.133,1.0,1.0,1324.3753288499836,1050.0,1324.3622288499837,1050.0,0.0006239922943276219,0.0
4978,1637748001000.0,0.0,0.0,0.1,8.264,0.0,0.0,8.138,1.0,1.0,1324.3753288499836,1050.0,1324.3627288499836,1050.0,0.0006239922943276219,0.0
4979,1637751601000.0,0.0,0.0,0.2,8.165,0.0,0.0,8.005,1.0,1.0,1324.3752481899835,1050.0,1324.3432481899836,1050.0,0.0012330342191397886,0.0
4980,1637755201000.0,0.0,0.0,0.2,8.165,0.0,0.0,8.062,1.0,1.0,1324.3752481899835,1050.0,1324.3546481899834,1050.0,0.0012330342191397886,0.0
4981,1637758801000.0,0.0,0.0,0.2,8.165,0.0,0.0,8.039,1.0,1.0,1324.3752481899835,1050.0,1324.3500481899835,1050.0,0.0012330342191397886,0.0
4982,1637762401000.0,0.0,0.0,1.2,7.932583333333334,0.0,0.0,7.828,1.0,1.0,1324.3744595799835,1050.0,1324.2489595799834,1050.0,0.007187619733333516,0.0
4983,1637766001000.0,0.0,0.0,1.2,7.932583333333334,0.0,0.0,7.865,1.0,1.0,1324.3744595799835,1050.0,1324.2933595799834,1050.0,0.007187619733333516,0.0
4984,1637769601000.0,0.0,0.0,0.3,7.932583333333334,0.0,0.0,7.96,1.0,1.0,1324.420915929984,1050.0,1324.429140929984,1050.0,0.0017968419037908097,0.0
4985,1637773201000.0,0.0,0.0,0.1,7.932583333333334,0.0,0.0,7.898,1.0,1.0,1324.4312395633174,1050.0,1324.427781229984,1050.0,0.0005989426326087577,0.0
4986,1637776801000.0,0.0,0.0,0.1,7.932583333333334,0.0,0.0,7.826,1.0,1.0,1324.4312395633174,1050.0,1324.420581229984,1050.0,0.0005989426326087577,0.0
4987,1637780401000.0,0.0,0.0,0.1,7.932583333333334,0.0,0.0,7.887,1.0,1.0,1324.4312395633174,1050.0,1324.426681229984,1050.0,0.0005989426326087577,0.0
4988,1637784001000.0,0.0,0.0,0.1,7.932583333333334,0.0,0.0,7.852,1.0,1.0,1324.4312395633174,1050.0,1324.423181229984,1050.0,0.0005989426326087577,0.0
4989,1637787601000.0,0.0,0.0,0.1,7.995,0.0,0.0,7.929,1.0,1.0,1324.436321429984,1050.0,1324.429721429984,1050.0,0.0006036530311527442,0.0
4990,1637791201000.0,0.0,0.0,0.1,7.995,0.0,0.0,7.975,1.0,1.0,1324.436321429984,1050.0,1324.434321429984,1050.0,0.0006036530311527442,0.0
4991,1637794801000.0,0.0,0.0,0.1,7.995,0.0,0.0,7.907,1.0,1.0,1324.436321429984,1050.0,1324.427521429984,1050.0,0.0006036530311527442,0.0
4992,1637798401000.0,0.0,0.0,0.1,7.995,0.0,0.0,7.883,1.0,1.0,1324.436321429984,1050.0,1324.425121429984,1050.0,0.0006036530311527442,0.0
4993,1637802001000.0,0.0,0.0,0.1,7.995,0.0,0.0,7.971,1.0,1.0,1324.436321429984,1050.0,1324.433921429984,1050.0,0.0006036530311527442,0.0
4994,1637805601000.0,0.0,0.0,0.1,7.995,0.0,0.0,7.883,1.0,1.0,1324.436321429984,1050.0,1324.425121429984,1050.0,0.0006036530311527442,0.0
4995,1637809201000.0,0.0,0.0,0.1,7.995,0.0,0.0,7.935,1.0,1.0,1324.436321429984,1050.0,1324.430321429984,1050.0,0.0006036530311527442,0.0
4996,1637812801000.0,0.0,0.0,0.2,7.899,0.0,0.0,7.849,1.0,1.0,1324.436243399984,1050.0,1324.426243399984,1050.0,0.0011928093993746859,0.0
4997,1637816401000.0,0.0,0.0,0.2,7.899,0.0,0.0,7.898,1.0,1.0,1324.436243399984,1050.0,1324.436043399984,1050.0,0.0011928093993746859,0.0
4998,1637820001000.0,0.0,0.0,0.2,7.899,0.0,0.0,7.834,1.0,1.0,1324.436243399984,1050.0,1324.4232433999841,1050.0,0.0011928093993746859,0.0
4999,1637823601000.0,0.0,0.0,0.2,7.899,0.0,0.0,7.875,1.0,1.0,1324.436243399984,1050.0,1324.4314433999841,1050.0,0.0011928093993746859,0.0
5000,1637827201000.0,0.0,0.0,0.1,7.952,0.0,0.0,7.947,1.0,1.0,1324.446404859984,1050.0,1324.445904859984,1050.0,0.0006004017958613175,0.0
5001,1637830801000.0,0.0,0.0,0.1,8.066,0.0,0.0,7.968,1.0,1.0,1324.456583429984,1050.0,1324.446783429984,1050.0,0.0006090044853800526,0.0
5002,1637834401000.0,0.0,0.0,0.1,8.066,0.0,0.0,8.057,1.0,1.0,1324.456583429984,1050.0,1324.455683429984,1050.0,0.0006090044853800526,0.0
5003,1637838001000.0,0.0,0.0,0.1,8.066,0.0,0.0,8.027,1.0,1.0,1324.456583429984,1050.0,1324.452683429984,1050.0,0.0006090044853800526,0.0
5004,1637841601000.0,0.0,0.0,0.1,8.066,0.0,0.0,8.077,1.0,1.0,1324.456583429984,1050.0,1324.457683429984,1050.0,0.0006090044853800526,0.0
5005,1637845201000.0,0.0,0.0,0.1,8.122,0.0,0.0,8.13,1.0,1.0,1324.461721019984,1050.0,1324.462521019984,1050.0,0.0006132302558163138,0.0
5006,1637848801000.0,0.0,0.0,0.1,8.177,0.0,0.0,8.163,1.0,1.0,1324.466957489984,1050.0,1324.465557489984,1050.0,0.0006173804452997716,0.0
5007,1637852401000.0,0.0,0.0,0.1,8.177,0.0,0.0,8.197,1.0,1.0,1324.466957489984,1050.0,1324.468957489984,1050.0,0.0006173804452997716,0.0
5008,1637856001000.0,0.0,0.0,0.1,8.177,0.0,0.0,8.144,1.0,1.0,1324.466957489984,1050.0,1324.463657489984,1050.0,0.0006173804452997716,0.0
5009,1637859601000.0,0.0,0.0,0.1,8.177,0.0,0.0,8.156,1.0,1.0,1324.466957489984,1050.0,1324.464857489984,1050.0,0.0006173804452997716,0.0
5010,1637863201000.0,0.0,0.0,0.1,8.177,0.0,0.0,8.154,1.0,1.0,1324.466957489984,1050.0,1324.464657489984,1050.0,0.0006173804452997716,0.0
5011,1637866801000.0,0.0,0.0,0.1,8.232,0.0,0.0,8.178,1.0,1.0,1324.472192859984,1050.0,1324.466792859984,1050.0,0.0006215306024828142,0.0
5012,1637870401000.0,0.0,0.0,0.1,8.232,0.0,0.0,8.095,1.0,1.0,1324.472192859984,1050.0,1324.458492859984,1050.0,0.0006215306024828142,0.0
5013,1637874001000.0,0.0,0.0,0.1,8.232,0.0,0.0,8.121,1.0,1.0,1324.472192859984,1050.0,1324.461092859984,1050.0,0.0006215306024828142,0.0
5014,1637877601000.0,0.0,0.0,0.1,8.232,0.0,0.0,8.089,1.0,1.0,1324.472192859984,1050.0,1324.457892859984,1050.0,0.0006215306024828142,0.0
5015,1637881201000.0,0.0,0.0,0.1,8.232,0.0,0.0,8.107,1.0,1.0,1324.472192859984,1050.0,1324.459692859984,1050.0,0.0006215306024828142,0.0
5016,1637884801000.0,0.0,0.0,0.1,8.232,0.0,0.0,8.075,1.0,1.0,1324.472192859984,1050.0,1324.456492859984,1050.0,0.0006215306024828142,0.0
5017,1637888401000.0,0.0,0.0,0.1,8.232,0.0,0.0,8.148,1.0,1.0,1324.472192859984,1050.0,1324.463792859984,1050.0,0.0006215306024828142,0.0
5018,1637892001000.0,0.0,0.0,0.1,8.232,0.0,0.0,8.176,1.0,1.0,1324.472192859984,1050.0,1324.466592859984,1050.0,0.0006215306024828142,0.0
5019,1637895601000.0,0.0,0.0,0.1,8.232,0.0,0.0,8.193,1.0,1.0,1324.472192859984,1050.0,1324.468292859984,1050.0,0.0006215306024828142,0.0
5020,1637899201000.0,0.0,0.0,0.1,8.232,0.0,0.0,8.053,1.0,1.0,1324.472192859984,1050.0,1324.454292859984,1050.0,0.0006215306024828142,0.0
5021,1637902801000.0,0.0,0.0,0.2,8.1335,0.0,0.0,8.022,1.0,1.0,1324.472112509984,1050.0,1324.449812509984,1050.0,0.0012281874300224178,0.0
5022,1637906401000.0,0.0,0.0,0.5,8.0162,0.0,0.0,8.028,1.0,1.0,1324.471874369984,1050.0,1324.4777743699842,1050.0,0.00302618732610426,0.0
5023,1637910001000.0,0.0,0.0,0.5,8.0162,0.0,0.0,8.046,1.0,1.0,1324.471874369984,1050.0,1324.486774369984,1050.0,0.00302618732610426,0.0
5024,1637913601000.0,0.0,0.0,1.2,7.902333333333333,0.0,0.0,7.869,1.0,1.0,1324.4713268999842,1050.0,1324.4313268999842,1050.0,0.007159686893483109,0.0
5025,1637917201000.0,0.0,0.0,4.9,7.332427255985267,0.0,0.0,7.376,1.0,1.0,1328.194051644312,1050.0,1328.4075580899841,1050.0,0.027050936954466576,0.0
5026,1637920801000.0,0.0,0.0,0.1,7.383,0.0,0.0,7.327,1.0,1.0,1328.4323671699842,1050.0,1328.4267671699843,1050.0,0.0005557678495690615,0.0
5027,1637924401000.0,0.0,0.0,0.1,7.383,0.0,0.0,7.275,1.0,1.0,1328.4323671699842,1050.0,1328.4215671699842,1050.0,0.0005557678495690615,0.0
5028,1637928001000.0,0.0,0.0,0.1,7.346,0.0,0.0,7.208,1.0,1.0,1328.4417747899843,1050.0,1328.4279747899843,1050.0,0.0005529786957476057,0.0
5029,1637931601000.0,0.0,0.0,0.1,7.324,0.0,0.0,7.35,1.0,1.0,1328.4510837299842,1050.0,1328.4536837299843,1050.0,0.0005513187568364126,0.0
5030,1637935201000.0,0.0,0.0,0.1,7.427,0.0,0.0,7.421,1.0,1.0,1328.460487769984,1050.0,1328.4598877699839,1050.0,0.0005590681897108819,0.0
5031,1637938801000.0,0.0,0.0,0.1,7.48,0.0,0.0,7.433,1.0,1.0,1328.465238209984,1050.0,1328.460538209984,1050.0,0.0005630557567376614,0.0
5032,1637942401000.0,0.0,0.0,0.2,7.4544999999999995,0.0,0.0,7.381,1.0,1.0,1328.4699138299839,1050.0,1328.455213829984,1050.0,0.0011222685470548065,0.0
5033,1637946001000.0,0.0,0.0,0.2,7.4544999999999995,0.0,0.0,7.419,1.0,1.0,1328.4699138299839,1050.0,1328.4628138299838,1050.0,0.0011222685470548065,0.0
5034,1637949601000.0,0.0,0.0,0.2,7.4544999999999995,0.0,0.0,7.371,1.0,1.0,1328.4699138299839,1050.0,1328.453213829984,1050.0,0.0011222685470548065,0.0
5035,1637953201000.0,0.0,0.0,0.2,7.4544999999999995,0.0,0.0,7.333,1.0,1.0,1328.4699138299839,1050.0,1328.4456138299838,1050.0,0.0011222685470548065,0.0
5036,1637956801000.0,0.0,0.0,0.1,7.545,0.0,0.0,7.553,1.0,1.0,1328.4835878999838,1050.0,1328.4843878999839,1050.0,0.0005679407761391203,0.0
5037,1637960401000.0,0.0,0.0,0.1,7.545,0.0,0.0,7.558,1.0,1.0,1328.4835878999838,1050.0,1328.4848878999837,1050.0,0.0005679407761391203,0.0
5038,1637964001000.0,0.0,0.0,0.1,7.545,0.0,0.0,7.49,1.0,1.0,1328.4835878999838,1050.0,1328.4780878999838,1050.0,0.0005679407761391203,0.0
5039,1637967601000.0,0.0,0.0,0.1,7.545,0.0,0.0,7.483,1.0,1.0,1328.4835878999838,1050.0,1328.4773878999838,1050.0,0.0005679407761391203,0.0
5040,1637971201000.0,0.0,0.0,0.1,7.545,0.0,0.0,7.446,1.0,1.0,1328.4835878999838,1050.0,1328.4736878999838,1050.0,0.0005679407761391203,0.0
5041,1637974801000.0,0.0,0.0,0.1,7.597,0.0,0.0,7.52,1.0,1.0,1328.488435979984,1050.0,1328.4807359799838,1050.0,0.0005718529265477522,0.0
5042,1637978401000.0,0.0,0.0,0.1,7.67,0.0,0.0,7.668,1.0,1.0,1328.493282809984,1050.0,1328.4930828099841,1050.0,0.0005773457870841978,0.0
5043,1637982001000.0,0.0,0.0,0.1,7.722,0.0,0.0,7.727,1.0,1.0,1328.498228379984,1050.0,1328.4987283799842,1050.0,0.0005812578319668872,0.0
5044,1637985601000.0,0.0,0.0,0.1,7.722,0.0,0.0,7.652,1.0,1.0,1328.498228379984,1050.0,1328.491228379984,1050.0,0.0005812578319668872,0.0
5045,1637989201000.0,0.0,0.0,0.1,7.722,0.0,0.0,7.716,1.0,1.0,1328.498228379984,1050.0,1328.497628379984,1050.0,0.0005812578319668872,0.0
5046,1637992801000.0,0.0,0.0,0.1,7.722,0.0,0.0,7.568,1.0,1.0,1328.498228379984,1050.0,1328.482828379984,1050.0,0.0005812578319668872,0.0
5047,1637996401000.0,0.0,0.0,0.2,7.6295,0.0,0.0,7.545,1.0,1.0,1328.498153009984,1050.0,1328.481253009984,1050.0,0.0011485902306621668,0.0
5048,1638000001000.0,0.0,0.0,0.2,7.6295,0.0,0.0,7.597,1.0,1.0,1328.498153009984,1050.0,1328.491653009984,1050.0,0.0011485902306621668,0.0
5049,1638003601000.0,0.0,0.0,0.1,7.736,0.0,0.0,7.736,1.0,1.0,1328.5129678799842,1050.0,1328.5129678799842,1050.0,0.000582305192876285,0.0
5050,1638007201000.0,0.0,0.0,0.1,7.736,0.0,0.0,7.703,1.0,1.0,1328.5129678799842,1050.0,1328.5096678799841,1050.0,0.000582305192876285,0.0
5051,1638010801000.0,0.0,0.0,0.1,7.736,0.0,0.0,7.774,1.0,1.0,1328.5129678799842,1050.0,1328.5167678799842,1050.0,0.000582305192876285,0.0
5052,1638014401000.0,0.0,0.0,0.1,7.789,0.0,0.0,7.729,1.0,1.0,1328.5179121199842,1050.0,1328.5119121199841,1050.0,0.0005862924337670911,0.0
5053,1638018001000.0,0.0,0.0,0.1,7.789,0.0,0.0,7.793,1.0,1.0,1328.5179121199842,1050.0,1328.518312119984,1050.0,0.0005862924337670911,0.0
5054,1638021601000.0,0.0,0.0,0.1,7.789,0.0,0.0,7.804,1.0,1.0,1328.5179121199842,1050.0,1328.5194121199843,1050.0,0.0005862924337670911,0.0
5055,1638025201000.0,0.0,0.0,0.1,7.85,0.0,0.0,7.753,1.0,1.0,1328.5228552199844,1050.0,1328.5131552199844,1050.0,0.0005908818180399428,0.0
5056,1638028801000.0,0.0,0.0,0.1,7.85,0.0,0.0,7.795,1.0,1.0,1328.5228552199844,1050.0,1328.5173552199844,1050.0,0.0005908818180399428,0.0
5057,1638032401000.0,0.0,0.0,0.1,7.85,0.0,0.0,7.818,1.0,1.0,1328.5228552199844,1050.0,1328.5196552199843,1050.0,0.0005908818180399428,0.0
5058,1638036001000.0,0.0,0.0,0.1,7.85,0.0,0.0,7.786,1.0,1.0,1328.5228552199844,1050.0,1328.5164552199844,1050.0,0.0005908818180399428,0.0
5059,1638039601000.0,0.0,0.0,0.1,7.85,0.0,0.0,7.838,1.0,1.0,1328.5228552199844,1050.0,1328.5216552199845,1050.0,0.0005908818180399428,0.0
5060,1638043201000.0,0.0,0.0,0.1,7.905,0.0,0.0,7.87,1.0,1.0,1328.5278971499845,1050.0,1328.5243971499845,1050.0,0.000595019496162493,0.0
5061,1638046801000.0,0.0,0.0,0.5,7.6972000000000005,0.0,0.0,7.6,1.0,1.0,1328.5275913399846,1050.0,1328.4789913399845,1050.0,0.002896891284070518,0.0
5062,1638050401000.0,0.0,0.0,0.5,7.6972000000000005,0.0,0.0,7.685,1.0,1.0,1328.5275913399846,1050.0,1328.5214913399845,1050.0,0.002896891284070518,0.0
5063,1638054001000.0,0.0,0.0,0.5,7.6972000000000005,0.0,0.0,7.712,1.0,1.0,1328.5275913399846,1050.0,1328.5349913399846,1050.0,0.002896891284070518,0.0
5064,1638057601000.0,0.0,0.0,0.5,7.6972000000000005,0.0,0.0,7.706,1.0,1.0,1328.5275913399846,1050.0,1328.5319913399846,1050.0,0.002896891284070518,0.0
5065,1638061201000.0,0.0,0.0,0.5,7.6972000000000005,0.0,0.0,7.708,1.0,1.0,1328.5275913399846,1050.0,1328.5329913399846,1050.0,0.002896891284070518,0.0
5066,1638064801000.0,0.0,0.0,1.2,7.588000000000001,0.0,0.0,7.482,1.0,1.0,1328.5270656399846,1050.0,1328.3998656399847,1050.0,0.0068539062812496086,0.0
5067,1638068401000.0,0.0,0.0,2.8,7.479428571428572,0.0,0.0,7.425,1.0,1.0,1328.5258819599846,1050.0,1328.3734819599847,1050.0,0.015763637189441515,0.0
5068,1638072001000.0,0.0,0.0,2.8,7.479428571428572,0.0,0.0,7.391,1.0,1.0,1328.5258819599846,1050.0,1328.2782819599847,1050.0,0.015763637189441515,0.0
5069,1638075601000.0,0.0,0.0,6.5,7.366476923076922,0.0,0.0,7.291,1.0,1.0,1328.5231879899845,1050.0,1328.0325879899844,1050.0,0.03604159899718737,0.0
5070,1638079201000.0,0.0,0.0,0.6,7.366476923076922,0.0,0.0,7.436,1.0,1.0,1328.8050992938308,1050.0,1328.8468131399848,1050.0,0.0033262110118293647,0.0
5071,1638082801000.0,0.0,0.0,0.1,7.467,0.0,0.0,7.469,1.0,1.0,1328.8384447399842,1050.0,1328.8386447399841,1050.0,0.0005619193235684176,0.0
5072,1638086401000.0,0.0,0.0,0.1,7.467,0.0,0.0,7.459,1.0,1.0,1328.8384447399842,1050.0,1328.8376447399842,1050.0,0.0005619193235684176,0.0
5073,1638090001000.0,0.0,0.0,0.1,7.467,0.0,0.0,7.413,1.0,1.0,1328.8384447399842,1050.0,1328.8330447399842,1050.0,0.0005619193235684176,0.0
5074,1638093601000.0,0.0,0.0,0.1,7.467,0.0,0.0,7.442,1.0,1.0,1328.8384447399842,1050.0,1328.8359447399841,1050.0,0.0005619193235684176,0.0
5075,1638097201000.0,0.0,0.0,0.1,7.519,0.0,0.0,7.516,1.0,1.0,1328.843194389984,1050.0,1328.8428943899842,1050.0,0.0005658304931494687,0.0
5076,1638100801000.0,0.0,0.0,0.1,7.519,0.0,0.0,7.471,1.0,1.0,1328.843194389984,1050.0,1328.8383943899842,1050.0,0.0005658304931494687,0.0
5077,1638104401000.0,0.0,0.0,0.1,7.519,0.0,0.0,7.428,1.0,1.0,1328.843194389984,1050.0,1328.834094389984,1050.0,0.0005658304931494687,0.0
5078,1638108001000.0,0.0,0.0,0.1,7.519,0.0,0.0,7.386,1.0,1.0,1328.843194389984,1050.0,1328.829894389984,1050.0,0.0005658304931494687,0.0
5079,1638111601000.0,0.0,0.0,0.2,7.429,0.0,0.0,7.374,1.0,1.0,1328.8431209999842,1050.0,1328.8321209999842,1050.0,0.001118115431776403,0.0
5080,1638115201000.0,0.0,0.0,0.2,7.429,0.0,0.0,7.335,1.0,1.0,1328.8431209999842,1050.0,1328.8243209999841,1050.0,0.001118115431776403,0.0
5081,1638118801000.0,0.0,0.0,0.5,7.3216,0.0,0.0,7.274,1.0,1.0,1328.8429034999842,1050.0,1328.8191034999843,1050.0,0.0027548779395652947,0.0
5082,1638122401000.0,0.0,0.0,0.5,7.3216,0.0,0.0,7.223,1.0,1.0,1328.8429034999842,1050.0,1328.7936034999843,1050.0,0.0027548779395652947,0.0
5083,1638126001000.0,0.0,0.0,0.1,7.357,0.0,0.0,7.343,1.0,1.0,1328.9344083799847,1050.0,1328.9330083799846,1050.0,0.0005536014383861449,0.0
5084,1638129601000.0,0.0,0.0,0.1,7.417,0.0,0.0,7.414,1.0,1.0,1328.9391601499844,1050.0,1328.9388601499845,1050.0,0.0005581143382939303,0.0
5085,1638133201000.0,0.0,0.0,0.1,7.468,0.0,0.0,7.456,1.0,1.0,1328.9439108099843,1050.0,1328.9427108099844,1050.0,0.0005619499769142472,0.0
5086,1638136801000.0,0.0,0.0,0.1,7.659,0.0,0.0,7.633,1.0,1.0,1328.9583563099845,1050.0,1328.9557563099845,1050.0,0.0005763160270323407,0.0
5087,1638140401000.0,0.0,0.0,0.1,7.659,0.0,0.0,7.537,1.0,1.0,1328.9583563099845,1050.0,1328.9461563099846,1050.0,0.0005763160270323407,0.0
5088,1638144001000.0,0.0,0.0,0.1,7.659,0.0,0.0,7.635,1.0,1.0,1328.9583563099845,1050.0,1328.9559563099845,1050.0,0.0005763160270323407,0.0
5089,1638147601000.0,0.0,0.0,0.1,7.659,0.0,0.0,7.674,1.0,1.0,1328.9583563099845,1050.0,1328.9598563099846,1050.0,0.0005763160270323407,0.0
5090,1638151201000.0,0.0,0.0,0.1,7.659,0.0,0.0,7.64,1.0,1.0,1328.9583563099845,1050.0,1328.9564563099846,1050.0,0.0005763160270323407,0.0
5091,1638154801000.0,0.0,0.0,0.1,7.659,0.0,0.0,7.604,1.0,1.0,1328.9583563099845,1050.0,1328.9528563099846,1050.0,0.0005763160270323407,0.0
5092,1638158401000.0,0.0,0.0,0.1,7.659,0.0,0.0,7.596,1.0,1.0,1328.9583563099845,1050.0,1328.9520563099845,1050.0,0.0005763160270323407,0.0
5093,1638162001000.0,0.0,0.0,0.1,7.659,0.0,0.0,7.617,1.0,1.0,1328.9583563099845,1050.0,1328.9541563099845,1050.0,0.0005763160270323407,0.0
5094,1638165601000.0,0.0,0.0,0.1,7.659,0.0,0.0,7.625,1.0,1.0,1328.9583563099845,1050.0,1328.9549563099845,1050.0,0.0005763160270323407,0.0
5095,1638169201000.0,0.0,0.0,0.1,7.659,0.0,0.0,7.636,1.0,1.0,1328.9583563099845,1050.0,1328.9560563099844,1050.0,0.0005763160270323407,0.0
5096,1638172801000.0,0.0,0.0,0.1,7.659,0.0,0.0,7.661,1.0,1.0,1328.9583563099845,1050.0,1328.9585563099845,1050.0,0.0005763160270323407,0.0
5097,1638176401000.0,0.0,0.0,0.1,7.659,0.0,0.0,7.596,1.0,1.0,1328.9583563099845,1050.0,1328.9520563099845,1050.0,0.0005763160270323407,0.0
5098,1638180001000.0,0.0,0.0,0.2,7.567,0.0,0.0,7.503,1.0,1.0,1328.9582815599845,1050.0,1328.9454815599845,1050.0,0.0011387866880392292,0.0
5099,1638183601000.0,0.0,0.0,0.2,7.567,0.0,0.0,7.558,1.0,1.0,1328.9582815599845,1050.0,1328.9564815599845,1050.0,0.0011387866880392292,0.0
5100,1638187201000.0,0.0,0.0,0.2,7.567,0.0,0.0,7.521,1.0,1.0,1328.9582815599845,1050.0,1328.9490815599845,1050.0,0.0011387866880392292,0.0
5101,1638190801000.0,0.0,0.0,0.2,7.567,0.0,0.0,7.532,1.0,1.0,1328.9582815599845,1050.0,1328.9512815599844,1050.0,0.0011387866880392292,0.0
5102,1638194401000.0,0.0,0.0,0.1,7.835,0.0,0.0,7.801,1.0,1.0,1328.982787829985,1050.0,1328.979387829985,1050.0,0.0005895486436504791,0.0
5103,1638198001000.0,0.0,0.0,0.1,7.89,0.0,0.0,7.746,1.0,1.0,1328.987830059985,1050.0,1328.973430059985,1050.0,0.0005936848947400729,0.0
5104,1638201601000.0,0.0,0.0,0.2,7.7955,0.0,0.0,7.728,1.0,1.0,1328.987753049985,1050.0,1328.974253049985,1050.0,0.001173148508270234,0.0
5105,1638205201000.0,0.0,0.0,0.2,7.7955,0.0,0.0,7.761,1.0,1.0,1328.987753049985,1050.0,1328.980853049985,1050.0,0.001173148508270234,0.0
5106,1638208801000.0,0.0,0.0,0.1,7.974,0.0,0.0,7.953,1.0,1.0,1329.007900349985,1050.0,1329.005800349985,1050.0,0.0005999964332717739,0.0
5107,1638212401000.0,0.0,0.0,0.1,7.974,0.0,0.0,7.947,1.0,1.0,1329.007900349985,1050.0,1329.005200349985,1050.0,0.0005999964332717739,0.0
5108,1638216001000.0,0.0,0.0,0.1,7.974,0.0,0.0,7.813,1.0,1.0,1329.007900349985,1050.0,1328.991800349985,1050.0,0.0005999964332717739,0.0
5109,1638219601000.0,0.0,0.0,0.1,7.974,0.0,0.0,7.919,1.0,1.0,1329.007900349985,1050.0,1329.002400349985,1050.0,0.0005999964332717739,0.0
5110,1638223201000.0,0.0,0.0,0.1,7.974,0.0,0.0,7.944,1.0,1.0,1329.007900349985,1050.0,1329.004900349985,1050.0,0.0005999964332717739,0.0
5111,1638226801000.0,0.0,0.0,0.1,7.974,0.0,0.0,7.905,1.0,1.0,1329.007900349985,1050.0,1329.001000349985,1050.0,0.0005999964332717739,0.0
5112,1638230401000.0,0.0,0.0,0.1,7.974,0.0,0.0,7.907,1.0,1.0,1329.007900349985,1050.0,1329.001200349985,1050.0,0.0005999964332717739,0.0
5113,1638234001000.0,0.0,0.0,0.1,7.974,0.0,0.0,7.951,1.0,1.0,1329.007900349985,1050.0,1329.005600349985,1050.0,0.0005999964332717739,0.0
5114,1638237601000.0,0.0,0.0,0.1,7.974,0.0,0.0,7.926,1.0,1.0,1329.007900349985,1050.0,1329.003100349985,1050.0,0.0005999964332717739,0.0
5115,1638241201000.0,0.0,0.0,0.1,7.974,0.0,0.0,7.897,1.0,1.0,1329.007900349985,1050.0,1329.0002003499849,1050.0,0.0005999964332717739,0.0
5116,1638244801000.0,0.0,0.0,0.2,7.878500000000001,0.0,0.0,7.77,1.0,1.0,1329.007822519985,1050.0,1328.986122519985,1050.0,0.0011856213133586019,0.0
5117,1638248401000.0,0.0,0.0,0.2,7.878500000000001,0.0,0.0,7.775,1.0,1.0,1329.007822519985,1050.0,1328.987122519985,1050.0,0.0011856213133586019,0.0
5118,1638252001000.0,0.0,0.0,0.5,7.7648,0.0,0.0,7.592,1.0,1.0,1329.007591849985,1050.0,1328.921191849985,1050.0,0.0029212775185096427,0.0
5119,1638255601000.0,0.0,0.0,1.2,7.654666666666667,0.0,0.0,7.641,1.0,1.0,1329.0070615299849,1050.0,1328.990661529985,1050.0,0.006911626180093669,0.0
5120,1638259201000.0,0.0,0.0,1.2,7.654666666666667,0.0,0.0,7.64,1.0,1.0,1329.0070615299849,1050.0,1328.989461529985,1050.0,0.006911626180093669,0.0
5121,1638262801000.0,0.0,0.0,1.2,7.654666666666667,0.0,0.0,7.614,1.0,1.0,1329.0070615299849,1050.0,1328.9582615299848,1050.0,0.006911626180093669,0.0
5122,1638266401000.0,0.0,0.0,1.2,7.654666666666667,0.0,0.0,7.653,1.0,1.0,1329.0070615299849,1050.0,1329.005061529985,1050.0,0.006911626180093669,0.0
5123,1638270001000.0,0.0,0.0,1.1,7.654666666666667,0.0,0.0,7.693,1.0,1.0,1329.0120178133182,1050.0,1329.0541844799848,1050.0,0.006335633704191291,0.0
5124,1638273601000.0,0.0,0.0,0.1,7.76,0.0,0.0,7.771,1.0,1.0,1329.0714046799844,1050.0,1329.0725046799844,1050.0,0.0005838662973768865,0.0
5125,1638277201000.0,0.0,0.0,0.1,7.812,0.0,0.0,7.781,1.0,1.0,1329.0763484499846,1050.0,1329.0732484499847,1050.0,0.0005877766171304326,0.0
5126,1638280801000.0,0.0,0.0,0.1,7.865,0.0,0.0,7.859,1.0,1.0,1329.0813911599846,1050.0,1329.0807911599845,1050.0,0.0005917621036839326,0.0
5127,1638284401000.0,0.0,0.0,0.1,7.865,0.0,0.0,7.82,1.0,1.0,1329.0813911599846,1050.0,1329.0768911599846,1050.0,0.0005917621036839326,0.0
5128,1638288001000.0,0.0,0.0,0.2,7.8774999999999995,0.0,0.0,7.782,1.0,1.0,1329.0913955199849,1050.0,1329.072295519985,1050.0,0.0011853962829874553,0.0
5129,1638291601000.0,0.0,0.0,0.2,7.7655,0.0,0.0,7.652,1.0,1.0,1329.1330171399848,1050.0,1329.1103171399848,1050.0,0.0011685060712297594,0.0
5130,1638295201000.0,0.0,0.0,0.1,7.825,0.0,0.0,7.832,1.0,1.0,1329.1430825499847,1050.0,1329.1437825499847,1050.0,0.0005887251796087746,0.0
5131,1638298801000.0,0.0,0.0,0.1,7.878,0.0,0.0,7.903,1.0,1.0,1329.1481249999847,1050.0,1329.1506249999848,1050.0,0.0005927104625754252,0.0
5132,1638302401000.0,0.0,0.0,0.1,7.878,0.0,0.0,7.784,1.0,1.0,1329.1481249999847,1050.0,1329.1387249999848,1050.0,0.0005927104625754252,0.0
5133,1638306001000.0,0.0,0.0,0.1,7.878,0.0,0.0,7.705,1.0,1.0,1329.1481249999847,1050.0,1329.1308249999847,1050.0,0.0005927104625754252,0.0
5134,1638309601000.0,0.0,0.0,0.2,7.7835,0.0,0.0,7.69,1.0,1.0,1329.1480481099848,1050.0,1329.1293481099847,1050.0,0.0011712013588054306,0.0
5135,1638313201000.0,0.0,0.0,0.2,7.7835,0.0,0.0,7.672,1.0,1.0,1329.1480481099848,1050.0,1329.1257481099847,1050.0,0.0011712013588054306,0.0
5136,1638316801000.0,0.0,0.0,0.2,7.7835,0.0,0.0,7.666,1.0,1.0,1329.1480481099848,1050.0,1329.1245481099847,1050.0,0.0011712013588054306,0.0
5137,1638320401000.0,0.0,0.0,0.2,7.7835,0.0,0.0,7.757,1.0,1.0,1329.1480481099848,1050.0,1329.1427481099847,1050.0,0.0011712013588054306,0.0
5138,1638324001000.0,0.0,0.0,0.2,7.7835,0.0,0.0,7.666,1.0,1.0,1329.1480481099848,1050.0,1329.1245481099847,1050.0,0.0011712013588054306,0.0
5139,1638327601000.0,0.0,0.0,0.5,7.671,0.0,0.0,7.645,1.0,1.0,1329.1478202299847,1050.0,1329.1348202299848,1050.0,0.0028856835497321413,0.0
5140,1638331201000.0,0.0,0.0,0.5,7.671,0.0,0.0,7.634,1.0,1.0,1329.1478202299847,1050.0,1329.1293202299848,1050.0,0.0028856835497321413,0.0
5141,1638334801000.0,0.0,0.0,0.5,7.671,0.0,0.0,7.604,1.0,1.0,1329.1478202299847,1050.0,1329.1143202299847,1050.0,0.0028856835497321413,0.0
5142,1638338401000.0,0.0,0.0,0.5,7.671,0.0,0.0,7.59,1.0,1.0,1329.1478202299847,1050.0,1329.1073202299847,1050.0,0.0028856835497321413,0.0
5143,1638342001000.0,0.0,0.0,0.5,7.671,0.0,0.0,7.632,1.0,1.0,1329.1478202299847,1050.0,1329.1283202299846,1050.0,0.0028856835497321413,0.0
5144,1638345601000.0,0.0,0.0,0.5,7.671,0.0,0.0,7.683,1.0,1.0,1329.1478202299847,1050.0,1329.1538202299848,1050.0,0.0028856835497321413,0.0
5145,1638349201000.0,0.0,0.0,0.1,7.723,0.0,0.0,7.6,1.0,1.0,1329.1728568999847,1050.0,1329.1605568999846,1050.0,0.0005810380463239573,0.0
5146,1638352801000.0,0.0,0.0,0.1,7.723,0.0,0.0,7.674,1.0,1.0,1329.1728568999847,1050.0,1329.1679568999848,1050.0,0.0005810380463239573,0.0
5147,1638356401000.0,0.0,0.0,0.1,7.723,0.0,0.0,7.6,1.0,1.0,1329.1728568999847,1050.0,1329.1605568999846,1050.0,0.0005810380463239573,0.0
5148,1638360001000.0,0.0,0.0,0.2,7.6305,0.0,0.0,7.577,1.0,1.0,1329.1727815199847,1050.0,1329.1620815199847,1050.0,0.0011481577272857016,0.0
5149,1638363601000.0,0.0,0.0,0.2,7.6305,0.0,0.0,7.572,1.0,1.0,1329.1727815199847,1050.0,1329.1610815199847,1050.0,0.0011481577272857016,0.0
5150,1638367201000.0,0.0,0.0,0.2,7.6305,0.0,0.0,7.619,1.0,1.0,1329.1727815199847,1050.0,1329.1704815199846,1050.0,0.0011481577272857016,0.0
5151,1638370801000.0,0.0,0.0,0.1,7.685,0.0,0.0,7.676,1.0,1.0,1329.1826510499845,1050.0,1329.1817510499845,1050.0,0.0005781748651270202,0.0
5152,1638374401000.0,0.0,0.0,0.1,7.685,0.0,0.0,7.678,1.0,1.0,1329.1826510499845,1050.0,1329.1819510499845,1050.0,0.0005781748651270202,0.0
5153,1638378001000.0,0.0,0.0,0.1,7.685,0.0,0.0,7.64,1.0,1.0,1329.1826510499845,1050.0,1329.1781510499845,1050.0,0.0005781748651270202,0.0
5154,1638381601000.0,0.0,0.0,0.1,7.685,0.0,0.0,7.625,1.0,1.0,1329.1826510499845,1050.0,1329.1766510499845,1050.0,0.0005781748651270202,0.0
5155,1638385201000.0,0.0,0.0,0.1,7.685,0.0,0.0,7.53,1.0,1.0,1329.1826510499845,1050.0,1329.1671510499846,1050.0,0.0005781748651270202,0.0
5156,1638388801000.0,0.0,0.0,0.2,7.593,0.0,0.0,7.479,1.0,1.0,1329.1825760399845,1050.0,1329.1597760399845,1050.0,0.0011425067010164582,0.0
5157,1638392401000.0,0.0,0.0,0.5,7.4832,0.0,0.0,7.372,1.0,1.0,1329.1823537399846,1050.0,1329.1267537399847,1050.0,0.0028149636424769555,0.0
5158,1638396001000.0,0.0,0.0,1.2,7.376916666666667,0.0,0.0,7.341,1.0,1.0,1329.1818426699847,1050.0,1329.1387426699846,1050.0,0.0066599615762264735,0.0
5159,1638399601000.0,0.0,0.0,1.2,7.376916666666667,0.0,0.0,7.344,1.0,1.0,1329.1818426699847,1050.0,1329.1423426699846,1050.0,0.0066599615762264735,0.0
5160,1638403201000.0,0.0,0.0,1.2,7.376916666666667,0.0,0.0,7.394,1.0,1.0,1329.1818426699847,1050.0,1329.2023426699848,1050.0,0.0066599615762264735,0.0
5161,1638406801000.0,0.0,0.0,1.2,7.376916666666667,0.0,0.0,7.283,1.0,1.0,1329.1818426699847,1050.0,1329.0691426699848,1050.0,0.0066599615762264735,0.0
5162,1638410401000.0,0.0,0.0,1.2,7.376916666666667,0.0,0.0,7.351,1.0,1.0,1329.1818426699847,1050.0,1329.1507426699848,1050.0,0.0066599615762264735,0.0
5163,1638414001000.0,0.0,0.0,1.2,7.376916666666667,0.0,0.0,7.289,1.0,1.0,1329.1818426699847,1050.0,1329.0763426699848,1050.0,0.0066599615762264735,0.0
5164,1638417601000.0,0.0,0.0,2.8,7.271821428571429,0.0,0.0,7.17,1.0,1.0,1329.1806917899846,1050.0,1328.8955917899846,1050.0,0.015318534286395675,0.0
5165,1638421201000.0,0.0,0.0,2.8,7.271821428571429,0.0,0.0,7.202,1.0,1.0,1329.1806917899846,1050.0,1328.9851917899846,1050.0,0.015318534286395675,0.0
5166,1638424801000.0,0.0,0.0,2.8,7.271821428571429,0.0,0.0,7.223,1.0,1.0,1329.1806917899846,1050.0,1329.0439917899846,1050.0,0.015318534286395675,0.0
5167,1638428401000.0,0.0,0.0,2.8,7.271821428571429,0.0,0.0,7.226,1.0,1.0,1329.1806917899846,1050.0,1329.0523917899845,1050.0,0.015318534286395675,0.0
5168,1638432001000.0,0.0,0.0,2.8,7.271821428571429,0.0,0.0,7.249,1.0,1.0,1329.1806917899846,1050.0,1329.1167917899845,1050.0,0.015318534286395675,0.0
5169,1638435601000.0,0.0,0.0,2.8,7.271821428571429,0.0,0.0,7.24,1.0,1.0,1329.1806917899846,1050.0,1329.0915917899847,1050.0,0.015318534286395675,0.0
5170,1638439201000.0,0.0,0.0,2.8,7.271821428571429,0.0,0.0,7.214,1.0,1.0,1329.1806917899846,1050.0,1329.0187917899846,1050.0,0.015318534286395675,0.0
5171,1638442801000.0,0.0,0.0,2.8,7.271821428571429,0.0,0.0,7.191,1.0,1.0,1329.1806917899846,1050.0,1328.9543917899846,1050.0,0.015318534286395675,0.0
5172,1638446401000.0,0.0,0.0,2.8,7.271821428571429,0.0,0.0,7.197,1.0,1.0,1329.1806917899846,1050.0,1328.9711917899847,1050.0,0.015318534286395675,0.0
5173,1638450001000.0,0.0,0.0,2.8,7.271821428571429,0.0,0.0,7.28,1.0,1.0,1329.1806917899846,1050.0,1329.2035917899846,1050.0,0.015318534286395675,0.0
5174,1638453601000.0,0.0,0.0,2.8,7.271821428571429,0.0,0.0,7.273,1.0,1.0,1329.1806917899846,1050.0,1329.1839917899847,1050.0,0.015318534286395675,0.0
5175,1638457201000.0,0.0,0.0,0.7,7.271821428571429,0.0,0.0,7.371,1.0,1.0,1329.3076268599834,1050.0,1329.3770518599833,1050.0,0.003829267881373678,0.0
5176,1638460801000.0,0.0,0.0,0.1,7.325,0.0,0.0,7.329,1.0,1.0,1329.3641638699823,1050.0,1329.3645638699822,1050.0,0.0005510153048413615,0.0
5177,1638464401000.0,0.0,0.0,0.1,7.325,0.0,0.0,7.304,1.0,1.0,1329.3641638699823,1050.0,1329.3620638699824,1050.0,0.0005510153048413615,0.0
5178,1638468001000.0,0.0,0.0,0.1,7.325,0.0,0.0,7.329,1.0,1.0,1329.3641638699823,1050.0,1329.3645638699822,1050.0,0.0005510153048413615,0.0
5179,1638471601000.0,0.0,0.0,0.1,7.325,0.0,0.0,7.296,1.0,1.0,1329.3641638699823,1050.0,1329.3612638699824,1050.0,0.0005510153048413615,0.0
5180,1638475201000.0,0.0,0.0,0.1,7.325,0.0,0.0,7.345,1.0,1.0,1329.3641638699823,1050.0,1329.3661638699823,1050.0,0.0005510153048413615,0.0
5181,1638478801000.0,0.0,0.0,0.1,7.376,0.0,0.0,7.347,1.0,1.0,1329.3688163799823,1050.0,1329.3659163799823,1050.0,0.000554849783530026,0.0
5182,1638482401000.0,0.0,0.0,0.1,7.376,0.0,0.0,7.314,1.0,1.0,1329.3688163799823,1050.0,1329.3626163799822,1050.0,0.000554849783530026,0.0
5183,1638486001000.0,0.0,0.0,0.1,7.376,0.0,0.0,7.317,1.0,1.0,1329.3688163799823,1050.0,1329.3629163799822,1050.0,0.000554849783530026,0.0
5184,1638489601000.0,0.0,0.0,0.1,7.376,0.0,0.0,7.254,1.0,1.0,1329.3688163799823,1050.0,1329.3566163799824,1050.0,0.000554849783530026,0.0
5185,1638493201000.0,0.0,0.0,0.1,7.376,0.0,0.0,7.316,1.0,1.0,1329.3688163799823,1050.0,1329.3628163799822,1050.0,0.000554849783530026,0.0
5186,1638496801000.0,0.0,0.0,0.1,7.376,0.0,0.0,7.335,1.0,1.0,1329.3688163799823,1050.0,1329.3647163799822,1050.0,0.000554849783530026,0.0
5187,1638500401000.0,0.0,0.0,0.1,7.376,0.0,0.0,7.3,1.0,1.0,1329.3688163799823,1050.0,1329.3612163799824,1050.0,0.000554849783530026,0.0
5188,1638504001000.0,0.0,0.0,0.1,7.376,0.0,0.0,7.303,1.0,1.0,1329.3688163799823,1050.0,1329.3615163799823,1050.0,0.000554849783530026,0.0
5189,1638507601000.0,0.0,0.0,0.1,7.376,0.0,0.0,7.343,1.0,1.0,1329.3688163799823,1050.0,1329.3655163799822,1050.0,0.000554849783530026,0.0
5190,1638511201000.0,0.0,0.0,0.1,7.376,0.0,0.0,7.388,1.0,1.0,1329.3688163799823,1050.0,1329.3700163799822,1050.0,0.000554849783530026,0.0
5191,1638514801000.0,0.0,0.0,0.1,7.433,0.0,0.0,7.471,1.0,1.0,1329.3735677999823,1050.0,1329.3773677999823,1050.0,0.0005591355342126353,0.0
5192,1638518401000.0,0.0,0.0,0.1,7.433,0.0,0.0,7.446,1.0,1.0,1329.3735677999823,1050.0,1329.3748677999822,1050.0,0.0005591355342126353,0.0
5193,1638522001000.0,0.0,0.0,0.1,7.433,0.0,0.0,7.392,1.0,1.0,1329.3735677999823,1050.0,1329.3694677999822,1050.0,0.0005591355342126353,0.0
5194,1638525601000.0,0.0,0.0,0.1,7.433,0.0,0.0,7.453,1.0,1.0,1329.3735677999823,1050.0,1329.3755677999823,1050.0,0.0005591355342126353,0.0
5195,1638529201000.0,0.0,0.0,0.1,7.483,0.0,0.0,7.447,1.0,1.0,1329.3783181499823,1050.0,1329.3747181499823,1050.0,0.0005628946927924664,0.0
5196,1638532801000.0,0.0,0.0,0.1,7.546,0.0,0.0,7.532,1.0,1.0,1329.3830673699822,1050.0,1329.381667369982,1050.0,0.0005676317222039556,0.0
5197,1638536401000.0,0.0,0.0,0.1,7.598,0.0,0.0,7.635,1.0,1.0,1329.3879154299823,1050.0,1329.3916154299823,1050.0,0.0005715412267413665,0.0
5198,1638540001000.0,0.0,0.0,0.1,7.705,0.0,0.0,7.658,1.0,1.0,1329.3976083199825,1050.0,1329.3929083199826,1050.0,0.0005795858178003754,0.0
5199,1638543601000.0,0.0,0.0,0.2,7.6125,0.0,0.0,7.54,1.0,1.0,1329.3975331199824,1050.0,1329.3830331199824,1050.0,0.0011452556229939908,0.0
5200,1638547201000.0,0.0,0.0,0.5,7.5024,0.0,0.0,7.378,1.0,1.0,1329.3973102499824,1050.0,1329.3351102499823,1050.0,0.002821729795206684,0.0
5201,1638550801000.0,0.0,0.0,2.8,7.290285714285716,0.0,0.0,7.2,1.0,1.0,1329.3956440899824,1050.0,1329.1428440899824,1050.0,0.015354947257987502,0.0
5202,1638554401000.0,0.0,0.0,2.8,7.290285714285716,0.0,0.0,7.252,1.0,1.0,1329.3956440899824,1050.0,1329.2884440899825,1050.0,0.015354947257987502,0.0
5203,1638558001000.0,0.0,0.0,2.8,7.290285714285716,0.0,0.0,7.252,1.0,1.0,1329.3956440899824,1050.0,1329.2884440899825,1050.0,0.015354947257987502,0.0
5204,1638561601000.0,0.0,0.0,15.2,7.059013157894737,0.0,0.0,6.955,1.0,1.0,1329.3869556699824,1050.0,1327.8059556699825,1050.0,0.08071163895686385,0.0
5205,1638565201000.0,0.0,0.0,2.3,6.865424398625429,0.0,0.0,6.947,1.0,1.0,1332.0443544668206,1050.0,1332.231978349982,1050.0,0.011854317060755055,0.0
5206,1638568801000.0,0.0,0.0,0.1,6.987,0.0,0.0,6.946,1.0,1.0,1332.258507849982,1050.0,1332.2544078499818,1050.0,0.0005244477673687912,0.0
5207,1638572401000.0,0.0,0.0,0.1,6.987,0.0,0.0,6.899,1.0,1.0,1332.258507849982,1050.0,1332.2497078499819,1050.0,0.0005244477673687912,0.0
5208,1638576001000.0,0.0,0.0,0.1,6.987,0.0,0.0,6.964,1.0,1.0,1332.258507849982,1050.0,1332.2562078499818,1050.0,0.0005244477673687912,0.0
5209,1638579601000.0,0.0,0.0,0.5,6.803400000000001,0.0,0.0,6.729,1.0,1.0,1332.258237549982,1050.0,1332.221037549982,1050.0,0.002553333808808504,0.0
5210,1638583201000.0,0.0,0.0,0.2,6.706916666666667,0.0,0.0,6.754,1.0,1.0,1332.301181123314,1050.0,1332.3105977899809,1050.0,0.00100681689120951,0.0
5211,1638586801000.0,0.0,0.0,0.1,6.758,0.0,0.0,6.786,1.0,1.0,1332.3097951899806,1050.0,1332.3125951899806,1050.0,0.0005072393841431109,0.0
5212,1638590401000.0,0.0,0.0,0.5,6.580399999999999,0.0,0.0,6.503,1.0,1.0,1332.3095337499806,1050.0,1332.2708337499805,1050.0,0.0024695462403089238,0.0
5213,1638594001000.0,0.0,0.0,21.0,5.956788732394366,0.0,0.0,6.005,1.0,1.0,1332.869725130262,1050.0,1333.8821617499802,1050.0,0.09385205547230532,0.0
5214,1638597601000.0,0.0,0.0,73.8,5.449525587912267,0.0,0.0,5.342,1.0,1.0,1337.8119953579064,1050.0,1329.8766069699811,1050.0,0.3006214548706681,0.0
5215,1638601201000.0,0.0,0.0,0.2,5.510190698489033,0.0,0.0,5.464,1.0,1.0,1340.6595183696797,1050.0,1340.650280229982,1050.0,0.0008220119460591675,0.0
5216,1638604801000.0,0.0,0.0,0.2,5.450438139697807,0.0,0.0,5.454,1.0,1.0,1340.6735331379211,1050.0,1340.6742455099816,1050.0,0.0008130895411861758,0.0
5217,1638608401000.0,0.0,0.0,0.2,5.605259523983195,0.0,0.0,5.579,1.0,1.0,1340.701908544778,1050.0,1340.6966566399813,1050.0,0.0008361679040297996,0.0
5218,1638612001000.0,0.0,0.0,0.2,5.682891220248949,0.0,0.0,5.71,1.0,1.0,1340.7162810740313,1050.0,1340.7217028299815,1050.0,0.0008477395703282511,0.0
5219,1638615601000.0,0.0,0.0,0.2,5.764993201265559,0.0,0.0,5.737,1.0,1.0,1340.7309412202346,1050.0,1340.7253425799815,1050.0,0.0008599776471211572,0.0
5220,1638619201000.0,0.0,0.0,0.2,5.74,0.0,0.0,5.698,1.0,1.0,1340.7876516599817,1050.0,1340.7792516599818,1050.0,0.0008562131360463395,0.0
5221,1638622801000.0,0.0,0.0,0.2,5.856,0.0,0.0,5.797,1.0,1.0,1340.8055863399818,1050.0,1340.7937863399818,1050.0,0.0008735047138318115,0.0
5222,1638626401000.0,0.0,0.0,0.2,5.7951999999999995,0.0,0.0,5.797,1.0,1.0,1340.8205642999824,1050.0,1340.8209242999824,1050.0,0.0008644258828213253,0.0
5223,1638630001000.0,0.0,0.0,0.2,5.956,0.0,0.0,5.948,1.0,1.0,1340.8426357099827,1050.0,1340.8410357099826,1050.0,0.0008883965711377114,0.0
5224,1638633601000.0,0.0,0.0,0.2,5.977,0.0,0.0,5.893,1.0,1.0,1340.8464157799826,1050.0,1340.8296157799825,1050.0,0.0008915264163976788,0.0
5225,1638637201000.0,0.0,0.0,0.5,5.8906,0.0,0.0,5.84,1.0,1.0,1340.8462407899826,1050.0,1340.8209407899826,1050.0,0.002196597872597775,0.0
5226,1638640801000.0,0.0,0.0,0.2,6.121,0.0,0.0,6.007,1.0,1.0,1340.8979980499828,1050.0,1340.8751980499828,1050.0,0.0009129702645393668,0.0
5227,1638644401000.0,0.0,0.0,0.2,6.306,0.0,0.0,6.204,1.0,1.0,1340.9290258799824,1050.0,1340.9086258799823,1050.0,0.0009405419493938836,0.0
5228,1638648001000.0,0.0,0.0,0.2,6.327999999999999,0.0,0.0,6.323,1.0,1.0,1340.9330988999825,1050.0,1340.9320988999825,1050.0,0.0009438203897257954,0.0
5229,1638651601000.0,0.0,0.0,0.2,6.327999999999999,0.0,0.0,6.288,1.0,1.0,1340.9330988999825,1050.0,1340.9250988999825,1050.0,0.0009438203897257954,0.0
5230,1638655201000.0,0.0,0.0,0.5,6.236800000000001,0.0,0.0,6.14,1.0,1.0,1340.9329136199824,1050.0,1340.8845136199825,1050.0,0.0023255451248351926,0.0
5231,1638658801000.0,0.0,0.0,0.5,6.236800000000001,0.0,0.0,6.266,1.0,1.0,1340.9329136199824,1050.0,1340.9475136199824,1050.0,0.0023255451248351926,0.0
5232,1638662401000.0,0.0,0.0,0.5,6.22659,0.0,0.0,6.216,1.0,1.0,1340.9637556099826,1050.0,1340.9584606099827,1050.0,0.0023216846741572167,0.0
5233,1638666001000.0,0.0,0.0,1.2,6.15636765625,0.0,0.0,6.143,1.0,1.0,1340.9954702574828,1050.0,1340.9794290699829,1050.0,0.005509072440104147,0.0
5234,1638669601000.0,0.0,0.0,1.2,6.15636765625,0.0,0.0,6.149,1.0,1.0,1340.9954702574828,1050.0,1340.9866290699829,1050.0,0.005509072440104147,0.0
5235,1638673201000.0,0.0,0.0,0.2,6.2150919140625,0.0,0.0,6.223,1.0,1.0,1341.0565774327954,1050.0,1341.0581590499828,1050.0,0.0009268948109497578,0.0
5236,1638676801000.0,0.0,0.0,0.2,6.258272978515626,0.0,0.0,6.262,1.0,1.0,1341.0645629256858,1050.0,1341.0653083299826,1050.0,0.0009333291105481884,0.0
5237,1638680401000.0,0.0,0.0,0.2,6.258272978515626,0.0,0.0,6.196,1.0,1.0,1341.0645629256858,1050.0,1341.0521083299827,1050.0,0.0009333291105481884,0.0
5238,1638684001000.0,0.0,0.0,0.2,6.258272978515626,0.0,0.0,6.258,1.0,1.0,1341.0645629256858,1050.0,1341.0645083299826,1050.0,0.0009333291105481884,0.0
5239,1638687601000.0,0.0,0.0,0.2,6.258272978515626,0.0,0.0,6.246,1.0,1.0,1341.0645629256858,1050.0,1341.0621083299827,1050.0,0.0009333291105481884,0.0
5240,1638691201000.0,0.0,0.0,0.2,6.258272978515626,0.0,0.0,6.189,1.0,1.0,1341.0645629256858,1050.0,1341.0507083299826,1050.0,0.0009333291105481884,0.0
5241,1638694801000.0,0.0,0.0,0.2,6.258272978515626,0.0,0.0,6.195,1.0,1.0,1341.0645629256858,1050.0,1341.0519083299826,1050.0,0.0009333291105481884,0.0
5242,1638698401000.0,0.0,0.0,1.2,6.080545496419271,0.0,0.0,6.032,1.0,1.0,1341.0639584256858,1050.0,1341.0057038299826,1050.0,0.0054409445201024425,0.0
5243,1638702001000.0,0.0,0.0,0.4,6.080545496419271,0.0,0.0,6.073,1.0,1.0,1341.09583234855,1050.0,1341.0928141499821,1050.0,0.00181360506825852,0.0
5244,1638705601000.0,0.0,0.0,0.2,6.080545496419271,0.0,0.0,6.068,1.0,1.0,1341.103800829266,1050.0,1341.1012917299822,1050.0,0.0009067971461507143,0.0
5245,1638709201000.0,0.0,0.0,0.2,6.166534093526204,0.0,0.0,6.135,1.0,1.0,1341.1196062186875,1050.0,1341.1132993999822,1050.0,0.0009196098640169561,0.0
5246,1638712801000.0,0.0,0.0,0.2,6.166534093526204,0.0,0.0,6.081,1.0,1.0,1341.1196062186875,1050.0,1341.1024993999822,1050.0,0.0009196098640169561,0.0
5247,1638716401000.0,0.0,0.0,1.2,5.991422348921034,0.0,0.0,5.872,1.0,1.0,1341.1190105786875,1050.0,1340.9757037599823,1050.0,0.0053609759924310605,0.0
5248,1638720001000.0,0.0,0.0,15.2,5.724059659125345,0.0,0.0,5.719,1.0,1.0,1341.1110289786875,1050.0,1341.0341221599822,1050.0,0.06487584170041741,0.0
5249,1638723601000.0,0.0,0.0,0.2,5.781264914781336,0.0,0.0,5.759,1.0,1.0,1342.2368447429374,1050.0,1342.232391759981,1050.0,0.0008614373741004783,0.0
5250,1638727201000.0,0.0,0.0,0.2,5.862079057173833,0.0,0.0,5.85,1.0,1.0,1342.2518395014156,1050.0,1342.2494236899809,1050.0,0.0008734693273881189,0.0
5251,1638730801000.0,0.0,0.0,0.2,5.862079057173833,0.0,0.0,5.763,1.0,1.0,1342.2518395014156,1050.0,1342.232023689981,1050.0,0.0008734693273881189,0.0
5252,1638734401000.0,0.0,0.0,0.4,5.6955131761956395,0.0,0.0,5.758,1.0,1.0,1342.2808041004607,1050.0,1342.3057988299825,1050.0,0.0016972642859219103,0.0
5253,1638738001000.0,0.0,0.0,0.2,5.83575,0.0,0.0,5.8,1.0,1.0,1342.3183682499823,1050.0,1342.3112182499824,1050.0,0.0008695031131263188,0.0
5254,1638741601000.0,0.0,0.0,0.2,5.7913250000000005,0.0,0.0,5.791,1.0,1.0,1342.336706709982,1050.0,1342.3366417099821,1050.0,0.0008628721796924298,0.0
5255,1638745201000.0,0.0,0.0,0.2,5.7913250000000005,0.0,0.0,5.799,1.0,1.0,1342.336706709982,1050.0,1342.3382417099822,1050.0,0.0008628721796924298,0.0
5256,1638748801000.0,0.0,0.0,0.2,5.84633125,0.0,0.0,5.85,1.0,1.0,1342.344173749982,1050.0,1342.3449074999821,1050.0,0.0008710629307039266,0.0
5257,1638752401000.0,0.0,0.0,1.2,5.680388541666667,0.0,0.0,5.632,1.0,1.0,1342.343609029982,1050.0,1342.285542779982,1050.0,0.005078033823937065,0.0
5258,1638756001000.0,0.0,0.0,0.2,5.835081160481771,0.0,0.0,5.859,1.0,1.0,1342.425174192077,1050.0,1342.4299579599808,1050.0,0.0008693342873271944,0.0
5259,1638759601000.0,0.0,0.0,0.2,5.937002536265055,0.0,0.0,5.906,1.0,1.0,1342.4440669172338,1050.0,1342.4378664099809,1050.0,0.0008845065031124447,0.0
5260,1638763201000.0,0.0,0.0,0.2,5.937002536265055,0.0,0.0,5.87,1.0,1.0,1342.4440669172338,1050.0,1342.4306664099809,1050.0,0.0008845065031124447,0.0
5261,1638766801000.0,0.0,0.0,0.2,5.937002536265055,0.0,0.0,5.846,1.0,1.0,1342.4440669172338,1050.0,1342.425866409981,1050.0,0.0008845065031124447,0.0
5262,1638770401000.0,0.0,0.0,1.2,5.768250422710842,0.0,0.0,5.675,1.0,1.0,1342.4434934672338,1050.0,1342.3315929599808,1050.0,0.0051561950584417355,0.0
5263,1638774001000.0,0.0,0.0,2.8,5.686393038304647,0.0,0.0,5.579,1.0,1.0,1342.4425934672338,1050.0,1342.1418929599809,1050.0,0.01186039580741419,0.0
5264,1638777601000.0,0.0,0.0,6.5,5.602492385731232,0.0,0.0,5.617,1.0,1.0,1342.4405440372338,1050.0,1342.534843529981,1050.0,0.02712686283873364,0.0
5265,1638781201000.0,0.0,0.0,0.2,5.650693654821641,0.0,0.0,5.651,1.0,1.0,1342.9375041909445,1050.0,1342.9375654599803,1050.0,0.0008415423111183292,0.0
5266,1638784801000.0,0.0,0.0,1.2,5.490365609136941,0.0,0.0,5.413,1.0,1.0,1342.9369583609446,1050.0,1342.8441196299802,1050.0,0.004905992563497189,0.0
5267,1638788401000.0,0.0,0.0,2.2,5.413013832487261,0.0,0.0,5.407,1.0,1.0,1342.9573663214521,1050.0,1342.94413588998,1050.0,0.008867467225777522,0.0
5268,1638792001000.0,0.0,0.0,0.2,5.6370000000000005,0.0,0.0,5.629,1.0,1.0,1343.164455069979,1050.0,1343.162855069979,1050.0,0.0008393611041034156,0.0
5269,1638795601000.0,0.0,0.0,0.5,5.5754,0.0,0.0,5.52,1.0,1.0,1343.1678759299791,1050.0,1343.140175929979,1050.0,0.0020754665518410045,0.0
5270,1638799201000.0,0.0,0.0,1.2,5.496416666666667,0.0,0.0,5.483,1.0,1.0,1343.1674951299792,1050.0,1343.1513951299792,1050.0,0.004910556593957576,0.0
5271,1638802801000.0,0.0,0.0,0.4,5.496416666666667,0.0,0.0,5.494,1.0,1.0,1343.2023185566463,1050.0,1343.2013518899796,1050.0,0.0016368097614878764,0.0
5272,1638806401000.0,0.0,0.0,0.1,5.661,0.0,0.0,5.714,1.0,1.0,1343.24061096998,1050.0,1343.24591096998,1050.0,0.00042144348181314155,0.0
5273,1638810001000.0,0.0,0.0,0.2,5.731,0.0,0.0,5.75,1.0,1.0,1343.24723905998,1050.0,1343.25103905998,1050.0,0.0008533053087100511,0.0
5274,1638813601000.0,0.0,0.0,0.2,5.731,0.0,0.0,5.684,1.0,1.0,1343.24723905998,1050.0,1343.2378390599802,1050.0,0.0008533053087100511,0.0
5275,1638817201000.0,0.0,0.0,0.2,5.731,0.0,0.0,5.703,1.0,1.0,1343.24723905998,1050.0,1343.2416390599801,1050.0,0.0008533053087100511,0.0
5276,1638820801000.0,0.0,0.0,0.2,5.731,0.0,0.0,5.711,1.0,1.0,1343.24723905998,1050.0,1343.2432390599802,1050.0,0.0008533053087100511,0.0
5277,1638824401000.0,0.0,0.0,0.2,5.731,0.0,0.0,5.683,1.0,1.0,1343.24723905998,1050.0,1343.23763905998,1050.0,0.0008533053087100511,0.0
5278,1638828001000.0,0.0,0.0,0.2,5.876,0.0,0.0,5.878,1.0,1.0,1343.26895726998,1050.0,1343.26935726998,1050.0,0.0008748806362565257,0.0
5279,1638831601000.0,0.0,0.0,0.2,5.978,0.0,0.0,6.0,1.0,1.0,1343.2878616399796,1050.0,1343.2922616399796,1050.0,0.0008900549421628273,0.0
5280,1638835201000.0,0.0,0.0,0.2,6.04025,0.0,0.0,6.002,1.0,1.0,1343.2994492699795,1050.0,1343.2917992699795,1050.0,0.0008993154881858388,0.0
5281,1638838801000.0,0.0,0.0,0.2,6.060625,0.0,0.0,6.018,1.0,1.0,1343.3033026599796,1050.0,1343.2947776599797,1050.0,0.0009023464749917438,0.0
5282,1638842401000.0,0.0,0.0,0.2,6.060625,0.0,0.0,5.958,1.0,1.0,1343.3033026599796,1050.0,1343.2827776599797,1050.0,0.0009023464749917438,0.0
5283,1638846001000.0,0.0,0.0,0.5,5.97325,0.0,0.0,5.924,1.0,1.0,1343.3031252099797,1050.0,1343.2785002099797,1050.0,0.0022233440419735066,0.0
5284,1638849601000.0,0.0,0.0,0.5,5.97325,0.0,0.0,5.944,1.0,1.0,1343.3031252099797,1050.0,1343.2885002099797,1050.0,0.0022233440419735066,0.0
5285,1638853201000.0,0.0,0.0,0.5,5.97325,0.0,0.0,5.914,1.0,1.0,1343.3031252099797,1050.0,1343.2735002099798,1050.0,0.0022233440419735066,0.0
5286,1638856801000.0,0.0,0.0,0.5,5.97325,0.0,0.0,5.929,1.0,1.0,1343.3031252099797,1050.0,1343.2810002099798,1050.0,0.0022233440419735066,0.0
5287,1638860401000.0,0.0,0.0,0.5,5.97325,0.0,0.0,5.995,1.0,1.0,1343.3031252099797,1050.0,1343.3140002099797,1050.0,0.0022233440419735066,0.0
5288,1638864001000.0,0.0,0.0,0.2,5.994625,0.0,0.0,5.986,1.0,1.0,1343.3187245299798,1050.0,1343.3169995299797,1050.0,0.0008925097060785016,0.0
5289,1638867601000.0,0.0,0.0,0.2,6.056203125,0.0,0.0,6.082,1.0,1.0,1343.3302768349797,1050.0,1343.3354362099797,1050.0,0.0009016700106349154,0.0
5290,1638871201000.0,0.0,0.0,0.2,6.077101562499999,0.0,0.0,6.05,1.0,1.0,1343.33413458248,1050.0,1343.3287142699799,1050.0,0.0009047788492903617,0.0
5291,1638874801000.0,0.0,0.0,0.2,6.077101562499999,0.0,0.0,6.051,1.0,1.0,1343.33413458248,1050.0,1343.32891426998,1050.0,0.0009047788492903617,0.0
5292,1638878401000.0,0.0,0.0,0.2,6.077101562499999,0.0,0.0,5.991,1.0,1.0,1343.33413458248,1050.0,1343.3169142699799,1050.0,0.0009047788492903617,0.0
5293,1638882001000.0,0.0,0.0,1.2,5.904600260416667,0.0,0.0,5.902,1.0,1.0,1343.3335475724798,1050.0,1343.3304272599798,1050.0,0.005274580036584473,0.0
5294,1638885601000.0,0.0,0.0,0.9,5.904600260416667,0.0,0.0,5.909,1.0,1.0,1343.3451891743543,1050.0,1343.3491489399794,1050.0,0.003955900744797525,0.0
5295,1638889201000.0,0.0,0.0,0.2,5.961650065104166,0.0,0.0,5.964,1.0,1.0,1343.3832237029992,1050.0,1343.3836936899784,1050.0,0.000887557617203383,0.0
5296,1638892801000.0,0.0,0.0,0.2,5.961650065104166,0.0,0.0,5.968,1.0,1.0,1343.3832237029992,1050.0,1343.3844936899784,1050.0,0.000887557617203383,0.0
5297,1638896401000.0,0.0,0.0,0.2,5.961650065104166,0.0,0.0,5.922,1.0,1.0,1343.3832237029992,1050.0,1343.3752936899784,1050.0,0.000887557617203383,0.0
5298,1638900001000.0,0.0,0.0,0.2,5.961650065104166,0.0,0.0,5.928,1.0,1.0,1343.3832237029992,1050.0,1343.3764936899784,1050.0,0.000887557617203383,0.0
5299,1638903601000.0,0.0,0.0,0.2,5.961650065104166,0.0,0.0,5.907,1.0,1.0,1343.3832237029992,1050.0,1343.3722936899783,1050.0,0.000887557617203383,0.0
5300,1638907201000.0,0.0,0.0,0.2,5.961650065104166,0.0,0.0,5.891,1.0,1.0,1343.3832237029992,1050.0,1343.3690936899784,1050.0,0.000887557617203383,0.0
5301,1638910801000.0,0.0,0.0,0.5,5.875460026041666,0.0,0.0,5.853,1.0,1.0,1343.3830491629992,1050.0,1343.3718191499784,1050.0,0.0021868148588380645,0.0
5302,1638914401000.0,0.0,0.0,0.2,5.875460026041666,0.0,0.0,5.852,1.0,1.0,1343.3944337351868,1050.0,1343.3897417299784,1050.0,0.0008747185306858063,0.0
5303,1638918001000.0,0.0,0.0,0.2,5.875460026041666,0.0,0.0,5.776,1.0,1.0,1343.3944337351868,1050.0,1343.3745417299785,1050.0,0.0008747185306858063,0.0
5304,1638921601000.0,0.0,0.0,0.2,5.875460026041666,0.0,0.0,5.875,1.0,1.0,1343.3944337351868,1050.0,1343.3943417299784,1050.0,0.0008747185306858063,0.0
5305,1638925201000.0,0.0,0.0,0.2,5.896230013020833,0.0,0.0,5.919,1.0,1.0,1343.3981694225827,1050.0,1343.4027234199784,1050.0,0.0008778082548013508,0.0
5306,1638928801000.0,0.0,0.0,0.2,5.916115006510417,0.0,0.0,5.875,1.0,1.0,1343.4019277112807,1050.0,1343.3937047099787,1050.0,0.0008807661928235506,0.0
5307,1638932401000.0,0.0,0.0,0.2,5.916115006510417,0.0,0.0,5.827,1.0,1.0,1343.4019277112807,1050.0,1343.3841047099786,1050.0,0.0008807661928235506,0.0
5308,1638936001000.0,0.0,0.0,0.2,5.916115006510417,0.0,0.0,5.811,1.0,1.0,1343.4019277112807,1050.0,1343.3809047099785,1050.0,0.0008807661928235506,0.0
5309,1638939601000.0,0.0,0.0,0.2,5.916115006510417,0.0,0.0,5.895,1.0,1.0,1343.4019277112807,1050.0,1343.3977047099786,1050.0,0.0008807661928235506,0.0
5310,1638943201000.0,0.0,0.0,0.2,5.916115006510417,0.0,0.0,5.889,1.0,1.0,1343.4019277112807,1050.0,1343.3965047099787,1050.0,0.0008807661928235506,0.0
5311,1638946801000.0,0.0,0.0,0.2,5.9560287516276045,0.0,0.0,5.975,1.0,1.0,1343.409471840304,1050.0,1343.4132660899784,1050.0,0.0008867034030165926,0.0
5312,1638950401000.0,0.0,0.0,0.2,6.083,0.0,0.0,6.008,1.0,1.0,1343.4203241999783,1050.0,1343.4053241999782,1050.0,0.0009055989239440002,0.0
5313,1638954001000.0,0.0,0.0,0.2,6.083,0.0,0.0,6.013,1.0,1.0,1343.4203241999783,1050.0,1343.4063241999784,1050.0,0.0009055989239440002,0.0
5314,1638957601000.0,0.0,0.0,0.5,5.9954,0.0,0.0,5.917,1.0,1.0,1343.4201460899783,1050.0,1343.3809460899784,1050.0,0.0022313942579503514,0.0
5315,1638961201000.0,0.0,0.0,2.8,5.82682142857143,0.0,0.0,5.717,1.0,1.0,1343.4188143499784,1050.0,1343.1113143499786,1050.0,0.012144462937192199,0.0
5316,1638964801000.0,0.0,0.0,0.5,5.740969230769231,0.0,0.0,5.751,1.0,1.0,1343.6879267953623,1050.0,1343.6929421799778,1050.0,0.002136273280530694,0.0
5317,1638968401000.0,0.0,0.0,0.2,5.800246153846154,0.0,0.0,5.827,1.0,1.0,1343.7102700607468,1050.0,1343.7156208299775,1050.0,0.0008633179760669591,0.0
5318,1638972001000.0,0.0,0.0,0.2,5.840061538461539,0.0,0.0,5.82,1.0,1.0,1343.7177991576698,1050.0,1343.7137868499774,1050.0,0.0008692392914825527,0.0
5319,1638975601000.0,0.0,0.0,0.2,6.165,0.0,0.0,6.126,1.0,1.0,1343.7703402299765,1050.0,1343.7625402299764,1050.0,0.0009175675062071851,0.0
5320,1638979201000.0,0.0,0.0,0.2,6.186999999999999,0.0,0.0,6.125,1.0,1.0,1343.7743160799766,1050.0,1343.7619160799766,1050.0,0.0009208391507360484,0.0
5321,1638982801000.0,0.0,0.0,0.5,6.0976,0.0,0.0,6.092,1.0,1.0,1343.7741349399766,1050.0,1343.7713349399767,1050.0,0.00226883366834277,0.0
5322,1638986401000.0,0.0,0.0,0.5,6.0976,0.0,0.0,6.003,1.0,1.0,1343.7741349399766,1050.0,1343.7268349399767,1050.0,0.00226883366834277,0.0
5323,1638990001000.0,0.0,0.0,0.5,6.0976,0.0,0.0,6.068,1.0,1.0,1343.7741349399766,1050.0,1343.7593349399767,1050.0,0.00226883366834277,0.0
5324,1638993601000.0,0.0,0.0,0.5,6.0976,0.0,0.0,6.013,1.0,1.0,1343.7741349399766,1050.0,1343.7318349399766,1050.0,0.00226883366834277,0.0
5325,1638997201000.0,0.0,0.0,0.5,6.0976,0.0,0.0,6.055,1.0,1.0,1343.7741349399766,1050.0,1343.7528349399765,1050.0,0.00226883366834277,0.0
5326,1639000801000.0,0.0,0.0,0.5,6.0976,0.0,0.0,6.075,1.0,1.0,1343.7741349399766,1050.0,1343.7628349399768,1050.0,0.00226883366834277,0.0
5327,1639004401000.0,0.0,0.0,0.2,6.1559,0.0,0.0,6.092,1.0,1.0,1343.800483519977,1050.0,1343.787703519977,1050.0,0.0009161925561858882,0.0
5328,1639008001000.0,0.0,0.0,0.2,6.2214875,0.0,0.0,6.25,1.0,1.0,1343.812427779977,1050.0,1343.8181302799771,1050.0,0.0009259458197269548,0.0
5329,1639011601000.0,0.0,0.0,0.2,6.265871875,0.0,0.0,6.152,1.0,1.0,1343.820453654977,1050.0,1343.797679279977,1050.0,0.0009325459897500191,0.0
5330,1639015201000.0,0.0,0.0,0.5,6.17534875,0.0,0.0,6.111,1.0,1.0,1343.820270204977,1050.0,1343.788095829977,1050.0,0.0022976840307141876,0.0
5331,1639018801000.0,0.0,0.0,1.2,6.087645312500001,0.0,0.0,6.025,1.0,1.0,1343.819848454977,1050.0,1343.7446740799771,1050.0,0.005436126266031076,0.0
5332,1639022401000.0,0.0,0.0,2.8,6.001562276785716,0.0,0.0,5.916,1.0,1.0,1343.818898534977,1050.0,1343.579324159977,1050.0,0.012504939760350168,0.0
5333,1639026001000.0,0.0,0.0,2.8,6.001562276785716,0.0,0.0,5.985,1.0,1.0,1343.818898534977,1050.0,1343.7725241599771,1050.0,0.012504939760350168,0.0
5334,1639029601000.0,0.0,0.0,2.8,6.001562276785716,0.0,0.0,6.016,1.0,1.0,1343.818898534977,1050.0,1343.859324159977,1050.0,0.012504939760350168,0.0
5335,1639033201000.0,0.0,0.0,2.5,6.001562276785716,0.0,0.0,6.019,1.0,1.0,1343.8305486219415,1050.0,1343.874142929977,1050.0,0.011165027992071136,0.0
5336,1639036801000.0,0.0,0.0,0.2,6.001562276785716,0.0,0.0,6.066,1.0,1.0,1343.9726606753338,1050.0,1343.9855482199766,1050.0,0.0008931077919055269,0.0
5337,1639040401000.0,0.0,0.0,0.2,6.021781138392858,0.0,0.0,6.05,1.0,1.0,1343.9764836176553,1050.0,1343.9821273899768,1050.0,0.0008961140632734436,0.0
5338,1639044001000.0,0.0,0.0,0.5,5.934912455357143,0.0,0.0,5.906,1.0,1.0,1343.9763073076554,1050.0,1343.961851079977,1050.0,0.002207967663971087,0.0
5339,1639047601000.0,0.0,0.0,0.4,5.934912455357143,0.0,0.0,5.961,1.0,1.0,1343.9801563221195,1050.0,1343.9905913399766,1050.0,0.00176636907247154,0.0
5340,1639051201000.0,0.0,0.0,0.2,5.934912455357143,0.0,0.0,5.945,1.0,1.0,1343.9878543510476,1050.0,1343.9898718599761,1050.0,0.0008831794775739026,0.0
5341,1639054801000.0,0.0,0.0,0.2,5.975978113839286,0.0,0.0,5.963,1.0,1.0,1343.995428062744,1050.0,1343.9928324399762,1050.0,0.000889285482533695,0.0
5342,1639058401000.0,0.0,0.0,0.2,5.975978113839286,0.0,0.0,5.933,1.0,1.0,1343.995428062744,1050.0,1343.986832439976,1050.0,0.000889285482533695,0.0
5343,1639062001000.0,0.0,0.0,1.2,5.806413018973214,0.0,0.0,5.732,1.0,1.0,1343.9948508127438,1050.0,1343.905555189976,1050.0,0.005184317200735059,0.0
5344,1639065601000.0,0.0,0.0,1.2,5.806413018973214,0.0,0.0,5.784,1.0,1.0,1343.9948508127438,1050.0,1343.967955189976,1050.0,0.005184317200735059,0.0
5345,1639069201000.0,0.0,0.0,1.2,5.806413018973214,0.0,0.0,5.721,1.0,1.0,1343.9948508127438,1050.0,1343.892355189976,1050.0,0.005184317200735059,0.0
5346,1639072801000.0,0.0,0.0,2.8,5.724462722417092,0.0,0.0,5.635,1.0,1.0,1343.9939447327438,1050.0,1343.743449109976,1050.0,0.011926017736601603,0.0
5347,1639076401000.0,0.0,0.0,6.5,5.639953172733517,0.0,0.0,5.612,1.0,1.0,1343.9918816127438,1050.0,1343.810185989976,1050.0,0.027276724007274128,0.0
5348,1639080001000.0,0.0,0.0,6.5,5.639953172733517,0.0,0.0,5.537,1.0,1.0,1343.9918816127438,1050.0,1343.322685989976,1050.0,0.027276724007274128,0.0
5349,1639083601000.0,0.0,0.0,6.5,5.639953172733517,0.0,0.0,5.616,1.0,1.0,1343.9918816127438,1050.0,1343.836185989976,1050.0,0.027276724007274128,0.0
5350,1639087201000.0,0.0,0.0,6.5,5.639953172733517,0.0,0.0,5.636,1.0,1.0,1343.9918816127438,1050.0,1343.9661859899759,1050.0,0.027276724007274128,0.0
5351,1639090801000.0,0.0,0.0,3.1,5.639953172733517,0.0,0.0,5.628,1.0,1.0,1344.1159106454497,1050.0,1344.0788558099757,1050.0,0.013007698738628937,0.0
5352,1639094401000.0,0.0,0.0,3.1,5.639953172733517,0.0,0.0,5.545,1.0,1.0,1344.1159106454497,1050.0,1343.8215558099757,1050.0,0.013007698738628937,0.0
5353,1639098001000.0,0.0,0.0,1.5,5.639953172733517,0.0,0.0,5.618,1.0,1.0,1344.2052741490756,1050.0,1344.1723443899755,1050.0,0.0062936293450088394,0.0
5354,1639101601000.0,0.0,0.0,1.5,5.639953172733517,0.0,0.0,5.623,1.0,1.0,1344.2052741490756,1050.0,1344.1798443899754,1050.0,0.0062936293450088394,0.0
5355,1639105201000.0,0.0,0.0,1.5,5.639953172733517,0.0,0.0,5.632,1.0,1.0,1344.2052741490756,1050.0,1344.1933443899754,1050.0,0.0062936293450088394,0.0
5356,1639108801000.0,0.0,0.0,0.2,5.74323829318338,0.0,0.0,5.644,1.0,1.0,1344.398010148612,1050.0,1344.3781624899752,1050.0,0.0008543955361178366,0.0
5357,1639112401000.0,0.0,0.0,0.2,5.74323829318338,0.0,0.0,5.655,1.0,1.0,1344.398010148612,1050.0,1344.3803624899754,1050.0,0.0008543955361178366,0.0
5358,1639116001000.0,0.0,0.0,0.2,5.74323829318338,0.0,0.0,5.702,1.0,1.0,1344.398010148612,1050.0,1344.3897624899753,1050.0,0.0008543955361178366,0.0
5359,1639119601000.0,0.0,0.0,0.5,5.660295317273352,0.0,0.0,5.559,1.0,1.0,1344.397841998612,1050.0,1344.3471943399752,1050.0,0.0021051414768929674,0.0
5360,1639123201000.0,0.0,0.0,1.2,5.580206382197231,0.0,0.0,5.516,1.0,1.0,1344.397455388612,1050.0,1344.3204077299752,1050.0,0.004980854160201499,0.0
5361,1639126801000.0,0.0,0.0,1.2,5.580206382197231,0.0,0.0,5.582,1.0,1.0,1344.397455388612,1050.0,1344.3996077299753,1050.0,0.004980854160201499,0.0
5362,1639130401000.0,0.0,0.0,0.2,5.580206382197231,0.0,0.0,5.635,1.0,1.0,1344.4426864064144,1050.0,1344.453645129975,1050.0,0.0008301144315958411,0.0
5363,1639134001000.0,0.0,0.0,0.2,5.652525797774654,0.0,0.0,5.599,1.0,1.0,1344.4564108895302,1050.0,1344.4457057299753,1050.0,0.0008408641220334968,0.0
5364,1639137601000.0,0.0,0.0,0.2,5.652525797774654,0.0,0.0,5.669,1.0,1.0,1344.4564108895302,1050.0,1344.4597057299752,1050.0,0.0008408641220334968,0.0
5365,1639141201000.0,0.0,0.0,0.2,5.690881449443664,0.0,0.0,5.694,1.0,1.0,1344.463654019864,1050.0,1344.4642777299753,1050.0,0.0008465653098807509,0.0
5366,1639144801000.0,0.0,0.0,0.2,5.752360181180458,0.0,0.0,5.74,1.0,1.0,1344.4747046962111,1050.0,1344.4722326599751,1050.0,0.0008557037422998932,0.0
5367,1639148401000.0,0.0,0.0,1.2,5.58922669686341,0.0,0.0,5.526,1.0,1.0,1344.4741490362112,1050.0,1344.3982769999752,1050.0,0.004988621046409906,0.0
5368,1639152001000.0,0.0,0.0,2.8,5.510240012941462,0.0,0.0,5.478,1.0,1.0,1344.4732768762112,1050.0,1344.3830048399752,1050.0,0.011475625660692582,0.0
5369,1639155601000.0,0.0,0.0,5.0,5.429272620959399,0.0,0.0,5.423,1.0,1.0,1344.524062034772,1050.0,1344.492698929975,1050.0,0.020190314083121955,0.0
5370,1639159201000.0,0.0,0.0,2.0,5.429272620959399,0.0,0.0,5.459,1.0,1.0,1344.629604671894,1050.0,1344.6890594299753,1050.0,0.008075491722174609,0.0
5371,1639162801000.0,0.0,0.0,0.2,5.485534077619924,0.0,0.0,5.451,1.0,1.0,1344.7153522554975,1050.0,1344.7084454399735,1050.0,0.0008158654645266022,0.0
5372,1639166401000.0,0.0,0.0,0.2,5.485534077619924,0.0,0.0,5.495,1.0,1.0,1344.7153522554975,1050.0,1344.7172454399736,1050.0,0.0008158654645266022,0.0
5373,1639170001000.0,0.0,0.0,0.2,5.523883519404981,0.0,0.0,5.542,1.0,1.0,1344.7224008438548,1050.0,1344.7260241399738,1050.0,0.0008215648844606997,0.0
5374,1639173601000.0,0.0,0.0,0.2,5.54244175970249,0.0,0.0,5.458,1.0,1.0,1344.7259012819143,1050.0,1344.7090129299738,1050.0,0.0008243228979852228,0.0
5375,1639177201000.0,0.0,0.0,0.5,5.462376703880996,0.0,0.0,5.396,1.0,1.0,1344.7257390119144,1050.0,1344.692550659974,1050.0,0.002031037461919437,0.0
5376,1639180801000.0,0.0,0.0,1.2,5.385156959950415,0.0,0.0,5.292,1.0,1.0,1344.7253659119144,1050.0,1344.613577559974,1050.0,0.004805582251776903,0.0
5377,1639184401000.0,0.0,0.0,0.3,5.309067268550178,0.0,0.0,5.286,1.0,1.0,1344.836618810539,1050.0,1344.829698629974,1050.0,0.0011843224361140305,0.0
5378,1639188001000.0,0.0,0.0,0.2,5.365383408568772,0.0,0.0,5.316,1.0,1.0,1344.8503000416877,1050.0,1344.840423359974,1050.0,0.0007979153379974643,0.0
5379,1639191601000.0,0.0,0.0,0.2,5.365383408568772,0.0,0.0,5.367,1.0,1.0,1344.8503000416877,1050.0,1344.850623359974,1050.0,0.0007979153379974643,0.0
5380,1639195201000.0,0.0,0.0,0.2,5.401845852142193,0.0,0.0,5.371,1.0,1.0,1344.8571761104024,1050.0,1344.851006939974,1050.0,0.0008033337588702792,0.0
5381,1639198801000.0,0.0,0.0,0.2,5.401845852142193,0.0,0.0,5.403,1.0,1.0,1344.8571761104024,1050.0,1344.857406939974,1050.0,0.0008033337588702792,0.0
5382,1639202401000.0,0.0,0.0,0.2,5.401845852142193,0.0,0.0,5.383,1.0,1.0,1344.8571761104024,1050.0,1344.8534069399739,1050.0,0.0008033337588702792,0.0
5383,1639206001000.0,0.0,0.0,0.2,5.421922926071097,0.0,0.0,5.347,1.0,1.0,1344.8606827251883,1050.0,1344.845698139974,1050.0,0.0008063174120138991,0.0
5384,1639209601000.0,0.0,0.0,0.2,5.421922926071097,0.0,0.0,5.403,1.0,1.0,1344.8606827251883,1050.0,1344.8568981399742,1050.0,0.0008063174120138991,0.0
5385,1639213201000.0,0.0,0.0,0.2,5.478240365758887,0.0,0.0,5.429,1.0,1.0,1344.8712175531257,1050.0,1344.861369479974,1050.0,0.00081468623824459,0.0
5386,1639216801000.0,0.0,0.0,0.2,5.478240365758887,0.0,0.0,5.49,1.0,1.0,1344.8712175531257,1050.0,1344.8735694799739,1050.0,0.00081468623824459,0.0
5387,1639220401000.0,0.0,0.0,0.2,5.537155045719861,0.0,0.0,5.531,1.0,1.0,1344.8818683291179,1050.0,1344.8806373199739,1050.0,0.0008234411030612267,0.0
5388,1639224001000.0,0.0,0.0,0.2,5.537155045719861,0.0,0.0,5.512,1.0,1.0,1344.8818683291179,1050.0,1344.876837319974,1050.0,0.0008234411030612267,0.0
5389,1639227601000.0,0.0,0.0,0.2,5.537155045719861,0.0,0.0,5.536,1.0,1.0,1344.8818683291179,1050.0,1344.8816373199738,1050.0,0.0008234411030612267,0.0
5390,1639231201000.0,0.0,0.0,0.2,5.537155045719861,0.0,0.0,5.489,1.0,1.0,1344.8818683291179,1050.0,1344.872237319974,1050.0,0.0008234411030612267,0.0
5391,1639234801000.0,0.0,0.0,0.2,5.537155045719861,0.0,0.0,5.526,1.0,1.0,1344.8818683291179,1050.0,1344.8796373199739,1050.0,0.0008234411030612267,0.0
5392,1639238401000.0,0.0,0.0,0.2,5.55807752285993,0.0,0.0,5.574,1.0,1.0,1344.8854412945457,1050.0,1344.8886257899737,1050.0,0.0008265503294481194,0.0
5393,1639242001000.0,0.0,0.0,0.2,5.597019380714983,0.0,0.0,5.586,1.0,1.0,1344.8926054261167,1050.0,1344.8904015499736,1050.0,0.0008323369997177758,0.0
5394,1639245601000.0,0.0,0.0,0.2,5.597019380714983,0.0,0.0,5.586,1.0,1.0,1344.8926054261167,1050.0,1344.8904015499736,1050.0,0.0008323369997177758,0.0
5395,1639249201000.0,0.0,0.0,0.2,5.597019380714983,0.0,0.0,5.582,1.0,1.0,1344.8926054261167,1050.0,1344.8896015499738,1050.0,0.0008323369997177758,0.0
5396,1639252801000.0,0.0,0.0,0.2,5.597019380714983,0.0,0.0,5.563,1.0,1.0,1344.8926054261167,1050.0,1344.8858015499736,1050.0,0.0008323369997177758,0.0
5397,1639256401000.0,0.0,0.0,0.2,5.597019380714983,0.0,0.0,5.595,1.0,1.0,1344.8926054261167,1050.0,1344.8922015499736,1050.0,0.0008323369997177758,0.0
5398,1639260001000.0,0.0,0.0,0.2,5.597019380714983,0.0,0.0,5.606,1.0,1.0,1344.8926054261167,1050.0,1344.8944015499737,1050.0,0.0008323369997177758,0.0
5399,1639263601000.0,0.0,0.0,0.2,5.597019380714983,0.0,0.0,5.602,1.0,1.0,1344.8926054261167,1050.0,1344.8936015499737,1050.0,0.0008323369997177758,0.0
5400,1639267201000.0,0.0,0.0,0.2,5.656877422589373,0.0,0.0,5.661,1.0,1.0,1344.9034377144917,1050.0,1344.904262229974,1050.0,0.0008412317589436138,0.0
5401,1639270801000.0,0.0,0.0,0.2,5.656877422589373,0.0,0.0,5.62,1.0,1.0,1344.9034377144917,1050.0,1344.8960622299737,1050.0,0.0008412317589436138,0.0
5402,1639274401000.0,0.0,0.0,0.2,5.656877422589373,0.0,0.0,5.605,1.0,1.0,1344.9034377144917,1050.0,1344.8930622299738,1050.0,0.0008412317589436138,0.0
5403,1639278001000.0,0.0,0.0,0.2,5.656877422589373,0.0,0.0,5.616,1.0,1.0,1344.9034377144917,1050.0,1344.895262229974,1050.0,0.0008412317589436138,0.0
5404,1639281601000.0,0.0,0.0,0.2,5.656877422589373,0.0,0.0,5.642,1.0,1.0,1344.9034377144917,1050.0,1344.9004622299738,1050.0,0.0008412317589436138,0.0
5405,1639285201000.0,0.0,0.0,0.2,5.656877422589373,0.0,0.0,5.574,1.0,1.0,1344.9034377144917,1050.0,1344.8868622299738,1050.0,0.0008412317589436138,0.0
5406,1639288801000.0,0.0,0.0,0.2,5.656877422589373,0.0,0.0,5.569,1.0,1.0,1344.9034377144917,1050.0,1344.8858622299738,1050.0,0.0008412317589436138,0.0
5407,1639292401000.0,0.0,0.0,0.2,5.656877422589373,0.0,0.0,5.584,1.0,1.0,1344.9034377144917,1050.0,1344.888862229974,1050.0,0.0008412317589436138,0.0
5408,1639296001000.0,0.0,0.0,0.5,5.57535096903575,0.0,0.0,5.471,1.0,1.0,1344.9032720844916,1050.0,1344.8510965999737,1050.0,0.0020727702448051916,0.0
5409,1639299601000.0,0.0,0.0,1.2,5.49639623709823,0.0,0.0,5.374,1.0,1.0,1344.9028912844917,1050.0,1344.7560157999737,1050.0,0.004904202026228428,0.0
5410,1639303201000.0,0.0,0.0,2.8,5.419026958756385,0.0,0.0,5.283,1.0,1.0,1344.9020335244918,1050.0,1344.521158039974,1050.0,0.01128206747130445,0.0
5411,1639306801000.0,0.0,0.0,2.8,5.506207142857144,0.0,0.0,5.386,1.0,1.0,1345.4728493999735,1050.0,1345.1362693999736,1050.0,0.0114587076260034,0.0
5412,1639310401000.0,0.0,0.0,6.5,5.425258461538462,0.0,0.0,5.412,1.0,1.0,1345.4708647199734,1050.0,1345.3846847199734,1050.0,0.026209545613118404,0.0
5413,1639314001000.0,0.0,0.0,3.5,5.425258461538462,0.0,0.0,5.43,1.0,1.0,1345.5764510353579,1050.0,1345.5930464199732,1050.0,0.014111724830479852,0.0
5414,1639317601000.0,0.0,0.0,0.4,5.425258461538462,0.0,0.0,5.488,1.0,1.0,1345.7065547945888,1050.0,1345.7316514099734,1050.0,0.0016126126285731244,0.0
5415,1639321201000.0,0.0,0.0,0.2,5.4798146153846155,0.0,0.0,5.496,1.0,1.0,1345.7295846830505,1050.0,1345.7328217599736,1050.0,0.0008144005568065497,0.0
5416,1639324801000.0,0.0,0.0,0.2,5.4798146153846155,0.0,0.0,5.447,1.0,1.0,1345.7295846830505,1050.0,1345.7230217599736,1050.0,0.0008144005568065497,0.0
5417,1639328401000.0,0.0,0.0,0.2,5.4798146153846155,0.0,0.0,5.452,1.0,1.0,1345.7295846830505,1050.0,1345.7240217599735,1050.0,0.0008144005568065497,0.0
5418,1639332001000.0,0.0,0.0,0.2,5.518953653846154,0.0,0.0,5.538,1.0,1.0,1345.736591410743,1050.0,1345.7404006799736,1050.0,0.0008202130623587495,0.0
5419,1639335601000.0,0.0,0.0,0.2,5.595059603365385,0.0,0.0,5.585,1.0,1.0,1345.7507658206466,1050.0,1345.7487538999735,1050.0,0.0008315149796631898,0.0
5420,1639339201000.0,0.0,0.0,0.2,5.595059603365385,0.0,0.0,5.56,1.0,1.0,1345.7507658206466,1050.0,1345.7437538999736,1050.0,0.0008315149796631898,0.0
5421,1639342801000.0,0.0,0.0,0.2,5.595059603365385,0.0,0.0,5.581,1.0,1.0,1345.7507658206466,1050.0,1345.7479538999735,1050.0,0.0008315149796631898,0.0
5422,1639346401000.0,0.0,0.0,0.2,5.595059603365385,0.0,0.0,5.568,1.0,1.0,1345.7507658206466,1050.0,1345.7453538999735,1050.0,0.0008315149796631898,0.0
5423,1639350001000.0,0.0,0.0,0.2,5.595059603365385,0.0,0.0,5.574,1.0,1.0,1345.7507658206466,1050.0,1345.7465538999736,1050.0,0.0008315149796631898,0.0
5424,1639353601000.0,0.0,0.0,0.2,5.595059603365385,0.0,0.0,5.52,1.0,1.0,1345.7507658206466,1050.0,1345.7357538999736,1050.0,0.0008315149796631898,0.0
5425,1639357201000.0,0.0,0.0,0.5,5.514623841346154,0.0,0.0,5.462,1.0,1.0,1345.7506019906466,1050.0,1345.7242900699734,1050.0,0.0020489026098850977,0.0
5426,1639360801000.0,0.0,0.0,1.2,5.436676600560897,0.0,0.0,5.33,1.0,1.0,1345.7502253206467,1050.0,1345.6222133999736,1050.0,0.004847862402637626,0.0
5427,1639364401000.0,0.0,0.0,2.8,5.359718543097528,0.0,0.0,5.303,1.0,1.0,1345.7493770006467,1050.0,1345.5905650799737,1050.0,0.011151565200141917,0.0
5428,1639368001000.0,0.0,0.0,2.8,5.359718543097528,0.0,0.0,5.315,1.0,1.0,1345.7493770006467,1050.0,1345.6241650799736,1050.0,0.011151565200141917,0.0
5429,1639371601000.0,0.0,0.0,2.8,5.359718543097528,0.0,0.0,5.332,1.0,1.0,1345.7493770006467,1050.0,1345.6717650799737,1050.0,0.011151565200141917,0.0
5430,1639375201000.0,0.0,0.0,1.1,5.359718543097528,0.0,0.0,5.409,1.0,1.0,1345.8084383273806,1050.0,1345.8626479299733,1050.0,0.004380779782250926,0.0
5431,1639378801000.0,0.0,0.0,0.2,5.377859271548764,0.0,0.0,5.313,1.0,1.0,1345.8431263242844,1050.0,1345.8301544699746,1050.0,0.0007991807018751983,0.0
5432,1639382401000.0,0.0,0.0,0.2,5.377859271548764,0.0,0.0,5.299,1.0,1.0,1345.8431263242844,1050.0,1345.8273544699746,1050.0,0.0007991807018751983,0.0
5433,1639386001000.0,0.0,0.0,0.2,5.3393859271548765,0.0,0.0,5.352,1.0,1.0,1345.8603002354055,1050.0,1345.8628230499744,1050.0,0.0007934532174284301,0.0
5434,1639389601000.0,0.0,0.0,0.2,5.3393859271548765,0.0,0.0,5.247,1.0,1.0,1345.8603002354055,1050.0,1345.8418230499744,1050.0,0.0007934532174284301,0.0
5435,1639393201000.0,0.0,0.0,0.5,5.262354370861951,0.0,0.0,5.239,1.0,1.0,1345.8601439054055,1050.0,1345.8484667199746,1050.0,0.001955015309239969,0.0
5436,1639396801000.0,0.0,0.0,0.5,5.262354370861951,0.0,0.0,5.269,1.0,1.0,1345.8601439054055,1050.0,1345.8634667199744,1050.0,0.001955015309239969,0.0
5437,1639400401000.0,0.0,0.0,0.2,5.280177185430976,0.0,0.0,5.225,1.0,1.0,1345.8737372970609,1050.0,1345.8627018599748,1050.0,0.0007846467375216396,0.0
5438,1639404001000.0,0.0,0.0,0.5,5.20387087417239,0.0,0.0,5.205,1.0,1.0,1345.873582707061,1050.0,1345.8741472699746,1050.0,0.0019332688229549155,0.0
5439,1639407601000.0,0.0,0.0,1.2,5.13044619757183,0.0,0.0,5.115,1.0,1.0,1345.8732272470609,1050.0,1345.8546918099746,1050.0,0.004574379898825378,0.0
5440,1639411201000.0,0.0,0.0,2.8,5.058191227530784,0.0,0.0,5.0,1.0,1.0,1345.8724266070608,1050.0,1345.7094911699746,1050.0,0.010523237683671773,0.0
5441,1639414801000.0,0.0,0.0,2.8,5.058191227530784,0.0,0.0,4.998,1.0,1.0,1345.8724266070608,1050.0,1345.7038911699747,1050.0,0.010523237683671773,0.0
5442,1639418401000.0,0.0,0.0,2.8,5.058191227530784,0.0,0.0,4.968,1.0,1.0,1345.8724266070608,1050.0,1345.6198911699746,1050.0,0.010523237683671773,0.0
5443,1639422001000.0,0.0,0.0,6.5,4.984082374936337,0.0,0.0,4.949,1.0,1.0,1345.870603247061,1050.0,1345.6425678099747,1050.0,0.024071062521854616,0.0
5444,1639425601000.0,0.0,0.0,15.2,4.9044760155977745,0.0,0.0,4.843,1.0,1.0,1345.866388097061,1050.0,1344.9319526599747,1050.0,0.05539036868473301,0.0
5445,1639429201000.0,0.0,0.0,15.2,4.9044760155977745,0.0,0.0,4.843,1.0,1.0,1345.866388097061,1050.0,1344.9319526599747,1050.0,0.05539036868473301,0.0
5446,1639432801000.0,0.0,0.0,15.2,4.9044760155977745,0.0,0.0,4.871,1.0,1.0,1345.866388097061,1050.0,1345.3575526599748,1050.0,0.05539036868473301,0.0
5447,1639436401000.0,0.0,0.0,4.9,4.9044760155977745,0.0,0.0,4.944,1.0,1.0,1346.1963000264032,1050.0,1346.389967549974,1050.0,0.017851729703875843,0.0
5448,1639440001000.0,0.0,0.0,0.2,4.9212380077988875,0.0,0.0,4.904,1.0,1.0,1346.3985911515338,1050.0,1346.395143549974,1050.0,0.0007310224535499406,0.0
5449,1639443601000.0,0.0,0.0,0.2,5.008,0.0,0.0,4.963,1.0,1.0,1346.4108446099738,1050.0,1346.4018446099738,1050.0,0.0007439036932966342,0.0
5450,1639447201000.0,0.0,0.0,0.5,4.936,0.0,0.0,4.95,1.0,1.0,1346.4106979699739,1050.0,1346.417697969974,1050.0,0.0018330216803246454,0.0
5451,1639450801000.0,0.0,0.0,0.2,4.936,0.0,0.0,4.98,1.0,1.0,1346.4230486399742,1050.0,1346.4318486399743,1050.0,0.0007332019464440791,0.0
5452,1639454401000.0,0.0,0.0,0.2,4.98325,0.0,0.0,4.949,1.0,1.0,1346.4319987299743,1050.0,1346.4251487299744,1050.0,0.0007402156224303142,0.0
5453,1639458001000.0,0.0,0.0,0.2,4.98325,0.0,0.0,4.895,1.0,1.0,1346.4319987299743,1050.0,1346.4143487299743,1050.0,0.0007402156224303142,0.0
5454,1639461601000.0,0.0,0.0,0.2,4.9111,0.0,0.0,4.858,1.0,1.0,1346.4415745199742,1050.0,1346.4309545199742,1050.0,0.0007294932201942558,0.0
5455,1639465201000.0,0.0,0.0,0.2,4.9111,0.0,0.0,4.942,1.0,1.0,1346.4415745199742,1050.0,1346.4477545199743,1050.0,0.0007294932201942558,0.0
5456,1639468801000.0,0.0,0.0,0.2,5.006,0.0,0.0,5.028,1.0,1.0,1346.4569553799743,1050.0,1346.4613553799743,1050.0,0.0007435811416024498,0.0
5457,1639472401000.0,0.0,0.0,0.2,5.0235,0.0,0.0,5.046,1.0,1.0,1346.4601545799742,1050.0,1346.4646545799742,1050.0,0.0007461787833695046,0.0
5458,1639476001000.0,0.0,0.0,0.2,5.04575,0.0,0.0,4.966,1.0,1.0,1346.4634033299742,1050.0,1346.4474533299742,1050.0,0.0007494819372767537,0.0
5459,1639479601000.0,0.0,0.0,0.2,5.063375000000001,0.0,0.0,5.087,1.0,1.0,1346.4666267299742,1050.0,1346.4713517299742,1050.0,0.000752098106181347,0.0
5460,1639483201000.0,0.0,0.0,0.2,5.1354609374999995,0.0,0.0,5.132,1.0,1.0,1346.4797339074742,1050.0,1346.4790417199742,1050.0,0.0007627981035551022,0.0
5461,1639486801000.0,0.0,0.0,0.2,5.15273046875,0.0,0.0,5.119,1.0,1.0,1346.482984423724,1050.0,1346.476238329974,1050.0,0.0007653613938471412,0.0
5462,1639490401000.0,0.0,0.0,0.5,5.0784921875,0.0,0.0,5.075,1.0,1.0,1346.482833553724,1050.0,1346.481087459974,1050.0,0.0018858362174943282,0.0
5463,1639494001000.0,0.0,0.0,0.5,5.0784921875,0.0,0.0,5.085,1.0,1.0,1346.482833553724,1050.0,1346.486087459974,1050.0,0.0018858362174943282,0.0
5464,1639497601000.0,0.0,0.0,0.5,5.04014921875,0.0,0.0,5.017,1.0,1.0,1346.4991541093486,1050.0,1346.4875794999737,1050.0,0.00187157533793025,0.0
5465,1639501201000.0,0.0,0.0,0.5,5.04014921875,0.0,0.0,4.965,1.0,1.0,1346.4991541093486,1050.0,1346.4615794999736,1050.0,0.00187157533793025,0.0
5466,1639504801000.0,0.0,0.0,0.5,5.04014921875,0.0,0.0,4.935,1.0,1.0,1346.4991541093486,1050.0,1346.4465794999737,1050.0,0.00187157533793025,0.0
5467,1639508401000.0,0.0,0.0,2.8,4.898669503348215,0.0,0.0,4.892,1.0,1.0,1346.4980344893486,1050.0,1346.4793598799736,1050.0,0.010186628021760772,0.0
5468,1639512001000.0,0.0,0.0,1.0,4.898669503348215,0.0,0.0,4.944,1.0,1.0,1346.5607412633217,1050.0,1346.6060717599735,1050.0,0.0036379120178064613,0.0
5469,1639515601000.0,0.0,0.0,0.5,5.0876,0.0,0.0,5.062,1.0,1.0,1346.6552143199733,1050.0,1346.6424143199733,1050.0,0.00188897646030692,0.0
5470,1639519201000.0,0.0,0.0,0.2,5.1254,0.0,0.0,5.093,1.0,1.0,1346.671635349973,1050.0,1346.665155349973,1050.0,0.0007611952112837085,0.0
5471,1639522801000.0,0.0,0.0,0.2,5.1254,0.0,0.0,5.058,1.0,1.0,1346.671635349973,1050.0,1346.658155349973,1050.0,0.0007611952112837085,0.0
5472,1639526401000.0,0.0,0.0,0.2,5.1254,0.0,0.0,5.069,1.0,1.0,1346.671635349973,1050.0,1346.660355349973,1050.0,0.0007611952112837085,0.0
5473,1639530001000.0,0.0,0.0,0.2,5.1254,0.0,0.0,5.037,1.0,1.0,1346.671635349973,1050.0,1346.653955349973,1050.0,0.0007611952112837085,0.0
5474,1639533601000.0,0.0,0.0,0.5,5.05136,0.0,0.0,5.008,1.0,1.0,1346.6714852899731,1050.0,1346.649805289973,1050.0,0.0018754982396142113,0.0
5475,1639537201000.0,0.0,0.0,0.5,5.05136,0.0,0.0,4.998,1.0,1.0,1346.6714852899731,1050.0,1346.6448052899732,1050.0,0.0018754982396142113,0.0
5476,1639540801000.0,0.0,0.0,0.5,5.05136,0.0,0.0,5.01,1.0,1.0,1346.6714852899731,1050.0,1346.650805289973,1050.0,0.0018754982396142113,0.0
5477,1639544401000.0,0.0,0.0,0.5,5.05136,0.0,0.0,5.029,1.0,1.0,1346.6714852899731,1050.0,1346.6603052899732,1050.0,0.0018754982396142113,0.0
5478,1639548001000.0,0.0,0.0,0.5,5.05136,0.0,0.0,4.999,1.0,1.0,1346.6714852899731,1050.0,1346.645305289973,1050.0,0.0018754982396142113,0.0
5479,1639551601000.0,0.0,0.0,0.3,5.05136,0.0,0.0,5.01,1.0,1.0,1346.678111589973,1050.0,1346.665703589973,1050.0,0.0011252934067598483,0.0
5480,1639555201000.0,0.0,0.0,0.3,5.05136,0.0,0.0,5.034,1.0,1.0,1346.678111589973,1050.0,1346.672903589973,1050.0,0.0011252934067598483,0.0
5481,1639558801000.0,0.0,0.0,0.2,5.0686800000000005,0.0,0.0,5.082,1.0,1.0,1346.6846870299728,1050.0,1346.687351029973,1050.0,0.0007527641843435008,0.0
5482,1639562401000.0,0.0,0.0,0.2,5.0686800000000005,0.0,0.0,5.067,1.0,1.0,1346.6846870299728,1050.0,1346.6843510299727,1050.0,0.0007527641843435008,0.0
5483,1639566001000.0,0.0,0.0,0.2,5.0686800000000005,0.0,0.0,5.062,1.0,1.0,1346.6846870299728,1050.0,1346.6833510299728,1050.0,0.0007527641843435008,0.0
5484,1639569601000.0,0.0,0.0,0.2,5.0686800000000005,0.0,0.0,5.048,1.0,1.0,1346.6846870299728,1050.0,1346.6805510299728,1050.0,0.0007527641843435008,0.0
5485,1639573201000.0,0.0,0.0,0.5,4.995672000000001,0.0,0.0,4.913,1.0,1.0,1346.6845386199727,1050.0,1346.6432026199727,1050.0,0.0018548040972978575,0.0
5486,1639576801000.0,0.0,0.0,0.5,4.995672000000001,0.0,0.0,4.942,1.0,1.0,1346.6845386199727,1050.0,1346.6577026199727,1050.0,0.0018548040972978575,0.0
5487,1639580401000.0,0.0,0.0,1.2,4.925280000000001,0.0,0.0,4.884,1.0,1.0,1346.6841973699727,1050.0,1346.6346613699727,1050.0,0.004388806233519842,0.0
5488,1639584001000.0,0.0,0.0,2.8,4.855977142857144,0.0,0.0,4.778,1.0,1.0,1346.6834287299728,1050.0,1346.4650927299729,1050.0,0.010096460467195905,0.0
5489,1639587601000.0,0.0,0.0,2.8,4.855977142857144,0.0,0.0,4.873,1.0,1.0,1346.6834287299728,1050.0,1346.7310927299727,1050.0,0.010096460467195905,0.0
5490,1639591201000.0,0.0,0.0,2.8,4.855977142857144,0.0,0.0,4.865,1.0,1.0,1346.6834287299728,1050.0,1346.7086927299729,1050.0,0.010096460467195905,0.0
5491,1639594801000.0,0.0,0.0,0.2,4.982494285714286,0.0,0.0,4.999,1.0,1.0,1346.907208077116,1050.0,1346.9105092199732,1050.0,0.0007398422483501949,0.0
5492,1639598401000.0,0.0,0.0,0.3,5.1533999999999995,0.0,0.0,5.17,1.0,1.0,1346.9484504199736,1050.0,1346.9534304199735,1050.0,0.0011477944827940195,0.0
5493,1639602001000.0,0.0,0.0,0.2,5.282096875,0.0,0.0,5.262,1.0,1.0,1346.975163704974,1050.0,1346.9711443299739,1050.0,0.000784290166192987,0.0
5494,1639605601000.0,0.0,0.0,0.2,5.282096875,0.0,0.0,5.286,1.0,1.0,1346.975163704974,1050.0,1346.975944329974,1050.0,0.000784290166192987,0.0
5495,1639609201000.0,0.0,0.0,0.2,5.3005484375,0.0,0.0,5.196,1.0,1.0,1346.9785476574739,1050.0,1346.9576379699738,1050.0,0.0007870278924216228,0.0
5496,1639612801000.0,0.0,0.0,0.2,5.3005484375,0.0,0.0,5.208,1.0,1.0,1346.9785476574739,1050.0,1346.9600379699739,1050.0,0.0007870278924216228,0.0
5497,1639616401000.0,0.0,0.0,0.2,5.3005484375,0.0,0.0,5.2,1.0,1.0,1346.9785476574739,1050.0,1346.9584379699738,1050.0,0.0007870278924216228,0.0
5498,1639620001000.0,0.0,0.0,0.5,5.224019375,0.0,0.0,5.197,1.0,1.0,1346.978392467474,1050.0,1346.964882779974,1050.0,0.001939162277662946,0.0
5499,1639623601000.0,0.0,0.0,0.5,5.224019375,0.0,0.0,5.189,1.0,1.0,1346.978392467474,1050.0,1346.9608827799739,1050.0,0.001939162277662946,0.0
5500,1639627201000.0,0.0,0.0,0.5,5.224019375,0.0,0.0,5.168,1.0,1.0,1346.978392467474,1050.0,1346.950382779974,1050.0,0.001939162277662946,0.0
5501,1639630801000.0,0.0,0.0,0.5,5.224019375,0.0,0.0,5.149,1.0,1.0,1346.978392467474,1050.0,1346.940882779974,1050.0,0.001939162277662946,0.0
5502,1639634401000.0,0.0,0.0,0.5,5.224019375,0.0,0.0,5.115,1.0,1.0,1346.978392467474,1050.0,1346.9238827799738,1050.0,0.001939162277662946,0.0
5503,1639638001000.0,0.0,0.0,0.5,5.224019375,0.0,0.0,5.199,1.0,1.0,1346.978392467474,1050.0,1346.965882779974,1050.0,0.001939162277662946,0.0
5504,1639641601000.0,0.0,0.0,0.5,5.224019375,0.0,0.0,5.137,1.0,1.0,1346.978392467474,1050.0,1346.9348827799738,1050.0,0.001939162277662946,0.0
5505,1639645201000.0,0.0,0.0,0.5,5.224019375,0.0,0.0,5.164,1.0,1.0,1346.978392467474,1050.0,1346.9483827799738,1050.0,0.001939162277662946,0.0
5506,1639648801000.0,0.0,0.0,0.5,5.224019375,0.0,0.0,5.193,1.0,1.0,1346.978392467474,1050.0,1346.9628827799738,1050.0,0.001939162277662946,0.0
5507,1639652401000.0,0.0,0.0,0.5,5.224019375,0.0,0.0,5.22,1.0,1.0,1346.978392467474,1050.0,1346.9763827799738,1050.0,0.001939162277662946,0.0
5508,1639656001000.0,0.0,0.0,0.2,5.274754843749999,0.0,0.0,5.285,1.0,1.0,1347.003863818724,1050.0,1347.005912849974,1050.0,0.0007831833278927937,0.0
5509,1639659601000.0,0.0,0.0,0.2,5.274754843749999,0.0,0.0,5.203,1.0,1.0,1347.003863818724,1050.0,1346.989512849974,1050.0,0.0007831833278927937,0.0
5510,1639663201000.0,0.0,0.0,0.2,5.274754843749999,0.0,0.0,5.255,1.0,1.0,1347.003863818724,1050.0,1346.9999128499742,1050.0,0.0007831833278927937,0.0
5511,1639666801000.0,0.0,0.0,0.2,5.274754843749999,0.0,0.0,5.247,1.0,1.0,1347.003863818724,1050.0,1346.9983128499741,1050.0,0.0007831833278927937,0.0
5512,1639670401000.0,0.0,0.0,0.2,5.274754843749999,0.0,0.0,5.245,1.0,1.0,1347.003863818724,1050.0,1346.997912849974,1050.0,0.0007831833278927937,0.0
5513,1639674001000.0,0.0,0.0,0.2,5.274754843749999,0.0,0.0,5.216,1.0,1.0,1347.003863818724,1050.0,1346.992112849974,1050.0,0.0007831833278927937,0.0
5514,1639677601000.0,0.0,0.0,0.2,5.274754843749999,0.0,0.0,5.169,1.0,1.0,1347.003863818724,1050.0,1346.9827128499742,1050.0,0.0007831833278927937,0.0
5515,1639681201000.0,0.0,0.0,0.5,5.198701937499999,0.0,0.0,5.154,1.0,1.0,1347.0037093787241,1050.0,1346.981358409974,1050.0,0.0019297281445118612,0.0
5516,1639684801000.0,0.0,0.0,0.5,5.198701937499999,0.0,0.0,5.119,1.0,1.0,1347.0037093787241,1050.0,1346.9638584099741,1050.0,0.0019297281445118612,0.0
5517,1639688401000.0,0.0,0.0,0.5,5.198701937499999,0.0,0.0,5.13,1.0,1.0,1347.0037093787241,1050.0,1346.9693584099741,1050.0,0.0019297281445118612,0.0
5518,1639692001000.0,0.0,0.0,0.5,5.198701937499999,0.0,0.0,5.141,1.0,1.0,1347.0037093787241,1050.0,1346.974858409974,1050.0,0.0019297281445118612,0.0
5519,1639695601000.0,0.0,0.0,1.2,5.125375807291666,0.0,0.0,5.089,1.0,1.0,1347.003354268724,1050.0,1346.959703299974,1050.0,0.004566024983723239,0.0
5520,1639699201000.0,0.0,0.0,1.2,5.125375807291666,0.0,0.0,5.036,1.0,1.0,1347.003354268724,1050.0,1346.8961032999741,1050.0,0.004566024983723239,0.0
5521,1639702801000.0,0.0,0.0,1.2,5.125375807291666,0.0,0.0,5.068,1.0,1.0,1347.003354268724,1050.0,1346.934503299974,1050.0,0.004566024983723239,0.0
5522,1639706401000.0,0.0,0.0,1.2,5.125375807291666,0.0,0.0,5.076,1.0,1.0,1347.003354268724,1050.0,1346.9441032999741,1050.0,0.004566024983723239,0.0
5523,1639710001000.0,0.0,0.0,1.2,5.125375807291666,0.0,0.0,5.074,1.0,1.0,1347.003354268724,1050.0,1346.941703299974,1050.0,0.004566024983723239,0.0
5524,1639713601000.0,0.0,0.0,1.2,5.125375807291666,0.0,0.0,5.082,1.0,1.0,1347.003354268724,1050.0,1346.951303299974,1050.0,0.004566024983723239,0.0
5525,1639717201000.0,0.0,0.0,1.2,5.125375807291666,0.0,0.0,5.094,1.0,1.0,1347.003354268724,1050.0,1346.965703299974,1050.0,0.004566024983723239,0.0
5526,1639720801000.0,0.0,0.0,1.2,5.125375807291666,0.0,0.0,5.067,1.0,1.0,1347.003354268724,1050.0,1346.933303299974,1050.0,0.004566024983723239,0.0
5527,1639724401000.0,0.0,0.0,1.2,5.125375807291666,0.0,0.0,5.029,1.0,1.0,1347.003354268724,1050.0,1346.887703299974,1050.0,0.004566024983723239,0.0
5528,1639728001000.0,0.0,0.0,2.8,5.053161060267858,0.0,0.0,4.97,1.0,1.0,1347.0025544287241,1050.0,1346.7697034599742,1050.0,0.010503952588828353,0.0
5529,1639731601000.0,0.0,0.0,2.8,5.053161060267858,0.0,0.0,4.999,1.0,1.0,1347.0025544287241,1050.0,1346.8509034599742,1050.0,0.010503952588828353,0.0
5530,1639735201000.0,0.0,0.0,2.8,5.053161060267858,0.0,0.0,4.993,1.0,1.0,1347.0025544287241,1050.0,1346.8341034599741,1050.0,0.010503952588828353,0.0
5531,1639738801000.0,0.0,0.0,6.5,4.979638610576923,0.0,0.0,4.924,1.0,1.0,1347.000732548724,1050.0,1346.6390815799741,1050.0,0.02402942343431813,0.0
5532,1639742401000.0,0.0,0.0,6.5,4.979638610576923,0.0,0.0,4.918,1.0,1.0,1347.000732548724,1050.0,1346.6000815799741,1050.0,0.02402942343431813,0.0
5533,1639746001000.0,0.0,0.0,6.5,4.979638610576923,0.0,0.0,4.892,1.0,1.0,1347.000732548724,1050.0,1346.431081579974,1050.0,0.02402942343431813,0.0
5534,1639749601000.0,0.0,0.0,6.5,4.979638610576923,0.0,0.0,4.892,1.0,1.0,1347.000732548724,1050.0,1346.431081579974,1050.0,0.02402942343431813,0.0
5535,1639753201000.0,0.0,0.0,15.2,4.900286247944079,0.0,0.0,4.802,1.0,1.0,1346.9965208787241,1050.0,1345.5025699099742,1050.0,0.05529661718811235,0.0
5536,1639756801000.0,0.0,0.0,15.2,4.900286247944079,0.0,0.0,4.9,1.0,1.0,1346.9965208787241,1050.0,1346.992169909974,1050.0,0.05529661718811235,0.0
5537,1639760401000.0,0.0,0.0,0.2,4.94514312397204,0.0,0.0,4.959,1.0,1.0,1347.7827698247688,1050.0,1347.7855411999744,1050.0,0.0007338190151540488,0.0
5538,1639764001000.0,0.0,0.0,0.2,4.94514312397204,0.0,0.0,4.885,1.0,1.0,1347.7827698247688,1050.0,1347.7707411999745,1050.0,0.0007338190151540488,0.0
5539,1639767601000.0,0.0,0.0,0.2,4.94514312397204,0.0,0.0,4.926,1.0,1.0,1347.7827698247688,1050.0,1347.7789411999745,1050.0,0.0007338190151540488,0.0
5540,1639771201000.0,0.0,0.0,0.2,4.94514312397204,0.0,0.0,4.895,1.0,1.0,1347.7827698247688,1050.0,1347.7727411999745,1050.0,0.0007338190151540488,0.0
5541,1639774801000.0,0.0,0.0,0.2,4.94514312397204,0.0,0.0,4.867,1.0,1.0,1347.7827698247688,1050.0,1347.7671411999745,1050.0,0.0007338190151540488,0.0
5542,1639778401000.0,0.0,0.0,0.5,5.0242,0.0,0.0,4.972,1.0,1.0,1347.7916901599745,1050.0,1347.7655901599744,1050.0,0.0018638636952137831,0.0
5543,1639782001000.0,0.0,0.0,0.8,4.88325,0.0,0.0,4.955,1.0,1.0,1347.8654898199757,1050.0,1347.9228898199756,1050.0,0.0028983604295127223,0.0
5544,1639785601000.0,0.0,0.0,0.2,5.0785,0.0,0.0,5.096,1.0,1.0,1347.9420888599761,1050.0,1347.9455888599762,1050.0,0.0007535190186538576,0.0
5545,1639789201000.0,0.0,0.0,0.2,5.47,0.0,0.0,5.468,1.0,1.0,1348.0322870999769,1050.0,1348.031887099977,1050.0,0.0008115532620910167,0.0
5546,1639792801000.0,0.0,0.0,2.8,5.239357142857144,0.0,0.0,5.147,1.0,1.0,1348.030929479977,1050.0,1347.7723294799769,1050.0,0.010882687985252127,0.0
5547,1639796401000.0,0.0,0.0,6.5,5.162876923076923,0.0,0.0,5.046,1.0,1.0,1348.029040629977,1050.0,1347.269340629977,1050.0,0.024894641723977214,0.0
5548,1639800001000.0,0.0,0.0,0.6,5.162876923076923,0.0,0.0,5.211,1.0,1.0,1348.4064826338233,1050.0,1348.4353564799771,1050.0,0.002297323688177032,0.0
5549,1639803601000.0,0.0,0.0,0.2,5.287000000000001,0.0,0.0,5.296,1.0,1.0,1348.4506228199778,1050.0,1348.4524228199778,1050.0,0.0007841592284548681,0.0
5550,1639807201000.0,0.0,0.0,0.2,5.343125000000001,0.0,0.0,5.309,1.0,1.0,1348.4609272999778,1050.0,1348.4541022999779,1050.0,0.0007924775411473784,0.0
5551,1639810801000.0,0.0,0.0,0.2,5.343125000000001,0.0,0.0,5.278,1.0,1.0,1348.4609272999778,1050.0,1348.4479022999778,1050.0,0.0007924775411473784,0.0
5552,1639814401000.0,0.0,0.0,0.2,5.343125000000001,0.0,0.0,5.238,1.0,1.0,1348.4609272999778,1050.0,1348.4399022999778,1050.0,0.0007924775411473784,0.0
5553,1639818001000.0,0.0,0.0,0.5,5.26625,0.0,0.0,5.2,1.0,1.0,1348.4607708499777,1050.0,1348.4276458499778,1050.0,0.0019526893602846583,0.0
5554,1639821601000.0,0.0,0.0,0.5,5.26625,0.0,0.0,5.254,1.0,1.0,1348.4607708499777,1050.0,1348.4546458499776,1050.0,0.0019526893602846583,0.0
5555,1639825201000.0,0.0,0.0,0.2,5.3183125,0.0,0.0,5.275,1.0,1.0,1348.4865354099773,1050.0,1348.4778729099773,1050.0,0.0007887824402166665,0.0
5556,1639828801000.0,0.0,0.0,0.2,5.3183125,0.0,0.0,5.242,1.0,1.0,1348.4865354099773,1050.0,1348.4712729099772,1050.0,0.0007887824402166665,0.0
5557,1639832401000.0,0.0,0.0,0.2,5.3183125,0.0,0.0,5.263,1.0,1.0,1348.4865354099773,1050.0,1348.4754729099773,1050.0,0.0007887824402166665,0.0
5558,1639836001000.0,0.0,0.0,0.2,5.3183125,0.0,0.0,5.212,1.0,1.0,1348.4865354099773,1050.0,1348.4652729099773,1050.0,0.0007887824402166665,0.0
5559,1639839601000.0,0.0,0.0,0.2,5.34215625,0.0,0.0,5.326,1.0,1.0,1348.4899969599774,1050.0,1348.4867657099774,1050.0,0.0007923167783288427,0.0
5560,1639843201000.0,0.0,0.0,0.2,5.34215625,0.0,0.0,5.236,1.0,1.0,1348.4899969599774,1050.0,1348.4687657099773,1050.0,0.0007923167783288427,0.0
5561,1639846801000.0,0.0,0.0,0.2,5.34215625,0.0,0.0,5.239,1.0,1.0,1348.4899969599774,1050.0,1348.4693657099774,1050.0,0.0007923167783288427,0.0
5562,1639850401000.0,0.0,0.0,0.5,5.2652625,0.0,0.0,5.222,1.0,1.0,1348.4898405399774,1050.0,1348.4682092899775,1050.0,0.0019522811154037412,0.0
5563,1639854001000.0,0.0,0.0,0.5,5.2652625,0.0,0.0,5.195,1.0,1.0,1348.4898405399774,1050.0,1348.4547092899775,1050.0,0.0019522811154037412,0.0
5564,1639857601000.0,0.0,0.0,1.2,5.191026041666667,0.0,0.0,5.183,1.0,1.0,1348.4894808799775,1050.0,1348.4798496299775,1050.0,0.0046194140468452305,0.0
5565,1639861201000.0,0.0,0.0,1.1,5.191026041666667,0.0,0.0,5.211,1.0,1.0,1348.492826025811,1050.0,1348.5147973799776,1050.0,0.004234452372032151,0.0
5566,1639864801000.0,0.0,0.0,0.2,5.209013020833334,0.0,0.0,5.225,1.0,1.0,1348.5262252141456,1050.0,1348.5294226099788,1050.0,0.0007725490129057215,0.0
5567,1639868401000.0,0.0,0.0,0.2,5.209013020833334,0.0,0.0,5.206,1.0,1.0,1348.5262252141456,1050.0,1348.5256226099789,1050.0,0.0007725490129057215,0.0
5568,1639872001000.0,0.0,0.0,0.2,5.209013020833334,0.0,0.0,5.184,1.0,1.0,1348.5262252141456,1050.0,1348.5212226099788,1050.0,0.0007725490129057215,0.0
5569,1639875601000.0,0.0,0.0,0.2,5.209013020833334,0.0,0.0,5.178,1.0,1.0,1348.5262252141456,1050.0,1348.520022609979,1050.0,0.0007725490129057215,0.0
5570,1639879201000.0,0.0,0.0,0.2,5.209013020833334,0.0,0.0,5.149,1.0,1.0,1348.5262252141456,1050.0,1348.514222609979,1050.0,0.0007725490129057215,0.0
5571,1639882801000.0,0.0,0.0,0.2,5.264251627604167,0.0,0.0,5.255,1.0,1.0,1348.5363571154999,1050.0,1348.534506789979,1050.0,0.0007807355878582802,0.0
5572,1639886401000.0,0.0,0.0,0.2,5.321406453450521,0.0,0.0,5.315,1.0,1.0,1348.546568850669,1050.0,1348.545287559979,1050.0,0.0007892061833631473,0.0
5573,1639890001000.0,0.0,0.0,0.2,5.321406453450521,0.0,0.0,5.311,1.0,1.0,1348.546568850669,1050.0,1348.544487559979,1050.0,0.0007892061833631473,0.0
5574,1639893601000.0,0.0,0.0,0.2,5.321406453450521,0.0,0.0,5.295,1.0,1.0,1348.546568850669,1050.0,1348.5412875599789,1050.0,0.0007892061833631473,0.0
5575,1639897201000.0,0.0,0.0,0.2,5.46225,0.0,0.0,5.362,1.0,1.0,1348.563303179979,1050.0,1348.5432531799788,1050.0,0.0008100843300599601,0.0
5576,1639900801000.0,0.0,0.0,0.5,5.383500000000001,0.0,0.0,5.345,1.0,1.0,1348.5631432499788,1050.0,1348.5438932499787,1050.0,0.0019960133223817754,0.0
5577,1639904401000.0,0.0,0.0,0.5,5.383500000000001,0.0,0.0,5.276,1.0,1.0,1348.5631432499788,1050.0,1348.5093932499788,1050.0,0.0019960133223817754,0.0
5578,1639908001000.0,0.0,0.0,1.2,5.307375,0.0,0.0,5.226,1.0,1.0,1348.5627755399787,1050.0,1348.4651255399788,1050.0,0.00472269449781442,0.0
5579,1639911601000.0,0.0,0.0,1.2,5.307375,0.0,0.0,5.211,1.0,1.0,1348.5627755399787,1050.0,1348.4471255399787,1050.0,0.00472269449781442,0.0
5580,1639915201000.0,0.0,0.0,1.2,5.307375,0.0,0.0,5.222,1.0,1.0,1348.5627755399787,1050.0,1348.4603255399786,1050.0,0.00472269449781442,0.0
5581,1639918801000.0,0.0,0.0,1.2,5.307375,0.0,0.0,5.274,1.0,1.0,1348.5627755399787,1050.0,1348.5227255399786,1050.0,0.00472269449781442,0.0
5582,1639922401000.0,0.0,0.0,1.2,5.307375,0.0,0.0,5.265,1.0,1.0,1348.5627755399787,1050.0,1348.5119255399786,1050.0,0.00472269449781442,0.0
5583,1639926001000.0,0.0,0.0,1.2,5.307375,0.0,0.0,5.248,1.0,1.0,1348.5627755399787,1050.0,1348.4915255399787,1050.0,0.00472269449781442,0.0
5584,1639929601000.0,0.0,0.0,1.2,5.307375,0.0,0.0,5.265,1.0,1.0,1348.5627755399787,1050.0,1348.5119255399786,1050.0,0.00472269449781442,0.0
5585,1639933201000.0,0.0,0.0,1.2,5.307375,0.0,0.0,5.25,1.0,1.0,1348.5627755399787,1050.0,1348.4939255399786,1050.0,0.00472269449781442,0.0
5586,1639936801000.0,0.0,0.0,1.2,5.307375,0.0,0.0,5.251,1.0,1.0,1348.5627755399787,1050.0,1348.4951255399787,1050.0,0.00472269449781442,0.0
5587,1639940401000.0,0.0,0.0,1.2,5.307375,0.0,0.0,5.225,1.0,1.0,1348.5627755399787,1050.0,1348.4639255399786,1050.0,0.00472269449781442,0.0
5588,1639944001000.0,0.0,0.0,2.8,5.232303571428572,0.0,0.0,5.151,1.0,1.0,1348.5619473799786,1050.0,1348.3342973799786,1050.0,0.010863757522198574,0.0
5589,1639947601000.0,0.0,0.0,2.8,5.232303571428572,0.0,0.0,5.203,1.0,1.0,1348.5619473799786,1050.0,1348.4798973799786,1050.0,0.010863757522198574,0.0
5590,1639951201000.0,0.0,0.0,2.8,5.232303571428572,0.0,0.0,5.22,1.0,1.0,1348.5619473799786,1050.0,1348.5274973799785,1050.0,0.010863757522198574,0.0
5591,1639954801000.0,0.0,0.0,0.7,5.232303571428572,0.0,0.0,5.273,1.0,1.0,1348.6337038099791,1050.0,1348.662191309979,1050.0,0.0027157948742144574,0.0
5592,1639958401000.0,0.0,0.0,0.5,5.269615178571428,0.0,0.0,5.199,1.0,1.0,1348.697654889265,1050.0,1348.6623472999793,1050.0,0.0019535939576480134,0.0
5593,1639962001000.0,0.0,0.0,1.2,5.195172991071429,0.0,0.0,5.17,1.0,1.0,1348.6972949492651,1050.0,1348.6670873599794,1050.0,0.004622392001994955,0.0
5594,1639965601000.0,0.0,0.0,1.2,5.195172991071429,0.0,0.0,5.174,1.0,1.0,1348.6972949492651,1050.0,1348.6718873599793,1050.0,0.004622392001994955,0.0
5595,1639969201000.0,0.0,0.0,1.2,5.195172991071429,0.0,0.0,5.162,1.0,1.0,1348.6972949492651,1050.0,1348.6574873599795,1050.0,0.004622392001994955,0.0
5596,1639972801000.0,0.0,0.0,2.8,5.121931281887756,0.0,0.0,5.105,1.0,1.0,1348.6964842292653,1050.0,1348.6490766399795,1050.0,0.010633532271333344,0.0
5597,1639976401000.0,0.0,0.0,2.8,5.121931281887756,0.0,0.0,5.133,1.0,1.0,1348.6964842292653,1050.0,1348.7274766399796,1050.0,0.010633532271333344,0.0
5598,1639980001000.0,0.0,0.0,6.5,5.046831936813186,0.0,0.0,4.965,1.0,1.0,1348.6946379292654,1050.0,1348.1627303399796,1050.0,0.024323080011389647,0.0
5599,1639983601000.0,0.0,0.0,6.5,5.046831936813186,0.0,0.0,4.96,1.0,1.0,1348.6946379292654,1050.0,1348.1302303399796,1050.0,0.024323080011389647,0.0
5600,1639987201000.0,0.0,0.0,6.5,5.046831936813186,0.0,0.0,4.969,1.0,1.0,1348.6946379292654,1050.0,1348.1887303399797,1050.0,0.024323080011389647,0.0
5601,1639990801000.0,0.0,0.0,6.5,5.046831936813186,0.0,0.0,4.955,1.0,1.0,1348.6946379292654,1050.0,1348.0977303399795,1050.0,0.024323080011389647,0.0
5602,1639994401000.0,0.0,0.0,15.2,4.966224183505638,0.0,0.0,4.894,1.0,1.0,1348.6903697092653,1050.0,1347.5925621199797,1050.0,0.055970302216629755,0.0
5603,1639998001000.0,0.0,0.0,15.2,4.966224183505638,0.0,0.0,4.913,1.0,1.0,1348.6903697092653,1050.0,1347.8813621199795,1050.0,0.055970302216629755,0.0
5604,1640001601000.0,0.0,0.0,15.2,4.966224183505638,0.0,0.0,4.929,1.0,1.0,1348.6903697092653,1050.0,1348.1245621199796,1050.0,0.055970302216629755,0.0
5605,1640005201000.0,0.0,0.0,15.2,4.966224183505638,0.0,0.0,4.871,1.0,1.0,1348.6903697092653,1050.0,1347.2429621199797,1050.0,0.055970302216629755,0.0
5606,1640008801000.0,0.0,0.0,15.2,4.966224183505638,0.0,0.0,4.849,1.0,1.0,1348.6903697092653,1050.0,1346.9085621199795,1050.0,0.055970302216629755,0.0
5607,1640012401000.0,0.0,0.0,8.1,4.872315706740442,0.0,0.0,4.932,1.0,1.0,1349.635524304577,1050.0,1350.1189670799795,1050.0,0.0292417889970205,0.0
5608,1640016001000.0,0.0,0.0,4.3,4.872315706740442,0.0,0.0,4.85,1.0,1.0,1349.7578607189632,1050.0,1349.6619031799794,1050.0,0.01552201187242884,0.0
5609,1640019601000.0,0.0,0.0,4.3,4.872315706740442,0.0,0.0,4.892,1.0,1.0,1349.7578607189632,1050.0,1349.8425031799793,1050.0,0.01552201187242884,0.0
5610,1640023201000.0,0.0,0.0,0.5,4.872315706740442,0.0,0.0,4.885,1.0,1.0,1349.8801971333507,1050.0,1349.8865392799805,1050.0,0.0018047215290243716,0.0
5611,1640026801000.0,0.0,0.0,0.2,4.924039463342556,0.0,0.0,4.939,1.0,1.0,1349.8994046126493,1050.0,1349.9023967199807,1050.0,0.0007295416897758391,0.0
5612,1640030401000.0,0.0,0.0,0.2,5.016126233229455,0.0,0.0,5.029,1.0,1.0,1349.9153225066268,1050.0,1349.917897259981,1050.0,0.0007431764273799227,0.0
5613,1640034001000.0,0.0,0.0,0.2,5.117,0.0,0.0,5.117,1.0,1.0,1349.9276923099808,1050.0,1349.9276923099808,1050.0,0.000758114679645374,0.0
5614,1640037601000.0,0.0,0.0,0.2,5.1345,0.0,0.0,5.091,1.0,1.0,1349.9309892799808,1050.0,1349.9222892799808,1050.0,0.0007607055532132962,0.0
5615,1640041201000.0,0.0,0.0,0.2,5.1345,0.0,0.0,5.035,1.0,1.0,1349.9309892799808,1050.0,1349.9110892799808,1050.0,0.0007607055532132962,0.0
5616,1640044801000.0,0.0,0.0,0.2,5.1345,0.0,0.0,5.11,1.0,1.0,1349.9309892799808,1050.0,1349.926089279981,1050.0,0.0007607055532132962,0.0
5617,1640048401000.0,0.0,0.0,0.2,5.1345,0.0,0.0,5.13,1.0,1.0,1349.9309892799808,1050.0,1349.9300892799808,1050.0,0.0007607055532132962,0.0
5618,1640052001000.0,0.0,0.0,0.2,5.1345,0.0,0.0,5.13,1.0,1.0,1349.9309892799808,1050.0,1349.9300892799808,1050.0,0.0007607055532132962,0.0
5619,1640055601000.0,0.0,0.0,0.2,5.1875625,0.0,0.0,5.196,1.0,1.0,1349.9408905599807,1050.0,1349.9425780599806,1050.0,0.0007685614290634759,0.0
5620,1640059201000.0,0.0,0.0,0.2,5.289611328125,0.0,0.0,5.306,1.0,1.0,1349.957673315606,1050.0,1349.9609510499808,1050.0,0.0007836706931904442,0.0
5621,1640062801000.0,0.0,0.0,0.2,5.3522014160156255,0.0,0.0,5.365,1.0,1.0,1349.967970263184,1050.0,1349.970529979981,1050.0,0.0007929375413213965,0.0
5622,1640066401000.0,0.0,0.0,0.2,5.370600708007813,0.0,0.0,5.371,1.0,1.0,1349.9714423515825,1050.0,1349.971522209981,1050.0,0.0007956613806070588,0.0
5623,1640070001000.0,0.0,0.0,0.2,5.370600708007813,0.0,0.0,5.3,1.0,1.0,1349.9714423515825,1050.0,1349.957322209981,1050.0,0.0007956613806070588,0.0
5624,1640073601000.0,0.0,0.0,0.2,5.370600708007813,0.0,0.0,5.265,1.0,1.0,1349.9714423515825,1050.0,1349.9503222099809,1050.0,0.0007956613806070588,0.0
5625,1640077201000.0,0.0,0.0,0.5,5.292840283203125,0.0,0.0,5.262,1.0,1.0,1349.9712851215825,1050.0,1349.955864979981,1050.0,0.0019603529132571273,0.0
5626,1640080801000.0,0.0,0.0,0.2,5.310920141601562,0.0,0.0,5.335,1.0,1.0,1349.9850825983012,1050.0,1349.9898985699808,1050.0,0.0007868116781527234,0.0
5627,1640084401000.0,0.0,0.0,0.2,5.310920141601562,0.0,0.0,5.318,1.0,1.0,1349.9850825983012,1050.0,1349.986498569981,1050.0,0.0007868116781527234,0.0
5628,1640088001000.0,0.0,0.0,0.2,5.328960070800781,0.0,0.0,5.317,1.0,1.0,1349.9884836541412,1050.0,1349.986091639981,1050.0,0.0007894823008232459,0.0
5629,1640091601000.0,0.0,0.0,0.2,5.34798003540039,0.0,0.0,5.356,1.0,1.0,1349.991880337061,1050.0,1349.993484329981,1050.0,0.0007922981039063918,0.0
5630,1640095201000.0,0.0,0.0,0.2,5.34798003540039,0.0,0.0,5.34,1.0,1.0,1349.991880337061,1050.0,1349.990284329981,1050.0,0.0007922981039063918,0.0
5631,1640098801000.0,0.0,0.0,0.2,5.34798003540039,0.0,0.0,5.269,1.0,1.0,1349.991880337061,1050.0,1349.976084329981,1050.0,0.0007922981039063918,0.0
5632,1640102401000.0,0.0,0.0,0.2,5.34798003540039,0.0,0.0,5.272,1.0,1.0,1349.991880337061,1050.0,1349.976684329981,1050.0,0.0007922981039063918,0.0
5633,1640106001000.0,0.0,0.0,0.2,5.34798003540039,0.0,0.0,5.279,1.0,1.0,1349.991880337061,1050.0,1349.978084329981,1050.0,0.0007922981039063918,0.0
5634,1640109601000.0,0.0,0.0,0.2,5.34798003540039,0.0,0.0,5.259,1.0,1.0,1349.991880337061,1050.0,1349.974084329981,1050.0,0.0007922981039063918,0.0
5635,1640113201000.0,0.0,0.0,0.2,5.34798003540039,0.0,0.0,5.248,1.0,1.0,1349.991880337061,1050.0,1349.9718843299809,1050.0,0.0007922981039063918,0.0
5636,1640116801000.0,0.0,0.0,0.2,5.34798003540039,0.0,0.0,5.299,1.0,1.0,1349.991880337061,1050.0,1349.982084329981,1050.0,0.0007922981039063918,0.0
5637,1640120401000.0,0.0,0.0,0.2,5.34798003540039,0.0,0.0,5.307,1.0,1.0,1349.991880337061,1050.0,1349.9836843299809,1050.0,0.0007922981039063918,0.0
5638,1640124001000.0,0.0,0.0,0.2,5.34798003540039,0.0,0.0,5.362,1.0,1.0,1349.991880337061,1050.0,1349.994684329981,1050.0,0.0007922981039063918,0.0
5639,1640127601000.0,0.0,0.0,0.2,5.34798003540039,0.0,0.0,5.354,1.0,1.0,1349.991880337061,1050.0,1349.993084329981,1050.0,0.0007922981039063918,0.0
5640,1640131201000.0,0.0,0.0,0.2,5.34798003540039,0.0,0.0,5.354,1.0,1.0,1349.991880337061,1050.0,1349.993084329981,1050.0,0.0007922981039063918,0.0
5641,1640134801000.0,0.0,0.0,0.2,5.368490017700195,0.0,0.0,5.333,1.0,1.0,1349.9952746135211,1050.0,1349.988176609981,1050.0,0.0007953346383730262,0.0
5642,1640138401000.0,0.0,0.0,0.2,5.368490017700195,0.0,0.0,5.375,1.0,1.0,1349.9952746135211,1050.0,1349.996576609981,1050.0,0.0007953346383730262,0.0
5643,1640142001000.0,0.0,0.0,0.2,5.4056225044250485,0.0,0.0,5.407,1.0,1.0,1350.0021845408662,1050.0,1350.002460039981,1050.0,0.0008008316677300033,0.0
5644,1640145601000.0,0.0,0.0,0.2,5.424311252212524,0.0,0.0,5.426,1.0,1.0,1350.0056134504237,1050.0,1350.0059511999812,1050.0,0.0008035983255430696,0.0
5645,1640149201000.0,0.0,0.0,0.2,5.424311252212524,0.0,0.0,5.419,1.0,1.0,1350.0056134504237,1050.0,1350.004551199981,1050.0,0.0008035983255430696,0.0
5646,1640152801000.0,0.0,0.0,0.2,5.424311252212524,0.0,0.0,5.402,1.0,1.0,1350.0056134504237,1050.0,1350.0011511999812,1050.0,0.0008035983255430696,0.0
5647,1640156401000.0,0.0,0.0,0.2,5.464577813053131,0.0,0.0,5.36,1.0,1.0,1350.0125478525918,1050.0,1349.9916322899812,1050.0,0.0008095595587974949,0.0
5648,1640160001000.0,0.0,0.0,0.2,5.464577813053131,0.0,0.0,5.402,1.0,1.0,1350.0125478525918,1050.0,1350.0000322899812,1050.0,0.0008095595587974949,0.0
5649,1640163601000.0,0.0,0.0,0.2,5.464577813053131,0.0,0.0,5.401,1.0,1.0,1350.0125478525918,1050.0,1349.9998322899812,1050.0,0.0008095595587974949,0.0
5650,1640167201000.0,0.0,0.0,0.5,5.385631125221252,0.0,0.0,5.358,1.0,1.0,1350.0123878625918,1050.0,1349.998572299981,1050.0,0.0019946598911392424,0.0
5651,1640170801000.0,0.0,0.0,0.3,5.385631125221252,0.0,0.0,5.413,1.0,1.0,1350.0193532175476,1050.0,1350.0275638799812,1050.0,0.0011967897598768845,0.0
5652,1640174401000.0,0.0,0.0,0.2,5.440703890652657,0.0,0.0,5.426,1.0,1.0,1350.0332240381117,1050.0,1350.0302832599812,1050.0,0.0008060103697861387,0.0
5653,1640178001000.0,0.0,0.0,0.5,5.362281556261062,0.0,0.0,5.319,1.0,1.0,1350.0330647381118,1050.0,1350.0114239599811,1050.0,0.0019859815645705214,0.0
5654,1640181601000.0,0.0,0.0,0.4,5.362281556261062,0.0,0.0,5.39,1.0,1.0,1350.0365826024856,1050.0,1350.0476699799813,1050.0,0.0015887811116715408,0.0
5655,1640185201000.0,0.0,0.0,0.2,5.523419068579145,0.0,0.0,5.523,1.0,1.0,1350.0714707236968,1050.0,1350.0713869099811,1050.0,0.0008182409877335388,0.0
5656,1640188801000.0,0.0,0.0,0.2,5.523419068579145,0.0,0.0,5.523,1.0,1.0,1350.0714707236968,1050.0,1350.0713869099811,1050.0,0.0008182409877335388,0.0
5657,1640192401000.0,0.0,0.0,0.2,5.742749999999999,0.0,0.0,5.656,1.0,1.0,1350.102743909981,1050.0,1350.085393909981,1050.0,0.0008507130329012799,0.0
5658,1640196001000.0,0.0,0.0,1.2,5.580125000000001,0.0,0.0,5.537,1.0,1.0,1350.1021891499809,1050.0,1350.0504391499808,1050.0,0.004959735680612348,0.0
5659,1640199601000.0,0.0,0.0,0.2,5.580125000000001,0.0,0.0,5.515,1.0,1.0,1350.150501249981,1050.0,1350.137476249981,1050.0,0.0008265930346037532,0.0
5660,1640203201000.0,0.0,0.0,0.2,5.580125000000001,0.0,0.0,5.572,1.0,1.0,1350.150501249981,1050.0,1350.148876249981,1050.0,0.0008265930346037532,0.0
5661,1640206801000.0,0.0,0.0,0.2,5.580125000000001,0.0,0.0,5.571,1.0,1.0,1350.150501249981,1050.0,1350.148676249981,1050.0,0.0008265930346037532,0.0
5662,1640210401000.0,0.0,0.0,0.2,5.5990625000000005,0.0,0.0,5.605,1.0,1.0,1350.154076399981,1050.0,1350.155263899981,1050.0,0.0008293960812130729,0.0
5663,1640214001000.0,0.0,0.0,0.2,5.619031250000001,0.0,0.0,5.621,1.0,1.0,1350.157657399981,1050.0,1350.158051149981,1050.0,0.0008323518693099373,0.0
5664,1640217601000.0,0.0,0.0,0.5,5.538012500000001,0.0,0.0,5.521,1.0,1.0,1350.157492879981,1050.0,1350.148986629981,1050.0,0.0020508764826342703,0.0
5665,1640221201000.0,0.0,0.0,0.2,5.557006250000001,0.0,0.0,5.575,1.0,1.0,1350.172009119981,1050.0,1350.1756078699811,1050.0,0.0008231553035412076,0.0
5666,1640224801000.0,0.0,0.0,0.2,5.708,0.0,0.0,5.705,1.0,1.0,1350.196629959981,1050.0,1350.196029959981,1050.0,0.0008455064800701187,0.0
5667,1640228401000.0,0.0,0.0,0.2,5.7275,0.0,0.0,5.677,1.0,1.0,1350.2003150299809,1050.0,1350.190215029981,1050.0,0.0008483926327439528,0.0
5668,1640232001000.0,0.0,0.0,0.2,5.7275,0.0,0.0,5.699,1.0,1.0,1350.2003150299809,1050.0,1350.194615029981,1050.0,0.0008483926327439528,0.0
5669,1640235601000.0,0.0,0.0,0.2,5.7275,0.0,0.0,5.657,1.0,1.0,1350.2003150299809,1050.0,1350.1862150299808,1050.0,0.0008483926327439528,0.0
5670,1640239201000.0,0.0,0.0,0.2,5.7275,0.0,0.0,5.645,1.0,1.0,1350.2003150299809,1050.0,1350.183815029981,1050.0,0.0008483926327439528,0.0
5671,1640242801000.0,0.0,0.0,0.2,5.7275,0.0,0.0,5.627,1.0,1.0,1350.2003150299809,1050.0,1350.180215029981,1050.0,0.0008483926327439528,0.0
5672,1640246401000.0,0.0,0.0,1.2,5.565083333333334,0.0,0.0,5.477,1.0,1.0,1350.1997617699808,1050.0,1350.0940617699807,1050.0,0.0049460088714914745,0.0
5673,1640250001000.0,0.0,0.0,1.2,5.565083333333334,0.0,0.0,5.581,1.0,1.0,1350.1997617699808,1050.0,1350.2188617699808,1050.0,0.0049460088714914745,0.0
5674,1640253601000.0,0.0,0.0,1.2,5.565083333333334,0.0,0.0,5.564,1.0,1.0,1350.1997617699808,1050.0,1350.198461769981,1050.0,0.0049460088714914745,0.0
5675,1640257201000.0,0.0,0.0,0.9,5.565083333333334,0.0,0.0,5.625,1.0,1.0,1350.2106687099802,1050.0,1350.26459370998,1050.0,0.003709476688393596,0.0
5676,1640260801000.0,0.0,0.0,0.2,5.713,0.0,0.0,5.694,1.0,1.0,1350.2745475799795,1050.0,1350.2707475799796,1050.0,0.000846198280229615,0.0
5677,1640264401000.0,0.0,0.0,0.5,5.6308,0.0,0.0,5.632,1.0,1.0,1350.2743802999796,1050.0,1350.2749802999797,1050.0,0.002085057704623356,0.0
5678,1640268001000.0,0.0,0.0,0.2,5.795240625,0.0,0.0,5.704,1.0,1.0,1350.3172528449795,1050.0,1350.2990047199796,1050.0,0.000858352452031554,0.0
5679,1640271601000.0,0.0,0.0,0.2,5.83856015625,0.0,0.0,5.855,1.0,1.0,1350.3247829012296,1050.0,1350.3280708699797,1050.0,0.000864763830181004,0.0
5680,1640275201000.0,0.0,0.0,0.2,5.90157001953125,0.0,0.0,5.915,1.0,1.0,1350.336030893886,1050.0,1350.3387168899797,1050.0,0.0008740890984927019,0.0
5681,1640278801000.0,0.0,0.0,0.2,5.966446252441406,0.0,0.0,5.966,1.0,1.0,1350.3474483004677,1050.0,1350.3473590499793,1050.0,0.0008836905286784834,0.0
5682,1640282401000.0,0.0,0.0,0.2,6.070607695388794,0.0,0.0,6.106,1.0,1.0,1350.366675649057,1050.0,1350.3737541099792,1050.0,0.0008991050808434594,0.0
5683,1640286001000.0,0.0,0.0,0.2,6.259,0.0,0.0,6.167,1.0,1.0,1350.3976887899792,1050.0,1350.3792887899792,1050.0,0.0009269861836935406,0.0
5684,1640289601000.0,0.0,0.0,0.2,6.259,0.0,0.0,6.202,1.0,1.0,1350.3976887899792,1050.0,1350.386288789979,1050.0,0.0009269861836935406,0.0
5685,1640293201000.0,0.0,0.0,0.5,6.1684,0.0,0.0,6.093,1.0,1.0,1350.397505549979,1050.0,1350.359805549979,1050.0,0.0022839200956194686,0.0
5686,1640296801000.0,0.0,0.0,0.5,6.1684,0.0,0.0,6.091,1.0,1.0,1350.397505549979,1050.0,1350.358805549979,1050.0,0.0022839200956194686,0.0
5687,1640300401000.0,0.0,0.0,0.5,6.1684,0.0,0.0,6.039,1.0,1.0,1350.397505549979,1050.0,1350.3328055499792,1050.0,0.0022839200956194686,0.0
5688,1640304001000.0,0.0,0.0,0.5,6.1684,0.0,0.0,6.087,1.0,1.0,1350.397505549979,1050.0,1350.356805549979,1050.0,0.0022839200956194686,0.0
5689,1640307601000.0,0.0,0.0,0.5,6.1684,0.0,0.0,6.046,1.0,1.0,1350.397505549979,1050.0,1350.336305549979,1050.0,0.0022839200956194686,0.0
5690,1640311201000.0,0.0,0.0,0.2,6.302,0.0,0.0,6.244,1.0,1.0,1350.4314420599787,1050.0,1350.4198420599787,1050.0,0.000933331349333334,0.0
5691,1640314801000.0,0.0,0.0,0.2,6.302,0.0,0.0,6.175,1.0,1.0,1350.4314420599787,1050.0,1350.4060420599787,1050.0,0.000933331349333334,0.0
5692,1640318401000.0,0.0,0.0,0.5,6.2108,0.0,0.0,6.143,1.0,1.0,1350.4312575599788,1050.0,1350.397357559979,1050.0,0.0022995617012086787,0.0
5693,1640322001000.0,0.0,0.0,0.5,6.2108,0.0,0.0,6.152,1.0,1.0,1350.4312575599788,1050.0,1350.401857559979,1050.0,0.0022995617012086787,0.0
5694,1640325601000.0,0.0,0.0,0.5,6.2108,0.0,0.0,6.195,1.0,1.0,1350.4312575599788,1050.0,1350.4233575599787,1050.0,0.0022995617012086787,0.0
5695,1640329201000.0,0.0,0.0,0.5,6.2108,0.0,0.0,6.148,1.0,1.0,1350.4312575599788,1050.0,1350.3998575599787,1050.0,0.0022995617012086787,0.0
5696,1640332801000.0,0.0,0.0,0.5,6.2108,0.0,0.0,6.123,1.0,1.0,1350.4312575599788,1050.0,1350.387357559979,1050.0,0.0022995617012086787,0.0
5697,1640336401000.0,0.0,0.0,0.5,6.2108,0.0,0.0,6.099,1.0,1.0,1350.4312575599788,1050.0,1350.3753575599787,1050.0,0.0022995617012086787,0.0
5698,1640340001000.0,0.0,0.0,0.5,6.2108,0.0,0.0,6.131,1.0,1.0,1350.4312575599788,1050.0,1350.3913575599788,1050.0,0.0022995617012086787,0.0
5699,1640343601000.0,0.0,0.0,0.5,6.2108,0.0,0.0,6.14,1.0,1.0,1350.4312575599788,1050.0,1350.3958575599788,1050.0,0.0022995617012086787,0.0
5700,1640347201000.0,0.0,0.0,1.2,6.122833333333333,0.0,0.0,6.005,1.0,1.0,1350.4308333599788,1050.0,1350.2894333599788,1050.0,0.00544078217002724,0.0
5701,1640350801000.0,0.0,0.0,2.8,6.036071428571429,0.0,0.0,5.963,1.0,1.0,1350.4298779999788,1050.0,1350.2252779999787,1050.0,0.012515274043722147,0.0
5702,1640354401000.0,0.0,0.0,2.8,6.036071428571429,0.0,0.0,5.967,1.0,1.0,1350.4298779999788,1050.0,1350.2364779999787,1050.0,0.012515274043722147,0.0
5703,1640358001000.0,0.0,0.0,6.5,5.946661538461538,0.0,0.0,5.869,1.0,1.0,1350.4277027699789,1050.0,1349.922902769979,1050.0,0.028623005823055082,0.0
5704,1640361601000.0,0.0,0.0,2.6,5.849552631578947,0.0,0.0,5.927,1.0,1.0,1351.0404806620836,1050.0,1351.2418438199784,1050.0,0.0112571289016093,0.0
5705,1640365201000.0,0.0,0.0,0.2,5.955888157894737,0.0,0.0,5.989,1.0,1.0,1351.295154471558,1050.0,1351.3017768399789,1050.0,0.0008815081054921517,0.0
5706,1640368801000.0,0.0,0.0,0.2,5.976944078947369,0.0,0.0,5.985,1.0,1.0,1351.2989457257684,1050.0,1351.300556909979,1050.0,0.0008846220294706462,0.0
5707,1640372401000.0,0.0,0.0,0.2,5.976944078947369,0.0,0.0,5.967,1.0,1.0,1351.2989457257684,1050.0,1351.296956909979,1050.0,0.0008846220294706462,0.0
5708,1640376001000.0,0.0,0.0,0.5,5.890577631578948,0.0,0.0,5.826,1.0,1.0,1351.2987707357684,1050.0,1351.2664819199788,1050.0,0.002179598531112253,0.0
5709,1640379601000.0,0.0,0.0,0.5,5.890577631578948,0.0,0.0,5.871,1.0,1.0,1351.2987707357684,1050.0,1351.2889819199788,1050.0,0.002179598531112253,0.0
5710,1640383201000.0,0.0,0.0,0.5,5.890577631578948,0.0,0.0,5.817,1.0,1.0,1351.2987707357684,1050.0,1351.2619819199788,1050.0,0.002179598531112253,0.0
5711,1640386801000.0,0.0,0.0,1.2,5.807407346491228,0.0,0.0,5.73,1.0,1.0,1351.2983683757684,1050.0,1351.205479559979,1050.0,0.005157179923310297,0.0
5712,1640390401000.0,0.0,0.0,2.8,5.725460291353384,0.0,0.0,5.724,1.0,1.0,1351.2974621357685,1050.0,1351.293373319979,1050.0,0.011863626821626316,0.0
5713,1640394001000.0,0.0,0.0,1.2,5.725460291353384,0.0,0.0,5.813,1.0,1.0,1351.3597032796029,1050.0,1351.464750929979,1050.0,0.005084177316335523,0.0
5714,1640397601000.0,0.0,0.0,0.2,5.745230145676691,0.0,0.0,5.766,1.0,1.0,1351.400305379115,1050.0,1351.4044593499798,1050.0,0.0008502632599398376,0.0
5715,1640401201000.0,0.0,0.0,0.2,5.787057536419173,0.0,0.0,5.731,1.0,1.0,1351.4076390172634,1050.0,1351.3964275099795,1050.0,0.0008564488418353905,0.0
5716,1640404801000.0,0.0,0.0,0.2,5.787057536419173,0.0,0.0,5.746,1.0,1.0,1351.4076390172634,1050.0,1351.3994275099794,1050.0,0.0008564488418353905,0.0
5717,1640408401000.0,0.0,0.0,0.2,5.787057536419173,0.0,0.0,5.761,1.0,1.0,1351.4076390172634,1050.0,1351.4024275099796,1050.0,0.0008564488418353905,0.0
5718,1640412001000.0,0.0,0.0,0.2,5.806528768209587,0.0,0.0,5.811,1.0,1.0,1351.4113167536213,1050.0,1351.4122109999794,1050.0,0.0008593281255270393,0.0
5719,1640415601000.0,0.0,0.0,0.2,5.806528768209587,0.0,0.0,5.836,1.0,1.0,1351.4113167536213,1050.0,1351.4172109999795,1050.0,0.0008593281255270393,0.0
5720,1640419201000.0,0.0,0.0,0.2,5.832264384104793,0.0,0.0,5.811,1.0,1.0,1351.4150468468001,1050.0,1351.410793969979,1050.0,0.0008631344452931718,0.0
5721,1640422801000.0,0.0,0.0,0.2,5.832264384104793,0.0,0.0,5.821,1.0,1.0,1351.4150468468001,1050.0,1351.4127939699792,1050.0,0.0008631344452931718,0.0
5722,1640426401000.0,0.0,0.0,0.2,5.832264384104793,0.0,0.0,5.822,1.0,1.0,1351.4150468468001,1050.0,1351.4129939699792,1050.0,0.0008631344452931718,0.0
5723,1640430001000.0,0.0,0.0,0.2,5.832264384104793,0.0,0.0,5.766,1.0,1.0,1351.4150468468001,1050.0,1351.401793969979,1050.0,0.0008631344452931718,0.0
5724,1640433601000.0,0.0,0.0,0.2,5.832264384104793,0.0,0.0,5.783,1.0,1.0,1351.4150468468001,1050.0,1351.405193969979,1050.0,0.0008631344452931718,0.0
5725,1640437201000.0,0.0,0.0,0.2,5.852132192052396,0.0,0.0,5.83,1.0,1.0,1351.4188029783895,1050.0,1351.414376539979,1050.0,0.0008660723351125339,0.0
5726,1640440801000.0,0.0,0.0,0.2,5.877066096026198,0.0,0.0,5.856,1.0,1.0,1351.4225718291843,1050.0,1351.4183586099791,1050.0,0.000869759943120003,0.0
5727,1640444401000.0,0.0,0.0,0.2,5.877066096026198,0.0,0.0,5.794,1.0,1.0,1351.4225718291843,1050.0,1351.405958609979,1050.0,0.000869759943120003,0.0
5728,1640448001000.0,0.0,0.0,0.2,5.877066096026198,0.0,0.0,5.812,1.0,1.0,1351.4225718291843,1050.0,1351.409558609979,1050.0,0.000869759943120003,0.0
5729,1640451601000.0,0.0,0.0,0.2,5.877066096026198,0.0,0.0,5.782,1.0,1.0,1351.4225718291843,1050.0,1351.4035586099792,1050.0,0.000869759943120003,0.0
5730,1640455201000.0,0.0,0.0,0.5,5.792426438410478,0.0,0.0,5.792,1.0,1.0,1351.4223997491843,1050.0,1351.422186529979,1050.0,0.0021430851077670157,0.0
5731,1640458801000.0,0.0,0.0,0.5,5.792426438410478,0.0,0.0,5.792,1.0,1.0,1351.4223997491843,1050.0,1351.422186529979,1050.0,0.0021430851077670157,0.0
5732,1640462401000.0,0.0,0.0,0.5,5.792426438410478,0.0,0.0,5.778,1.0,1.0,1351.4223997491843,1050.0,1351.415186529979,1050.0,0.0021430851077670157,0.0
5733,1640466001000.0,0.0,0.0,0.5,5.792426438410478,0.0,0.0,5.817,1.0,1.0,1351.4223997491843,1050.0,1351.434686529979,1050.0,0.0021430851077670157,0.0
5734,1640469601000.0,0.0,0.0,0.2,5.8481066096026195,0.0,0.0,5.844,1.0,1.0,1351.4443983118997,1050.0,1351.4435769899792,1050.0,0.0008654601871756675,0.0
5735,1640473201000.0,0.0,0.0,0.2,5.8481066096026195,0.0,0.0,5.854,1.0,1.0,1351.4443983118997,1050.0,1351.4455769899791,1050.0,0.0008654601871756675,0.0
5736,1640476801000.0,0.0,0.0,0.2,5.8740533048013095,0.0,0.0,5.878,1.0,1.0,1351.4481697809395,1050.0,1351.4489591199792,1050.0,0.0008692976077289674,0.0
5737,1640480401000.0,0.0,0.0,0.2,5.8740533048013095,0.0,0.0,5.838,1.0,1.0,1351.4481697809395,1050.0,1351.4409591199792,1050.0,0.0008692976077289674,0.0
5738,1640484001000.0,0.0,0.0,0.2,5.8740533048013095,0.0,0.0,5.87,1.0,1.0,1351.4481697809395,1050.0,1351.4473591199792,1050.0,0.0008692976077289674,0.0
5739,1640487601000.0,0.0,0.0,0.2,5.8740533048013095,0.0,0.0,5.775,1.0,1.0,1351.4481697809395,1050.0,1351.4283591199792,1050.0,0.0008692976077289674,0.0
5740,1640491201000.0,0.0,0.0,2.8,5.626646664628666,0.0,0.0,5.576,1.0,1.0,1351.4467118009395,1050.0,1351.3049011399792,1050.0,0.01165758925112604,0.0
5741,1640494801000.0,0.0,0.0,1.9,5.626646664628666,0.0,0.0,5.676,1.0,1.0,1351.4978182427735,1050.0,1351.591589579979,1050.0,0.00791020785863679,0.0
5742,1640498401000.0,0.0,0.0,1.5,5.626646664628666,0.0,0.0,5.65,1.0,1.0,1351.5125330169221,1050.0,1351.5475630199792,1050.0,0.00624483294883165,0.0
5743,1640502001000.0,0.0,0.0,0.6,5.626646664628666,0.0,0.0,5.704,1.0,1.0,1351.563639458757,1050.0,1351.6100514599798,1050.0,0.0024978387256179347,0.0
5744,1640505601000.0,0.0,0.0,0.2,5.705705833078583,0.0,0.0,5.738,1.0,1.0,1351.604222386596,1050.0,1351.6106812199803,1050.0,0.000844286476555057,0.0
5745,1640509201000.0,0.0,0.0,0.2,5.724852916539291,0.0,0.0,5.729,1.0,1.0,1351.607836933288,1050.0,1351.60866634998,1050.0,0.0008471174493229661,0.0
5746,1640512801000.0,0.0,0.0,0.2,5.803303307283706,0.0,0.0,5.815,1.0,1.0,1351.622563581437,1050.0,1351.62490291998,1050.0,0.0008587165475998729,0.0
5747,1640516401000.0,0.0,0.0,0.2,5.847325826820926,0.0,0.0,5.863,1.0,1.0,1351.6300338153444,1050.0,1351.6331686499802,1050.0,0.0008652257911605077,0.0
5748,1640520001000.0,0.0,0.0,0.2,5.847325826820926,0.0,0.0,5.786,1.0,1.0,1351.6300338153444,1050.0,1351.6177686499802,1050.0,0.0008652257911605077,0.0
5749,1640523601000.0,0.0,0.0,0.2,5.847325826820926,0.0,0.0,5.866,1.0,1.0,1351.6300338153444,1050.0,1351.6337686499803,1050.0,0.0008652257911605077,0.0
5750,1640527201000.0,0.0,0.0,0.2,5.930332864176307,0.0,0.0,5.953,1.0,1.0,1351.6450617728156,1050.0,1351.6495951999802,1050.0,0.0008774985433525118,0.0
5751,1640530801000.0,0.0,0.0,0.2,5.971333216044076,0.0,0.0,5.999,1.0,1.0,1351.6527226131889,1050.0,1351.65825596998,1050.0,0.000883560269016368,0.0
5752,1640534401000.0,0.0,0.0,0.2,6.361,0.0,0.0,6.291,1.0,1.0,1351.7190787299792,1050.0,1351.7050787299793,1050.0,0.0009411718899427742,0.0
5753,1640538001000.0,0.0,0.0,0.2,6.4175,0.0,0.0,6.396,1.0,1.0,1351.7313938099792,1050.0,1351.7270938099791,1050.0,0.0009495229643090092,0.0
5754,1640541601000.0,0.0,0.0,0.2,6.4175,0.0,0.0,6.377,1.0,1.0,1351.7313938099792,1050.0,1351.7232938099792,1050.0,0.0009495229643090092,0.0
5755,1640545201000.0,0.0,0.0,0.2,6.4175,0.0,0.0,6.347,1.0,1.0,1351.7313938099792,1050.0,1351.717293809979,1050.0,0.0009495229643090092,0.0
5756,1640548801000.0,0.0,0.0,0.2,6.4175,0.0,0.0,6.322,1.0,1.0,1351.7313938099792,1050.0,1351.7122938099792,1050.0,0.0009495229643090092,0.0
5757,1640552401000.0,0.0,0.0,0.5,6.3248,0.0,0.0,6.242,1.0,1.0,1351.7312059199792,1050.0,1351.689805919979,1050.0,0.0023395183792088987,0.0
5758,1640556001000.0,0.0,0.0,1.1,6.235083333333334,0.0,0.0,6.188,1.0,1.0,1351.734802856646,1050.0,1351.6830111899792,1050.0,0.005073918088202124,0.0
5759,1640559601000.0,0.0,0.0,0.9,6.235083333333334,0.0,0.0,6.239,1.0,1.0,1351.7428606699793,1050.0,1351.7463856699794,1050.0,0.004151362780062084,0.0
5760,1640563201000.0,0.0,0.0,0.2,6.2560416666666665,0.0,0.0,6.235,1.0,1.0,1351.7784288133128,1050.0,1351.7742204799795,1050.0,0.000925601642002627,0.0
5761,1640566801000.0,0.0,0.0,0.2,6.2560416666666665,0.0,0.0,6.205,1.0,1.0,1351.7784288133128,1050.0,1351.7682204799794,1050.0,0.000925601642002627,0.0
5762,1640570401000.0,0.0,0.0,0.2,6.2560416666666665,0.0,0.0,6.207,1.0,1.0,1351.7784288133128,1050.0,1351.7686204799795,1050.0,0.000925601642002627,0.0
5763,1640574001000.0,0.0,0.0,0.2,6.300510416666667,0.0,0.0,6.283,1.0,1.0,1351.786470183313,1050.0,1351.7829680999796,1050.0,0.0009321753924363909,0.0
5764,1640577601000.0,0.0,0.0,0.2,6.343877604166666,0.0,0.0,6.271,1.0,1.0,1351.794589470813,1050.0,1351.7800139499795,1050.0,0.0009385860327566637,0.0
5765,1640581201000.0,0.0,0.0,0.2,6.343877604166666,0.0,0.0,6.279,1.0,1.0,1351.794589470813,1050.0,1351.7816139499796,1050.0,0.0009385860327566637,0.0
5766,1640584801000.0,0.0,0.0,0.2,6.343877604166666,0.0,0.0,6.304,1.0,1.0,1351.794589470813,1050.0,1351.7866139499797,1050.0,0.0009385860327566637,0.0
5767,1640588401000.0,0.0,0.0,0.2,6.366938802083332,0.0,0.0,6.342,1.0,1.0,1351.7986739503963,1050.0,1351.7936861899796,1050.0,0.0009419951246848117,0.0
5768,1640592001000.0,0.0,0.0,0.1,6.447,0.0,0.0,6.445,1.0,1.0,1351.8103931899795,1050.0,1351.8101931899796,1050.0,0.0004769159959472184,0.0
5769,1640595601000.0,0.0,0.0,0.2,6.427,0.0,0.0,6.292,1.0,1.0,1351.8103291199795,1050.0,1351.7833291199795,1050.0,0.0009508730421055355,0.0
5770,1640599201000.0,0.0,0.0,0.2,6.415,0.0,0.0,6.39,1.0,1.0,1351.8449641799796,1050.0,1351.8399641799795,1050.0,0.0009490733286699482,0.0
5771,1640602801000.0,0.0,0.0,0.2,6.43,0.0,0.0,6.428,1.0,1.0,1351.85310643998,1050.0,1351.85270643998,1050.0,0.0009512867883897534,0.0
5772,1640606401000.0,0.0,0.0,0.1,6.475,0.0,0.0,6.433,1.0,1.0,1351.86131224998,1050.0,1351.85711224998,1050.0,0.00047896925086370637,0.0
5773,1640610001000.0,0.0,0.0,0.2,6.4455,0.0,0.0,6.435,1.0,1.0,1351.86124808998,1050.0,1351.8591480899802,1050.0,0.000953574193965058,0.0
5774,1640613601000.0,0.0,0.0,0.1,6.49,0.0,0.0,6.485,1.0,1.0,1351.8695534299798,1050.0,1351.8690534299797,1050.0,0.00048007590551421873,0.0
5775,1640617201000.0,0.0,0.0,0.1,6.625,0.0,0.0,6.6,1.0,1.0,1351.8820586699796,1050.0,1351.8795586699796,1050.0,0.0004900575429278103,0.0
5776,1640620801000.0,0.0,0.0,0.1,6.67,0.0,0.0,6.637,1.0,1.0,1351.8863252799797,1050.0,1351.8830252799796,1050.0,0.0004933846785245515,0.0
5777,1640624401000.0,0.0,0.0,0.1,6.67,0.0,0.0,6.601,1.0,1.0,1351.8863252799797,1050.0,1351.8794252799796,1050.0,0.0004933846785245515,0.0
5778,1640628001000.0,0.0,0.0,0.1,6.67,0.0,0.0,6.618,1.0,1.0,1351.8863252799797,1050.0,1351.8811252799796,1050.0,0.0004933846785245515,0.0
5779,1640631601000.0,0.0,0.0,0.1,6.67,0.0,0.0,6.604,1.0,1.0,1351.8863252799797,1050.0,1351.8797252799798,1050.0,0.0004933846785245515,0.0
5780,1640635201000.0,0.0,0.0,0.2,6.59,0.0,0.0,6.538,1.0,1.0,1351.8862601799797,1050.0,1351.8758601799798,1050.0,0.0009749340893697165,0.0
5781,1640638801000.0,0.0,0.0,0.1,6.644,0.0,0.0,6.682,1.0,1.0,1351.8948610599796,1050.0,1351.8986610599795,1050.0,0.0004914583368406803,0.0
5782,1640642401000.0,0.0,0.0,0.1,6.789,0.0,0.0,6.685,1.0,1.0,1351.9076569099793,1050.0,1351.8972569099794,1050.0,0.0005021792698117742,0.0
5783,1640646001000.0,0.0,0.0,1.2,6.516916666666667,0.0,0.0,6.541,1.0,1.0,1351.9069427699792,1050.0,1351.9358427699792,1050.0,0.0057846437151781,0.0
5784,1640649601000.0,0.0,0.0,1.2,6.516916666666667,0.0,0.0,6.445,1.0,1.0,1351.9069427699792,1050.0,1351.8206427699793,1050.0,0.0057846437151781,0.0
5785,1640653201000.0,0.0,0.0,2.8,6.424392857142858,0.0,0.0,6.391,1.0,1.0,1351.9059259699793,1050.0,1351.8124259699794,1050.0,0.013305881462938016,0.0
5786,1640656801000.0,0.0,0.0,6.5,6.3291076923076925,0.0,0.0,6.278,1.0,1.0,1351.9036108799794,1050.0,1351.5714108799793,1050.0,0.030430571875772805,0.0
5787,1640660401000.0,0.0,0.0,6.5,6.3291076923076925,0.0,0.0,6.249,1.0,1.0,1351.9036108799794,1050.0,1351.3829108799794,1050.0,0.030430571875772805,0.0
5788,1640664001000.0,0.0,0.0,15.2,6.224302631578947,0.0,0.0,6.145,1.0,1.0,1351.8982638599794,1050.0,1350.6928638599793,1050.0,0.06998263296075881,0.0
5789,1640667601000.0,0.0,0.0,67.1,6.053903129657229,0.0,0.0,5.992,1.0,1.0,1351.8671031099793,1050.0,1347.7134031099793,1050.0,0.30048582369191124,0.0
5790,1640671201000.0,0.0,0.0,67.1,6.053903129657229,0.0,0.0,6.031,1.0,1.0,1351.8671031099793,1050.0,1350.3303031099792,1050.0,0.30048582369191124,0.0
5791,1640674801000.0,0.0,0.0,51.5,6.053903129657229,0.0,0.0,6.07,1.0,1.0,1352.4831076473267,1050.0,1353.3120964699795,1050.0,0.23052118685584794,0.0
5792,1640678401000.0,0.0,0.0,39.5,6.053903129657229,0.0,0.0,6.1,1.0,1.0,1352.9569572914397,1050.0,1354.7777836699793,1050.0,0.17674558849247254,0.0
5793,1640682001000.0,0.0,0.0,0.6,6.053903129657229,0.0,0.0,6.196,1.0,1.0,1356.3266365077732,1050.0,1356.4118946299789,1050.0,0.002678073098340659,0.0
5794,1640685601000.0,0.0,0.0,0.2,6.204931445603577,0.0,0.0,6.131,1.0,1.0,1356.4104368491,1050.0,1356.3956505599792,1050.0,0.0009149047039209524,0.0
5795,1640689201000.0,0.0,0.0,0.2,6.225965722801789,0.0,0.0,6.215,1.0,1.0,1356.4144187745396,1050.0,1356.4122256299793,1050.0,0.0009180034710080233,0.0
5796,1640692801000.0,0.0,0.0,0.2,6.267991430700447,0.0,0.0,6.258,1.0,1.0,1356.4223727961194,1050.0,1356.4203745099792,1050.0,0.0009241946397241525,0.0
5797,1640696401000.0,0.0,0.0,0.2,6.267991430700447,0.0,0.0,6.21,1.0,1.0,1356.4223727961194,1050.0,1356.4107745099793,1050.0,0.0009241946397241525,0.0
5798,1640700001000.0,0.0,0.0,0.2,6.267991430700447,0.0,0.0,6.191,1.0,1.0,1356.4223727961194,1050.0,1356.4069745099794,1050.0,0.0009241946397241525,0.0
5799,1640703601000.0,0.0,0.0,0.2,6.174184914307005,0.0,0.0,6.174,1.0,1.0,1356.46168056284,1050.0,1356.4616435799785,1050.0,0.0009103367979765023,0.0
5800,1640707201000.0,0.0,0.0,0.2,6.174184914307005,0.0,0.0,6.132,1.0,1.0,1356.46168056284,1050.0,1356.4532435799786,1050.0,0.0009103367979765023,0.0
5801,1640710801000.0,0.0,0.0,0.9,5.999364152384501,0.0,0.0,6.064,1.0,1.0,1356.4727937071245,1050.0,1356.5309659699785,1050.0,0.003980490992664789,0.0
5802,1640714401000.0,0.0,0.0,1.4,5.915727493879072,0.0,0.0,5.926,1.0,1.0,1356.4939340614096,1050.0,1356.508315569979,1050.0,0.006105459289916564,0.0
5803,1640718001000.0,0.0,0.0,1.4,5.915727493879072,0.0,0.0,5.875,1.0,1.0,1356.4939340614096,1050.0,1356.436915569979,1050.0,0.006105459289916564,0.0
5804,1640721601000.0,0.0,0.0,0.2,6.065,0.0,0.0,6.036,1.0,1.0,1356.771785409978,1050.0,1356.7659854099782,1050.0,0.0008940339215806037,0.0
5805,1640725201000.0,0.0,0.0,0.2,6.065,0.0,0.0,5.967,1.0,1.0,1356.771785409978,1050.0,1356.752185409978,1050.0,0.0008940339215806037,0.0
5806,1640728801000.0,0.0,0.0,0.5,5.977399999999999,0.0,0.0,5.853,1.0,1.0,1356.771607839978,1050.0,1356.709407839978,1050.0,0.002202802581311457,0.0
5807,1640732401000.0,0.0,0.0,0.2,5.913291666666667,0.0,0.0,5.934,1.0,1.0,1356.8932381333116,1050.0,1356.8973797999781,1050.0,0.0008715927680208102,0.0
5808,1640736001000.0,0.0,0.0,2.8,5.918642857142858,0.0,0.0,5.84,1.0,1.0,1356.917339309978,1050.0,1356.697139309978,1050.0,0.012213124204328709,0.0
5809,1640739601000.0,0.0,0.0,1.9,5.918642857142858,0.0,0.0,5.884,1.0,1.0,1356.9810216385495,1050.0,1356.9152002099781,1050.0,0.008287088212178993,0.0
5810,1640743201000.0,0.0,0.0,1.9,5.918642857142858,0.0,0.0,5.904,1.0,1.0,1356.9810216385495,1050.0,1356.953200209978,1050.0,0.008287088212178993,0.0
5811,1640746801000.0,0.0,0.0,0.2,6.027,0.0,0.0,5.977,1.0,1.0,1357.128720399979,1050.0,1357.118720399979,1050.0,0.0008881987256483226,0.0
5812,1640750401000.0,0.0,0.0,0.2,6.027,0.0,0.0,5.985,1.0,1.0,1357.128720399979,1050.0,1357.1203203999792,1050.0,0.0008881987256483226,0.0
5813,1640754001000.0,0.0,0.0,0.2,6.027,0.0,0.0,5.898,1.0,1.0,1357.128720399979,1050.0,1357.1029203999792,1050.0,0.0008881987256483226,0.0
5814,1640757601000.0,0.0,0.0,0.5,5.9399999999999995,0.0,0.0,5.831,1.0,1.0,1357.1285439399792,1050.0,1357.0740439399792,1050.0,0.002188444133212006,0.0
5815,1640761201000.0,0.0,0.0,1.2,5.856,0.0,0.0,5.829,1.0,1.0,1357.1281382199793,1050.0,1357.0957382199792,1050.0,0.005177993000142886,0.0
5816,1640764801000.0,0.0,0.0,2.8,5.773142857142858,0.0,0.0,5.745,1.0,1.0,1357.1272244599793,1050.0,1357.0484244599793,1050.0,0.0119110424642997,0.0
5817,1640768401000.0,0.0,0.0,2.5,5.773142857142858,0.0,0.0,5.78,1.0,1.0,1357.1384072728365,1050.0,1357.1555501299792,1050.0,0.010634771711943446,0.0
5818,1640772001000.0,0.0,0.0,2.5,5.773142857142858,0.0,0.0,5.767,1.0,1.0,1357.1384072728365,1050.0,1357.1230501299794,1050.0,0.010634771711943446,0.0
5819,1640775601000.0,0.0,0.0,2.5,5.773142857142858,0.0,0.0,5.772,1.0,1.0,1357.1384072728365,1050.0,1357.1355501299793,1050.0,0.010634771711943446,0.0
5820,1640779201000.0,0.0,0.0,2.5,5.773142857142858,0.0,0.0,5.769,1.0,1.0,1357.1384072728365,1050.0,1357.1280501299793,1050.0,0.010634771711943446,0.0
5821,1640782801000.0,0.0,0.0,5.8,5.688854679802956,0.0,0.0,5.622,1.0,1.0,1357.1365510228366,1050.0,1356.7487938799793,1050.0,0.024312481391787325,0.0
5822,1640786401000.0,0.0,0.0,11.9,5.598248677248678,0.0,0.0,5.61,1.0,1.0,1357.1901934392388,1050.0,1357.3300341799795,1050.0,0.0490860894672695,0.0
5823,1640790001000.0,0.0,0.0,0.1,5.663124338624339,0.0,0.0,5.746,1.0,1.0,1357.834561653842,1050.0,1357.8428492199796,1050.0,0.0004170702748740359,0.0
5824,1640793601000.0,0.0,0.0,0.2,5.761070271164021,0.0,0.0,5.734,1.0,1.0,1357.845460294212,1050.0,1357.840046239979,1050.0,0.0008485605232153206,0.0
5825,1640797201000.0,0.0,0.0,0.5,5.678228108465609,0.0,0.0,5.641,1.0,1.0,1357.845291604212,1050.0,1357.8266775499792,1050.0,0.0020908965636862527,0.0
5826,1640800801000.0,0.0,0.0,0.5,5.678228108465609,0.0,0.0,5.602,1.0,1.0,1357.845291604212,1050.0,1357.807177549979,1050.0,0.0020908965636862527,0.0
5827,1640804401000.0,0.0,0.0,0.5,5.678228108465609,0.0,0.0,5.621,1.0,1.0,1357.845291604212,1050.0,1357.8166775499792,1050.0,0.0020908965636862527,0.0
5828,1640808001000.0,0.0,0.0,0.7,5.598178378527338,0.0,0.0,5.557,1.0,1.0,1357.8813309649486,1050.0,1357.8525060999793,1050.0,0.0028859111437848405,0.0
5829,1640811601000.0,0.0,0.0,0.2,5.667294594631835,0.0,0.0,5.616,1.0,1.0,1357.9219546989061,1050.0,1357.9116957799797,1050.0,0.0008347010776312918,0.0
5830,1640815201000.0,0.0,0.0,0.5,5.585517837852734,0.0,0.0,5.561,1.0,1.0,1357.921788768906,1050.0,1357.9095298499797,1050.0,0.002056641952448739,0.0
5831,1640818801000.0,0.0,0.0,0.2,5.6047589189263665,0.0,0.0,5.586,1.0,1.0,1357.9361005137648,1050.0,1357.9323487299796,1050.0,0.000825481982076454,0.0
5832,1640822401000.0,0.0,0.0,1.2,5.445793153154394,0.0,0.0,5.447,1.0,1.0,1357.9355591137648,1050.0,1357.9370073299797,1050.0,0.004812416715893503,0.0
5833,1640826001000.0,0.0,0.0,0.2,5.436442123552257,0.0,0.0,5.439,1.0,1.0,1358.1224140946897,1050.0,1358.1229256699792,1050.0,0.0008005820487361787,0.0
5834,1640829601000.0,0.0,0.0,0.2,5.436442123552257,0.0,0.0,5.385,1.0,1.0,1358.1224140946897,1050.0,1358.1121256699792,1050.0,0.0008005820487361787,0.0
5835,1640833201000.0,0.0,0.0,0.2,5.436442123552257,0.0,0.0,5.362,1.0,1.0,1358.1224140946897,1050.0,1358.1075256699792,1050.0,0.0008005820487361787,0.0
5836,1640836801000.0,0.0,0.0,0.5,5.358176849420903,0.0,0.0,5.317,1.0,1.0,1358.1222549146896,1050.0,1358.1016664899792,1050.0,0.001972641575539706,0.0
5837,1640840401000.0,0.0,0.0,0.2,5.377088424710451,0.0,0.0,5.375,1.0,1.0,1358.136314454921,1050.0,1358.135896769979,1050.0,0.000791833392197971,0.0
5838,1640844001000.0,0.0,0.0,0.2,5.377088424710451,0.0,0.0,5.399,1.0,1.0,1358.136314454921,1050.0,1358.1406967699788,1050.0,0.000791833392197971,0.0
5839,1640847601000.0,0.0,0.0,0.2,5.433136053088806,0.0,0.0,5.444,1.0,1.0,1358.1466980505963,1050.0,1358.1488708399786,1050.0,0.000800080883882015,0.0
5840,1640851201000.0,0.0,0.0,0.2,5.471534013272201,0.0,0.0,5.478,1.0,1.0,1358.1536584526327,1050.0,1358.1549516499783,1050.0,0.0008057312188822599,0.0
5841,1640854801000.0,0.0,0.0,0.2,5.490267006636101,0.0,0.0,5.411,1.0,1.0,1358.1571948813055,1050.0,1358.1413414799783,1050.0,0.0008084877107492578,0.0
5842,1640858401000.0,0.0,0.0,0.2,5.490267006636101,0.0,0.0,5.41,1.0,1.0,1358.1571948813055,1050.0,1358.1411414799782,1050.0,0.0008084877107492578,0.0
5843,1640862001000.0,0.0,0.0,0.2,5.490267006636101,0.0,0.0,5.436,1.0,1.0,1358.1571948813055,1050.0,1358.1463414799782,1050.0,0.0008084877107492578,0.0
5844,1640865601000.0,0.0,0.0,0.2,5.528066751659026,0.0,0.0,5.531,1.0,1.0,1358.16433335031,1050.0,1358.164919999978,1050.0,0.0008140497605355944,0.0
5845,1640869201000.0,0.0,0.0,0.2,5.585008343957378,0.0,0.0,5.578,1.0,1.0,1358.17508659877,1050.0,1358.1736849299784,1050.0,0.000822428330347852,0.0
5846,1640872801000.0,0.0,0.0,0.2,5.585008343957378,0.0,0.0,5.516,1.0,1.0,1358.17508659877,1050.0,1358.1612849299784,1050.0,0.000822428330347852,0.0
5847,1640876401000.0,0.0,0.0,0.2,5.585008343957378,0.0,0.0,5.528,1.0,1.0,1358.17508659877,1050.0,1358.1636849299784,1050.0,0.000822428330347852,0.0
5848,1640880001000.0,0.0,0.0,0.2,5.585008343957378,0.0,0.0,5.49,1.0,1.0,1358.17508659877,1050.0,1358.1560849299783,1050.0,0.000822428330347852,0.0
5849,1640883601000.0,0.0,0.0,0.2,5.585008343957378,0.0,0.0,5.562,1.0,1.0,1358.17508659877,1050.0,1358.1704849299783,1050.0,0.000822428330347852,0.0
5850,1640887201000.0,0.0,0.0,0.2,5.585008343957378,0.0,0.0,5.545,1.0,1.0,1358.17508659877,1050.0,1358.1670849299785,1050.0,0.000822428330347852,0.0
5851,1640890801000.0,0.0,0.0,0.2,5.585008343957378,0.0,0.0,5.571,1.0,1.0,1358.17508659877,1050.0,1358.1722849299783,1050.0,0.000822428330347852,0.0
5852,1640894401000.0,0.0,0.0,0.2,5.585008343957378,0.0,0.0,5.521,1.0,1.0,1358.17508659877,1050.0,1358.1622849299783,1050.0,0.000822428330347852,0.0
5853,1640898001000.0,0.0,0.0,0.2,5.585008343957378,0.0,0.0,5.529,1.0,1.0,1358.17508659877,1050.0,1358.1638849299784,1050.0,0.000822428330347852,0.0
5854,1640901601000.0,0.0,0.0,0.2,5.585008343957378,0.0,0.0,5.529,1.0,1.0,1358.17508659877,1050.0,1358.1638849299784,1050.0,0.000822428330347852,0.0
5855,1640905201000.0,0.0,0.0,0.2,5.585008343957378,0.0,0.0,5.505,1.0,1.0,1358.17508659877,1050.0,1358.1590849299785,1050.0,0.000822428330347852,0.0
5856,1640908801000.0,0.0,0.0,0.2,5.585008343957378,0.0,0.0,5.542,1.0,1.0,1358.17508659877,1050.0,1358.1664849299784,1050.0,0.000822428330347852,0.0
5857,1640912401000.0,0.0,0.0,0.5,5.504603337582951,0.0,0.0,5.492,1.0,1.0,1358.1749230687699,1050.0,1358.1686213999785,1050.0,0.0020264706865391856,0.0
5858,1640916001000.0,0.0,0.0,0.2,5.504603337582951,0.0,0.0,5.522,1.0,1.0,1358.1856758374952,1050.0,1358.1891551699787,1050.0,0.0008105818571807068,0.0
5859,1640919601000.0,0.0,0.0,0.2,5.504603337582951,0.0,0.0,5.525,1.0,1.0,1358.1856758374952,1050.0,1358.1897551699785,1050.0,0.0008105818571807068,0.0
5860,1640923201000.0,0.0,0.0,0.2,5.523801668791476,0.0,0.0,5.545,1.0,1.0,1358.189204663737,1050.0,1358.1934443299788,1050.0,0.0008134067992624148,0.0
5861,1640926801000.0,0.0,0.0,0.2,5.585100208598934,0.0,0.0,5.582,1.0,1.0,1358.1998294016987,1050.0,1358.199209359979,1050.0,0.0008224268752940765,0.0
5862,1640930401000.0,0.0,0.0,0.2,5.585100208598934,0.0,0.0,5.548,1.0,1.0,1358.1998294016987,1050.0,1358.192409359979,1050.0,0.0008224268752940765,0.0
5863,1640934001000.0,0.0,0.0,0.2,5.585100208598934,0.0,0.0,5.591,1.0,1.0,1358.1998294016987,1050.0,1358.201009359979,1050.0,0.0008224268752940765,0.0
5864,1640937601000.0,0.0,0.0,0.2,5.585100208598934,0.0,0.0,5.551,1.0,1.0,1358.1998294016987,1050.0,1358.193009359979,1050.0,0.0008224268752940765,0.0
5865,1640941201000.0,0.0,0.0,0.2,5.729641407879679,0.0,0.0,5.732,1.0,1.0,1358.225241791555,1050.0,1358.225713509979,1050.0,0.0008436953211563124,0.0
5866,1640944801000.0,0.0,0.0,0.2,5.729641407879679,0.0,0.0,5.692,1.0,1.0,1358.225241791555,1050.0,1358.217713509979,1050.0,0.0008436953211563124,0.0
5867,1640948401000.0,0.0,0.0,0.2,5.729641407879679,0.0,0.0,5.636,1.0,1.0,1358.225241791555,1050.0,1358.206513509979,1050.0,0.0008436953211563124,0.0
5868,1640952001000.0,0.0,0.0,0.2,5.729641407879679,0.0,0.0,5.671,1.0,1.0,1358.225241791555,1050.0,1358.213513509979,1050.0,0.0008436953211563124,0.0
5869,1640955601000.0,0.0,0.0,0.2,5.77741035196992,0.0,0.0,5.739,1.0,1.0,1358.232664210373,1050.0,1358.2249821399791,1050.0,0.0008507246960267584,0.0
5870,1640959201000.0,0.0,0.0,0.2,5.77741035196992,0.0,0.0,5.685,1.0,1.0,1358.232664210373,1050.0,1358.2141821399791,1050.0,0.0008507246960267584,0.0
5871,1640962801000.0,0.0,0.0,0.2,5.77741035196992,0.0,0.0,5.683,1.0,1.0,1358.232664210373,1050.0,1358.213782139979,1050.0,0.0008507246960267584,0.0
5872,1640966401000.0,0.0,0.0,0.2,5.77741035196992,0.0,0.0,5.673,1.0,1.0,1358.232664210373,1050.0,1358.211782139979,1050.0,0.0008507246960267584,0.0
5873,1640970001000.0,0.0,0.0,1.2,5.61340172532832,0.0,0.0,5.558,1.0,1.0,1358.232106150373,1050.0,1358.1656240799791,1050.0,0.004959448418198573,0.0
5874,1640973601000.0,0.0,0.0,1.2,5.61340172532832,0.0,0.0,5.524,1.0,1.0,1358.232106150373,1050.0,1358.1248240799791,1050.0,0.004959448418198573,0.0
5875,1640977201000.0,0.0,0.0,2.8,5.5343150251407085,0.0,0.0,5.499,1.0,1.0,1358.231230150373,1050.0,1358.132348079979,1050.0,0.011409016172215666,0.0
5876,1640980801000.0,0.0,0.0,6.5,5.453304933906766,0.0,0.0,5.362,1.0,1.0,1358.2292351103729,1050.0,1357.635753039979,1050.0,0.02609756965473764,0.0
5877,1640984401000.0,0.0,0.0,6.5,5.453304933906766,0.0,0.0,5.356,1.0,1.0,1358.2292351103729,1050.0,1357.596753039979,1050.0,0.02609756965473764,0.0
5878,1640988001000.0,0.0,0.0,6.5,5.453304933906766,0.0,0.0,5.439,1.0,1.0,1358.2292351103729,1050.0,1358.136253039979,1050.0,0.02609756965473764,0.0
5879,1640991601000.0,0.0,0.0,6.5,5.453304933906766,0.0,0.0,5.425,1.0,1.0,1358.2292351103729,1050.0,1358.045253039979,1050.0,0.02609756965473764,0.0
5880,1640995201000.0,0.0,0.0,1.8,5.453304933906766,0.0,0.0,5.482,1.0,1.0,1358.5114103910103,1050.0,1358.563061509978,1050.0,0.0072255181708094215,0.0
5881,1640998801000.0,0.0,0.0,0.2,5.6,0.0,0.0,5.636,1.0,1.0,1358.6332238299788,1050.0,1358.6404238299788,1050.0,0.000824357876986643,0.0
5882,1641002401000.0,0.0,0.0,0.2,5.7586484375,0.0,0.0,5.767,1.0,1.0,1358.6622403974786,1050.0,1358.6639107099786,1050.0,0.0008476938956977709,0.0
5883,1641006001000.0,0.0,0.0,0.2,5.7586484375,0.0,0.0,5.747,1.0,1.0,1358.6622403974786,1050.0,1358.6599107099787,1050.0,0.0008476938956977709,0.0
5884,1641009601000.0,0.0,0.0,0.2,5.7586484375,0.0,0.0,5.732,1.0,1.0,1358.6622403974786,1050.0,1358.6569107099785,1050.0,0.0008476938956977709,0.0
5885,1641013201000.0,0.0,0.0,0.2,5.7586484375,0.0,0.0,5.644,1.0,1.0,1358.6622403974786,1050.0,1358.6393107099786,1050.0,0.0008476938956977709,0.0
5886,1641016801000.0,0.0,0.0,0.2,5.7586484375,0.0,0.0,5.719,1.0,1.0,1358.6622403974786,1050.0,1358.6543107099785,1050.0,0.0008476938956977709,0.0
5887,1641020401000.0,0.0,0.0,0.2,5.7586484375,0.0,0.0,5.705,1.0,1.0,1358.6622403974786,1050.0,1358.6515107099785,1050.0,0.0008476938956977709,0.0
5888,1641024001000.0,0.0,0.0,0.2,5.7586484375,0.0,0.0,5.735,1.0,1.0,1358.6622403974786,1050.0,1358.6575107099786,1050.0,0.0008476938956977709,0.0
5889,1641027601000.0,0.0,0.0,0.2,5.7586484375,0.0,0.0,5.702,1.0,1.0,1358.6622403974786,1050.0,1358.6509107099787,1050.0,0.0008476938956977709,0.0
5890,1641031201000.0,0.0,0.0,0.2,5.7586484375,0.0,0.0,5.667,1.0,1.0,1358.6622403974786,1050.0,1358.6439107099786,1050.0,0.0008476938956977709,0.0
5891,1641034801000.0,0.0,0.0,0.5,5.675459375,0.0,0.0,5.651,1.0,1.0,1358.6620717974786,1050.0,1358.6498421099786,1050.0,0.0020886206705879036,0.0
5892,1641038401000.0,0.0,0.0,0.5,5.675459375,0.0,0.0,5.626,1.0,1.0,1358.6620717974786,1050.0,1358.6373421099786,1050.0,0.0020886206705879036,0.0
5893,1641042001000.0,0.0,0.0,0.2,5.754432421875,0.0,0.0,5.751,1.0,1.0,1358.6873116743539,1050.0,1358.686625189979,1050.0,0.0008470576522546059,0.0
5894,1641045601000.0,0.0,0.0,0.2,5.814304052734375,0.0,0.0,5.811,1.0,1.0,1358.6984372105255,1050.0,1358.6977763999787,1050.0,0.00085586380222405,0.0
5895,1641049201000.0,0.0,0.0,0.2,5.814304052734375,0.0,0.0,5.766,1.0,1.0,1358.6984372105255,1050.0,1358.6887763999787,1050.0,0.00085586380222405,0.0
5896,1641052801000.0,0.0,0.0,0.2,5.854076013183594,0.0,0.0,5.881,1.0,1.0,1358.7059570626154,1050.0,1358.7113418599788,1050.0,0.0008617134535627582,0.0
5897,1641056401000.0,0.0,0.0,0.2,5.8952690032958985,0.0,0.0,5.917,1.0,1.0,1358.713459490638,1050.0,1358.7178056899786,1050.0,0.0008677722241017544,0.0
5898,1641060001000.0,0.0,0.0,0.2,5.915134501647949,0.0,0.0,5.918,1.0,1.0,1358.7172139003085,1050.0,1358.717786999979,1050.0,0.0008706939812248457,0.0
5899,1641063601000.0,0.0,0.0,0.2,5.915134501647949,0.0,0.0,5.929,1.0,1.0,1358.7172139003085,1050.0,1358.7199869999788,1050.0,0.0008706939812248457,0.0
5900,1641067201000.0,0.0,0.0,0.2,5.915134501647949,0.0,0.0,5.921,1.0,1.0,1358.7172139003085,1050.0,1358.718386999979,1050.0,0.0008706939812248457,0.0
5901,1641070801000.0,0.0,0.0,0.2,5.956533625411987,0.0,0.0,5.939,1.0,1.0,1358.7247551150613,1050.0,1358.7212483899789,1050.0,0.0008767829691757649,0.0
5902,1641074401000.0,0.0,0.0,0.2,5.956533625411987,0.0,0.0,5.943,1.0,1.0,1358.7247551150613,1050.0,1358.722048389979,1050.0,0.0008767829691757649,0.0
5903,1641078001000.0,0.0,0.0,0.2,5.956533625411987,0.0,0.0,5.889,1.0,1.0,1358.7247551150613,1050.0,1358.711248389979,1050.0,0.0008767829691757649,0.0
5904,1641081601000.0,0.0,0.0,0.2,5.996883406352997,0.0,0.0,5.982,1.0,1.0,1358.7323848112494,1050.0,1358.7294081299788,1050.0,0.0008827173729558325,0.0
5905,1641085201000.0,0.0,0.0,0.2,5.996883406352997,0.0,0.0,5.914,1.0,1.0,1358.7323848112494,1050.0,1358.7158081299788,1050.0,0.0008827173729558325,0.0
5906,1641088801000.0,0.0,0.0,0.2,5.996883406352997,0.0,0.0,5.895,1.0,1.0,1358.7323848112494,1050.0,1358.7120081299788,1050.0,0.0008827173729558325,0.0
5907,1641092401000.0,0.0,0.0,0.2,6.017441703176498,0.0,0.0,6.012,1.0,1.0,1358.7362757206142,1050.0,1358.735187379979,1050.0,0.0008857409360010074,0.0
5908,1641096001000.0,0.0,0.0,0.2,6.017441703176498,0.0,0.0,5.978,1.0,1.0,1358.7362757206142,1050.0,1358.728387379979,1050.0,0.0008857409360010074,0.0
5909,1641099601000.0,0.0,0.0,0.5,5.930776681270599,0.0,0.0,5.891,1.0,1.0,1358.7360995306142,1050.0,1358.7162111899788,1050.0,0.002182460848475076,0.0
5910,1641103201000.0,0.0,0.0,0.2,5.951388340635299,0.0,0.0,5.963,1.0,1.0,1358.7514903381054,1050.0,1358.7538126699783,1050.0,0.0008760083625232137,0.0
5911,1641106801000.0,0.0,0.0,0.2,5.951388340635299,0.0,0.0,5.918,1.0,1.0,1358.7514903381054,1050.0,1358.7448126699783,1050.0,0.0008760083625232137,0.0
5912,1641110401000.0,0.0,0.0,0.2,5.951388340635299,0.0,0.0,5.952,1.0,1.0,1358.7514903381054,1050.0,1358.7516126699784,1050.0,0.0008760083625232137,0.0
5913,1641114001000.0,0.0,0.0,0.2,5.951388340635299,0.0,0.0,5.971,1.0,1.0,1358.7514903381054,1050.0,1358.7554126699783,1050.0,0.0008760083625232137,0.0
5914,1641117601000.0,0.0,0.0,0.2,6.060855885644853,0.0,0.0,6.044,1.0,1.0,1358.7706802771074,1050.0,1358.7673090999785,1050.0,0.0008921087235130513,0.0
5915,1641121201000.0,0.0,0.0,0.2,6.060855885644853,0.0,0.0,6.024,1.0,1.0,1358.7706802771074,1050.0,1358.7633090999784,1050.0,0.0008921087235130513,0.0
5916,1641124801000.0,0.0,0.0,0.2,6.106713971411214,0.0,0.0,6.136,1.0,1.0,1358.7785072442607,1050.0,1358.7843644499785,1050.0,0.0008988534833092471,0.0
5917,1641128401000.0,0.0,0.0,0.2,6.170089246426402,0.0,0.0,6.168,1.0,1.0,1358.7903121292638,1050.0,1358.7898942799786,1050.0,0.0009081738648486084,0.0
5918,1641132001000.0,0.0,0.0,0.2,6.170089246426402,0.0,0.0,6.107,1.0,1.0,1358.7903121292638,1050.0,1358.7776942799785,1050.0,0.0009081738648486084,0.0
5919,1641135601000.0,0.0,0.0,0.5,6.081235698570561,0.0,0.0,6.058,1.0,1.0,1358.7901314692638,1050.0,1358.7785136199784,1050.0,0.002237739131941922,0.0
5920,1641139201000.0,0.0,0.0,0.5,6.081235698570561,0.0,0.0,6.107,1.0,1.0,1358.7901314692638,1050.0,1358.8030136199784,1050.0,0.002237739131941922,0.0
5921,1641142801000.0,0.0,0.0,0.2,6.14490446232132,0.0,0.0,6.154,1.0,1.0,1358.813542292443,1050.0,1358.8153613999787,1050.0,0.0009044514601987708,0.0
5922,1641146401000.0,0.0,0.0,0.2,6.242,0.0,0.0,6.25,1.0,1.0,1358.8287883399787,1050.0,1358.8303883399788,1050.0,0.0009187323750515439,0.0
5923,1641150001000.0,0.0,0.0,0.2,6.242,0.0,0.0,6.218,1.0,1.0,1358.8287883399787,1050.0,1358.8239883399788,1050.0,0.0009187323750515439,0.0
5924,1641153601000.0,0.0,0.0,0.2,6.242,0.0,0.0,6.21,1.0,1.0,1358.8287883399787,1050.0,1358.8223883399787,1050.0,0.0009187323750515439,0.0
5925,1641157201000.0,0.0,0.0,0.2,6.285,0.0,0.0,6.264,1.0,1.0,1358.836736559979,1050.0,1358.832536559979,1050.0,0.0009250559439408534,0.0
5926,1641160801000.0,0.0,0.0,0.2,6.285,0.0,0.0,6.3,1.0,1.0,1358.836736559979,1050.0,1358.839736559979,1050.0,0.0009250559439408534,0.0
5927,1641164401000.0,0.0,0.0,0.2,6.3065,0.0,0.0,6.276,1.0,1.0,1358.8408100099791,1050.0,1358.834710009979,1050.0,0.0009282176327856515,0.0
5928,1641168001000.0,0.0,0.0,0.2,6.3065,0.0,0.0,6.234,1.0,1.0,1358.8408100099791,1050.0,1358.8263100099791,1050.0,0.0009282176327856515,0.0
5929,1641171601000.0,0.0,0.0,0.2,6.350875,0.0,0.0,6.305,1.0,1.0,1358.848930579979,1050.0,1358.839755579979,1050.0,0.0009347433488856399,0.0
5930,1641175201000.0,0.0,0.0,0.2,6.39671875,0.0,0.0,6.354,1.0,1.0,1358.8571430599789,1050.0,1358.848599309979,1050.0,0.0009414850976307013,0.0
5931,1641178801000.0,0.0,0.0,0.2,6.39671875,0.0,0.0,6.271,1.0,1.0,1358.8571430599789,1050.0,1358.8319993099788,1050.0,0.0009414850976307013,0.0
5932,1641182401000.0,0.0,0.0,1.2,6.214953125000001,0.0,0.0,6.135,1.0,1.0,1358.856525199979,1050.0,1358.7605814499789,1050.0,0.005488396759843676,0.0
5933,1641186001000.0,0.0,0.0,1.2,6.214953125000001,0.0,0.0,6.22,1.0,1.0,1358.856525199979,1050.0,1358.862581449979,1050.0,0.005488396759843676,0.0
5934,1641189601000.0,0.0,0.0,0.2,6.3364970703125,0.0,0.0,6.351,1.0,1.0,1358.9499455840414,1050.0,1358.952846169979,1050.0,0.0009325578312730627,0.0
5935,1641193201000.0,0.0,0.0,0.2,6.3364970703125,0.0,0.0,6.279,1.0,1.0,1358.9499455840414,1050.0,1358.938446169979,1050.0,0.0009325578312730627,0.0
5936,1641196801000.0,0.0,0.0,0.2,6.36174853515625,0.0,0.0,6.355,1.0,1.0,1358.9539682270101,1050.0,1358.9526185199788,1050.0,0.0009362713798843752,0.0
5937,1641200401000.0,0.0,0.0,0.2,6.36174853515625,0.0,0.0,6.364,1.0,1.0,1358.9539682270101,1050.0,1358.9544185199788,1050.0,0.0009362713798843752,0.0
5938,1641204001000.0,0.0,0.0,0.2,6.384874267578125,0.0,0.0,6.413,1.0,1.0,1358.9580652534946,1050.0,1358.963690399979,1050.0,0.0009396720076696578,0.0
5939,1641207601000.0,0.0,0.0,0.1,6.56,0.0,0.0,6.549,1.0,1.0,1358.9787070599793,1050.0,1358.9776070599794,1050.0,0.0004827154366672848,0.0
5940,1641211201000.0,0.0,0.0,0.1,6.56,0.0,0.0,6.482,1.0,1.0,1358.9787070599793,1050.0,1358.9709070599793,1050.0,0.0004827154366672848,0.0
5941,1641214801000.0,0.0,0.0,0.2,6.5015,0.0,0.0,6.399,1.0,1.0,1358.9786426299793,1050.0,1358.9581426299792,1050.0,0.0009568215122818849,0.0
5942,1641218401000.0,0.0,0.0,0.1,6.55,0.0,0.0,6.582,1.0,1.0,1358.9869462499792,1050.0,1358.9901462499793,1050.0,0.0004819766678461648,0.0
5943,1641222001000.0,0.0,0.0,0.1,6.696,0.0,0.0,6.63,1.0,1.0,1358.9996477799796,1050.0,1358.9930477799796,1050.0,0.0004927153594880162,0.0
5944,1641225601000.0,0.0,0.0,0.1,6.806,0.0,0.0,6.738,1.0,1.0,1359.0082770099796,1050.0,1359.0014770099795,1050.0,0.0005008063685214791,0.0
5945,1641229201000.0,0.0,0.0,0.1,6.728,0.0,0.0,6.708,1.0,1.0,1359.033578839979,1050.0,1359.0315788399791,1050.0,0.0004950576722131306,0.0
5946,1641232801000.0,0.0,0.0,0.2,6.6475,0.0,0.0,6.58,1.0,1.0,1359.0335131699792,1050.0,1359.0200131699792,1050.0,0.0009782687381261913,0.0
5947,1641236401000.0,0.0,0.0,0.2,6.6475,0.0,0.0,6.663,1.0,1.0,1359.0335131699792,1050.0,1359.036613169979,1050.0,0.0009782687381261913,0.0
5948,1641240001000.0,0.0,0.0,0.1,6.697,0.0,0.0,6.636,1.0,1.0,1359.042012379979,1050.0,1359.035912379979,1050.0,0.0004927735816107769,0.0
5949,1641243601000.0,0.0,0.0,0.1,6.662,0.0,0.0,6.651,1.0,1.0,1359.0504471999786,1050.0,1359.0493471999787,1050.0,0.0004901951957505014,0.0
5950,1641247201000.0,0.0,0.0,0.1,6.776,0.0,0.0,6.737,1.0,1.0,1359.0589776399786,1050.0,1359.0550776399787,1050.0,0.0004985802758734284,0.0
5951,1641250801000.0,0.0,0.0,0.1,7.085,0.0,0.0,7.074,1.0,1.0,1359.085443419979,1050.0,1359.084343419979,1050.0,0.0005213064442932616,0.0
5952,1641254401000.0,0.0,0.0,0.1,7.186,0.0,0.0,7.178,1.0,1.0,1359.094557109979,1050.0,1359.093757109979,1050.0,0.000528734366744911,0.0
5953,1641258001000.0,0.0,0.0,0.2,7.202500000000001,0.0,0.0,7.158,1.0,1.0,1359.116806309979,1050.0,1359.107906309979,1050.0,0.0010598794697499014,0.0
5954,1641261601000.0,0.0,0.0,0.1,7.257,0.0,0.0,7.135,1.0,1.0,1359.1260887399792,1050.0,1359.1138887399793,1050.0,0.0005339460451920124,0.0
5955,1641265201000.0,0.0,0.0,1.2,6.965750000000001,0.0,0.0,6.855,1.0,1.0,1359.1253254199794,1050.0,1358.9924254199793,1050.0,0.006150205462043789,0.0
5956,1641268801000.0,0.0,0.0,1.2,6.866464285714287,0.0,0.0,6.943,1.0,1.0,1359.1959899228355,1050.0,1359.2878327799783,1050.0,0.006062228849957785,0.0
5957,1641272401000.0,0.0,0.0,0.3,6.866464285714287,0.0,0.0,6.906,1.0,1.0,1359.247448875692,1050.0,1359.2593095899776,1050.0,0.0015154998358968225,0.0
5958,1641276001000.0,0.0,0.0,0.1,7.06,0.0,0.0,7.027,1.0,1.0,1359.2742124699773,1050.0,1359.2709124699772,1050.0,0.0005193948310967413,0.0
5959,1641279601000.0,0.0,0.0,0.1,7.118,0.0,0.0,7.137,1.0,1.0,1359.278770219977,1050.0,1359.280670219977,1050.0,0.0005236600582563405,0.0
5960,1641283201000.0,0.0,0.0,0.1,7.166,0.0,0.0,7.107,1.0,1.0,1359.283326909977,1050.0,1359.2774269099768,1050.0,0.000527189575427978,0.0
5961,1641286801000.0,0.0,0.0,0.5,6.978,0.0,0.0,6.944,1.0,1.0,1359.283049669977,1050.0,1359.2660496699768,1050.0,0.0025667943117859827,0.0
5962,1641290401000.0,0.0,0.0,0.5,6.978,0.0,0.0,6.914,1.0,1.0,1359.283049669977,1050.0,1359.251049669977,1050.0,0.0025667943117859827,0.0
5963,1641294001000.0,0.0,0.0,0.5,6.978,0.0,0.0,6.986,1.0,1.0,1359.283049669977,1050.0,1359.2870496699768,1050.0,0.0025667943117859827,0.0
5964,1641297601000.0,0.0,0.0,0.1,7.112,0.0,0.0,7.127,1.0,1.0,1359.3177848399764,1050.0,1359.3192848399765,1050.0,0.0005232036304768314,0.0
5965,1641301201000.0,0.0,0.0,0.1,7.0265,0.0,0.0,7.025,1.0,1.0,1359.3222946999765,1050.0,1359.3221446999764,1050.0,0.0005169119955875408,0.0
5966,1641304801000.0,0.0,0.0,0.2,6.991,0.0,0.0,6.979,1.0,1.0,1359.3267341499766,1050.0,1359.3243341499765,1050.0,0.0010285974408311273,0.0
5967,1641308401000.0,0.0,0.0,0.1,7.095,0.0,0.0,7.038,1.0,1.0,1359.3401812399766,1050.0,1359.3344812399766,1050.0,0.000521944403462569,0.0
5968,1641312001000.0,0.0,0.0,0.2,7.01,0.0,0.0,6.892,1.0,1.0,1359.3401119899765,1050.0,1359.3165119899766,1050.0,0.0010313827920133782,0.0
5969,1641315601000.0,0.0,0.0,0.1,6.967,0.0,0.0,6.964,1.0,1.0,1359.3621893899767,1050.0,1359.3618893899768,1050.0,0.0005125197724622964,0.0
5970,1641319201000.0,0.0,0.0,0.1,7.019,0.0,0.0,6.911,1.0,1.0,1359.3666490699766,1050.0,1359.3558490699766,1050.0,0.0005163434018925001,0.0
5971,1641322801000.0,0.0,0.0,1.2,6.738083333333334,0.0,0.0,6.681,1.0,1.0,1359.3659106899765,1050.0,1359.2974106899765,1050.0,0.00594814092100921,0.0
5972,1641326401000.0,0.0,0.0,0.1,6.738083333333334,0.0,0.0,6.761,1.0,1.0,1359.4145728933086,1050.0,1359.4168645599752,1050.0,0.0004956606665612199,0.0
5973,1641330001000.0,0.0,0.0,0.1,6.883,0.0,0.0,6.838,1.0,1.0,1359.427654519975,1050.0,1359.423154519975,1050.0,0.0005063160203571438,0.0
5974,1641333601000.0,0.0,0.0,0.1,6.883,0.0,0.0,6.818,1.0,1.0,1359.427654519975,1050.0,1359.421154519975,1050.0,0.0005063160203571438,0.0
5975,1641337201000.0,0.0,0.0,0.2,6.8004999999999995,0.0,0.0,6.707,1.0,1.0,1359.427587339975,1050.0,1359.4088873399749,1050.0,0.0010004946292588787,0.0
5976,1641340801000.0,0.0,0.0,0.5,6.7024,0.0,0.0,6.6,1.0,1.0,1359.427388229975,1050.0,1359.3761882299748,1050.0,0.0024651555713934726,0.0
5977,1641344401000.0,0.0,0.0,0.4,6.7024,0.0,0.0,6.769,1.0,1.0,1359.431780759975,1050.0,1359.458420759975,1050.0,0.001972118084881935,0.0
5978,1641348001000.0,0.0,0.0,0.1,6.755,0.0,0.0,6.7,1.0,1.0,1359.4492833299755,1050.0,1359.4437833299755,1050.0,0.0004968923874418916,0.0
5979,1641351601000.0,0.0,0.0,0.1,6.755,0.0,0.0,6.751,1.0,1.0,1359.4492833299755,1050.0,1359.4488833299756,1050.0,0.0004968923874418916,0.0
5980,1641355201000.0,0.0,0.0,0.1,6.887,0.0,0.0,6.825,1.0,1.0,1359.4580099699754,1050.0,1359.4518099699753,1050.0,0.0005065989496911423,0.0
5981,1641358801000.0,0.0,0.0,0.1,6.887,0.0,0.0,6.871,1.0,1.0,1359.4580099699754,1050.0,1359.4564099699753,1050.0,0.0005065989496911423,0.0
5982,1641362401000.0,0.0,0.0,0.1,7.087,0.0,0.0,7.026,1.0,1.0,1359.4757492199756,1050.0,1359.4696492199755,1050.0,0.0005213038926267201,0.0
5983,1641366001000.0,0.0,0.0,0.1,7.136,0.0,0.0,7.131,1.0,1.0,1359.4803065199756,1050.0,1359.4798065199755,1050.0,0.0005249064635784885,0.0
5984,1641369601000.0,0.0,0.0,0.1,7.185,0.0,0.0,7.122,1.0,1.0,1359.4848628399754,1050.0,1359.4785628399754,1050.0,0.0005285090107579774,0.0
5985,1641373201000.0,0.0,0.0,0.1,7.185,0.0,0.0,7.083,1.0,1.0,1359.4848628399754,1050.0,1359.4746628399755,1050.0,0.0005285090107579774,0.0
5986,1641376801000.0,0.0,0.0,0.1,7.185,0.0,0.0,7.058,1.0,1.0,1359.4848628399754,1050.0,1359.4721628399755,1050.0,0.0005285090107579774,0.0
5987,1641380401000.0,0.0,0.0,0.2,7.099,0.0,0.0,6.999,1.0,1.0,1359.4847927099754,1050.0,1359.4647927099754,1050.0,0.0010443662243325234,0.0
5988,1641384001000.0,0.0,0.0,0.5,6.9963999999999995,0.0,0.0,6.932,1.0,1.0,1359.4845848699754,1050.0,1359.4523848699753,1050.0,0.002573181070923711,0.0
5989,1641387601000.0,0.0,0.0,0.1,7.045,0.0,0.0,7.075,1.0,1.0,1359.5074622699753,1050.0,1359.5104622699753,1050.0,0.000518202378105151,0.0
5990,1641391201000.0,0.0,0.0,0.1,7.331,0.0,0.0,7.26,1.0,1.0,1359.5303410099752,1050.0,1359.5232410099752,1050.0,0.0005392303340986056,0.0
5991,1641394801000.0,0.0,0.0,0.1,7.38,0.0,0.0,7.367,1.0,1.0,1359.534993419975,1050.0,1359.5336934199752,1050.0,0.0005428326623234064,0.0
5992,1641398401000.0,0.0,0.0,0.1,7.438,0.0,0.0,7.399,1.0,1.0,1359.5397447499752,1050.0,1359.5358447499752,1050.0,0.0005470969148730461,0.0
5993,1641402001000.0,0.0,0.0,0.2,7.349,0.0,0.0,7.252,1.0,1.0,1359.539672149975,1050.0,1359.5202721499752,1050.0,0.0010811012213241703,0.0
5994,1641405601000.0,0.0,0.0,0.5,7.2428,0.0,0.0,7.107,1.0,1.0,1359.5394569899752,1050.0,1359.4715569899752,1050.0,0.002663696137232965,0.0
5995,1641409201000.0,0.0,0.0,1.1,7.14025,0.0,0.0,7.12,1.0,1.0,1359.543565429975,1050.0,1359.521290429975,1050.0,0.00577714109331684,0.0
5996,1641412801000.0,0.0,0.0,14.2,6.817526408450704,0.0,0.0,6.609,1.0,1.0,1359.5346699699749,1050.0,1356.573594969975,1050.0,0.07120736023755687,0.0
5997,1641416401000.0,0.0,0.0,1.2,6.630903814935065,0.0,0.0,6.686,1.0,1.0,1362.3749722278972,1050.0,1362.441087649975,1050.0,0.005840598029270771,0.0
5998,1641420001000.0,0.0,0.0,0.5,6.5764,0.0,0.0,6.474,1.0,1.0,1362.495150989976,1050.0,1362.443950989976,1050.0,0.0024133663871103135,0.0
5999,1641423601000.0,0.0,0.0,0.2,6.405625,0.0,0.0,6.34,1.0,1.0,1366.9005699899758,1050.0,1366.8874449899758,1050.0,0.000937248127718167,0.0
6000,1641427201000.0,0.0,0.0,0.2,6.45240625,0.0,0.0,6.365,1.0,1.0,1366.9087677299758,1050.0,1366.8912864799759,1050.0,0.0009440873308195258,0.0
6001,1641430801000.0,0.0,0.0,0.2,6.38158125,0.0,0.0,6.405,1.0,1.0,1366.9249937399761,1050.0,1366.929677489976,1050.0,0.0009337134486859692,0.0
6002,1641434401000.0,0.0,0.0,1.2,6.200513541666667,0.0,0.0,6.165,1.0,1.0,1366.924377309976,1050.0,1366.881761059976,1050.0,0.00544332691223393,0.0
6003,1641438001000.0,0.0,0.0,1.2,6.200513541666667,0.0,0.0,6.138,1.0,1.0,1366.924377309976,1050.0,1366.849361059976,1050.0,0.00544332691223393,0.0
6004,1641441601000.0,0.0,0.0,2.8,6.1127915178571435,0.0,0.0,6.039,1.0,1.0,1366.9234097899762,1050.0,1366.7167935399762,1050.0,0.012521415704358883,0.0
6005,1641445201000.0,0.0,0.0,2.8,6.1127915178571435,0.0,0.0,6.117,1.0,1.0,1366.9234097899762,1050.0,1366.9351935399761,1050.0,0.012521415704358883,0.0
6006,1641448801000.0,0.0,0.0,0.2,6.133395758928572,0.0,0.0,6.128,1.0,1.0,1367.030249841763,1050.0,1367.0291706899773,1050.0,0.0008973313881881586,0.0
6007,1641452401000.0,0.0,0.0,0.2,6.133395758928572,0.0,0.0,6.081,1.0,1.0,1367.030249841763,1050.0,1367.0197706899773,1050.0,0.0008973313881881586,0.0
6008,1641456001000.0,0.0,0.0,0.2,6.133395758928572,0.0,0.0,6.081,1.0,1.0,1367.030249841763,1050.0,1367.0197706899773,1050.0,0.0008973313881881586,0.0
6009,1641459601000.0,0.0,0.0,0.5,6.044958303571429,0.0,0.0,6.003,1.0,1.0,1367.030070261763,1050.0,1367.0090911099774,1050.0,0.002210982199687064,0.0
6010,1641463201000.0,0.0,0.0,1.2,5.959232626488095,0.0,0.0,5.872,1.0,1.0,1367.029657401763,1050.0,1366.9249782499774,1050.0,0.005231107542595214,0.0
6011,1641466801000.0,0.0,0.0,0.9,5.959232626488095,0.0,0.0,5.978,1.0,1.0,1367.0414076438167,1050.0,1367.0582982799774,1050.0,0.003923296934423729,0.0
6012,1641470401000.0,0.0,0.0,0.6,5.959232626488095,0.0,0.0,5.944,1.0,1.0,1367.0531578858704,1050.0,1367.0440183099774,1050.0,0.0026155088083205055,0.0
6013,1641474001000.0,0.0,0.0,0.2,5.979616313244048,0.0,0.0,6.018,1.0,1.0,1367.0726816226265,1050.0,1367.0803583599777,1050.0,0.0008748059109990599,0.0
6014,1641477601000.0,0.0,0.0,0.2,6.123,0.0,0.0,6.117,1.0,1.0,1367.095149919977,1050.0,1367.0939499199771,1050.0,0.0008957679354444949,0.0
6015,1641481201000.0,0.0,0.0,0.2,6.1434999999999995,0.0,0.0,6.076,1.0,1.0,1367.099026649977,1050.0,1367.085526649977,1050.0,0.0008987644465016418,0.0
6016,1641484801000.0,0.0,0.0,0.5,6.055,0.0,0.0,6.058,1.0,1.0,1367.0988467699772,1050.0,1367.1003467699773,1050.0,0.002214543598769779,0.0
6017,1641488401000.0,0.0,0.0,0.3,6.055,0.0,0.0,6.066,1.0,1.0,1367.106724869977,1050.0,1367.110024869977,1050.0,0.0013287185023340177,0.0
6018,1641492001000.0,0.0,0.0,0.2,6.0760000000000005,0.0,0.0,6.058,1.0,1.0,1367.1145419999766,1050.0,1367.1109419999766,1050.0,0.0008888794337760918,0.0
6019,1641495601000.0,0.0,0.0,0.2,6.121,0.0,0.0,6.143,1.0,1.0,1367.1222968399763,1050.0,1367.1266968399764,1050.0,0.0008954575628161923,0.0
6020,1641499201000.0,0.0,0.0,0.2,6.121,0.0,0.0,6.086,1.0,1.0,1367.1222968399763,1050.0,1367.1152968399763,1050.0,0.0008954575628161923,0.0
6021,1641502801000.0,0.0,0.0,0.2,6.121,0.0,0.0,6.011,1.0,1.0,1367.1222968399763,1050.0,1367.1002968399764,1050.0,0.0008954575628161923,0.0
6022,1641506401000.0,0.0,0.0,0.5,6.0328,0.0,0.0,5.997,1.0,1.0,1367.1221176199763,1050.0,1367.1042176199762,1050.0,0.0022063866578731477,0.0
6023,1641510001000.0,0.0,0.0,0.5,6.0328,0.0,0.0,6.009,1.0,1.0,1367.1221176199763,1050.0,1367.1102176199763,1050.0,0.0022063866578731477,0.0
6024,1641513601000.0,0.0,0.0,0.5,6.0328,0.0,0.0,5.949,1.0,1.0,1367.1221176199763,1050.0,1367.0802176199763,1050.0,0.0022063866578731477,0.0
6025,1641517201000.0,0.0,0.0,1.2,5.947166666666668,0.0,0.0,5.865,1.0,1.0,1367.1217055999762,1050.0,1367.0231055999761,1050.0,0.005220164357545642,0.0
6026,1641520801000.0,0.0,0.0,1.2,5.947166666666668,0.0,0.0,5.895,1.0,1.0,1367.1217055999762,1050.0,1367.0591055999762,1050.0,0.005220164357545642,0.0
6027,1641524401000.0,0.0,0.0,2.8,5.86307142857143,0.0,0.0,5.754,1.0,1.0,1367.1207775999762,1050.0,1366.8153775999763,1050.0,0.012008156315801054,0.0
6028,1641528001000.0,0.0,0.0,35.5,5.571214084507043,0.0,0.0,5.514,1.0,1.0,1367.1026414499763,1050.0,1365.0715414499764,1050.0,0.14466953248677264,0.0
6029,1641531601000.0,0.0,0.0,35.5,5.571214084507043,0.0,0.0,5.487,1.0,1.0,1367.1026414499763,1050.0,1364.1130414499762,1050.0,0.14466953248677264,0.0
6030,1641535201000.0,0.0,0.0,35.5,5.571214084507043,0.0,0.0,5.492,1.0,1.0,1367.1026414499763,1050.0,1364.2905414499762,1050.0,0.14466953248677264,0.0
6031,1641538801000.0,0.0,0.0,35.5,5.571214084507043,0.0,0.0,5.361,1.0,1.0,1367.1026414499763,1050.0,1359.6400414499763,1050.0,0.14466953248677264,0.0
6032,1641542401000.0,0.0,0.0,75.6,5.430556878306879,0.0,0.0,5.415,1.0,1.0,1367.0813642499763,1050.0,1365.9052642499762,1050.0,0.30031138653202305,0.0
6033,1641546001000.0,0.0,0.0,0.4,5.430556878306879,0.0,0.0,5.494,1.0,1.0,1372.2455286612994,1050.0,1372.2709059099766,1050.0,0.001582969451131587,0.0
6034,1641549601000.0,0.0,0.0,0.2,5.540048652447091,0.0,0.0,5.534,1.0,1.0,1372.2791534304663,1050.0,1372.277943699977,1050.0,0.0008074229851262994,0.0
6035,1641553201000.0,0.0,0.0,0.2,5.540048652447091,0.0,0.0,5.455,1.0,1.0,1372.2791534304663,1050.0,1372.2621436999768,1050.0,0.0008074229851262994,0.0
6036,1641556801000.0,0.0,0.0,0.2,5.540048652447091,0.0,0.0,5.491,1.0,1.0,1372.2791534304663,1050.0,1372.2693436999768,1050.0,0.0008074229851262994,0.0
6037,1641560401000.0,0.0,0.0,0.2,5.540048652447091,0.0,0.0,5.497,1.0,1.0,1372.2791534304663,1050.0,1372.2705436999768,1050.0,0.0008074229851262994,0.0
6038,1641564001000.0,0.0,0.0,0.2,5.403545721037258,0.0,0.0,5.414,1.0,1.0,1372.3174673441845,1050.0,1372.319558199977,1050.0,0.0007875066593001429,0.0
6039,1641567601000.0,0.0,0.0,0.2,5.501235803782414,0.0,0.0,5.496,1.0,1.0,1372.3349572707336,1050.0,1372.333910109977,1050.0,0.0008017336838410266,0.0
6040,1641571201000.0,0.0,0.0,0.6,5.34495596729707,0.0,0.0,5.373,1.0,1.0,1372.3551295203551,1050.0,1372.371955939977,1050.0,0.0023368394312768695,0.0
6041,1641574801000.0,0.0,0.0,0.2,5.530101476498627,0.0,0.0,5.549,1.0,1.0,1372.411974915277,1050.0,1372.4157546199772,1050.0,0.0008058952526758617,0.0
6042,1641578401000.0,0.0,0.0,0.2,5.530101476498627,0.0,0.0,5.549,1.0,1.0,1372.411974915277,1050.0,1372.4157546199772,1050.0,0.0008058952526758617,0.0
6043,1641582001000.0,0.0,0.0,0.2,5.530101476498627,0.0,0.0,5.468,1.0,1.0,1372.411974915277,1050.0,1372.3995546199772,1050.0,0.0008058952526758617,0.0
6044,1641585601000.0,0.0,0.0,0.2,5.530101476498627,0.0,0.0,5.507,1.0,1.0,1372.411974915277,1050.0,1372.4073546199772,1050.0,0.0008058952526758617,0.0
6045,1641589201000.0,0.0,0.0,0.2,5.530101476498627,0.0,0.0,5.487,1.0,1.0,1372.411974915277,1050.0,1372.403354619977,1050.0,0.0008058952526758617,0.0
6046,1641592801000.0,0.0,0.0,0.2,5.530101476498627,0.0,0.0,5.444,1.0,1.0,1372.411974915277,1050.0,1372.3947546199772,1050.0,0.0008058952526758617,0.0
6047,1641596401000.0,0.0,0.0,0.5,5.450240590599451,0.0,0.0,5.357,1.0,1.0,1372.4118130052768,1050.0,1372.365192709977,1050.0,0.001985643281029706,0.0
6048,1641600001000.0,0.0,0.0,1.2,5.373100246083105,0.0,0.0,5.406,1.0,1.0,1372.4114407452769,1050.0,1372.450920449977,1050.0,0.004698095705030223,0.0
6049,1641603601000.0,0.0,0.0,0.2,5.568043360336262,0.0,0.0,5.578,1.0,1.0,1372.5070020920452,1050.0,1372.508993419978,1050.0,0.0008113682993018129,0.0
6050,1641607201000.0,0.0,0.0,0.2,5.568043360336262,0.0,0.0,5.545,1.0,1.0,1372.5070020920452,1050.0,1372.502393419978,1050.0,0.0008113682993018129,0.0
6051,1641610801000.0,0.0,0.0,0.5,5.487617344134505,0.0,0.0,5.487,1.0,1.0,1372.5068390720453,1050.0,1372.5065303999781,1050.0,0.0019991220400201047,0.0
6052,1641614401000.0,0.0,0.0,0.5,5.487617344134505,0.0,0.0,5.494,1.0,1.0,1372.5068390720453,1050.0,1372.510030399978,1050.0,0.0019991220400201047,0.0
6053,1641618001000.0,0.0,0.0,0.2,5.525154336033626,0.0,0.0,5.528,1.0,1.0,1372.5246741871845,1050.0,1372.5252433199778,1050.0,0.0008051081980446944,0.0
6054,1641621601000.0,0.0,0.0,0.2,5.525154336033626,0.0,0.0,5.531,1.0,1.0,1372.5246741871845,1050.0,1372.5258433199776,1050.0,0.0008051081980446944,0.0
6055,1641625201000.0,0.0,0.0,0.2,5.525154336033626,0.0,0.0,5.55,1.0,1.0,1372.5246741871845,1050.0,1372.5296433199778,1050.0,0.0008051081980446944,0.0
6056,1641628801000.0,0.0,0.0,0.2,5.525154336033626,0.0,0.0,5.532,1.0,1.0,1372.5246741871845,1050.0,1372.5260433199778,1050.0,0.0008051081980446944,0.0
6057,1641632401000.0,0.0,0.0,0.2,5.564288584008406,0.0,0.0,5.539,1.0,1.0,1372.5317781267795,1050.0,1372.5267204099778,1050.0,0.000810806521595078,0.0
6058,1641636001000.0,0.0,0.0,0.2,5.564288584008406,0.0,0.0,5.561,1.0,1.0,1372.5317781267795,1050.0,1372.5311204099778,1050.0,0.000810806521595078,0.0
6059,1641639601000.0,0.0,0.0,0.2,5.564288584008406,0.0,0.0,5.516,1.0,1.0,1372.5317781267795,1050.0,1372.5221204099778,1050.0,0.000810806521595078,0.0
6060,1641643201000.0,0.0,0.0,0.2,5.564288584008406,0.0,0.0,5.519,1.0,1.0,1372.5317781267795,1050.0,1372.5227204099779,1050.0,0.000810806521595078,0.0
6061,1641646801000.0,0.0,0.0,0.2,5.564288584008406,0.0,0.0,5.524,1.0,1.0,1372.5317781267795,1050.0,1372.5237204099778,1050.0,0.000810806521595078,0.0
6062,1641650401000.0,0.0,0.0,0.2,5.583144292004203,0.0,0.0,5.549,1.0,1.0,1372.5353372383786,1050.0,1372.5285083799777,1050.0,0.000813551992510126,0.0
6063,1641654001000.0,0.0,0.0,1.2,5.424690715334034,0.0,0.0,5.372,1.0,1.0,1372.5347979383787,1050.0,1372.4715690799778,1050.0,0.004742778739146471,0.0
6064,1641657601000.0,0.0,0.0,1.2,5.424690715334034,0.0,0.0,5.346,1.0,1.0,1372.5347979383787,1050.0,1372.440369079978,1050.0,0.004742778739146471,0.0
6065,1641661201000.0,0.0,0.0,2.8,5.348296020857443,0.0,0.0,5.264,1.0,1.0,1372.5339513783788,1050.0,1372.2979225199779,1050.0,0.010910643662666296,0.0
6066,1641664801000.0,0.0,0.0,35.5,5.087040249532418,0.0,0.0,5.004,1.0,1.0,1372.5173899083788,1050.0,1369.569461049978,1050.0,0.13157569454945556,0.0
6067,1641668401000.0,0.0,0.0,28.9,4.995667788726712,0.0,0.0,4.926,1.0,1.0,1373.28190108418,1050.0,1371.268501989978,1050.0,0.105131218128063,0.0
6068,1641672001000.0,0.0,0.0,28.9,4.995667788726712,0.0,0.0,4.973,1.0,1.0,1373.28190108418,1050.0,1372.626801989978,1050.0,0.105131218128063,0.0
6069,1641675601000.0,0.0,0.0,11.6,4.995667788726712,0.0,0.0,4.953,1.0,1.0,1373.8498481692077,1050.0,1373.3549018199778,1050.0,0.042180553010544554,0.0
6070,1641679201000.0,0.0,0.0,0.2,5.084916947181678,0.0,0.0,5.101,1.0,1.0,1374.6275090094136,1050.0,1374.6307256199773,1050.0,0.0007398247036167608,0.0
6071,1641682801000.0,0.0,0.0,0.2,5.155807309198854,0.0,0.0,5.103,1.0,1.0,1374.6406754018171,1050.0,1374.6301139399773,1050.0,0.0007501316382467404,0.0
6072,1641686401000.0,0.0,0.0,0.5,5.081522923679541,0.0,0.0,5.017,1.0,1.0,1374.6405244418172,1050.0,1374.6082629799773,1050.0,0.0018483097338276603,0.0
6073,1641690001000.0,0.0,0.0,0.1,5.0987614618397705,0.0,0.0,5.148,1.0,1.0,1374.6570320361611,1050.0,1374.6619558899772,1050.0,0.00037091153233235303,0.0
6074,1641693601000.0,0.0,0.0,0.2,5.169610091364985,0.0,0.0,5.107,1.0,1.0,1374.66681641825,1050.0,1374.6542943999768,1050.0,0.000752125537566203,0.0
6075,1641697201000.0,0.0,0.0,0.2,5.169610091364985,0.0,0.0,5.191,1.0,1.0,1374.66681641825,1050.0,1374.671094399977,1050.0,0.000752125537566203,0.0
6076,1641700801000.0,0.0,0.0,0.2,5.169610091364985,0.0,0.0,5.127,1.0,1.0,1374.66681641825,1050.0,1374.658294399977,1050.0,0.000752125537566203,0.0
6077,1641704401000.0,0.0,0.0,0.2,5.225201261420624,0.0,0.0,5.246,1.0,1.0,1374.676821252261,1050.0,1374.680980999977,1050.0,0.0007602079529733731,0.0
6078,1641708001000.0,0.0,0.0,0.2,5.243600630710311,0.0,0.0,5.154,1.0,1.0,1374.6801959061193,1050.0,1374.662275779977,1050.0,0.0007628829812673625,0.0
6079,1641711601000.0,0.0,0.0,0.2,5.243600630710311,0.0,0.0,5.194,1.0,1.0,1374.6801959061193,1050.0,1374.6702757799771,1050.0,0.0007628829812673625,0.0
6080,1641715201000.0,0.0,0.0,0.2,5.243600630710311,0.0,0.0,5.128,1.0,1.0,1374.6801959061193,1050.0,1374.6570757799773,1050.0,0.0007628829812673625,0.0
6081,1641718801000.0,0.0,0.0,0.5,5.168240252284125,0.0,0.0,5.103,1.0,1.0,1374.6800423661193,1050.0,1374.6474222399772,1050.0,0.0018797975139685868,0.0
6082,1641722401000.0,0.0,0.0,1.2,5.09518343845172,0.0,0.0,5.049,1.0,1.0,1374.6796893561193,1050.0,1374.6242692299772,1050.0,0.00444774166191826,0.0
6083,1641726001000.0,0.0,0.0,1.2,5.09518343845172,0.0,0.0,5.073,1.0,1.0,1374.6796893561193,1050.0,1374.6530692299773,1050.0,0.00444774166191826,0.0
6084,1641729601000.0,0.0,0.0,0.2,5.13154585961293,0.0,0.0,5.141,1.0,1.0,1374.736358251899,1050.0,1374.7382490799764,1050.0,0.000746549813542162,0.0
6085,1641733201000.0,0.0,0.0,0.2,5.13154585961293,0.0,0.0,5.074,1.0,1.0,1374.736358251899,1050.0,1374.7248490799764,1050.0,0.000746549813542162,0.0
6086,1641736801000.0,0.0,0.0,0.5,5.057418343845172,0.0,0.0,5.003,1.0,1.0,1374.736208011899,1050.0,1374.7089988399764,1050.0,0.0018394141051827878,0.0
6087,1641740401000.0,0.0,0.0,0.4,5.057418343845172,0.0,0.0,5.046,1.0,1.0,1374.7395152675144,1050.0,1374.7349479299764,1050.0,0.001471527744035505,0.0
6088,1641744001000.0,0.0,0.0,0.4,5.057418343845172,0.0,0.0,5.022,1.0,1.0,1374.7395152675144,1050.0,1374.7253479299764,1050.0,0.001471527744035505,0.0
6089,1641747601000.0,0.0,0.0,0.2,5.18596420581129,0.0,0.0,5.21,1.0,1.0,1374.7691181911384,1050.0,1374.7739253499763,1050.0,0.0007544487488393333,0.0
6090,1641751201000.0,0.0,0.0,0.2,5.203482102905645,0.0,0.0,5.181,1.0,1.0,1374.7724173605573,1050.0,1374.7679209399762,1050.0,0.0007569954178882751,0.0
6091,1641754801000.0,0.0,0.0,0.2,5.203482102905645,0.0,0.0,5.144,1.0,1.0,1374.7724173605573,1050.0,1374.7605209399762,1050.0,0.0007569954178882751,0.0
6092,1641758401000.0,0.0,0.0,0.2,5.240620525726412,0.0,0.0,5.253,1.0,1.0,1374.7791350951215,1050.0,1374.7816109899763,1050.0,0.0007623945391582933,0.0
6093,1641762001000.0,0.0,0.0,0.2,5.240620525726412,0.0,0.0,5.2,1.0,1.0,1374.7791350951215,1050.0,1374.7710109899763,1050.0,0.0007623945391582933,0.0
6094,1641765601000.0,0.0,0.0,0.2,5.240620525726412,0.0,0.0,5.153,1.0,1.0,1374.7791350951215,1050.0,1374.7616109899764,1050.0,0.0007623945391582933,0.0
6095,1641769201000.0,0.0,0.0,0.5,5.165248210290565,0.0,0.0,5.114,1.0,1.0,1374.7789816451216,1050.0,1374.7533575399764,1050.0,0.0018785740396283915,0.0
6096,1641772801000.0,0.0,0.0,0.5,5.165248210290565,0.0,0.0,5.092,1.0,1.0,1374.7789816451216,1050.0,1374.7423575399762,1050.0,0.0018785740396283915,0.0
6097,1641776401000.0,0.0,0.0,0.5,5.165248210290565,0.0,0.0,5.067,1.0,1.0,1374.7789816451216,1050.0,1374.7298575399764,1050.0,0.0018785740396283915,0.0
6098,1641780001000.0,0.0,0.0,1.2,5.092186754287736,0.0,0.0,5.067,1.0,1.0,1374.7786288451216,1050.0,1374.7484047399764,1050.0,0.0044448058596011876,0.0
6099,1641783601000.0,0.0,0.0,1.2,5.092186754287736,0.0,0.0,5.078,1.0,1.0,1374.7786288451216,1050.0,1374.7616047399763,1050.0,0.0044448058596011876,0.0
6100,1641787201000.0,0.0,0.0,1.2,5.092186754287736,0.0,0.0,5.061,1.0,1.0,1374.7786288451216,1050.0,1374.7412047399764,1050.0,0.0044448058596011876,0.0
6101,1641790801000.0,0.0,0.0,0.7,5.092186754287736,0.0,0.0,5.125,1.0,1.0,1374.7952791679775,1050.0,1374.818248439976,1050.0,0.0025927720163242485,0.0
6102,1641794401000.0,0.0,0.0,0.6,5.092186754287736,0.0,0.0,5.107,1.0,1.0,1374.7986092325486,1050.0,1374.807497179976,1050.0,0.0022223706309087723,0.0
6103,1641798001000.0,0.0,0.0,0.2,5.110093377143868,0.0,0.0,5.103,1.0,1.0,1374.8152082754045,1050.0,1374.8137895999757,1050.0,0.0007433862160361276,0.0
6104,1641801601000.0,0.0,0.0,0.2,5.128046688571934,0.0,0.0,5.114,1.0,1.0,1374.8184960376902,1050.0,1374.815686699976,1050.0,0.0007459961738005815,0.0
6105,1641805201000.0,0.0,0.0,0.2,5.128046688571934,0.0,0.0,5.068,1.0,1.0,1374.8184960376902,1050.0,1374.806486699976,1050.0,0.0007459961738005815,0.0
6106,1641808801000.0,0.0,0.0,0.2,5.128046688571934,0.0,0.0,5.089,1.0,1.0,1374.8184960376902,1050.0,1374.8106866999758,1050.0,0.0007459961738005815,0.0
6107,1641812401000.0,0.0,0.0,0.2,5.128046688571934,0.0,0.0,5.032,1.0,1.0,1374.8184960376902,1050.0,1374.799286699976,1050.0,0.0007459961738005815,0.0
6108,1641816001000.0,0.0,0.0,0.5,5.054218675428773,0.0,0.0,4.992,1.0,1.0,1374.8183458876902,1050.0,1374.7872365499757,1050.0,0.0018381405407291733,0.0
6109,1641819601000.0,0.0,0.0,2.8,4.912681906326567,0.0,0.0,4.84,1.0,1.0,1374.8172230476903,1050.0,1374.6137137099759,1050.0,0.01000533678740307,0.0
6110,1641823201000.0,0.0,0.0,2.8,4.912681906326567,0.0,0.0,4.822,1.0,1.0,1374.8172230476903,1050.0,1374.563313709976,1050.0,0.01000533678740307,0.0
6111,1641826801000.0,0.0,0.0,0.2,4.868,0.0,0.0,4.796,1.0,1.0,1376.8310019199773,1050.0,1376.8166019199773,1050.0,0.0007071310848189244,0.0
6112,1641830401000.0,0.0,0.0,0.5,4.7978000000000005,0.0,0.0,4.772,1.0,1.0,1376.8308593899774,1050.0,1376.8179593899774,1050.0,0.00174233456756109,0.0
6113,1641834001000.0,0.0,0.0,0.2,4.8915500000000005,0.0,0.0,4.907,1.0,1.0,1376.8658325799772,1050.0,1376.8689225799772,1050.0,0.0007105340090884807,0.0
6114,1641837601000.0,0.0,0.0,0.8,4.752758333333333,0.0,0.0,4.742,1.0,1.0,1376.8776653866437,1050.0,1376.869058719977,1050.0,0.0027614702179070945,0.0
6115,1641841201000.0,0.0,0.0,0.2,4.804094791666667,0.0,0.0,4.798,1.0,1.0,1376.9053024983098,1050.0,1376.9040835399765,1050.0,0.0006978104860152596,0.0
6116,1641844801000.0,0.0,0.0,0.2,4.820547395833334,0.0,0.0,4.781,1.0,1.0,1376.9083962891432,1050.0,1376.9004868099764,1050.0,0.0007001987073105254,0.0
6117,1641848401000.0,0.0,0.0,0.2,4.854636848958334,0.0,0.0,4.863,1.0,1.0,1376.914619679768,1050.0,1376.9162923099764,1050.0,0.0007051471136369207,0.0
6118,1641852001000.0,0.0,0.0,0.2,4.854636848958334,0.0,0.0,4.852,1.0,1.0,1376.914619679768,1050.0,1376.9140923099765,1050.0,0.0007051471136369207,0.0
6119,1641855601000.0,0.0,0.0,0.2,4.854636848958334,0.0,0.0,4.83,1.0,1.0,1376.914619679768,1050.0,1376.9096923099764,1050.0,0.0007051471136369207,0.0
6120,1641859201000.0,0.0,0.0,0.2,4.871318424479167,0.0,0.0,4.865,1.0,1.0,1376.9177582448724,1050.0,1376.9164945599766,1050.0,0.0007075685378171798,0.0
6121,1641862801000.0,0.0,0.0,0.2,4.871318424479167,0.0,0.0,4.836,1.0,1.0,1376.9177582448724,1050.0,1376.9106945599765,1050.0,0.0007075685378171798,0.0
6122,1641866401000.0,0.0,0.0,0.2,4.888159212239584,0.0,0.0,4.903,1.0,1.0,1376.9209283124246,1050.0,1376.9238964699766,1050.0,0.0007100130605510641,0.0
6123,1641870001000.0,0.0,0.0,0.2,4.923039803059895,0.0,0.0,4.913,1.0,1.0,1376.9273072105887,1050.0,1376.9252992499767,1050.0,0.0007150762102369956,0.0
6124,1641873601000.0,0.0,0.0,0.2,4.923039803059895,0.0,0.0,4.95,1.0,1.0,1376.9273072105887,1050.0,1376.9326992499766,1050.0,0.0007150762102369956,0.0
6125,1641877201000.0,0.0,0.0,0.2,4.940019901529947,0.0,0.0,4.922,1.0,1.0,1376.9305041002826,1050.0,1376.9269001199766,1050.0,0.0007175409197224326,0.0
6126,1641880801000.0,0.0,0.0,0.2,4.940019901529947,0.0,0.0,4.918,1.0,1.0,1376.9305041002826,1050.0,1376.9261001199766,1050.0,0.0007175409197224326,0.0
6127,1641884401000.0,0.0,0.0,0.2,4.940019901529947,0.0,0.0,4.929,1.0,1.0,1376.9305041002826,1050.0,1376.9283001199767,1050.0,0.0007175409197224326,0.0
6128,1641888001000.0,0.0,0.0,0.2,4.940019901529947,0.0,0.0,4.952,1.0,1.0,1376.9305041002826,1050.0,1376.9329001199767,1050.0,0.0007175409197224326,0.0
6129,1641891601000.0,0.0,0.0,0.2,4.9767549753824865,0.0,0.0,4.927,1.0,1.0,1376.9368517350529,1050.0,1376.9269007399764,1050.0,0.0007228733792855307,0.0
6130,1641895201000.0,0.0,0.0,0.2,4.9767549753824865,0.0,0.0,4.918,1.0,1.0,1376.9368517350529,1050.0,1376.9251007399764,1050.0,0.0007228733792855307,0.0
6131,1641898801000.0,0.0,0.0,0.2,4.9767549753824865,0.0,0.0,4.88,1.0,1.0,1376.9368517350529,1050.0,1376.9175007399763,1050.0,0.0007228733792855307,0.0
6132,1641902401000.0,0.0,0.0,0.2,4.9767549753824865,0.0,0.0,4.924,1.0,1.0,1376.9368517350529,1050.0,1376.9263007399763,1050.0,0.0007228733792855307,0.0
6133,1641906001000.0,0.0,0.0,0.2,4.9767549753824865,0.0,0.0,4.96,1.0,1.0,1376.9368517350529,1050.0,1376.9335007399764,1050.0,0.0007228733792855307,0.0
6134,1641909601000.0,0.0,0.0,0.2,4.9767549753824865,0.0,0.0,4.938,1.0,1.0,1376.9368517350529,1050.0,1376.9291007399763,1050.0,0.0007228733792855307,0.0
6135,1641913201000.0,0.0,0.0,0.5,4.904901990152995,0.0,0.0,4.896,1.0,1.0,1376.936706025053,1050.0,1376.9322550299764,1050.0,0.001781092031569297,0.0
6136,1641916801000.0,0.0,0.0,0.2,4.9219509950764975,0.0,0.0,4.931,1.0,1.0,1376.9492983589919,1050.0,1376.9511081599767,1050.0,0.000714906641942784,0.0
6137,1641920401000.0,0.0,0.0,0.2,5.077453029287259,0.0,0.0,5.056,1.0,1.0,1376.9781943358337,1050.0,1376.9739037299762,1050.0,0.000737477623127692,0.0
6138,1641924001000.0,0.0,0.0,0.2,5.095226514643629,0.0,0.0,5.034,1.0,1.0,1376.981446792905,1050.0,1376.9692014899763,1050.0,0.0007400573953281362,0.0
6139,1641927601000.0,0.0,0.0,0.2,5.095226514643629,0.0,0.0,5.046,1.0,1.0,1376.981446792905,1050.0,1376.9716014899764,1050.0,0.0007400573953281362,0.0
6140,1641931201000.0,0.0,0.0,0.2,5.095226514643629,0.0,0.0,5.067,1.0,1.0,1376.981446792905,1050.0,1376.9758014899762,1050.0,0.0007400573953281362,0.0
6141,1641934801000.0,0.0,0.0,0.2,5.095226514643629,0.0,0.0,5.044,1.0,1.0,1376.981446792905,1050.0,1376.9712014899762,1050.0,0.0007400573953281362,0.0
6142,1641938401000.0,0.0,0.0,0.2,5.095226514643629,0.0,0.0,5.033,1.0,1.0,1376.981446792905,1050.0,1376.9690014899763,1050.0,0.0007400573953281362,0.0
6143,1641942001000.0,0.0,0.0,0.2,5.095226514643629,0.0,0.0,5.038,1.0,1.0,1376.981446792905,1050.0,1376.9700014899763,1050.0,0.0007400573953281362,0.0
6144,1641945601000.0,0.0,0.0,0.2,5.095226514643629,0.0,0.0,5.083,1.0,1.0,1376.981446792905,1050.0,1376.9790014899763,1050.0,0.0007400573953281362,0.0
6145,1641949201000.0,0.0,0.0,0.2,5.095226514643629,0.0,0.0,5.089,1.0,1.0,1376.981446792905,1050.0,1376.9802014899763,1050.0,0.0007400573953281362,0.0
6146,1641952801000.0,0.0,0.0,0.2,5.095226514643629,0.0,0.0,5.068,1.0,1.0,1376.981446792905,1050.0,1376.9760014899762,1050.0,0.0007400573953281362,0.0
6147,1641956401000.0,0.0,0.0,0.2,5.095226514643629,0.0,0.0,5.057,1.0,1.0,1376.981446792905,1050.0,1376.9738014899763,1050.0,0.0007400573953281362,0.0
6148,1641960001000.0,0.0,0.0,0.2,5.095226514643629,0.0,0.0,5.081,1.0,1.0,1376.981446792905,1050.0,1376.9786014899762,1050.0,0.0007400573953281362,0.0
6149,1641963601000.0,0.0,0.0,0.2,5.095226514643629,0.0,0.0,5.124,1.0,1.0,1376.981446792905,1050.0,1376.9872014899763,1050.0,0.0007400573953281362,0.0
6150,1641967201000.0,0.0,0.0,0.2,5.113113257321815,0.0,0.0,5.138,1.0,1.0,1376.9847215414406,1050.0,1376.9896988899764,1050.0,0.000742653593367112,0.0
6151,1641970801000.0,0.0,0.0,0.2,5.131056628660907,0.0,0.0,5.131,1.0,1.0,1376.9880072557085,1050.0,1376.9879959299763,1050.0,0.0007452579981269312,0.0
6152,1641974401000.0,0.0,0.0,0.2,5.131056628660907,0.0,0.0,5.132,1.0,1.0,1376.9880072557085,1050.0,1376.9881959299762,1050.0,0.0007452579981269312,0.0
6153,1641978001000.0,0.0,0.0,0.2,5.131056628660907,0.0,0.0,5.139,1.0,1.0,1376.9880072557085,1050.0,1376.9895959299763,1050.0,0.0007452579981269312,0.0
6154,1641981601000.0,0.0,0.0,0.2,5.166514157165227,0.0,0.0,5.177,1.0,1.0,1376.9945917714094,1050.0,1376.9966889399764,1050.0,0.0007504044225066796,0.0
6155,1641985201000.0,0.0,0.0,0.2,5.184757078582614,0.0,0.0,5.17,1.0,1.0,1376.9979363156929,1050.0,1376.9949848999763,1050.0,0.0007530522656344704,0.0
6156,1641988801000.0,0.0,0.0,0.2,5.222439269645653,0.0,0.0,5.202,1.0,1.0,1377.0045635439055,1050.0,1377.0004756899764,1050.0,0.0007585217083384251,0.0
6157,1641992401000.0,0.0,0.0,0.2,5.240219634822827,0.0,0.0,5.263,1.0,1.0,1377.007914466941,1050.0,1377.0124705399764,1050.0,0.0007611023262493578,0.0
6158,1641996001000.0,0.0,0.0,0.2,5.335506863588213,0.0,0.0,5.335,1.0,1.0,1377.0248404526942,1050.0,1377.0247390799766,1050.0,0.0007749325512289489,0.0
6159,1641999601000.0,0.0,0.0,0.2,5.335506863588213,0.0,0.0,5.315,1.0,1.0,1377.0248404526942,1050.0,1377.0207390799765,1050.0,0.0007749325512289489,0.0
6160,1642003201000.0,0.0,0.0,0.2,5.335506863588213,0.0,0.0,5.288,1.0,1.0,1377.0248404526942,1050.0,1377.0153390799765,1050.0,0.0007749325512289489,0.0
6161,1642006801000.0,0.0,0.0,0.2,5.373376715897054,0.0,0.0,5.365,1.0,1.0,1377.0316991531558,1050.0,1377.0300238099765,1050.0,0.0007804289064952626,0.0
6162,1642010401000.0,0.0,0.0,0.2,5.373376715897054,0.0,0.0,5.353,1.0,1.0,1377.0316991531558,1050.0,1377.0276238099764,1050.0,0.0007804289064952626,0.0
6163,1642014001000.0,0.0,0.0,0.2,5.373376715897054,0.0,0.0,5.351,1.0,1.0,1377.0316991531558,1050.0,1377.0272238099765,1050.0,0.0007804289064952626,0.0
6164,1642017601000.0,0.0,0.0,0.2,5.411094178974263,0.0,0.0,5.408,1.0,1.0,1377.0386258657709,1050.0,1377.0380070299761,1050.0,0.0007859030353011636,0.0
6165,1642021201000.0,0.0,0.0,0.2,5.411094178974263,0.0,0.0,5.402,1.0,1.0,1377.0386258657709,1050.0,1377.036807029976,1050.0,0.0007859030353011636,0.0
6166,1642024801000.0,0.0,0.0,0.2,5.448273544743566,0.0,0.0,5.415,1.0,1.0,1377.0455434689247,1050.0,1377.038888759976,1050.0,0.0007912989618366265,0.0
6167,1642028401000.0,0.0,0.0,0.2,5.448273544743566,0.0,0.0,5.426,1.0,1.0,1377.0455434689247,1050.0,1377.041088759976,1050.0,0.0007912989618366265,0.0
6168,1642032001000.0,0.0,0.0,0.2,5.448273544743566,0.0,0.0,5.433,1.0,1.0,1377.0455434689247,1050.0,1377.042488759976,1050.0,0.0007912989618366265,0.0
6169,1642035601000.0,0.0,0.0,0.2,5.485318386185892,0.0,0.0,5.398,1.0,1.0,1377.0525326772129,1050.0,1377.0350689999757,1050.0,0.0007966752547227151,0.0
6170,1642039201000.0,0.0,0.0,0.5,5.405927354474357,0.0,0.0,5.311,1.0,1.0,1377.052372087213,1050.0,1377.0049084099758,1050.0,0.001962861930327506,0.0
6171,1642042801000.0,0.0,0.0,0.5,5.405927354474357,0.0,0.0,5.33,1.0,1.0,1377.052372087213,1050.0,1377.0144084099757,1050.0,0.001962861930327506,0.0
6172,1642046401000.0,0.0,0.0,1.2,5.329553064364315,0.0,0.0,5.296,1.0,1.0,1377.052002837213,1050.0,1377.0117391599758,1050.0,0.004644315293874354,0.0
6173,1642050001000.0,0.0,0.0,0.3,5.329553064364315,0.0,0.0,5.353,1.0,1.0,1377.1037201992851,1050.0,1377.110754279976,1050.0,0.0011610352189578847,0.0
6174,1642053601000.0,0.0,0.0,0.2,5.348776532182158,0.0,0.0,5.341,1.0,1.0,1377.1106486064123,1050.0,1377.109093299976,1050.0,0.0007768114403290589,0.0
6175,1642057201000.0,0.0,0.0,0.2,5.367888266091079,0.0,0.0,5.386,1.0,1.0,1377.114063243194,1050.0,1377.117685589976,1050.0,0.000779585135228283,0.0
6176,1642060801000.0,0.0,0.0,0.2,5.423361033261385,0.0,0.0,5.422,1.0,1.0,1377.1244324366282,1050.0,1377.124160229976,1050.0,0.0007876355840503838,0.0
6177,1642064401000.0,0.0,0.0,0.2,5.460340258315346,0.0,0.0,5.445,1.0,1.0,1377.131409521639,1050.0,1377.1283414699758,1050.0,0.0007930020650987916,0.0
6178,1642068001000.0,0.0,0.0,0.2,5.4796701291576735,0.0,0.0,5.448,1.0,1.0,1377.1348655458073,1050.0,1377.1285315199757,1050.0,0.0007958073339441429,0.0
6179,1642071601000.0,0.0,0.0,0.2,5.4796701291576735,0.0,0.0,5.411,1.0,1.0,1377.1348655458073,1050.0,1377.1211315199757,1050.0,0.0007958073339441429,0.0
6180,1642075201000.0,0.0,0.0,0.5,5.400668051663069,0.0,0.0,5.324,1.0,1.0,1377.1347051058074,1050.0,1377.0963710799758,1050.0,0.0019608350699607587,0.0
6181,1642078801000.0,0.0,0.0,0.5,5.400668051663069,0.0,0.0,5.405,1.0,1.0,1377.1347051058074,1050.0,1377.136871079976,1050.0,0.0019608350699607587,0.0
6182,1642082401000.0,0.0,0.0,0.5,5.400668051663069,0.0,0.0,5.392,1.0,1.0,1377.1347051058074,1050.0,1377.130371079976,1050.0,0.0019608350699607587,0.0
6183,1642086001000.0,0.0,0.0,0.2,5.472208506457884,0.0,0.0,5.44,1.0,1.0,1377.1586211512674,1050.0,1377.1521794499758,1050.0,0.0007947099807403834,0.0
6184,1642089601000.0,0.0,0.0,2.8,5.242300607604135,0.0,0.0,5.218,1.0,1.0,1377.1572627512676,1050.0,1377.089221049976,1050.0,0.010658507999273205,0.0
6185,1642093201000.0,0.0,0.0,2.8,5.242300607604135,0.0,0.0,5.183,1.0,1.0,1377.1572627512676,1050.0,1376.991221049976,1050.0,0.010658507999273205,0.0
6186,1642096801000.0,0.0,0.0,6.5,5.1658525694294735,0.0,0.0,5.168,1.0,1.0,1377.1553727912676,1050.0,1377.1693310899761,1050.0,0.024382173837970367,0.0
6187,1642100401000.0,0.0,0.0,6.5,5.1658525694294735,0.0,0.0,5.14,1.0,1.0,1377.1553727912676,1050.0,1376.9873310899761,1050.0,0.024382173837970367,0.0
6188,1642104001000.0,0.0,0.0,6.5,5.1658525694294735,0.0,0.0,5.125,1.0,1.0,1377.1553727912676,1050.0,1376.889831089976,1050.0,0.024382173837970367,0.0
6189,1642107601000.0,0.0,0.0,6.5,5.1658525694294735,0.0,0.0,5.159,1.0,1.0,1377.1553727912676,1050.0,1377.110831089976,1050.0,0.024382173837970367,0.0
6190,1642111201000.0,0.0,0.0,6.5,5.1658525694294735,0.0,0.0,5.152,1.0,1.0,1377.1553727912676,1050.0,1377.065331089976,1050.0,0.024382173837970367,0.0
6191,1642114801000.0,0.0,0.0,6.5,5.1658525694294735,0.0,0.0,5.101,1.0,1.0,1377.1553727912676,1050.0,1376.733831089976,1050.0,0.024382173837970367,0.0
6192,1642118401000.0,0.0,0.0,6.5,5.1658525694294735,0.0,0.0,5.083,1.0,1.0,1377.1553727912676,1050.0,1376.6168310899761,1050.0,0.024382173837970367,0.0
6193,1642122001000.0,0.0,0.0,6.5,5.1658525694294735,0.0,0.0,5.117,1.0,1.0,1377.1553727912676,1050.0,1376.8378310899761,1050.0,0.024382173837970367,0.0
6194,1642125601000.0,0.0,0.0,6.5,5.1658525694294735,0.0,0.0,5.098,1.0,1.0,1377.1553727912676,1050.0,1376.714331089976,1050.0,0.024382173837970367,0.0
6195,1642129201000.0,0.0,0.0,6.5,5.1658525694294735,0.0,0.0,5.096,1.0,1.0,1377.1553727912676,1050.0,1376.701331089976,1050.0,0.024382173837970367,0.0
6196,1642132801000.0,0.0,0.0,6.5,5.1658525694294735,0.0,0.0,5.083,1.0,1.0,1377.1553727912676,1050.0,1376.6168310899761,1050.0,0.024382173837970367,0.0
6197,1642136401000.0,0.0,0.0,6.5,5.1658525694294735,0.0,0.0,5.091,1.0,1.0,1377.1553727912676,1050.0,1376.668831089976,1050.0,0.024382173837970367,0.0
6198,1642140001000.0,0.0,0.0,6.5,5.1658525694294735,0.0,0.0,5.15,1.0,1.0,1377.1553727912676,1050.0,1377.052331089976,1050.0,0.024382173837970367,0.0
6199,1642143601000.0,0.0,0.0,6.5,5.1658525694294735,0.0,0.0,5.13,1.0,1.0,1377.1553727912676,1050.0,1376.922331089976,1050.0,0.024382173837970367,0.0
6200,1642147201000.0,0.0,0.0,6.5,5.1658525694294735,0.0,0.0,5.094,1.0,1.0,1377.1553727912676,1050.0,1376.6883310899761,1050.0,0.024382173837970367,0.0
6201,1642150801000.0,0.0,0.0,15.2,5.083515901400762,0.0,0.0,5.049,1.0,1.0,1377.1510036512675,1050.0,1376.626361949976,1050.0,0.056108183849429435,0.0
6202,1642154401000.0,0.0,0.0,15.2,5.083515901400762,0.0,0.0,5.06,1.0,1.0,1377.1510036512675,1050.0,1376.7935619499758,1050.0,0.056108183849429435,0.0
6203,1642158001000.0,0.0,0.0,15.2,5.083515901400762,0.0,0.0,4.952,1.0,1.0,1377.1510036512675,1050.0,1375.1519619499759,1050.0,0.056108183849429435,0.0
6204,1642161601000.0,0.0,0.0,15.2,5.083515901400762,0.0,0.0,4.982,1.0,1.0,1377.1510036512675,1050.0,1375.607961949976,1050.0,0.056108183849429435,0.0
6205,1642165201000.0,0.0,0.0,15.2,5.083515901400762,0.0,0.0,4.998,1.0,1.0,1377.1510036512675,1050.0,1375.851161949976,1050.0,0.056108183849429435,0.0
6206,1642168801000.0,0.0,0.0,15.2,5.083515901400762,0.0,0.0,5.013,1.0,1.0,1377.1510036512675,1050.0,1376.079161949976,1050.0,0.056108183849429435,0.0
6207,1642172401000.0,0.0,0.0,4.9,5.083515901400762,0.0,0.0,5.118,1.0,1.0,1377.490619356839,1050.0,1377.6595914399752,1050.0,0.0180830472213989,0.0
6208,1642176001000.0,0.0,0.0,0.4,5.083515901400762,0.0,0.0,5.16,1.0,1.0,1377.669792070535,1050.0,1377.7003857099749,1050.0,0.001475975137339875,0.0
6209,1642179601000.0,0.0,0.0,0.2,5.14562897535019,0.0,0.0,5.171,1.0,1.0,1377.6994013650444,1050.0,1377.7044755699744,1050.0,0.0007469886348577676,0.0
6210,1642183201000.0,0.0,0.0,0.2,5.163314487675095,0.0,0.0,5.116,1.0,1.0,1377.7027348575093,1050.0,1377.6932719599743,1050.0,0.0007495542190687626,0.0
6211,1642186801000.0,0.0,0.0,0.2,5.163314487675095,0.0,0.0,5.148,1.0,1.0,1377.7027348575093,1050.0,1377.6996719599742,1050.0,0.0007495542190687626,0.0
6212,1642190401000.0,0.0,0.0,0.2,5.163314487675095,0.0,0.0,5.152,1.0,1.0,1377.7027348575093,1050.0,1377.7004719599743,1050.0,0.0007495542190687626,0.0
6213,1642194001000.0,0.0,0.0,0.2,5.163314487675095,0.0,0.0,5.181,1.0,1.0,1377.7027348575093,1050.0,1377.7062719599744,1050.0,0.0007495542190687626,0.0
6214,1642197601000.0,0.0,0.0,0.2,5.200578621918774,0.0,0.0,5.21,1.0,1.0,1377.7093793443582,1050.0,1377.7112636199745,1050.0,0.0007549601824433672,0.0
6215,1642201201000.0,0.0,0.0,0.2,5.200578621918774,0.0,0.0,5.199,1.0,1.0,1377.7093793443582,1050.0,1377.7090636199746,1050.0,0.0007549601824433672,0.0
6216,1642204801000.0,0.0,0.0,0.2,5.218289310959387,0.0,0.0,5.211,1.0,1.0,1377.7127167721665,1050.0,1377.7112589099745,1050.0,0.0007575293814787861,0.0
6217,1642208401000.0,0.0,0.0,0.2,5.255822327739846,0.0,0.0,5.283,1.0,1.0,1377.7194128155227,1050.0,1377.7248483499748,1050.0,0.0007629742716623248,0.0
6218,1642212001000.0,0.0,0.0,0.2,5.273911163869923,0.0,0.0,5.289,1.0,1.0,1377.7228247527487,1050.0,1377.7258425199748,1050.0,0.000765598285680779,0.0
6219,1642215601000.0,0.0,0.0,0.2,5.31072779096748,0.0,0.0,5.341,1.0,1.0,1377.7296753081682,1050.0,1377.7357297499748,1050.0,0.0007709390145464618,0.0
6220,1642219201000.0,0.0,0.0,0.2,5.32986389548374,0.0,0.0,5.342,1.0,1.0,1377.7330955790715,1050.0,1377.7355227999747,1050.0,0.0007737150123759724,0.0
6221,1642222801000.0,0.0,0.0,0.2,5.32986389548374,0.0,0.0,5.322,1.0,1.0,1377.7330955790715,1050.0,1377.7315227999748,1050.0,0.0007737150123759724,0.0
6222,1642226401000.0,0.0,0.0,0.2,5.32986389548374,0.0,0.0,5.313,1.0,1.0,1377.7330955790715,1050.0,1377.7297227999748,1050.0,0.0007737150123759724,0.0
6223,1642230001000.0,0.0,0.0,0.2,5.32986389548374,0.0,0.0,5.351,1.0,1.0,1377.7330955790715,1050.0,1377.7373227999747,1050.0,0.0007737150123759724,0.0
6224,1642233601000.0,0.0,0.0,0.2,5.34793194774187,0.0,0.0,5.378,1.0,1.0,1377.736501879523,1050.0,1377.7425154899747,1050.0,0.0007763359598074324,0.0
6225,1642237201000.0,0.0,0.0,0.2,5.365965973870935,0.0,0.0,5.351,1.0,1.0,1377.739901014749,1050.0,1377.7369078199747,1050.0,0.0007789519589174607,0.0
6226,1642240801000.0,0.0,0.0,0.2,5.365965973870935,0.0,0.0,5.359,1.0,1.0,1377.739901014749,1050.0,1377.7385078199748,1050.0,0.0007789519589174607,0.0
6227,1642244401000.0,0.0,0.0,0.2,5.365965973870935,0.0,0.0,5.378,1.0,1.0,1377.739901014749,1050.0,1377.7423078199747,1050.0,0.0007789519589174607,0.0
6228,1642248001000.0,0.0,0.0,0.2,5.3849829869354675,0.0,0.0,5.374,1.0,1.0,1377.743396357362,1050.0,1377.7411997599747,1050.0,0.0007817105857553608,0.0
6229,1642251601000.0,0.0,0.0,0.5,5.307593194774187,0.0,0.0,5.315,1.0,1.0,1377.743238677362,1050.0,1377.7469420799748,1050.0,0.0019261909787594,0.0
6230,1642255201000.0,0.0,0.0,0.2,5.343898298693547,0.0,0.0,5.35,1.0,1.0,1377.7605473497133,1050.0,1377.7617676899747,1050.0,0.0007757368737220953,0.0
6231,1642258801000.0,0.0,0.0,0.2,5.362949149346774,0.0,0.0,5.355,1.0,1.0,1377.7639499098439,1050.0,1377.7623600799745,1050.0,0.0007785004317608553,0.0
6232,1642262401000.0,0.0,0.0,0.2,5.362949149346774,0.0,0.0,5.365,1.0,1.0,1377.7639499098439,1050.0,1377.7643600799745,1050.0,0.0007785004317608553,0.0
6233,1642266001000.0,0.0,0.0,0.2,5.362949149346774,0.0,0.0,5.367,1.0,1.0,1377.7639499098439,1050.0,1377.7647600799744,1050.0,0.0007785004317608553,0.0
6234,1642269601000.0,0.0,0.0,0.2,5.362949149346774,0.0,0.0,5.362,1.0,1.0,1377.7639499098439,1050.0,1377.7637600799744,1050.0,0.0007785004317608553,0.0
6235,1642273201000.0,0.0,0.0,0.2,5.362949149346774,0.0,0.0,5.352,1.0,1.0,1377.7639499098439,1050.0,1377.7617600799745,1050.0,0.0007785004317608553,0.0
6236,1642276801000.0,0.0,0.0,0.2,5.362949149346774,0.0,0.0,5.36,1.0,1.0,1377.7639499098439,1050.0,1377.7633600799745,1050.0,0.0007785004317608553,0.0
6237,1642280401000.0,0.0,0.0,0.2,5.362949149346774,0.0,0.0,5.348,1.0,1.0,1377.7639499098439,1050.0,1377.7609600799744,1050.0,0.0007785004317608553,0.0
6238,1642284001000.0,0.0,0.0,0.2,5.362949149346774,0.0,0.0,5.324,1.0,1.0,1377.7639499098439,1050.0,1377.7561600799745,1050.0,0.0007785004317608553,0.0
6239,1642287601000.0,0.0,0.0,0.2,5.362949149346774,0.0,0.0,5.313,1.0,1.0,1377.7639499098439,1050.0,1377.7539600799746,1050.0,0.0007785004317608553,0.0
6240,1642291201000.0,0.0,0.0,0.2,5.362949149346774,0.0,0.0,5.272,1.0,1.0,1377.7639499098439,1050.0,1377.7457600799746,1050.0,0.0007785004317608553,0.0
6241,1642294801000.0,0.0,0.0,0.2,5.362949149346774,0.0,0.0,5.271,1.0,1.0,1377.7639499098439,1050.0,1377.7455600799744,1050.0,0.0007785004317608553,0.0
6242,1642298401000.0,0.0,0.0,0.2,5.362949149346774,0.0,0.0,5.245,1.0,1.0,1377.7639499098439,1050.0,1377.7403600799746,1050.0,0.0007785004317608553,0.0
6243,1642302001000.0,0.0,0.0,0.5,5.28557965973871,0.0,0.0,5.195,1.0,1.0,1377.763792889844,1050.0,1377.7185030599746,1050.0,0.0019181733788533762,0.0
6244,1642305601000.0,0.0,0.0,0.5,5.28557965973871,0.0,0.0,5.202,1.0,1.0,1377.763792889844,1050.0,1377.7220030599744,1050.0,0.0019181733788533762,0.0
6245,1642309201000.0,0.0,0.0,0.5,5.28557965973871,0.0,0.0,5.21,1.0,1.0,1377.763792889844,1050.0,1377.7260030599746,1050.0,0.0019181733788533762,0.0
6246,1642312801000.0,0.0,0.0,0.5,5.28557965973871,0.0,0.0,5.185,1.0,1.0,1377.763792889844,1050.0,1377.7135030599745,1050.0,0.0019181733788533762,0.0
6247,1642316401000.0,0.0,0.0,0.5,5.28557965973871,0.0,0.0,5.233,1.0,1.0,1377.763792889844,1050.0,1377.7375030599746,1050.0,0.0019181733788533762,0.0
6248,1642320001000.0,0.0,0.0,0.5,5.28557965973871,0.0,0.0,5.213,1.0,1.0,1377.763792889844,1050.0,1377.7275030599747,1050.0,0.0019181733788533762,0.0
6249,1642323601000.0,0.0,0.0,0.5,5.28557965973871,0.0,0.0,5.218,1.0,1.0,1377.763792889844,1050.0,1377.7300030599745,1050.0,0.0019181733788533762,0.0
6250,1642327201000.0,0.0,0.0,0.5,5.28557965973871,0.0,0.0,5.266,1.0,1.0,1377.763792889844,1050.0,1377.7540030599746,1050.0,0.0019181733788533762,0.0
6251,1642330801000.0,0.0,0.0,0.5,5.28557965973871,0.0,0.0,5.241,1.0,1.0,1377.763792889844,1050.0,1377.7415030599745,1050.0,0.0019181733788533762,0.0
6252,1642334401000.0,0.0,0.0,0.5,5.28557965973871,0.0,0.0,5.292,1.0,1.0,1377.763792889844,1050.0,1377.7670030599745,1050.0,0.0019181733788533762,0.0
6253,1642338001000.0,0.0,0.0,0.2,5.323394914934678,0.0,0.0,5.338,1.0,1.0,1377.7811091629617,1050.0,1377.7840301799747,1050.0,0.000772749006287186,0.0
6254,1642341601000.0,0.0,0.0,0.2,5.323394914934678,0.0,0.0,5.329,1.0,1.0,1377.7811091629617,1050.0,1377.7822301799747,1050.0,0.000772749006287186,0.0
6255,1642345201000.0,0.0,0.0,0.2,5.342197457467339,0.0,0.0,5.349,1.0,1.0,1377.7845624714682,1050.0,1377.7859229799747,1050.0,0.0007754764573475134,0.0
6256,1642348801000.0,0.0,0.0,0.2,5.401774682183417,0.0,0.0,5.419,1.0,1.0,1377.7949539964113,1050.0,1377.7983990599746,1050.0,0.0007841188075939907,0.0
6257,1642352401000.0,0.0,0.0,0.2,5.420887341091708,0.0,0.0,5.417,1.0,1.0,1377.7984677481932,1050.0,1377.7976902799749,1050.0,0.0007868911844489627,0.0
6258,1642356001000.0,0.0,0.0,0.2,5.420887341091708,0.0,0.0,5.401,1.0,1.0,1377.7984677481932,1050.0,1377.7944902799748,1050.0,0.0007868911844489627,0.0
6259,1642359601000.0,0.0,0.0,0.2,5.420887341091708,0.0,0.0,5.397,1.0,1.0,1377.7984677481932,1050.0,1377.7936902799747,1050.0,0.0007868911844489627,0.0
6260,1642363201000.0,0.0,0.0,0.2,5.420887341091708,0.0,0.0,5.377,1.0,1.0,1377.7984677481932,1050.0,1377.7896902799748,1050.0,0.0007868911844489627,0.0
6261,1642366801000.0,0.0,0.0,0.2,5.420887341091708,0.0,0.0,5.353,1.0,1.0,1377.7984677481932,1050.0,1377.784890279975,1050.0,0.0007868911844489627,0.0
6262,1642370401000.0,0.0,0.0,0.2,5.420887341091708,0.0,0.0,5.366,1.0,1.0,1377.7984677481932,1050.0,1377.787490279975,1050.0,0.0007868911844489627,0.0
6263,1642374001000.0,0.0,0.0,0.2,5.420887341091708,0.0,0.0,5.393,1.0,1.0,1377.7984677481932,1050.0,1377.792890279975,1050.0,0.0007868911844489627,0.0
6264,1642377601000.0,0.0,0.0,0.2,5.420887341091708,0.0,0.0,5.381,1.0,1.0,1377.7984677481932,1050.0,1377.7904902799748,1050.0,0.0007868911844489627,0.0
6265,1642381201000.0,0.0,0.0,0.2,5.420887341091708,0.0,0.0,5.323,1.0,1.0,1377.7984677481932,1050.0,1377.7788902799748,1050.0,0.0007868911844489627,0.0
6266,1642384801000.0,0.0,0.0,0.5,5.3429549364366835,0.0,0.0,5.3,1.0,1.0,1377.798309018193,1050.0,1377.7768315499748,1050.0,0.0019389466881564203,0.0
6267,1642388401000.0,0.0,0.0,0.5,5.3429549364366835,0.0,0.0,5.269,1.0,1.0,1377.798309018193,1050.0,1377.7613315499748,1050.0,0.0019389466881564203,0.0
6268,1642392001000.0,0.0,0.0,1.2,5.267147890181952,0.0,0.0,5.148,1.0,1.0,1377.7979441081932,1050.0,1377.6549666399749,1050.0,0.004587448758540179,0.0
6269,1642395601000.0,0.0,0.0,2.8,5.192777667220836,0.0,0.0,5.127,1.0,1.0,1377.7971221881933,1050.0,1377.6129447199748,1050.0,0.01055291612536287,0.0
6270,1642399201000.0,0.0,0.0,2.8,5.192777667220836,0.0,0.0,5.146,1.0,1.0,1377.7971221881933,1050.0,1377.666144719975,1050.0,0.01055291612536287,0.0
6271,1642402801000.0,0.0,0.0,2.8,5.192777667220836,0.0,0.0,5.157,1.0,1.0,1377.7971221881933,1050.0,1377.696944719975,1050.0,0.01055291612536287,0.0
6272,1642406401000.0,0.0,0.0,2.8,5.192777667220836,0.0,0.0,5.145,1.0,1.0,1377.7971221881933,1050.0,1377.663344719975,1050.0,0.01055291612536287,0.0
6273,1642410001000.0,0.0,0.0,2.8,5.192777667220836,0.0,0.0,5.156,1.0,1.0,1377.7971221881933,1050.0,1377.694144719975,1050.0,0.01055291612536287,0.0
6274,1642413601000.0,0.0,0.0,2.8,5.192777667220836,0.0,0.0,5.159,1.0,1.0,1377.7971221881933,1050.0,1377.7025447199749,1050.0,0.01055291612536287,0.0
6275,1642417201000.0,0.0,0.0,2.8,5.192777667220836,0.0,0.0,5.139,1.0,1.0,1377.7971221881933,1050.0,1377.6465447199748,1050.0,0.01055291612536287,0.0
6276,1642420801000.0,0.0,0.0,2.8,5.192777667220836,0.0,0.0,5.118,1.0,1.0,1377.7971221881933,1050.0,1377.587744719975,1050.0,0.01055291612536287,0.0
6277,1642424401000.0,0.0,0.0,6.5,5.117196533572052,0.0,0.0,5.065,1.0,1.0,1377.7952499881933,1050.0,1377.455972519975,1050.0,0.02414130653194179,0.0
6278,1642428001000.0,0.0,0.0,6.5,5.117196533572052,0.0,0.0,5.098,1.0,1.0,1377.7952499881933,1050.0,1377.670472519975,1050.0,0.02414130653194179,0.0
6279,1642431601000.0,0.0,0.0,6.5,5.117196533572052,0.0,0.0,5.055,1.0,1.0,1377.7952499881933,1050.0,1377.3909725199749,1050.0,0.02414130653194179,0.0
6280,1642435201000.0,0.0,0.0,6.5,5.117196533572052,0.0,0.0,4.99,1.0,1.0,1377.7952499881933,1050.0,1376.968472519975,1050.0,0.02414130653194179,0.0
6281,1642438801000.0,0.0,0.0,15.2,5.035807728172259,0.0,0.0,4.977,1.0,1.0,1377.7909217381932,1050.0,1376.897044269975,1050.0,0.055555800419741196,0.0
6282,1642442401000.0,0.0,0.0,15.2,5.035807728172259,0.0,0.0,4.954,1.0,1.0,1377.7909217381932,1050.0,1376.547444269975,1050.0,0.055555800419741196,0.0
6283,1642446001000.0,0.0,0.0,15.2,5.035807728172259,0.0,0.0,4.972,1.0,1.0,1377.7909217381932,1050.0,1376.821044269975,1050.0,0.055555800419741196,0.0
6284,1642449601000.0,0.0,0.0,15.2,5.035807728172259,0.0,0.0,4.956,1.0,1.0,1377.7909217381932,1050.0,1376.577844269975,1050.0,0.055555800419741196,0.0
6285,1642453201000.0,0.0,0.0,15.2,5.035807728172259,0.0,0.0,4.963,1.0,1.0,1377.7909217381932,1050.0,1376.684244269975,1050.0,0.055555800419741196,0.0
6286,1642456801000.0,0.0,0.0,15.2,5.035807728172259,0.0,0.0,4.938,1.0,1.0,1377.7909217381932,1050.0,1376.3042442699748,1050.0,0.055555800419741196,0.0
6287,1642460401000.0,0.0,0.0,15.2,5.035807728172259,0.0,0.0,4.959,1.0,1.0,1377.7909217381932,1050.0,1376.623444269975,1050.0,0.055555800419741196,0.0
6288,1642464001000.0,0.0,0.0,15.2,5.035807728172259,0.0,0.0,4.974,1.0,1.0,1377.7909217381932,1050.0,1376.851444269975,1050.0,0.055555800419741196,0.0
6289,1642467601000.0,0.0,0.0,15.2,5.035807728172259,0.0,0.0,5.028,1.0,1.0,1377.7909217381932,1050.0,1377.672244269975,1050.0,0.055555800419741196,0.0
6290,1642471201000.0,0.0,0.0,11.4,5.035807728172259,0.0,0.0,5.06,1.0,1.0,1377.9664210211386,1050.0,1378.242212919975,1050.0,0.041661543580010854,0.0
6291,1642474801000.0,0.0,0.0,11.4,5.035807728172259,0.0,0.0,5.028,1.0,1.0,1377.9664210211386,1050.0,1377.8774129199749,1050.0,0.041661543580010854,0.0
6292,1642478401000.0,0.0,0.0,11.4,5.035807728172259,0.0,0.0,4.997,1.0,1.0,1377.9664210211386,1050.0,1377.524012919975,1050.0,0.041661543580010854,0.0
6293,1642482001000.0,0.0,0.0,11.4,5.035807728172259,0.0,0.0,4.951,1.0,1.0,1377.9664210211386,1050.0,1376.9996129199749,1050.0,0.041661543580010854,0.0
6294,1642485601000.0,0.0,0.0,11.4,5.035807728172259,0.0,0.0,4.957,1.0,1.0,1377.9664210211386,1050.0,1377.0680129199748,1050.0,0.041661543580010854,0.0
6295,1642489201000.0,0.0,0.0,11.4,5.035807728172259,0.0,0.0,5.038,1.0,1.0,1377.9664210211386,1050.0,1377.991412919975,1050.0,0.041661543580010854,0.0
6296,1642492801000.0,0.0,0.0,11.4,5.035807728172259,0.0,0.0,5.003,1.0,1.0,1377.9664210211386,1050.0,1377.5924129199748,1050.0,0.041661543580010854,0.0
6297,1642496401000.0,0.0,0.0,11.4,5.035807728172259,0.0,0.0,4.927,1.0,1.0,1377.9664210211386,1050.0,1376.726012919975,1050.0,0.041661543580010854,0.0
6298,1642500001000.0,0.0,0.0,13.8,4.947346169216682,0.0,0.0,4.956,1.0,1.0,1378.370596535165,1050.0,1378.490019399975,1050.0,0.0495319454048209,0.0
6299,1642503601000.0,0.0,0.0,3.0,4.947346169216682,0.0,0.0,5.002,1.0,1.0,1378.8582654676247,1050.0,1379.0222269599747,1050.0,0.010764005902097943,0.0
6300,1642507201000.0,0.0,0.0,0.1,4.977673084608341,0.0,0.0,5.017,1.0,1.0,1379.003345018435,1050.0,1379.0072777099742,1050.0,0.0003609616396210988,0.0
6301,1642510801000.0,0.0,0.0,0.2,5.013168271152086,0.0,0.0,5.037,1.0,1.0,1379.0064606242045,1050.0,1379.0112269699741,1050.0,0.000727069584414113,0.0
6302,1642514401000.0,0.0,0.0,0.2,5.030084135576043,0.0,0.0,5.002,1.0,1.0,1379.0096428670893,1050.0,1379.004026039974,1050.0,0.0007295212417975601,0.0
6303,1642518001000.0,0.0,0.0,0.5,4.957433654230417,0.0,0.0,4.924,1.0,1.0,1379.0094955970892,1050.0,1378.992778769974,1050.0,0.0017974617542731014,0.0
6304,1642521601000.0,0.0,0.0,0.2,4.9923584135576045,0.0,0.0,4.955,1.0,1.0,1379.0255007526853,1050.0,1379.0180290699739,1050.0,0.0007240414931896079,0.0
6305,1642525201000.0,0.0,0.0,0.2,5.026089603389401,0.0,0.0,5.019,1.0,1.0,1379.0318456306516,1050.0,1379.0304277099738,1050.0,0.0007289301721804542,0.0
6306,1642528801000.0,0.0,0.0,0.2,5.026089603389401,0.0,0.0,4.965,1.0,1.0,1379.0318456306516,1050.0,1379.0196277099737,1050.0,0.0007289301721804542,0.0
6307,1642532401000.0,0.0,0.0,0.2,5.026089603389401,0.0,0.0,4.972,1.0,1.0,1379.0318456306516,1050.0,1379.0210277099736,1050.0,0.0007289301721804542,0.0
6308,1642536001000.0,0.0,0.0,0.2,5.026089603389401,0.0,0.0,5.013,1.0,1.0,1379.0318456306516,1050.0,1379.0292277099736,1050.0,0.0007289301721804542,0.0
6309,1642539601000.0,0.0,0.0,0.2,5.026089603389401,0.0,0.0,5.054,1.0,1.0,1379.0318456306516,1050.0,1379.0374277099736,1050.0,0.0007289301721804542,0.0
6310,1642543201000.0,0.0,0.0,0.2,5.060522400847351,0.0,0.0,5.044,1.0,1.0,1379.0382294601432,1050.0,1379.0349249799738,1050.0,0.000733920538639224,0.0
6311,1642546801000.0,0.0,0.0,0.2,5.060522400847351,0.0,0.0,5.047,1.0,1.0,1379.0382294601432,1050.0,1379.0355249799736,1050.0,0.000733920538639224,0.0
6312,1642550401000.0,0.0,0.0,0.2,5.060522400847351,0.0,0.0,5.01,1.0,1.0,1379.0382294601432,1050.0,1379.0281249799737,1050.0,0.000733920538639224,0.0
6313,1642554001000.0,0.0,0.0,0.2,5.060522400847351,0.0,0.0,5.012,1.0,1.0,1379.0382294601432,1050.0,1379.0285249799738,1050.0,0.000733920538639224,0.0
6314,1642557601000.0,0.0,0.0,0.2,5.060522400847351,0.0,0.0,4.997,1.0,1.0,1379.0382294601432,1050.0,1379.0255249799736,1050.0,0.000733920538639224,0.0
6315,1642561201000.0,0.0,0.0,0.2,5.060522400847351,0.0,0.0,4.965,1.0,1.0,1379.0382294601432,1050.0,1379.0191249799736,1050.0,0.000733920538639224,0.0
6316,1642564801000.0,0.0,0.0,0.9,4.917253733474559,0.0,0.0,4.913,1.0,1.0,1379.0474159801006,1050.0,1379.0435876199736,1050.0,0.003209119794464676,0.0
6317,1642568401000.0,0.0,0.0,0.2,4.934626866737279,0.0,0.0,4.941,1.0,1.0,1379.0731674733208,1050.0,1379.0744420999733,1050.0,0.0007156439532179852,0.0
6318,1642572001000.0,0.0,0.0,0.2,4.95181343336864,0.0,0.0,4.948,1.0,1.0,1379.0763054266472,1050.0,1379.0755427399736,1050.0,0.0007181347999212689,0.0
6319,1642575601000.0,0.0,0.0,0.2,4.95181343336864,0.0,0.0,4.912,1.0,1.0,1379.0763054266472,1050.0,1379.0683427399736,1050.0,0.0007181347999212689,0.0
6320,1642579201000.0,0.0,0.0,0.2,4.95181343336864,0.0,0.0,4.905,1.0,1.0,1379.0763054266472,1050.0,1379.0669427399735,1050.0,0.0007181347999212689,0.0
6321,1642582801000.0,0.0,0.0,0.2,4.95181343336864,0.0,0.0,4.921,1.0,1.0,1379.0763054266472,1050.0,1379.0701427399736,1050.0,0.0007181347999212689,0.0
6322,1642586401000.0,0.0,0.0,0.2,4.95181343336864,0.0,0.0,4.924,1.0,1.0,1379.0763054266472,1050.0,1379.0707427399734,1050.0,0.0007181347999212689,0.0
6323,1642590001000.0,0.0,0.0,0.2,4.95181343336864,0.0,0.0,4.928,1.0,1.0,1379.0763054266472,1050.0,1379.0715427399734,1050.0,0.0007181347999212689,0.0
6324,1642593601000.0,0.0,0.0,0.2,4.9872033583421596,0.0,0.0,5.008,1.0,1.0,1379.082683601642,1050.0,1379.0868429299735,1050.0,0.0007232638648347715,0.0
6325,1642597201000.0,0.0,0.0,0.2,5.00410167917108,0.0,0.0,4.976,1.0,1.0,1379.0858628558078,1050.0,1379.0802425199736,1050.0,0.0007257128528326145,0.0
6326,1642600801000.0,0.0,0.0,0.2,5.00410167917108,0.0,0.0,4.97,1.0,1.0,1379.0858628558078,1050.0,1379.0790425199737,1050.0,0.0007257128528326145,0.0
6327,1642604401000.0,0.0,0.0,0.2,5.00410167917108,0.0,0.0,5.014,1.0,1.0,1379.0858628558078,1050.0,1379.0878425199735,1050.0,0.0007257128528326145,0.0
6328,1642608001000.0,0.0,0.0,0.2,5.00410167917108,0.0,0.0,4.936,1.0,1.0,1379.0858628558078,1050.0,1379.0722425199735,1050.0,0.0007257128528326145,0.0
6329,1642611601000.0,0.0,0.0,0.5,4.932040671668432,0.0,0.0,4.928,1.0,1.0,1379.0857163358078,1050.0,1379.0836959999735,1050.0,0.001788155954791819,0.0
6330,1642615201000.0,0.0,0.0,0.2,4.949520335834215,0.0,0.0,4.974,1.0,1.0,1379.098651797141,1050.0,1379.103547729974,1050.0,0.0007177906133668336,0.0
6331,1642618801000.0,0.0,0.0,0.2,4.966260167917108,0.0,0.0,4.969,1.0,1.0,1379.1018001135576,1050.0,1379.1023480799743,1050.0,0.0007202166174401596,0.0
6332,1642622401000.0,0.0,0.0,0.2,4.966260167917108,0.0,0.0,4.974,1.0,1.0,1379.1018001135576,1050.0,1379.1033480799742,1050.0,0.0007202166174401596,0.0
6333,1642626001000.0,0.0,0.0,0.2,4.966260167917108,0.0,0.0,4.939,1.0,1.0,1379.1018001135576,1050.0,1379.0963480799742,1050.0,0.0007202166174401596,0.0
6334,1642629601000.0,0.0,0.0,0.2,4.966260167917108,0.0,0.0,4.942,1.0,1.0,1379.1018001135576,1050.0,1379.0969480799743,1050.0,0.0007202166174401596,0.0
6335,1642633201000.0,0.0,0.0,0.2,4.966260167917108,0.0,0.0,4.968,1.0,1.0,1379.1018001135576,1050.0,1379.102148079974,1050.0,0.0007202166174401596,0.0
6336,1642636801000.0,0.0,0.0,0.2,4.966260167917108,0.0,0.0,4.89,1.0,1.0,1379.1018001135576,1050.0,1379.0865480799741,1050.0,0.0007202166174401596,0.0
6337,1642640401000.0,0.0,0.0,0.2,4.966260167917108,0.0,0.0,4.93,1.0,1.0,1379.1018001135576,1050.0,1379.0945480799742,1050.0,0.0007202166174401596,0.0
6338,1642644001000.0,0.0,0.0,0.2,4.966260167917108,0.0,0.0,4.909,1.0,1.0,1379.1018001135576,1050.0,1379.090348079974,1050.0,0.0007202166174401596,0.0
6339,1642647601000.0,0.0,0.0,0.2,4.966260167917108,0.0,0.0,4.937,1.0,1.0,1379.1018001135576,1050.0,1379.0959480799743,1050.0,0.0007202166174401596,0.0
6340,1642651201000.0,0.0,0.0,0.2,4.966260167917108,0.0,0.0,4.917,1.0,1.0,1379.1018001135576,1050.0,1379.0919480799741,1050.0,0.0007202166174401596,0.0
6341,1642654801000.0,0.0,0.0,0.2,4.966260167917108,0.0,0.0,4.964,1.0,1.0,1379.1018001135576,1050.0,1379.1013480799743,1050.0,0.0007202166174401596,0.0
6342,1642658401000.0,0.0,0.0,0.2,4.966260167917108,0.0,0.0,4.976,1.0,1.0,1379.1018001135576,1050.0,1379.1037480799741,1050.0,0.0007202166174401596,0.0
6343,1642662001000.0,0.0,0.0,0.2,4.983130083958554,0.0,0.0,4.991,1.0,1.0,1379.104974106766,1050.0,1379.1065480899742,1050.0,0.0007226614619653712,0.0
6344,1642665601000.0,0.0,0.0,0.2,4.983130083958554,0.0,0.0,4.988,1.0,1.0,1379.104974106766,1050.0,1379.1059480899742,1050.0,0.0007226614619653712,0.0
6345,1642669201000.0,0.0,0.0,0.2,4.983130083958554,0.0,0.0,4.985,1.0,1.0,1379.104974106766,1050.0,1379.105348089974,1050.0,0.0007226614619653712,0.0
6346,1642672801000.0,0.0,0.0,0.2,5.000065041979277,0.0,0.0,5.004,1.0,1.0,1379.1081607683702,1050.0,1379.1089477599744,1050.0,0.0007251157210459099,0.0
6347,1642676401000.0,0.0,0.0,0.2,5.000065041979277,0.0,0.0,4.997,1.0,1.0,1379.1081607683702,1050.0,1379.1075477599743,1050.0,0.0007251157210459099,0.0
6348,1642680001000.0,0.0,0.0,0.2,5.000065041979277,0.0,0.0,4.985,1.0,1.0,1379.1081607683702,1050.0,1379.1051477599744,1050.0,0.0007251157210459099,0.0
6349,1642683601000.0,0.0,0.0,0.2,5.000065041979277,0.0,0.0,4.958,1.0,1.0,1379.1081607683702,1050.0,1379.0997477599744,1050.0,0.0007251157210459099,0.0
6350,1642687201000.0,0.0,0.0,0.2,5.000065041979277,0.0,0.0,5.017,1.0,1.0,1379.1081607683702,1050.0,1379.1115477599744,1050.0,0.0007251157210459099,0.0
6351,1642690801000.0,0.0,0.0,0.2,5.035266260494819,0.0,0.0,5.066,1.0,1.0,1379.1145992920735,1050.0,1379.1207460399746,1050.0,0.0007302172369257086,0.0
6352,1642694401000.0,0.0,0.0,0.2,5.069816565123705,0.0,0.0,5.064,1.0,1.0,1379.1211062329992,1050.0,1379.1199429199744,1050.0,0.000735224273228862,0.0
6353,1642698001000.0,0.0,0.0,0.2,5.069816565123705,0.0,0.0,5.056,1.0,1.0,1379.1211062329992,1050.0,1379.1183429199743,1050.0,0.000735224273228862,0.0
6354,1642701601000.0,0.0,0.0,0.2,5.069816565123705,0.0,0.0,5.03,1.0,1.0,1379.1211062329992,1050.0,1379.1131429199745,1050.0,0.000735224273228862,0.0
6355,1642705201000.0,0.0,0.0,0.2,5.069816565123705,0.0,0.0,5.019,1.0,1.0,1379.1211062329992,1050.0,1379.1109429199744,1050.0,0.000735224273228862,0.0
6356,1642708801000.0,0.0,0.0,0.2,5.069816565123705,0.0,0.0,5.022,1.0,1.0,1379.1211062329992,1050.0,1379.1115429199745,1050.0,0.000735224273228862,0.0
6357,1642712401000.0,0.0,0.0,0.2,5.069816565123705,0.0,0.0,4.981,1.0,1.0,1379.1211062329992,1050.0,1379.1033429199745,1050.0,0.000735224273228862,0.0
6358,1642716001000.0,0.0,0.0,2.8,4.856986897508836,0.0,0.0,4.819,1.0,1.0,1379.1198476729992,1050.0,1379.0134843599744,1050.0,0.009861045315221443,0.0
6359,1642719601000.0,0.0,0.0,3.5,4.786409740465345,0.0,0.0,4.792,1.0,1.0,1379.2114218416034,1050.0,1379.2309877499747,1050.0,0.012146385845079417,0.0
6360,1642723201000.0,0.0,0.0,2.5,4.786409740465345,0.0,0.0,4.775,1.0,1.0,1379.2425303011378,1050.0,1379.2140059499743,1050.0,0.008675794204628213,0.0
6361,1642726801000.0,0.0,0.0,2.5,4.786409740465345,0.0,0.0,4.779,1.0,1.0,1379.2425303011378,1050.0,1379.2240059499745,1050.0,0.008675794204628213,0.0
6362,1642730401000.0,0.0,0.0,5.8,4.7173317846833385,0.0,0.0,4.643,1.0,1.0,1379.2409908511377,1050.0,1378.8098664999743,1050.0,0.01983737761033264,0.0
6363,1642734001000.0,0.0,0.0,0.4,4.7173317846833385,0.0,0.0,4.717,1.0,1.0,1379.6376119338468,1050.0,1379.6374792199733,1050.0,0.0013677017048182745,0.0
6364,1642737601000.0,0.0,0.0,0.2,4.670407063262964,0.0,0.0,4.629,1.0,1.0,1379.6619088126263,1050.0,1379.6536273999736,1050.0,0.0006770364584874915,0.0
6365,1642741201000.0,0.0,0.0,0.2,4.71892588290787,0.0,0.0,4.73,1.0,1.0,1379.6709294765556,1050.0,1379.673144299974,1050.0,0.0006840654219913471,0.0
6366,1642744801000.0,0.0,0.0,0.2,4.71892588290787,0.0,0.0,4.711,1.0,1.0,1379.6709294765556,1050.0,1379.669344299974,1050.0,0.0006840654219913471,0.0
6367,1642748401000.0,0.0,0.0,0.2,4.71892588290787,0.0,0.0,4.704,1.0,1.0,1379.6709294765556,1050.0,1379.667944299974,1050.0,0.0006840654219913471,0.0
6368,1642752001000.0,0.0,0.0,0.2,4.71892588290787,0.0,0.0,4.712,1.0,1.0,1379.6709294765556,1050.0,1379.669544299974,1050.0,0.0006840654219913471,0.0
6369,1642755601000.0,0.0,0.0,0.2,4.71892588290787,0.0,0.0,4.711,1.0,1.0,1379.6709294765556,1050.0,1379.669344299974,1050.0,0.0006840654219913471,0.0
6370,1642759201000.0,0.0,0.0,0.2,4.71892588290787,0.0,0.0,4.707,1.0,1.0,1379.6709294765556,1050.0,1379.668544299974,1050.0,0.0006840654219913471,0.0
6371,1642762801000.0,0.0,0.0,0.2,4.71892588290787,0.0,0.0,4.685,1.0,1.0,1379.6709294765556,1050.0,1379.664144299974,1050.0,0.0006840654219913471,0.0
6372,1642766401000.0,0.0,0.0,0.2,4.71892588290787,0.0,0.0,4.69,1.0,1.0,1379.6709294765556,1050.0,1379.665144299974,1050.0,0.0006840654219913471,0.0
6373,1642770001000.0,0.0,0.0,0.2,4.628976078454494,0.0,0.0,4.604,1.0,1.0,1379.7160357556652,1050.0,1379.7110405399742,1050.0,0.0006710041716546727,0.0
6374,1642773601000.0,0.0,0.0,0.2,4.644988039227247,0.0,0.0,4.641,1.0,1.0,1379.7190449378197,1050.0,1379.7182473299742,1050.0,0.000673323754755677,0.0
6375,1642777201000.0,0.0,0.0,0.5,4.577795215690899,0.0,0.0,4.553,1.0,1.0,1379.7189089478197,1050.0,1379.7065113399742,1050.0,0.0016589593670140925,0.0
6376,1642780801000.0,0.0,0.0,0.2,4.626099401961362,0.0,0.0,4.62,1.0,1.0,1379.7367154703668,1050.0,1379.7354955899746,1050.0,0.0006705771253444214,0.0
6377,1642784401000.0,0.0,0.0,0.2,4.64254970098068,0.0,0.0,4.594,1.0,1.0,1379.7397123701705,1050.0,1379.7300024299743,1050.0,0.0006729602198671991,0.0
6378,1642788001000.0,0.0,0.0,0.2,4.64254970098068,0.0,0.0,4.549,1.0,1.0,1379.7397123701705,1050.0,1379.7210024299743,1050.0,0.0006729602198671991,0.0
6379,1642791601000.0,0.0,0.0,0.5,4.5756198803922725,0.0,0.0,4.513,1.0,1.0,1379.7395764401706,1050.0,1379.7082664999746,1050.0,0.0016581462032848647,0.0
6380,1642795201000.0,0.0,0.0,1.2,4.511091616830114,0.0,0.0,4.44,1.0,1.0,1379.7392638901706,1050.0,1379.6539539499745,1050.0,0.003923429652160021,0.0
6381,1642798801000.0,0.0,0.0,1.4,4.447610692927192,0.0,0.0,4.492,1.0,1.0,1379.7886771800722,1050.0,1379.8508222099742,1050.0,0.004512759869013946,0.0
6382,1642802401000.0,0.0,0.0,0.2,4.20155034653442,0.0,0.0,4.247,1.0,1.0,1380.7797522592823,1050.0,1380.7888421899754,1050.0,0.0006085764713249437,0.0
6383,1642806001000.0,0.0,0.0,0.8,4.136469798886134,0.0,0.0,4.175,1.0,1.0,1380.802784409084,1050.0,1380.8336085699752,1050.0,0.002396559361317534,0.0
6384,1642809601000.0,0.0,0.0,0.2,4.220000000000001,0.0,0.0,4.169,1.0,1.0,1380.8632059499741,1050.0,1380.8530059499742,1050.0,0.0006112118828015008,0.0
6385,1642813201000.0,0.0,0.0,0.2,4.20135,0.0,0.0,4.19,1.0,1.0,1380.8812580099745,1050.0,1380.8789880099746,1050.0,0.0006085027189165677,0.0
6386,1642816801000.0,0.0,0.0,0.2,4.215675,0.0,0.0,4.232,1.0,1.0,1380.8839384199746,1050.0,1380.8872034199746,1050.0,0.0006105762957636585,0.0
6387,1642820401000.0,0.0,0.0,0.2,4.215675,0.0,0.0,4.195,1.0,1.0,1380.8839384199746,1050.0,1380.8798034199747,1050.0,0.0006105762957636585,0.0
6388,1642824001000.0,0.0,0.0,0.5,4.15467,0.0,0.0,4.157,1.0,1.0,1380.8838149999747,1050.0,1380.8849799999746,1050.0,0.0015043517618461176,0.0
6389,1642827601000.0,0.0,0.0,0.5,4.15467,0.0,0.0,4.132,1.0,1.0,1380.8838149999747,1050.0,1380.8724799999748,1050.0,0.0015043517618461176,0.0
6390,1642831201000.0,0.0,0.0,6.5,3.980051538461539,0.0,0.0,3.957,1.0,1.0,1380.8814356999746,1050.0,1380.7316006999747,1050.0,0.018734653338927845,0.0
6391,1642834801000.0,0.0,0.0,1.1,3.923728114630468,0.0,0.0,3.888,1.0,1.0,1381.123170606069,1050.0,1381.0838696799754,1050.0,0.003125065901399301,0.0
6392,1642838401000.0,0.0,0.0,0.9,3.8125575288677895,0.0,0.0,3.786,1.0,1.0,1381.2746793359563,1050.0,1381.2507775599754,1050.0,0.002484155995410412,0.0
6393,1642842001000.0,0.0,0.0,0.3,3.8970654071982707,0.0,0.0,3.854,1.0,1.0,1381.3231980421351,1050.0,1381.3102784199757,1050.0,0.0008463765929773511,0.0
6394,1642845601000.0,0.0,0.0,1.7,3.683531230365963,0.0,0.0,3.676,1.0,1.0,1381.542530521598,1050.0,1381.529727429976,1050.0,0.004532616950458943,0.0
6395,1642849201000.0,0.0,0.0,0.3,3.8834179894179908,0.0,0.0,3.899,1.0,1.0,1381.868870096802,1050.0,1381.8735446999767,1050.0,0.0008430795584415947,0.0
6396,1642852801000.0,0.0,0.0,0.3,3.862170525274583,0.0,0.0,3.875,1.0,1.0,1381.8960183475597,1050.0,1381.8998671899774,1050.0,0.0008384503191259383,0.0
6397,1642856401000.0,0.0,0.0,0.2,3.975833333333333,0.0,0.0,3.966,1.0,1.0,1381.9255856366444,1050.0,1381.9236189699777,1050.0,0.0005754048372295954,0.0
6398,1642860001000.0,0.0,0.0,0.5,3.9668,0.0,0.0,3.91,1.0,1.0,1381.9327403699776,1050.0,1381.9043403699777,1050.0,0.001435236276020926,0.0
6399,1642863601000.0,0.0,0.0,2.8,3.8561071428571436,0.0,0.0,3.798,1.0,1.0,1381.9318589999777,1050.0,1381.7691589999777,1050.0,0.007813048038282599,0.0
6400,1642867201000.0,0.0,0.0,6.5,3.8008307692307692,0.0,0.0,3.734,1.0,1.0,1381.9304681699778,1050.0,1381.4960681699777,1050.0,0.017877455175234785,0.0
6401,1642870801000.0,0.0,0.0,0.7,3.810954330270121,0.0,0.0,3.801,1.0,1.0,1382.7841209011667,1050.0,1382.7771528699777,1050.0,0.001929200654582693,0.0
6402,1642874401000.0,0.0,0.0,0.5,3.810954330270121,0.0,0.0,3.744,1.0,1.0,1382.7890533151126,1050.0,1382.7555761499775,1050.0,0.0013779955522260248,0.0
6403,1642878001000.0,0.0,0.0,0.3,3.7573143042792174,0.0,0.0,3.682,1.0,1.0,1382.8106697312617,1050.0,1382.788075439978,1050.0,0.0008151472330646873,0.0
6404,1642881601000.0,0.0,0.0,0.3,3.729758280180169,0.0,0.0,3.697,1.0,1.0,1382.8308566940318,1050.0,1382.8210292099777,1050.0,0.0008091571565947685,0.0
6405,1642885201000.0,0.0,0.0,0.3,3.8173165394337847,0.0,0.0,3.834,1.0,1.0,1382.8804006618075,1050.0,1382.8854056999774,1050.0,0.0008281229246448771,0.0
6406,1642888801000.0,0.0,0.0,0.3,3.860181453207508,0.0,0.0,3.837,1.0,1.0,1382.8899284659399,1050.0,1382.8829740299777,1050.0,0.0008374162050965973,0.0
6407,1642892401000.0,0.0,0.0,1.6,3.7552215224764076,0.0,0.0,3.706,1.0,1.0,1382.88944343594,1050.0,1382.8106889999776,1050.0,0.004344782921354754,0.0
6408,1642896001000.0,0.0,0.0,1.6,3.7552215224764076,0.0,0.0,3.77,1.0,1.0,1382.88944343594,1050.0,1382.9130889999776,1050.0,0.004344782921354754,0.0
6409,1642899601000.0,0.0,0.0,0.3,3.8792641218185224,0.0,0.0,3.892,1.0,1.0,1382.9625049065232,1050.0,1382.9663256699778,1050.0,0.0008415117780971353,0.0
6410,1642903201000.0,0.0,0.0,0.3,3.8881760812123485,0.0,0.0,3.869,1.0,1.0,1382.9650003843415,1050.0,1382.9592475599777,1050.0,0.0008434434884755103,0.0
6411,1642906801000.0,0.0,0.0,0.7,3.8349326062338642,0.0,0.0,3.76,1.0,1.0,1382.9648485843416,1050.0,1382.912395759978,1050.0,0.001941085362445487,0.0
6412,1642910401000.0,0.0,0.0,0.7,3.8349326062338642,0.0,0.0,3.799,1.0,1.0,1382.9648485843416,1050.0,1382.939695759978,1050.0,0.001941085362445487,0.0
6413,1642914001000.0,0.0,0.0,0.3,3.8436217374892436,0.0,0.0,3.832,1.0,1.0,1382.9771506712254,1050.0,1382.9736641499787,1050.0,0.0008337712019950038,0.0
6414,1642917601000.0,0.0,0.0,0.3,3.9119750938264533,0.0,0.0,3.909,1.0,1.0,1382.9942890881264,1050.0,1382.9933965599785,1050.0,0.0008485881231814349,0.0
6415,1642921201000.0,0.0,0.0,0.3,3.9119750938264533,0.0,0.0,3.884,1.0,1.0,1382.9942890881264,1050.0,1382.9858965599785,1050.0,0.0008485881231814349,0.0
6416,1642924801000.0,0.0,0.0,0.3,3.915650062550969,0.0,0.0,3.913,1.0,1.0,1382.9968129687436,1050.0,1382.9960179499783,1050.0,0.0008493837496586042,0.0
6417,1642928401000.0,0.0,0.0,0.3,3.9335500208503236,0.0,0.0,3.954,1.0,1.0,1383.001925266234,1050.0,1383.0080602599787,1050.0,0.0008532634587821918,0.0
6418,1642932001000.0,0.0,0.0,0.2,3.9761937526062905,0.0,0.0,3.965,1.0,1.0,1383.0122208705,1050.0,1383.0099821199788,1050.0,0.0005750048615049232,0.0
6419,1642935601000.0,0.0,0.0,0.2,3.9761937526062905,0.0,0.0,3.974,1.0,1.0,1383.0122208705,1050.0,1383.0117821199788,1050.0,0.0005750048615049232,0.0
6420,1642939201000.0,0.0,0.0,0.3,3.9627958350708603,0.0,0.0,3.93,1.0,1.0,1383.0121815104999,1050.0,1383.0023427599785,1050.0,0.0008596010696180786,0.0
6421,1642942801000.0,0.0,0.0,0.3,3.9627958350708603,0.0,0.0,3.938,1.0,1.0,1383.0121815104999,1050.0,1383.0047427599786,1050.0,0.0008596010696180786,0.0
6422,1642946401000.0,0.0,0.0,0.3,3.9627958350708603,0.0,0.0,3.958,1.0,1.0,1383.0121815104999,1050.0,1383.0107427599787,1050.0,0.0008596010696180786,0.0
6423,1642950001000.0,0.0,0.0,1.6,3.854586719075786,0.0,0.0,3.84,1.0,1.0,1383.0116836605,1050.0,1382.9883449099787,1050.0,0.004459354048403837,0.0
6424,1642953601000.0,0.0,0.0,1.6,3.854586719075786,0.0,0.0,3.824,1.0,1.0,1383.0116836605,1050.0,1382.9627449099787,1050.0,0.004459354048403837,0.0
6425,1642957201000.0,0.0,0.0,1.6,3.854586719075786,0.0,0.0,3.805,1.0,1.0,1383.0116836605,1050.0,1382.9323449099788,1050.0,0.004459354048403837,0.0
6426,1642960801000.0,0.0,0.0,1.6,3.854586719075786,0.0,0.0,3.821,1.0,1.0,1383.0116836605,1050.0,1382.9579449099788,1050.0,0.004459354048403837,0.0
6427,1642964401000.0,0.0,0.0,3.7,3.800334797438177,0.0,0.0,3.752,1.0,1.0,1383.0108942705,1050.0,1382.832055519979,1050.0,0.010167120742702587,0.0
6428,1642968001000.0,0.0,0.0,8.6,3.7448765988978208,0.0,0.0,3.714,1.0,1.0,1383.0090798005,1050.0,1382.7435410499788,1050.0,0.02328685994973148,0.0
6429,1642971601000.0,0.0,0.0,5.9,3.7448765988978208,0.0,0.0,3.763,1.0,1.0,1383.075895083476,1050.0,1383.182823149979,1050.0,0.01597509725390999,0.0
6430,1642975201000.0,0.0,0.0,2.2,3.7448765988978208,0.0,0.0,3.742,1.0,1.0,1383.1674567675543,1050.0,1383.1611282499791,1050.0,0.00595642160120584,0.0
6431,1642978801000.0,0.0,0.0,2.0,3.7448765988978208,0.0,0.0,3.779,1.0,1.0,1383.1724060477748,1050.0,1383.2406528499791,1050.0,0.005414909352621184,0.0
6432,1642982401000.0,0.0,0.0,0.3,3.916794077053077,0.0,0.0,3.928,1.0,1.0,1383.3201409930948,1050.0,1383.3235027699789,1050.0,0.0008494333222621593,0.0
6433,1642986001000.0,0.0,0.0,0.3,3.916794077053077,0.0,0.0,3.851,1.0,1.0,1383.3201409930948,1050.0,1383.300402769979,1050.0,0.0008494333222621593,0.0
6434,1642989601000.0,0.0,0.0,0.7,3.8626260330227478,0.0,0.0,3.809,1.0,1.0,1383.3199881130947,1050.0,1383.2824498899788,1050.0,0.001954600704356242,0.0
6435,1642993201000.0,0.0,0.0,1.6,3.809961389447452,0.0,0.0,3.747,1.0,1.0,1383.3196489030947,1050.0,1383.2189106799788,1050.0,0.00440674592307693,0.0
6436,1642996801000.0,0.0,0.0,1.6,3.809961389447452,0.0,0.0,3.78,1.0,1.0,1383.3196489030947,1050.0,1383.2717106799787,1050.0,0.00440674592307693,0.0
6437,1643000401000.0,0.0,0.0,1.6,3.809961389447452,0.0,0.0,3.75,1.0,1.0,1383.3196489030947,1050.0,1383.2237106799787,1050.0,0.00440674592307693,0.0
6438,1643004001000.0,0.0,0.0,3.7,3.756631952193493,0.0,0.0,3.747,1.0,1.0,1383.3188685430948,1050.0,1383.2832303199789,1050.0,0.010047964022752655,0.0
6439,1643007601000.0,0.0,0.0,2.6,3.756631952193493,0.0,0.0,3.761,1.0,1.0,1383.3463573756824,1050.0,1383.3577142999793,1050.0,0.007060591169829887,0.0
6440,1643011201000.0,0.0,0.0,2.6,3.756631952193493,0.0,0.0,3.71,1.0,1.0,1383.3463573756824,1050.0,1383.2251142999794,1050.0,0.007060591169829887,0.0
6441,1643014801000.0,0.0,0.0,1.9,3.7023349304431283,0.0,0.0,3.712,1.0,1.0,1383.505097827821,1050.0,1383.523461459979,1050.0,0.005084503395676962,0.0
6442,1643018401000.0,0.0,0.0,0.4,3.649748152309206,0.0,0.0,3.703,1.0,1.0,1383.6378176209041,1050.0,1383.6591183599805,1050.0,0.0010551166225233031,0.0
6443,1643022001000.0,0.0,0.0,0.3,3.6670640101260403,0.0,0.0,3.624,1.0,1.0,1383.7062321330197,1050.0,1383.6933129299819,1050.0,0.0007950525750989422,0.0
6444,1643025601000.0,0.0,0.0,0.7,3.741280819941607,0.0,0.0,3.658,1.0,1.0,1383.7362106939413,1050.0,1383.6779141199822,1050.0,0.0018926270438827013,0.0
6445,1643029201000.0,0.0,0.0,8.6,3.585150764413852,0.0,0.0,3.552,1.0,1.0,1383.7333893539412,1050.0,1383.448292779982,1050.0,0.022281963282214778,0.0
6446,1643032801000.0,0.0,0.0,0.6,3.585150764413852,0.0,0.0,3.574,1.0,1.0,1383.9312950386295,1050.0,1383.9246045799812,1050.0,0.0015543332724391261,0.0
6447,1643036401000.0,0.0,0.0,0.7,3.6562101945576515,0.0,0.0,3.641,1.0,1.0,1383.971171926171,1050.0,1383.9605247899808,1050.0,0.0018492777798458982,0.0
6448,1643040001000.0,0.0,0.0,0.3,3.7323059535426983,0.0,0.0,3.749,1.0,1.0,1384.0780500760432,1050.0,1384.0830582899803,1050.0,0.0008089802348944787,0.0
6449,1643043601000.0,0.0,0.0,0.7,3.734105573795846,0.0,0.0,3.728,1.0,1.0,1384.092530641638,1050.0,1384.0882567399808,1050.0,0.001888510951247856,0.0
6450,1643047201000.0,0.0,0.0,0.3,3.865054433540383,0.0,0.0,3.88,1.0,1.0,1384.136227610043,1050.0,1384.140711279981,1050.0,0.0008377183596041161,0.0
6451,1643050801000.0,0.0,0.0,0.2,4.013999999999999,0.0,0.0,3.998,1.0,1.0,1384.168482119981,1050.0,1384.165282119981,1050.0,0.0005799871983578459,0.0
6452,1643054401000.0,0.0,0.0,0.2,4.12903515625,0.0,0.0,4.139,1.0,1.0,1384.1893343812314,1050.0,1384.1913273499815,1050.0,0.0005965997647418351,0.0
6453,1643058001000.0,0.0,0.0,0.2,4.211,0.0,0.0,4.207,1.0,1.0,1384.202292639982,1050.0,1384.201492639982,1050.0,0.0006084370792319215,0.0
6454,1643061601000.0,0.0,0.0,0.2,4.211,0.0,0.0,4.192,1.0,1.0,1384.202292639982,1050.0,1384.198492639982,1050.0,0.0006084370792319215,0.0
6455,1643065201000.0,0.0,0.0,0.2,4.2255,0.0,0.0,4.171,1.0,1.0,1384.205007849982,1050.0,1384.194107849982,1050.0,0.0006105309511288741,0.0
6456,1643068801000.0,0.0,0.0,0.2,4.2255,0.0,0.0,4.211,1.0,1.0,1384.205007849982,1050.0,1384.202107849982,1050.0,0.0006105309511288741,0.0
6457,1643072401000.0,0.0,0.0,0.5,4.1646,0.0,0.0,4.111,1.0,1.0,1384.204884129982,1050.0,1384.178084129982,1050.0,0.0015043293257188538,0.0
6458,1643076001000.0,0.0,0.0,0.5,4.1646,0.0,0.0,4.097,1.0,1.0,1384.204884129982,1050.0,1384.171084129982,1050.0,0.0015043293257188538,0.0
6459,1643079601000.0,0.0,0.0,0.5,4.1646,0.0,0.0,4.143,1.0,1.0,1384.204884129982,1050.0,1384.194084129982,1050.0,0.0015043293257188538,0.0
6460,1643083201000.0,0.0,0.0,0.5,4.1646,0.0,0.0,4.159,1.0,1.0,1384.204884129982,1050.0,1384.202084129982,1050.0,0.0015043293257188538,0.0
6461,1643086801000.0,0.0,0.0,1.2,4.105916666666667,0.0,0.0,4.066,1.0,1.0,1384.2045996499821,1050.0,1384.156699649982,1050.0,0.0035595171416464696,0.0
6462,1643090401000.0,0.0,0.0,0.2,4.130958333333334,0.0,0.0,4.137,1.0,1.0,1384.2404944666498,1050.0,1384.2417027999832,1050.0,0.0005968555825156668,0.0
6463,1643094001000.0,0.0,0.0,0.2,4.160239583333333,0.0,0.0,4.111,1.0,1.0,1384.2457840566497,1050.0,1384.235936139983,1050.0,0.0006010839449539661,0.0
6464,1643097601000.0,0.0,0.0,0.2,4.175119791666667,0.0,0.0,4.17,1.0,1.0,1384.2484763183163,1050.0,1384.247452359983,1050.0,0.0006032327090250772,0.0
6465,1643101201000.0,0.0,0.0,0.2,4.175119791666667,0.0,0.0,4.133,1.0,1.0,1384.2484763183163,1050.0,1384.2400523599829,1050.0,0.0006032327090250772,0.0
6466,1643104801000.0,0.0,0.0,0.2,4.175119791666667,0.0,0.0,4.134,1.0,1.0,1384.2484763183163,1050.0,1384.240252359983,1050.0,0.0006032327090250772,0.0
6467,1643108401000.0,0.0,0.0,0.2,4.175119791666667,0.0,0.0,4.144,1.0,1.0,1384.2484763183163,1050.0,1384.242252359983,1050.0,0.0006032327090250772,0.0
6468,1643112001000.0,0.0,0.0,0.2,4.175119791666667,0.0,0.0,4.111,1.0,1.0,1384.2484763183163,1050.0,1384.235652359983,1050.0,0.0006032327090250772,0.0
6469,1643115601000.0,0.0,0.0,0.2,4.175119791666667,0.0,0.0,4.115,1.0,1.0,1384.2484763183163,1050.0,1384.2364523599829,1050.0,0.0006032327090250772,0.0
6470,1643119201000.0,0.0,0.0,0.2,4.175119791666667,0.0,0.0,4.111,1.0,1.0,1384.2484763183163,1050.0,1384.235652359983,1050.0,0.0006032327090250772,0.0
6471,1643122801000.0,0.0,0.0,0.5,4.115047916666667,0.0,0.0,4.032,1.0,1.0,1384.2483540683163,1050.0,1384.206830109983,1050.0,0.0014863835324681839,0.0
6472,1643126401000.0,0.0,0.0,0.2,4.100908745659722,0.0,0.0,4.092,1.0,1.0,1384.2822763191136,1050.0,1384.2804945699818,1050.0,0.000592496027120173,0.0
6473,1643130001000.0,0.0,0.0,0.2,4.11495437282986,0.0,0.0,4.114,1.0,1.0,1384.2849028745477,1050.0,1384.2847119999817,1050.0,0.0005945242000812,0.0
6474,1643133601000.0,0.0,0.0,0.2,4.293,0.0,0.0,4.296,1.0,1.0,1384.308321259982,1050.0,1384.308921259982,1050.0,0.0006202375488276426,0.0
6475,1643137201000.0,0.0,0.0,0.2,4.3085,0.0,0.0,4.318,1.0,1.0,1384.311134799982,1050.0,1384.313034799982,1050.0,0.0006224756691887092,0.0
6476,1643140801000.0,0.0,0.0,0.2,4.3408750000000005,0.0,0.0,4.338,1.0,1.0,1384.3166359399822,1050.0,1384.3160609399822,1050.0,0.0006271505936288122,0.0
6477,1643144401000.0,0.0,0.0,0.2,4.3408750000000005,0.0,0.0,4.324,1.0,1.0,1384.3166359399822,1050.0,1384.3132609399822,1050.0,0.0006271505936288122,0.0
6478,1643148001000.0,0.0,0.0,0.5,4.27855,0.0,0.0,4.242,1.0,1.0,1384.3165088299822,1050.0,1384.2982338299823,1050.0,0.0015453655189073092,0.0
6479,1643151601000.0,0.0,0.0,0.5,4.27855,0.0,0.0,4.246,1.0,1.0,1384.3165088299822,1050.0,1384.3002338299823,1050.0,0.0015453655189073092,0.0
6480,1643155201000.0,0.0,0.0,0.2,4.293775,0.0,0.0,4.284,1.0,1.0,1384.3276734599824,1050.0,1384.3257184599825,1050.0,0.0006203408459311021,0.0
6481,1643158801000.0,0.0,0.0,0.2,4.293775,0.0,0.0,4.271,1.0,1.0,1384.3276734599824,1050.0,1384.3231184599824,1050.0,0.0006203408459311021,0.0
6482,1643162401000.0,0.0,0.0,0.2,4.3552359375,0.0,0.0,4.335,1.0,1.0,1384.3388179274823,1050.0,1384.3347707399823,1050.0,0.0006292153165249386,0.0
6483,1643166001000.0,0.0,0.0,0.2,4.37011796875,0.0,0.0,4.367,1.0,1.0,1384.3416066437321,1050.0,1384.340983049982,1050.0,0.0006313641008515428,0.0
6484,1643169601000.0,0.0,0.0,0.2,4.439757373046875,0.0,0.0,4.42,1.0,1.0,1384.3528803745917,1050.0,1384.3489288999824,1050.0,0.000641419891703555,0.0
6485,1643173201000.0,0.0,0.0,0.2,4.534308708953857,0.0,0.0,4.517,1.0,1.0,1384.370149551773,1050.0,1384.3666878099823,1050.0,0.0006550717249172067,0.0
6486,1643176801000.0,0.0,0.0,0.2,4.534308708953857,0.0,0.0,4.459,1.0,1.0,1384.370149551773,1050.0,1384.3550878099823,1050.0,0.0006550717249172067,0.0
6487,1643180401000.0,0.0,0.0,0.5,4.468723483581543,0.0,0.0,4.424,1.0,1.0,1384.370016801773,1050.0,1384.3476550599823,1050.0,0.001613991718018195,0.0
6488,1643184001000.0,0.0,0.0,0.5,4.468723483581543,0.0,0.0,4.468,1.0,1.0,1384.370016801773,1050.0,1384.3696550599823,1050.0,0.001613991718018195,0.0
6489,1643187601000.0,0.0,0.0,0.2,4.634247776839436,0.0,0.0,4.638,1.0,1.0,1384.4078548353498,1050.0,1384.4086052799819,1050.0,0.0006694916907114191,0.0
6490,1643191201000.0,0.0,0.0,0.2,4.712,0.0,0.0,4.717,1.0,1.0,1384.419323859982,1050.0,1384.4203238599819,1050.0,0.0006807186115926485,0.0
6491,1643194801000.0,0.0,0.0,0.2,4.74475,0.0,0.0,4.749,1.0,1.0,1384.4253837699819,1050.0,1384.4262337699818,1050.0,0.000685446836734442,0.0
6492,1643198401000.0,0.0,0.0,0.2,4.74475,0.0,0.0,4.677,1.0,1.0,1384.4253837699819,1050.0,1384.411833769982,1050.0,0.000685446836734442,0.0
6493,1643202001000.0,0.0,0.0,0.2,4.74475,0.0,0.0,4.656,1.0,1.0,1384.4253837699819,1050.0,1384.4076337699819,1050.0,0.000685446836734442,0.0
6494,1643205601000.0,0.0,0.0,0.2,4.760875,0.0,0.0,4.763,1.0,1.0,1384.4284132399819,1050.0,1384.4288382399818,1050.0,0.0006877748180360025,0.0
6495,1643209201000.0,0.0,0.0,0.2,4.7789375,0.0,0.0,4.78,1.0,1.0,1384.431429849982,1050.0,1384.431642349982,1050.0,0.000690382693856907,0.0
6496,1643212801000.0,0.0,0.0,0.2,4.7954687499999995,0.0,0.0,4.754,1.0,1.0,1384.4345398699818,1050.0,1384.426246119982,1050.0,0.0006927693021080452,0.0
6497,1643216401000.0,0.0,0.0,0.2,4.7954687499999995,0.0,0.0,4.717,1.0,1.0,1384.4345398699818,1050.0,1384.4188461199817,1050.0,0.0006927693021080452,0.0
6498,1643220001000.0,0.0,0.0,0.5,4.7261875,0.0,0.0,4.645,1.0,1.0,1384.4343994699818,1050.0,1384.3938057199819,1050.0,0.0017069019311458087,0.0
6499,1643223601000.0,0.0,0.0,0.3,4.659578125,0.0,0.0,4.684,1.0,1.0,1384.4694333774821,1050.0,1384.4767599399822,1050.0,0.0010096816901835226,0.0
6500,1643227201000.0,0.0,0.0,0.5,4.667620833333332,0.0,0.0,4.629,1.0,1.0,1384.558287156649,1050.0,1384.5389767399822,1050.0,0.001685599254517061,0.0
6501,1643230801000.0,0.0,0.0,2.8,4.537396577380953,0.0,0.0,4.49,1.0,1.0,1384.557250066649,1050.0,1384.4245396499823,1050.0,0.009176009454325632,0.0
6502,1643234401000.0,0.0,0.0,2.8,4.537396577380953,0.0,0.0,4.462,1.0,1.0,1384.557250066649,1050.0,1384.3461396499822,1050.0,0.009176009454325632,0.0
6503,1643238001000.0,0.0,0.0,0.2,4.652,0.0,0.0,4.586,1.0,1.0,1385.0222568899821,1050.0,1385.009056889982,1050.0,0.000671758157944104,0.0
6504,1643241601000.0,0.0,0.0,0.2,4.652,0.0,0.0,4.619,1.0,1.0,1385.0222568899821,1050.0,1385.0156568899822,1050.0,0.000671758157944104,0.0
6505,1643245201000.0,0.0,0.0,0.2,4.6685,0.0,0.0,4.584,1.0,1.0,1385.025263209982,1050.0,1385.008363209982,1050.0,0.0006741393278531431,0.0
6506,1643248801000.0,0.0,0.0,0.5,4.536250000000001,0.0,0.0,4.571,1.0,1.0,1385.0478173599824,1050.0,1385.0651923599823,1050.0,0.0016375788413740381,0.0
6507,1643252401000.0,0.0,0.0,0.2,4.6291953125,0.0,0.0,4.645,1.0,1.0,1385.0737329824826,1050.0,1385.0768939199827,1050.0,0.000668440271772672,0.0
6508,1643256001000.0,0.0,0.0,0.5,4.59391953125,0.0,0.0,4.518,1.0,1.0,1385.079530465608,1050.0,1385.0415706999831,1050.0,0.0016583594769123868,0.0
6509,1643259601000.0,0.0,0.0,0.2,4.6252298828125,0.0,0.0,4.646,1.0,1.0,1385.0942926565453,1050.0,1385.0984466799828,1050.0,0.000667857763523309,0.0
6510,1643263201000.0,0.0,0.0,0.2,4.658057470703125,0.0,0.0,4.582,1.0,1.0,1385.1002715741233,1050.0,1385.0850600799827,1050.0,0.0006725949833811509,0.0
6511,1643266801000.0,0.0,0.0,0.5,4.59082298828125,0.0,0.0,4.595,1.0,1.0,1385.1001351941234,1050.0,1385.1022236999827,1050.0,0.001657217002450816,0.0
6512,1643270401000.0,0.0,0.0,0.2,4.659,0.0,0.0,4.65,1.0,1.0,1385.1173992199833,1050.0,1385.1155992199833,1050.0,0.0006727227601968865,0.0
6513,1643274001000.0,0.0,0.0,0.1,4.6765,0.0,0.0,4.721,1.0,1.0,1385.1235082999833,1050.0,1385.1279582999832,1050.0,0.0003376233218176806,0.0
6514,1643277601000.0,0.0,0.0,0.5,4.657425,0.0,0.0,4.592,1.0,1.0,1385.1292960299832,1050.0,1385.0965835299833,1050.0,0.0016812239165502362,0.0
6515,1643281201000.0,0.0,0.0,1.2,4.591843750000001,0.0,0.0,4.548,1.0,1.0,1385.128977879983,1050.0,1385.0763653799831,1050.0,0.0039781223178463046,0.0
6516,1643284801000.0,0.0,0.0,0.5,4.591843750000001,0.0,0.0,4.596,1.0,1.0,1385.1497637149826,1050.0,1385.1518418399826,1050.0,0.0016575260922272548,0.0
6517,1643288401000.0,0.0,0.0,0.2,4.657490234375,0.0,0.0,4.672,1.0,1.0,1385.1706293668572,1050.0,1385.1735313199822,1050.0,0.0006724789185724905,0.0
6518,1643292001000.0,0.0,0.0,0.2,4.8614669165611275,0.0,0.0,4.866,1.0,1.0,1385.2071777132944,1050.0,1385.2080843299823,1050.0,0.0007019118865073247,0.0
6519,1643295601000.0,0.0,0.0,0.2,4.974,0.0,0.0,4.938,1.0,1.0,1385.222489409982,1050.0,1385.215289409982,1050.0,0.0007181517825513522,0.0
6520,1643299201000.0,0.0,0.0,0.5,4.902,0.0,0.0,4.846,1.0,1.0,1385.222343789982,1050.0,1385.194343789982,1050.0,0.0017693910374662596,0.0
6521,1643302801000.0,0.0,0.0,0.5,4.902,0.0,0.0,4.84,1.0,1.0,1385.222343789982,1050.0,1385.191343789982,1050.0,0.0017693910374662596,0.0
6522,1643306401000.0,0.0,0.0,2.8,4.764821428571429,0.0,0.0,4.701,1.0,1.0,1385.221254739982,1050.0,1385.042554739982,1050.0,0.009631313376363342,0.0
6523,1643310001000.0,0.0,0.0,2.8,4.764821428571429,0.0,0.0,4.692,1.0,1.0,1385.221254739982,1050.0,1385.017354739982,1050.0,0.009631313376363342,0.0
6524,1643313601000.0,0.0,0.0,15.2,4.621368421052631,0.0,0.0,4.498,1.0,1.0,1385.2155644099819,1050.0,1383.340364409982,1050.0,0.050710374475123686,0.0
6525,1643317201000.0,0.0,0.0,35.5,4.535954929577465,0.0,0.0,4.441,1.0,1.0,1385.206486249982,1050.0,1381.8355862499818,1050.0,0.11624721772414534,0.0
6526,1643320801000.0,0.0,0.0,35.5,4.535954929577465,0.0,0.0,4.412,1.0,1.0,1385.206486249982,1050.0,1380.806086249982,1050.0,0.11624721772414534,0.0
6527,1643324401000.0,0.0,0.0,31.1,4.535954929577465,0.0,0.0,4.541,1.0,1.0,1385.336675519841,1050.0,1385.4935772099818,1050.0,0.10182954136901341,0.0
6528,1643328001000.0,0.0,0.0,2.8,4.535954929577465,0.0,0.0,4.564,1.0,1.0,1386.1740292327988,1050.0,1386.2525554299818,1050.0,0.009162394861665603,0.0
6529,1643331601000.0,0.0,0.0,0.2,4.551477464788732,0.0,0.0,4.559,1.0,1.0,1386.2938684329408,1050.0,1386.295372939983,1050.0,0.0006566396300856035,0.0
6530,1643335201000.0,0.0,0.0,0.5,4.501095492957747,0.0,0.0,4.515,1.0,1.0,1386.296695326462,1050.0,1386.3036475799831,1050.0,0.0016234243030846202,0.0
6531,1643338801000.0,0.0,0.0,0.2,4.549386936619719,0.0,0.0,4.575,1.0,1.0,1386.314316117307,1050.0,1386.3194387299832,1050.0,0.0006563283497441369,0.0
6532,1643342401000.0,0.0,0.0,0.2,4.633137091769367,0.0,0.0,4.637,1.0,1.0,1386.3292046483368,1050.0,1386.329977229983,1050.0,0.0006684035907538472,0.0
6533,1643346001000.0,0.0,0.0,0.2,4.649068545884683,0.0,0.0,4.644,1.0,1.0,1386.33219764916,1050.0,1386.331183939983,1050.0,0.0006707005079689026,0.0
6534,1643349601000.0,0.0,0.0,0.2,4.649068545884683,0.0,0.0,4.663,1.0,1.0,1386.33219764916,1050.0,1386.334983939983,1050.0,0.0006707005079689026,0.0
6535,1643353201000.0,0.0,0.0,0.2,4.665534272942342,0.0,0.0,4.65,1.0,1.0,1386.3351971745715,1050.0,1386.332090319983,1050.0,0.0006730744891208074,0.0
6536,1643356801000.0,0.0,0.0,0.5,4.598013709176937,0.0,0.0,4.552,1.0,1.0,1386.3350605845715,1050.0,1386.312053729983,1050.0,0.0016583342079071804,0.0
6537,1643360401000.0,0.0,0.0,0.5,4.598013709176937,0.0,0.0,4.597,1.0,1.0,1386.3350605845715,1050.0,1386.334553729983,1050.0,0.0016583342079071804,0.0
6538,1643364001000.0,0.0,0.0,0.2,4.69196917841178,0.0,0.0,4.657,1.0,1.0,1386.3640406856657,1050.0,1386.3570468499834,1050.0,0.0006768740447265544,0.0
6539,1643367601000.0,0.0,0.0,0.2,4.69196917841178,0.0,0.0,4.636,1.0,1.0,1386.3640406856657,1050.0,1386.3528468499833,1050.0,0.0006768740447265544,0.0
6540,1643371201000.0,0.0,0.0,0.5,4.624187671364712,0.0,0.0,4.547,1.0,1.0,1386.3639033156658,1050.0,1386.3253094799834,1050.0,0.0016677394947695113,0.0
6541,1643374801000.0,0.0,0.0,2.8,4.494890655600842,0.0,0.0,4.45,1.0,1.0,1386.3628759556657,1050.0,1386.2371821199833,1050.0,0.00907821036898916,0.0
6542,1643378401000.0,0.0,0.0,0.2,4.522445327800421,0.0,0.0,4.544,1.0,1.0,1386.4693012955422,1050.0,1386.473612229982,1050.0,0.0006523686205781211,0.0
6543,1643382001000.0,0.0,0.0,0.2,4.553611331950105,0.0,0.0,4.511,1.0,1.0,1386.475052066372,1050.0,1386.466529799982,1050.0,0.0006568616326941481,0.0
6544,1643385601000.0,0.0,0.0,0.2,4.570305665975052,0.0,0.0,4.584,1.0,1.0,1386.477999223177,1050.0,1386.480738089982,1050.0,0.0006592684007298675,0.0
6545,1643389201000.0,0.0,0.0,0.2,4.602576416493763,0.0,0.0,4.54,1.0,1.0,1386.483968983281,1050.0,1386.4714536999822,1050.0,0.0006639206106174983,0.0
6546,1643392801000.0,0.0,0.0,0.5,4.536230566597505,0.0,0.0,4.468,1.0,1.0,1386.483834223281,1050.0,1386.4497189399824,1050.0,0.0016358757508120301,0.0
6547,1643396401000.0,0.0,0.0,0.5,4.536230566597505,0.0,0.0,4.487,1.0,1.0,1386.483834223281,1050.0,1386.4592189399823,1050.0,0.0016358757508120301,0.0
6548,1643400001000.0,0.0,0.0,0.5,4.536230566597505,0.0,0.0,4.468,1.0,1.0,1386.483834223281,1050.0,1386.4497189399824,1050.0,0.0016358757508120301,0.0
6549,1643403601000.0,0.0,0.0,0.5,4.536230566597505,0.0,0.0,4.528,1.0,1.0,1386.483834223281,1050.0,1386.4797189399824,1050.0,0.0016358757508120301,0.0
6550,1643407201000.0,0.0,0.0,0.2,4.683,0.0,0.0,4.629,1.0,1.0,1386.5177264299818,1050.0,1386.5069264299818,1050.0,0.0006755052475322952,0.0
6551,1643410801000.0,0.0,0.0,0.5,4.6152,0.0,0.0,4.531,1.0,1.0,1386.5175893299818,1050.0,1386.4754893299819,1050.0,0.0016643135418968036,0.0
6552,1643414401000.0,0.0,0.0,0.5,4.6152,0.0,0.0,4.559,1.0,1.0,1386.5175893299818,1050.0,1386.4894893299818,1050.0,0.0016643135418968036,0.0
6553,1643418001000.0,0.0,0.0,0.5,4.6152,0.0,0.0,4.597,1.0,1.0,1386.5175893299818,1050.0,1386.5084893299818,1050.0,0.0016643135418968036,0.0
6554,1643421601000.0,0.0,0.0,0.5,4.6152,0.0,0.0,4.613,1.0,1.0,1386.5175893299818,1050.0,1386.5164893299818,1050.0,0.0016643135418968036,0.0
6555,1643425201000.0,0.0,0.0,0.2,4.6311,0.0,0.0,4.653,1.0,1.0,1386.5296770199816,1050.0,1386.5340570199817,1050.0,0.0006680131088075168,0.0
6556,1643428801000.0,0.0,0.0,0.2,4.69600625,0.0,0.0,4.703,1.0,1.0,1386.5416833299814,1050.0,1386.5430820799813,1050.0,0.0006773696465759123,0.0
6557,1643432401000.0,0.0,0.0,0.2,4.771,0.0,0.0,4.778,1.0,1.0,1386.5532969699811,1050.0,1386.5546969699813,1050.0,0.0006881812636306172,0.0
6558,1643436001000.0,0.0,0.0,0.2,4.788,0.0,0.0,4.777,1.0,1.0,1386.5564008899812,1050.0,1386.5542008899813,1050.0,0.0006906318411464192,0.0
6559,1643439601000.0,0.0,0.0,0.2,4.822,0.0,0.0,4.834,1.0,1.0,1386.5626077099812,1050.0,1386.5650077099813,1050.0,0.0006955329637749164,0.0
6560,1643443201000.0,0.0,0.0,0.2,4.8425,0.0,0.0,4.835,1.0,1.0,1386.5657105399812,1050.0,1386.564210539981,1050.0,0.0006984883533740565,0.0
6561,1643446801000.0,0.0,0.0,0.2,4.8951875000000005,0.0,0.0,4.918,1.0,1.0,1386.575154399981,1050.0,1386.5797168999811,1050.0,0.0007060832562109938,0.0
6562,1643450401000.0,0.0,0.0,0.2,4.8951875000000005,0.0,0.0,4.889,1.0,1.0,1386.575154399981,1050.0,1386.5739168999812,1050.0,0.0007060832562109938,0.0
6563,1643454001000.0,0.0,0.0,0.2,4.8951875000000005,0.0,0.0,4.85,1.0,1.0,1386.575154399981,1050.0,1386.5661168999811,1050.0,0.0007060832562109938,0.0
6564,1643457601000.0,0.0,0.0,0.2,4.8951875000000005,0.0,0.0,4.917,1.0,1.0,1386.575154399981,1050.0,1386.5795168999812,1050.0,0.0007060832562109938,0.0
6565,1643461201000.0,0.0,0.0,0.2,4.929296875,0.0,0.0,4.939,1.0,1.0,1386.5814787849813,1050.0,1386.5834194099814,1050.0,0.0007109999593127973,0.0
6566,1643464801000.0,0.0,0.0,0.2,4.96357421875,0.0,0.0,4.989,1.0,1.0,1386.5878354037313,1050.0,1386.5929205599814,1050.0,0.0007159408285598815,0.0
6567,1643468401000.0,0.0,0.0,0.5,4.90871484375,0.0,0.0,4.85,1.0,1.0,1386.5908322218563,1050.0,1386.5614747999814,1050.0,0.0017700660965298376,0.0
6568,1643472001000.0,0.0,0.0,0.5,4.90871484375,0.0,0.0,4.825,1.0,1.0,1386.5908322218563,1050.0,1386.5489747999814,1050.0,0.0017700660965298376,0.0
6569,1643475601000.0,0.0,0.0,0.5,4.90871484375,0.0,0.0,4.894,1.0,1.0,1386.5908322218563,1050.0,1386.5834747999813,1050.0,0.0017700660965298376,0.0
6570,1643479201000.0,0.0,0.0,0.2,4.925357421875001,0.0,0.0,4.884,1.0,1.0,1386.6034992243567,1050.0,1386.5952277399817,1050.0,0.0007104204517917581,0.0
6571,1643482801000.0,0.0,0.0,0.2,4.9426787109375,0.0,0.0,4.939,1.0,1.0,1386.6066643021693,1050.0,1386.6059285599817,1050.0,0.0007129172011336002,0.0
6572,1643486401000.0,0.0,0.0,0.2,5.044,0.0,0.0,5.012,1.0,1.0,1386.618828059982,1050.0,1386.612428059982,1050.0,0.0007275250988848981,0.0
6573,1643490001000.0,0.0,0.0,0.2,5.17225,0.0,0.0,5.177,1.0,1.0,1386.6379645399825,1050.0,1386.6389145399826,1050.0,0.0007460130376158993,0.0
6574,1643493601000.0,0.0,0.0,0.2,5.371499999999999,0.0,0.0,5.361,1.0,1.0,1386.6637790199825,1050.0,1386.6616790199826,1050.0,0.0007747371902648643,0.0
6575,1643497201000.0,0.0,0.0,0.2,5.45584375,0.0,0.0,5.42,1.0,1.0,1386.6776123699824,1050.0,1386.6704436199825,1050.0,0.0007868943294866312,0.0
6576,1643500801000.0,0.0,0.0,0.2,5.45584375,0.0,0.0,5.393,1.0,1.0,1386.6776123699824,1050.0,1386.6650436199825,1050.0,0.0007868943294866312,0.0
6577,1643504401000.0,0.0,0.0,0.5,5.377337499999999,0.0,0.0,5.338,1.0,1.0,1386.6774526199824,1050.0,1386.6577838699825,1050.0,0.001938928728465326,0.0
6578,1643508001000.0,0.0,0.0,0.5,5.377337499999999,0.0,0.0,5.339,1.0,1.0,1386.6774526199824,1050.0,1386.6582838699824,1050.0,0.001938928728465326,0.0
6579,1643511601000.0,0.0,0.0,0.5,5.377337499999999,0.0,0.0,5.28,1.0,1.0,1386.6774526199824,1050.0,1386.6287838699825,1050.0,0.001938928728465326,0.0
6580,1643515201000.0,0.0,0.0,0.5,5.377337499999999,0.0,0.0,5.295,1.0,1.0,1386.6774526199824,1050.0,1386.6362838699824,1050.0,0.001938928728465326,0.0
6581,1643518801000.0,0.0,0.0,0.5,5.377337499999999,0.0,0.0,5.296,1.0,1.0,1386.6774526199824,1050.0,1386.6367838699825,1050.0,0.001938928728465326,0.0
6582,1643522401000.0,0.0,0.0,0.5,5.377337499999999,0.0,0.0,5.347,1.0,1.0,1386.6774526199824,1050.0,1386.6622838699825,1050.0,0.001938928728465326,0.0
6583,1643526001000.0,0.0,0.0,0.5,5.377337499999999,0.0,0.0,5.313,1.0,1.0,1386.6774526199824,1050.0,1386.6452838699824,1050.0,0.001938928728465326,0.0
6584,1643529601000.0,0.0,0.0,0.5,5.377337499999999,0.0,0.0,5.261,1.0,1.0,1386.6774526199824,1050.0,1386.6192838699824,1050.0,0.001938928728465326,0.0
6585,1643533201000.0,0.0,0.0,0.5,5.377337499999999,0.0,0.0,5.294,1.0,1.0,1386.6774526199824,1050.0,1386.6357838699823,1050.0,0.001938928728465326,0.0
6586,1643536801000.0,0.0,0.0,0.5,5.377337499999999,0.0,0.0,5.268,1.0,1.0,1386.6774526199824,1050.0,1386.6227838699824,1050.0,0.001938928728465326,0.0
6587,1643540401000.0,0.0,0.0,0.5,5.377337499999999,0.0,0.0,5.32,1.0,1.0,1386.6774526199824,1050.0,1386.6487838699825,1050.0,0.001938928728465326,0.0
6588,1643544001000.0,0.0,0.0,0.5,5.377337499999999,0.0,0.0,5.382,1.0,1.0,1386.6774526199824,1050.0,1386.6797838699824,1050.0,0.001938928728465326,0.0
6589,1643547601000.0,0.0,0.0,0.5,5.377337499999999,0.0,0.0,5.292,1.0,1.0,1386.6774526199824,1050.0,1386.6347838699824,1050.0,0.001938928728465326,0.0
6590,1643551201000.0,0.0,0.0,1.2,5.301307291666667,0.0,0.0,5.326,1.0,1.0,1386.6770853299824,1050.0,1386.7067165799824,1050.0,0.004587635302624304,0.0
6591,1643554801000.0,0.0,0.0,1.2,5.301307291666667,0.0,0.0,5.267,1.0,1.0,1386.6770853299824,1050.0,1386.6359165799824,1050.0,0.004587635302624304,0.0
6592,1643558401000.0,0.0,0.0,0.2,5.369576822916667,0.0,0.0,5.359,1.0,1.0,1386.7818768645661,1050.0,1386.779761499983,1050.0,0.0007743938556591136,0.0
6593,1643562001000.0,0.0,0.0,0.2,5.369576822916667,0.0,0.0,5.317,1.0,1.0,1386.7818768645661,1050.0,1386.7713614999827,1050.0,0.0007743938556591136,0.0
6594,1643565601000.0,0.0,0.0,0.2,5.369576822916667,0.0,0.0,5.378,1.0,1.0,1386.7818768645661,1050.0,1386.7835614999829,1050.0,0.0007743938556591136,0.0
6595,1643569201000.0,0.0,0.0,0.5,5.4582,0.0,0.0,5.385,1.0,1.0,1386.7984627999822,1050.0,1386.7618627999823,1050.0,0.0019679139205922365,0.0
6596,1643572801000.0,0.0,0.0,2.8,5.305035714285715,0.0,0.0,5.306,1.0,1.0,1386.7972502999824,1050.0,1386.7999502999824,1050.0,0.01071108267397189,0.0
6597,1643576401000.0,0.0,0.0,0.2,5.3608794642857145,0.0,0.0,5.354,1.0,1.0,1386.9231135828395,1050.0,1386.9217376899824,1050.0,0.0007730608008164131,0.0
6598,1643580001000.0,0.0,0.0,1.2,5.304333333333334,0.0,0.0,5.26,1.0,1.0,1386.9357843599826,1050.0,1386.8825843599825,1050.0,0.004589397772974252,0.0
6599,1643583601000.0,0.0,0.0,2.8,5.229285714285715,0.0,0.0,5.238,1.0,1.0,1386.9349566799826,1050.0,1386.9593566799826,1050.0,0.010557092046370892,0.0
6600,1643587201000.0,0.0,0.0,0.2,5.29407142857143,0.0,0.0,5.249,1.0,1.0,1387.1093823456963,1050.0,1387.100368059982,1050.0,0.0007633242909248865,0.0
6601,1643590801000.0,0.0,0.0,1.2,5.143845238095238,0.0,0.0,5.151,1.0,1.0,1387.1088709656963,1050.0,1387.117456679982,1050.0,0.00444998544448566,0.0
6602,1643594401000.0,0.0,0.0,0.2,5.176422619047619,0.0,0.0,5.094,1.0,1.0,1387.1682172937915,1050.0,1387.151732769982,1050.0,0.0007463294724480114,0.0
6603,1643598001000.0,0.0,0.0,0.2,5.137192261904762,0.0,0.0,5.062,1.0,1.0,1387.1847597723627,1050.0,1387.1697213199818,1050.0,0.0007406644609832329,0.0
6604,1643601601000.0,0.0,0.0,0.2,5.155596130952381,0.0,0.0,5.131,1.0,1.0,1387.1880370961724,1050.0,1387.183117869982,1050.0,0.0007433161176540552,0.0
6605,1643605201000.0,0.0,0.0,0.2,5.17379806547619,0.0,0.0,5.107,1.0,1.0,1387.191373663077,1050.0,1387.1780140499818,1050.0,0.0007459386157821956,0.0
6606,1643608801000.0,0.0,0.0,0.2,5.2310997581845236,0.0,0.0,5.238,1.0,1.0,1387.2014202516189,1050.0,1387.2028002999818,1050.0,0.0007541946947020392,0.0
6607,1643612401000.0,0.0,0.0,0.2,5.344829683721633,0.0,0.0,5.299,1.0,1.0,1387.2217283367263,1050.0,1387.212562399982,1050.0,0.0007705804450064467,0.0
6608,1643616001000.0,0.0,0.0,0.2,5.418864355232602,0.0,0.0,5.408,1.0,1.0,1387.2354026010282,1050.0,1387.2332297299818,1050.0,0.0007812465490820635,0.0
6609,1643619601000.0,0.0,0.0,0.2,5.53566975555051,0.0,0.0,5.455,1.0,1.0,1387.2565031010922,1050.0,1387.2403691499821,1050.0,0.0007980744358633026,0.0
6610,1643623201000.0,0.0,0.0,0.5,5.456067902220203,0.0,0.0,5.389,1.0,1.0,1387.2563410110922,1050.0,1387.2228070599822,1050.0,0.001966495931906711,0.0
6611,1643626801000.0,0.0,0.0,0.5,5.456067902220203,0.0,0.0,5.39,1.0,1.0,1387.2563410110922,1050.0,1387.223307059982,1050.0,0.001966495931906711,0.0
6612,1643630401000.0,0.0,0.0,1.2,5.379028292591752,0.0,0.0,5.347,1.0,1.0,1387.2559683310922,1050.0,1387.217534379982,1050.0,0.004652950932246085,0.0
6613,1643634001000.0,0.0,0.0,0.2,5.379028292591752,0.0,0.0,5.449,1.0,1.0,1387.3000976685007,1050.0,1387.3140920099825,1050.0,0.0007754671540255432,0.0
6614,1643637601000.0,0.0,0.0,0.2,5.514695533535873,0.0,0.0,5.463,1.0,1.0,1387.3245648266898,1050.0,1387.3142257199827,1050.0,0.0007950115889751857,0.0
6615,1643641201000.0,0.0,0.0,0.2,5.514695533535873,0.0,0.0,5.462,1.0,1.0,1387.3245648266898,1050.0,1387.3140257199825,1050.0,0.0007950115889751857,0.0
6616,1643644801000.0,0.0,0.0,0.2,5.534847766767936,0.0,0.0,5.536,1.0,1.0,1387.328084213336,1050.0,1387.3283146599824,1050.0,0.000797914758556393,0.0
6617,1643648401000.0,0.0,0.0,0.2,5.655888246355749,0.0,0.0,5.67,1.0,1.0,1387.3495175392532,1050.0,1387.352339889982,1050.0,0.0008153516002784387,0.0
6618,1643652001000.0,0.0,0.0,0.2,5.734743015397234,0.0,0.0,5.74,1.0,1.0,1387.3640306130615,1050.0,1387.365082009982,1050.0,0.0008267106381391639,0.0
6619,1643655601000.0,0.0,0.0,0.2,5.754871507698617,0.0,0.0,5.74,1.0,1.0,1387.3677408315218,1050.0,1387.364766529982,1050.0,0.0008296101081677771,0.0
6620,1643659201000.0,0.0,0.0,0.2,5.754871507698617,0.0,0.0,5.76,1.0,1.0,1387.3677408315218,1050.0,1387.3687665299822,1050.0,0.0008296101081677771,0.0
6621,1643662801000.0,0.0,0.0,0.2,5.754871507698617,0.0,0.0,5.637,1.0,1.0,1387.3677408315218,1050.0,1387.3441665299822,1050.0,0.0008296101081677771,0.0
6622,1643666401000.0,0.0,0.0,0.2,5.754871507698617,0.0,0.0,5.679,1.0,1.0,1387.3677408315218,1050.0,1387.3525665299821,1050.0,0.0008296101081677771,0.0
6623,1643670001000.0,0.0,0.0,0.2,5.754871507698617,0.0,0.0,5.767,1.0,1.0,1387.3677408315218,1050.0,1387.370166529982,1050.0,0.0008296101081677771,0.0
6624,1643673601000.0,0.0,0.0,0.2,5.754871507698617,0.0,0.0,5.73,1.0,1.0,1387.3677408315218,1050.0,1387.362766529982,1050.0,0.0008296101081677771,0.0
6625,1643677201000.0,0.0,0.0,1.2,5.591311917949769,0.0,0.0,5.527,1.0,1.0,1387.367184971522,1050.0,1387.2900106699822,1050.0,0.004836192158947054,0.0
6626,1643680801000.0,0.0,0.0,1.2,5.591311917949769,0.0,0.0,5.595,1.0,1.0,1387.367184971522,1050.0,1387.3716106699821,1050.0,0.004836192158947054,0.0
6627,1643684401000.0,0.0,0.0,1.2,5.591311917949769,0.0,0.0,5.578,1.0,1.0,1387.367184971522,1050.0,1387.3512106699823,1050.0,0.004836192158947054,0.0
6628,1643688001000.0,0.0,0.0,0.2,5.610155958974884,0.0,0.0,5.578,1.0,1.0,1387.4068664917763,1050.0,1387.4004352999814,1050.0,0.0008087254134990455,0.0
6629,1643691601000.0,0.0,0.0,0.5,5.529062383589953,0.0,0.0,5.482,1.0,1.0,1387.4067022417764,1050.0,1387.3831710499815,1050.0,0.0019925888979259202,0.0
6630,1643695201000.0,0.0,0.0,0.5,5.529062383589953,0.0,0.0,5.459,1.0,1.0,1387.4067022417764,1050.0,1387.3716710499814,1050.0,0.0019925888979259202,0.0
6631,1643698801000.0,0.0,0.0,0.5,5.529062383589953,0.0,0.0,5.489,1.0,1.0,1387.4067022417764,1050.0,1387.3866710499815,1050.0,0.0019925888979259202,0.0
6632,1643702401000.0,0.0,0.0,0.5,5.529062383589953,0.0,0.0,5.552,1.0,1.0,1387.4067022417764,1050.0,1387.4181710499815,1050.0,0.0019925888979259202,0.0
6633,1643706001000.0,0.0,0.0,0.2,5.644032224743594,0.0,0.0,5.645,1.0,1.0,1387.43903676493,1050.0,1387.4392303199813,1050.0,0.0008135899416386172,0.0
6634,1643709601000.0,0.0,0.0,0.5,5.60150322247436,0.0,0.0,5.528,1.0,1.0,1387.4460878412185,1050.0,1387.4093362299814,1050.0,0.0020186381552273346,0.0
6635,1643713201000.0,0.0,0.0,0.5,5.60150322247436,0.0,0.0,5.517,1.0,1.0,1387.4460878412185,1050.0,1387.4038362299814,1050.0,0.0020186381552273346,0.0
6636,1643716801000.0,0.0,0.0,0.5,5.60150322247436,0.0,0.0,5.524,1.0,1.0,1387.4460878412185,1050.0,1387.4073362299814,1050.0,0.0020186381552273346,0.0
6637,1643720401000.0,0.0,0.0,1.2,5.522459676030984,0.0,0.0,5.476,1.0,1.0,1387.4457052212185,1050.0,1387.3899536099814,1050.0,0.004776368247275347,0.0
6638,1643724001000.0,0.0,0.0,1.2,5.522459676030984,0.0,0.0,5.437,1.0,1.0,1387.4457052212185,1050.0,1387.3431536099813,1050.0,0.004776368247275347,0.0
6639,1643727601000.0,0.0,0.0,2.8,5.444482718298994,0.0,0.0,5.397,1.0,1.0,1387.4448434612186,1050.0,1387.3118918499815,1050.0,0.010987501004513477,0.0
6640,1643731201000.0,0.0,0.0,2.8,5.444482718298994,0.0,0.0,5.413,1.0,1.0,1387.4448434612186,1050.0,1387.3566918499814,1050.0,0.010987501004513477,0.0
6641,1643734801000.0,0.0,0.0,2.2,5.444482718298994,0.0,0.0,5.468,1.0,1.0,1387.4664249702391,1050.0,1387.5181629899814,1050.0,0.008632902219968826,0.0
6642,1643738401000.0,0.0,0.0,2.2,5.444482718298994,0.0,0.0,5.46,1.0,1.0,1387.4664249702391,1050.0,1387.5005629899813,1050.0,0.008632902219968826,0.0
6643,1643742001000.0,0.0,0.0,2.2,5.444482718298994,0.0,0.0,5.384,1.0,1.0,1387.4664249702391,1050.0,1387.3333629899814,1050.0,0.008632902219968826,0.0
6644,1643745601000.0,0.0,0.0,2.2,5.444482718298994,0.0,0.0,5.375,1.0,1.0,1387.4664249702391,1050.0,1387.3135629899814,1050.0,0.008632902219968826,0.0
6645,1643749201000.0,0.0,0.0,2.2,5.444482718298994,0.0,0.0,5.411,1.0,1.0,1387.4664249702391,1050.0,1387.3927629899813,1050.0,0.008632902219968826,0.0
6646,1643752801000.0,0.0,0.0,2.2,5.444482718298994,0.0,0.0,5.45,1.0,1.0,1387.4664249702391,1050.0,1387.4785629899814,1050.0,0.008632902219968826,0.0
6647,1643756401000.0,0.0,0.0,2.2,5.444482718298994,0.0,0.0,5.38,1.0,1.0,1387.4664249702391,1050.0,1387.3245629899814,1050.0,0.008632902219968826,0.0
6648,1643760001000.0,0.0,0.0,2.2,5.444482718298994,0.0,0.0,5.363,1.0,1.0,1387.4664249702391,1050.0,1387.2871629899814,1050.0,0.008632902219968826,0.0
6649,1643763601000.0,0.0,0.0,2.2,5.444482718298994,0.0,0.0,5.388,1.0,1.0,1387.4664249702391,1050.0,1387.3421629899813,1050.0,0.008632902219968826,0.0
6650,1643767201000.0,0.0,0.0,2.2,5.444482718298994,0.0,0.0,5.435,1.0,1.0,1387.4664249702391,1050.0,1387.4455629899815,1050.0,0.008632902219968826,0.0
6651,1643770801000.0,0.0,0.0,0.2,5.597042833736711,0.0,0.0,5.599,1.0,1.0,1387.609592706727,1050.0,1387.6099841399796,1050.0,0.0008067172298540967,0.0
6652,1643774401000.0,0.0,0.0,0.2,5.635510708434177,0.0,0.0,5.626,1.0,1.0,1387.6167605116666,1050.0,1387.6148583699799,1050.0,0.0008122575150153349,0.0
6653,1643778001000.0,0.0,0.0,0.2,5.692938838554272,0.0,0.0,5.69,1.0,1.0,1387.6276045876905,1050.0,1387.6270168199796,1050.0,0.0008205283347971202,0.0
6654,1643781601000.0,0.0,0.0,0.2,5.772871177409642,0.0,0.0,5.784,1.0,1.0,1387.6423300954616,1050.0,1387.6445558599796,1050.0,0.0008320402242287467,0.0
6655,1643785201000.0,0.0,0.0,0.2,5.772871177409642,0.0,0.0,5.786,1.0,1.0,1387.6423300954616,1050.0,1387.6449558599797,1050.0,0.0008320402242287467,0.0
6656,1643788801000.0,0.0,0.0,0.2,5.81221779435241,0.0,0.0,5.83,1.0,1.0,1387.6497665588502,1050.0,1387.6533229999798,1050.0,0.0008377067375964444,0.0
6657,1643792401000.0,0.0,0.0,0.2,5.81221779435241,0.0,0.0,5.767,1.0,1.0,1387.6497665588502,1050.0,1387.6407229999797,1050.0,0.0008377067375964444,0.0
6658,1643796001000.0,0.0,0.0,0.2,5.81221779435241,0.0,0.0,5.68,1.0,1.0,1387.6497665588502,1050.0,1387.6233229999798,1050.0,0.0008377067375964444,0.0
6659,1643799601000.0,0.0,0.0,0.5,5.728087117740964,0.0,0.0,5.62,1.0,1.0,1387.6495963988502,1050.0,1387.5955528399797,1050.0,0.0020639530082400383,0.0
6660,1643803201000.0,0.0,0.0,0.5,5.728087117740964,0.0,0.0,5.614,1.0,1.0,1387.6495963988502,1050.0,1387.5925528399798,1050.0,0.0020639530082400383,0.0
6661,1643806801000.0,0.0,0.0,0.2,5.9256874999999996,0.0,0.0,5.929,1.0,1.0,1387.6937800399796,1050.0,1387.6944425399797,1050.0,0.0008540338776800282,0.0
6662,1643810401000.0,0.0,0.0,0.2,5.965921874999999,0.0,0.0,5.926,1.0,1.0,1387.7013878949797,1050.0,1387.6934035199797,1050.0,0.0008598279034727746,0.0
6663,1643814001000.0,0.0,0.0,1.2,5.796403645833333,0.0,0.0,5.726,1.0,1.0,1387.7008116449797,1050.0,1387.6163272699796,1050.0,0.00501238041848137,0.0
6664,1643817601000.0,0.0,0.0,0.5,5.8472,0.0,0.0,5.74,1.0,1.0,1387.766881119979,1050.0,1387.713281119979,1050.0,0.002106693883370777,0.0
6665,1643821201000.0,0.0,0.0,0.4,5.8472,0.0,0.0,5.789,1.0,1.0,1387.7707022599789,1050.0,1387.7474222599787,1050.0,0.0016853504661765403,0.0
6666,1643824801000.0,0.0,0.0,0.2,5.905799999999999,0.0,0.0,5.843,1.0,1.0,1387.7891276299788,1050.0,1387.776567629979,1050.0,0.0008511091321324491,0.0
6667,1643828401000.0,0.0,0.0,2.8,5.6577,0.0,0.0,5.536,1.0,1.0,1387.7876615899786,1050.0,1387.4469015899786,1050.0,0.011414973946266704,0.0
6668,1643832001000.0,0.0,0.0,2.8,5.574763076923077,0.0,0.0,5.6,1.0,1.0,1387.921322325363,1050.0,1387.9919857099783,1050.0,0.011246557253859524,0.0
6669,1643835601000.0,0.0,0.0,0.8,5.574763076923077,0.0,0.0,5.573,1.0,1.0,1387.9946737715175,1050.0,1387.993263309979,1050.0,0.0032131322589445373,0.0
6670,1643839201000.0,0.0,0.0,4.4,5.417661468531469,0.0,0.0,5.331,1.0,1.0,1387.9927359815174,1050.0,1387.6114255199789,1050.0,0.017174232864181134,0.0
6671,1643842801000.0,0.0,0.0,6.2,5.3347971321882,0.0,0.0,5.344,1.0,1.0,1388.1317549695461,1050.0,1388.1888127499792,1050.0,0.02382752364907356,0.0
6672,1643846401000.0,0.0,0.0,2.4,5.3347971321882,0.0,0.0,5.317,1.0,1.0,1388.2634852672302,1050.0,1388.2207721499785,1050.0,0.009222682331651978,0.0
6673,1643850001000.0,0.0,0.0,0.4,5.3347971321882,0.0,0.0,5.397,1.0,1.0,1388.338616422853,1050.0,1388.3634975699777,1050.0,0.0015370305396917247,0.0
6674,1643853601000.0,0.0,0.0,0.5,5.29055942643764,0.0,0.0,5.27,1.0,1.0,1388.3575041331965,1050.0,1388.3472244199777,1050.0,0.0019053303672459832,0.0
6675,1643857201000.0,0.0,0.0,0.5,5.29055942643764,0.0,0.0,5.231,1.0,1.0,1388.3575041331965,1050.0,1388.3277244199776,1050.0,0.0019053303672459832,0.0
6676,1643860801000.0,0.0,0.0,1.2,5.215566427682351,0.0,0.0,5.167,1.0,1.0,1388.3571427931965,1050.0,1388.2988630799778,1050.0,0.004507975304270167,0.0
6677,1643864401000.0,0.0,0.0,1.2,5.215566427682351,0.0,0.0,5.173,1.0,1.0,1388.3571427931965,1050.0,1388.3060630799778,1050.0,0.004507975304270167,0.0
6678,1643868001000.0,0.0,0.0,1.2,5.215566427682351,0.0,0.0,5.205,1.0,1.0,1388.3571427931965,1050.0,1388.3444630799777,1050.0,0.004507975304270167,0.0
6679,1643871601000.0,0.0,0.0,1.2,5.215566427682351,0.0,0.0,5.162,1.0,1.0,1388.3571427931965,1050.0,1388.2928630799777,1050.0,0.004507975304270167,0.0
6680,1643875201000.0,0.0,0.0,1.2,5.215566427682351,0.0,0.0,5.171,1.0,1.0,1388.3571427931965,1050.0,1388.3036630799777,1050.0,0.004507975304270167,0.0
6681,1643878801000.0,0.0,0.0,1.2,5.215566427682351,0.0,0.0,5.202,1.0,1.0,1388.3571427931965,1050.0,1388.3408630799777,1050.0,0.004507975304270167,0.0
6682,1643882401000.0,0.0,0.0,2.8,5.1420998975781504,0.0,0.0,5.066,1.0,1.0,1388.3563288731966,1050.0,1388.1432491599778,1050.0,0.010370449872119126,0.0
6683,1643886001000.0,0.0,0.0,2.8,5.1420998975781504,0.0,0.0,5.079,1.0,1.0,1388.3563288731966,1050.0,1388.1796491599778,1050.0,0.010370449872119126,0.0
6684,1643889601000.0,0.0,0.0,2.2,5.1420998975781504,0.0,0.0,5.158,1.0,1.0,1388.37635837465,1050.0,1388.411338599978,1050.0,0.00814809306311974,0.0
6685,1643893201000.0,0.0,0.0,2.2,5.1420998975781504,0.0,0.0,5.153,1.0,1.0,1388.37635837465,1050.0,1388.400338599978,1050.0,0.00814809306311974,0.0
6686,1643896801000.0,0.0,0.0,2.0,5.1420998975781504,0.0,0.0,5.118,1.0,1.0,1388.3830348751342,1050.0,1388.334835079978,1050.0,0.007407321709373395,0.0
6687,1643900401000.0,0.0,0.0,2.0,5.1420998975781504,0.0,0.0,5.085,1.0,1.0,1388.3830348751342,1050.0,1388.2688350799779,1050.0,0.007407321709373395,0.0
6688,1643904001000.0,0.0,0.0,1.3,5.1420998975781504,0.0,0.0,5.176,1.0,1.0,1388.406402626829,1050.0,1388.4504727599774,1050.0,0.004814678075673131,0.0
6689,1643907601000.0,0.0,0.0,0.2,5.159549948789075,0.0,0.0,5.07,1.0,1.0,1388.4716073397356,1050.0,1388.4536973499778,1050.0,0.0007431984811953912,0.0
6690,1643911201000.0,0.0,0.0,0.5,5.085419979515629,0.0,0.0,5.1,1.0,1.0,1388.4714562597355,1050.0,1388.4787462699778,1050.0,0.0018313015930535345,0.0
6691,1643914801000.0,0.0,0.0,0.5,5.085419979515629,0.0,0.0,5.035,1.0,1.0,1388.4714562597355,1050.0,1388.4462462699778,1050.0,0.0018313015930535345,0.0
6692,1643918401000.0,0.0,0.0,1.2,5.013424991464845,0.0,0.0,4.971,1.0,1.0,1388.4711089197356,1050.0,1388.4201989299777,1050.0,0.00433290253654503,0.0
6693,1643922001000.0,0.0,0.0,1.2,5.013424991464845,0.0,0.0,4.954,1.0,1.0,1388.4711089197356,1050.0,1388.3997989299778,1050.0,0.00433290253654503,0.0
6694,1643925601000.0,0.0,0.0,0.2,5.063106247866211,0.0,0.0,5.07,1.0,1.0,1388.5188118295523,1050.0,1388.520190579979,1050.0,0.0007292816207790396,0.0
6695,1643929201000.0,0.0,0.0,0.2,5.063106247866211,0.0,0.0,5.031,1.0,1.0,1388.5188118295523,1050.0,1388.512390579979,1050.0,0.0007292816207790396,0.0
6696,1643932801000.0,0.0,0.0,0.2,5.063106247866211,0.0,0.0,5.078,1.0,1.0,1388.5188118295523,1050.0,1388.521790579979,1050.0,0.0007292816207790396,0.0
6697,1643936401000.0,0.0,0.0,0.2,5.081553123933105,0.0,0.0,5.066,1.0,1.0,1388.5220992347656,1050.0,1388.518988609979,1050.0,0.0007319369460138405,0.0
6698,1643940001000.0,0.0,0.0,0.2,5.081553123933105,0.0,0.0,5.052,1.0,1.0,1388.5220992347656,1050.0,1388.516188609979,1050.0,0.0007319369460138405,0.0
6699,1643943601000.0,0.0,0.0,0.2,5.081553123933105,0.0,0.0,5.059,1.0,1.0,1388.5220992347656,1050.0,1388.517588609979,1050.0,0.0007319369460138405,0.0
6700,1643947201000.0,0.0,0.0,0.2,5.081553123933105,0.0,0.0,4.996,1.0,1.0,1388.5220992347656,1050.0,1388.504988609979,1050.0,0.0007319369460138405,0.0
6701,1643950801000.0,0.0,0.0,0.5,5.0080212495732415,0.0,0.0,4.967,1.0,1.0,1388.5219504647657,1050.0,1388.5014398399792,1050.0,0.0018033640908222436,0.0
6702,1643954401000.0,0.0,0.0,0.2,5.061377656196655,0.0,0.0,5.044,1.0,1.0,1388.5413605312178,1050.0,1388.5378849999786,1050.0,0.0007290207983808723,0.0
6703,1643958001000.0,0.0,0.0,0.2,5.172865275878072,0.0,0.0,5.192,1.0,1.0,1388.5610410351542,1050.0,1388.5648679799785,1050.0,0.0007450684734783814,0.0
6704,1643961601000.0,0.0,0.0,0.2,5.190432637939036,0.0,0.0,5.169,1.0,1.0,1388.5643503575664,1050.0,1388.5600638299786,1050.0,0.0007475969891640181,0.0
6705,1643965201000.0,0.0,0.0,0.2,5.232108159484759,0.0,0.0,5.213,1.0,1.0,1388.5710758418757,1050.0,1388.5672542099787,1050.0,0.0007535960168711693,0.0
6706,1643968801000.0,0.0,0.0,0.2,5.232108159484759,0.0,0.0,5.175,1.0,1.0,1388.5710758418757,1050.0,1388.5596542099786,1050.0,0.0007535960168711693,0.0
6707,1643972401000.0,0.0,0.0,0.5,5.1564432637939035,0.0,0.0,5.133,1.0,1.0,1388.5709226618756,1050.0,1388.5592010299786,1050.0,0.0018567446500712607,0.0
6708,1643976001000.0,0.0,0.0,0.5,5.1564432637939035,0.0,0.0,5.115,1.0,1.0,1388.5709226618756,1050.0,1388.5502010299786,1050.0,0.0018567446500712607,0.0
6709,1643979601000.0,0.0,0.0,0.5,5.1564432637939035,0.0,0.0,5.132,1.0,1.0,1388.5709226618756,1050.0,1388.5587010299787,1050.0,0.0018567446500712607,0.0
6710,1643983201000.0,0.0,0.0,1.2,5.083851359914126,0.0,0.0,5.066,1.0,1.0,1388.5705704218756,1050.0,1388.5491487899785,1050.0,0.004393454507712532,0.0
6711,1643986801000.0,0.0,0.0,0.2,5.151606419989266,0.0,0.0,5.155,1.0,1.0,1388.6522454139767,1050.0,1388.6529241299788,1050.0,0.0007419577416883808,0.0
6712,1643990401000.0,0.0,0.0,0.2,5.292,0.0,0.0,5.316,1.0,1.0,1388.675293789979,1050.0,1388.6800937899789,1050.0,0.0007621652122228012,0.0
6713,1643994001000.0,0.0,0.0,0.2,5.438,0.0,0.0,5.415,1.0,1.0,1388.6987482199786,1050.0,1388.6941482199786,1050.0,0.0007831792182387113,0.0
6714,1643997601000.0,0.0,0.0,0.2,5.438,0.0,0.0,5.356,1.0,1.0,1388.6987482199786,1050.0,1388.6823482199786,1050.0,0.0007831792182387113,0.0
6715,1644001201000.0,0.0,0.0,0.2,5.438,0.0,0.0,5.33,1.0,1.0,1388.6987482199786,1050.0,1388.6771482199786,1050.0,0.0007831792182387113,0.0
6716,1644004801000.0,0.0,0.0,0.5,5.3594,0.0,0.0,5.336,1.0,1.0,1388.6985890099786,1050.0,1388.6868890099786,1050.0,0.001929648392535916,0.0
6717,1644008401000.0,0.0,0.0,0.5,5.3594,0.0,0.0,5.324,1.0,1.0,1388.6985890099786,1050.0,1388.6808890099785,1050.0,0.001929648392535916,0.0
6718,1644012001000.0,0.0,0.0,0.3,5.3594,0.0,0.0,5.415,1.0,1.0,1388.7085008199788,1050.0,1388.7251808199787,1050.0,0.0011577807718831162,0.0
6719,1644015601000.0,0.0,0.0,0.2,5.441275,0.0,0.0,5.442,1.0,1.0,1388.7258477799794,1050.0,1388.7259927799794,1050.0,0.000783635590667292,0.0
6720,1644019201000.0,0.0,0.0,0.2,5.535,0.0,0.0,5.525,1.0,1.0,1388.7392622999796,1050.0,1388.7372622999796,1050.0,0.0007971258752824679,0.0
6721,1644022801000.0,0.0,0.0,0.2,5.618812500000001,0.0,0.0,5.633,1.0,1.0,1388.7535762999796,1050.0,1388.7564137999796,1050.0,0.0008091878351766421,0.0
6722,1644026401000.0,0.0,0.0,0.2,5.618812500000001,0.0,0.0,5.559,1.0,1.0,1388.7535762999796,1050.0,1388.7416137999796,1050.0,0.0008091878351766421,0.0
6723,1644030001000.0,0.0,0.0,0.2,5.618812500000001,0.0,0.0,5.599,1.0,1.0,1388.7535762999796,1050.0,1388.7496137999797,1050.0,0.0008091878351766421,0.0
6724,1644033601000.0,0.0,0.0,0.2,5.6798515625,0.0,0.0,5.673,1.0,1.0,1388.7644433524797,1050.0,1388.7630730399796,1050.0,0.0008179719159267685,0.0
6725,1644037201000.0,0.0,0.0,0.2,5.772,0.0,0.0,5.678,1.0,1.0,1388.77852815998,1050.0,1388.7597281599799,1050.0,0.00083123404962884,0.0
6726,1644040801000.0,0.0,0.0,0.2,5.772,0.0,0.0,5.769,1.0,1.0,1388.77852815998,1050.0,1388.7779281599799,1050.0,0.00083123404962884,0.0
6727,1644044401000.0,0.0,0.0,0.2,5.864,0.0,0.0,5.762,1.0,1.0,1388.7927776799797,1050.0,1388.7723776799796,1050.0,0.0008444744376905516,0.0
6728,1644048001000.0,0.0,0.0,0.5,5.7794,0.0,0.0,5.772,1.0,1.0,1388.7926059899798,1050.0,1388.7889059899799,1050.0,0.0020807282437539485,0.0
6729,1644051601000.0,0.0,0.0,0.2,5.859275,0.0,0.0,5.87,1.0,1.0,1388.81901855998,1050.0,1388.8211635599798,1050.0,0.0008437780476357945,0.0
6730,1644055201000.0,0.0,0.0,0.2,5.953,0.0,0.0,5.909,1.0,1.0,1388.8335077899799,1050.0,1388.8247077899798,1050.0,0.0008572661829671546,0.0
6731,1644058801000.0,0.0,0.0,0.2,5.953,0.0,0.0,5.894,1.0,1.0,1388.8335077899799,1050.0,1388.8217077899799,1050.0,0.0008572661829671546,0.0
6732,1644062401000.0,0.0,0.0,0.2,5.953,0.0,0.0,5.895,1.0,1.0,1388.8335077899799,1050.0,1388.8219077899798,1050.0,0.0008572661829671546,0.0
6733,1644066001000.0,0.0,0.0,0.2,5.953,0.0,0.0,5.901,1.0,1.0,1388.8335077899799,1050.0,1388.82310778998,1050.0,0.0008572661829671546,0.0
6734,1644069601000.0,0.0,0.0,0.2,5.953,0.0,0.0,5.864,1.0,1.0,1388.8335077899799,1050.0,1388.8157077899798,1050.0,0.0008572661829671546,0.0
6735,1644073201000.0,0.0,0.0,0.2,5.953,0.0,0.0,5.857,1.0,1.0,1388.8335077899799,1050.0,1388.81430778998,1050.0,0.0008572661829671546,0.0
6736,1644076801000.0,0.0,0.0,0.2,5.995000000000001,0.0,0.0,5.98,1.0,1.0,1388.8410676499798,1050.0,1388.8380676499798,1050.0,0.0008633097248692362,0.0
6737,1644080401000.0,0.0,0.0,1.2,5.824833333333333,0.0,0.0,5.775,1.0,1.0,1388.8404885699797,1050.0,1388.7806885699797,1050.0,0.005032831385263725,0.0
6738,1644084001000.0,0.0,0.0,0.2,5.847,0.0,0.0,5.842,1.0,1.0,1388.9607424399796,1050.0,1388.9597424399797,1050.0,0.0008419244434120735,0.0
6739,1644087601000.0,0.0,0.0,0.2,5.847,0.0,0.0,5.786,1.0,1.0,1388.9607424399796,1050.0,1388.9485424399797,1050.0,0.0008419244434120735,0.0
6740,1644091201000.0,0.0,0.0,0.5,5.7624,0.0,0.0,5.705,1.0,1.0,1388.9605712599796,1050.0,1388.9318712599795,1050.0,0.002074356939726772,0.0
6741,1644094801000.0,0.0,0.0,0.5,5.7624,0.0,0.0,5.724,1.0,1.0,1388.9605712599796,1050.0,1388.9413712599796,1050.0,0.002074356939726772,0.0
6742,1644098401000.0,0.0,0.0,0.2,5.8383,0.0,0.0,5.857,1.0,1.0,1388.9925060399792,1050.0,1388.9962460399793,1050.0,0.0008406524836689015,0.0
6743,1644102001000.0,0.0,0.0,0.2,5.899162499999999,0.0,0.0,5.825,1.0,1.0,1389.0037246399793,1050.0,1388.9888921399793,1050.0,0.0008494091693712375,0.0
6744,1644105601000.0,0.0,0.0,0.5,5.813865,0.0,0.0,5.744,1.0,1.0,1389.0035519299793,1050.0,1388.9686194299793,1050.0,0.002092818622357663,0.0
6745,1644109201000.0,0.0,0.0,0.5,5.813865,0.0,0.0,5.818,1.0,1.0,1389.0035519299793,1050.0,1389.0056194299793,1050.0,0.002092818622357663,0.0
6746,1644112801000.0,0.0,0.0,0.2,5.8494325,0.0,0.0,5.869,1.0,1.0,1389.0249123599792,1050.0,1389.0288258599792,1050.0,0.0008422357940379493,0.0
6747,1644116401000.0,0.0,0.0,0.2,5.8494325,0.0,0.0,5.762,1.0,1.0,1389.0249123599792,1050.0,1389.0074258599793,1050.0,0.0008422357940379493,0.0
6748,1644120001000.0,0.0,0.0,0.2,5.8494325,0.0,0.0,5.723,1.0,1.0,1389.0249123599792,1050.0,1388.9996258599792,1050.0,0.0008422357940379493,0.0
6749,1644123601000.0,0.0,0.0,0.7,5.683405416666666,0.0,0.0,5.756,1.0,1.0,1389.0490579616462,1050.0,1389.0998741699796,1050.0,0.002864106036330155,0.0
6750,1644127201000.0,0.0,0.0,0.2,5.769851354166667,0.0,0.0,5.788,1.0,1.0,1389.1059244608127,1050.0,1389.1095541899795,1050.0,0.0008307287806588629,0.0
6751,1644130801000.0,0.0,0.0,0.2,5.769851354166667,0.0,0.0,5.714,1.0,1.0,1389.1059244608127,1050.0,1389.0947541899793,1050.0,0.0008307287806588629,0.0
6752,1644134401000.0,0.0,0.0,0.2,5.769851354166667,0.0,0.0,5.769,1.0,1.0,1389.1059244608127,1050.0,1389.1057541899795,1050.0,0.0008307287806588629,0.0
6753,1644138001000.0,0.0,0.0,0.2,5.769851354166667,0.0,0.0,5.758,1.0,1.0,1389.1059244608127,1050.0,1389.1035541899794,1050.0,0.0008307287806588629,0.0
6754,1644141601000.0,0.0,0.0,0.2,5.769851354166667,0.0,0.0,5.76,1.0,1.0,1389.1059244608127,1050.0,1389.1039541899795,1050.0,0.0008307287806588629,0.0
6755,1644145201000.0,0.0,0.0,0.2,5.769851354166667,0.0,0.0,5.694,1.0,1.0,1389.1059244608127,1050.0,1389.0907541899794,1050.0,0.0008307287806588629,0.0
6756,1644148801000.0,0.0,0.0,0.2,5.769851354166667,0.0,0.0,5.706,1.0,1.0,1389.1059244608127,1050.0,1389.0931541899795,1050.0,0.0008307287806588629,0.0
6757,1644152401000.0,0.0,0.0,0.2,5.769851354166667,0.0,0.0,5.705,1.0,1.0,1389.1059244608127,1050.0,1389.0929541899793,1050.0,0.0008307287806588629,0.0
6758,1644156001000.0,0.0,0.0,0.2,5.769851354166667,0.0,0.0,5.687,1.0,1.0,1389.1059244608127,1050.0,1389.0893541899793,1050.0,0.0008307287806588629,0.0
6759,1644159601000.0,0.0,0.0,1.2,5.606308559027779,0.0,0.0,5.563,1.0,1.0,1389.1053671008128,1050.0,1389.0533968299794,1050.0,0.004843095729213383,0.0
6760,1644163201000.0,0.0,0.0,0.5,5.606308559027779,0.0,0.0,5.619,1.0,1.0,1389.1306560994935,1050.0,1389.1370018199796,1050.0,0.002017919817121306,0.0
6761,1644166801000.0,0.0,0.0,0.2,5.6836635698784725,0.0,0.0,5.697,1.0,1.0,1389.1585237539553,1050.0,1389.1611910399795,1050.0,0.0008182886938661798,0.0
6762,1644170401000.0,0.0,0.0,0.2,5.722415892469618,0.0,0.0,5.683,1.0,1.0,1389.1658449584734,1050.0,1389.1579617799794,1050.0,0.000823863603217322,0.0
6763,1644174001000.0,0.0,0.0,0.2,5.722415892469618,0.0,0.0,5.626,1.0,1.0,1389.1658449584734,1050.0,1389.1465617799795,1050.0,0.000823863603217322,0.0
6764,1644177601000.0,0.0,0.0,0.2,5.722415892469618,0.0,0.0,5.625,1.0,1.0,1389.1658449584734,1050.0,1389.1463617799795,1050.0,0.000823863603217322,0.0
6765,1644181201000.0,0.0,0.0,0.5,5.639966356987847,0.0,0.0,5.62,1.0,1.0,1389.1656774084734,1050.0,1389.1556942299794,1050.0,0.002029983337735985,0.0
6766,1644184801000.0,0.0,0.0,0.2,5.639966356987847,0.0,0.0,5.657,1.0,1.0,1389.176617191377,1050.0,1389.1800239199795,1050.0,0.0008119869406369181,0.0
6767,1644188401000.0,0.0,0.0,0.2,5.6594831784939235,0.0,0.0,5.632,1.0,1.0,1389.1802069956784,1050.0,1389.1747103599796,1050.0,0.000814794675304718,0.0
6768,1644192001000.0,0.0,0.0,0.2,5.781648174663967,0.0,0.0,5.802,1.0,1.0,1389.202150054912,1050.0,1389.2062204199792,1050.0,0.0008323695978206531,0.0
6769,1644195601000.0,0.0,0.0,0.5,5.698459269865587,0.0,0.0,5.658,1.0,1.0,1389.201980764912,1050.0,1389.1817511299791,1050.0,0.00205098299195051,0.0
6770,1644199201000.0,0.0,0.0,0.5,5.698459269865587,0.0,0.0,5.635,1.0,1.0,1389.201980764912,1050.0,1389.170251129979,1050.0,0.00205098299195051,0.0
6771,1644202801000.0,0.0,0.0,0.2,5.718729634932794,0.0,0.0,5.688,1.0,1.0,1389.2167102269655,1050.0,1389.2105642999788,1050.0,0.0008233027421615866,0.0
6772,1644206401000.0,0.0,0.0,0.2,5.81714780109165,0.0,0.0,5.833,1.0,1.0,1389.2352141801973,1050.0,1389.238384619979,1050.0,0.0008374604590662369,0.0
6773,1644210001000.0,0.0,0.0,0.2,5.81714780109165,0.0,0.0,5.824,1.0,1.0,1389.2352141801973,1050.0,1389.2365846199789,1050.0,0.0008374604590662369,0.0
6774,1644213601000.0,0.0,0.0,0.2,5.81714780109165,0.0,0.0,5.815,1.0,1.0,1389.2352141801973,1050.0,1389.2347846199789,1050.0,0.0008374604590662369,0.0
6775,1644217201000.0,0.0,0.0,0.2,5.81714780109165,0.0,0.0,5.848,1.0,1.0,1389.2352141801973,1050.0,1389.241384619979,1050.0,0.0008374604590662369,0.0
6776,1644220801000.0,0.0,0.0,0.2,5.837573900545825,0.0,0.0,5.784,1.0,1.0,1389.238982260088,1050.0,1389.228267479979,1050.0,0.0008403988046821073,0.0
6777,1644224401000.0,0.0,0.0,0.2,5.837573900545825,0.0,0.0,5.757,1.0,1.0,1389.238982260088,1050.0,1389.222867479979,1050.0,0.0008403988046821073,0.0
6778,1644228001000.0,0.0,0.0,0.5,5.7532295602183305,0.0,0.0,5.76,1.0,1.0,1389.238811350088,1050.0,1389.242196569979,1050.0,0.00207064095575736,0.0
6779,1644231601000.0,0.0,0.0,0.5,5.7532295602183305,0.0,0.0,5.753,1.0,1.0,1389.238811350088,1050.0,1389.2386965699789,1050.0,0.00207064095575736,0.0
6780,1644235201000.0,0.0,0.0,0.5,5.7532295602183305,0.0,0.0,5.748,1.0,1.0,1389.238811350088,1050.0,1389.236196569979,1050.0,0.00207064095575736,0.0
6781,1644238801000.0,0.0,0.0,0.5,5.7532295602183305,0.0,0.0,5.74,1.0,1.0,1389.238811350088,1050.0,1389.232196569979,1050.0,0.00207064095575736,0.0
6782,1644242401000.0,0.0,0.0,0.2,5.774114780109166,0.0,0.0,5.765,1.0,1.0,1389.2536299360008,1050.0,1389.251806979979,1050.0,0.0008312542297082447,0.0
6783,1644246001000.0,0.0,0.0,0.2,5.9548125,0.0,0.0,5.926,1.0,1.0,1389.2830427899787,1050.0,1389.2772802899788,1050.0,0.000857249720408515,0.0
6784,1644249601000.0,0.0,0.0,0.2,5.9548125,0.0,0.0,5.92,1.0,1.0,1389.2830427899787,1050.0,1389.2760802899786,1050.0,0.000857249720408515,0.0
6785,1644253201000.0,0.0,0.0,0.2,5.9548125,0.0,0.0,5.87,1.0,1.0,1389.2830427899787,1050.0,1389.2660802899786,1050.0,0.000857249720408515,0.0
6786,1644256801000.0,0.0,0.0,0.2,5.9548125,0.0,0.0,5.888,1.0,1.0,1389.2830427899787,1050.0,1389.2696802899786,1050.0,0.000857249720408515,0.0
6787,1644260401000.0,0.0,0.0,0.5,5.869125,0.0,0.0,5.801,1.0,1.0,1389.2828684299786,1050.0,1389.2488059299787,1050.0,0.002112285817874033,0.0
6788,1644264001000.0,0.0,0.0,0.5,5.869125,0.0,0.0,5.815,1.0,1.0,1389.2828684299786,1050.0,1389.2558059299786,1050.0,0.002112285817874033,0.0
6789,1644267601000.0,0.0,0.0,0.5,5.869125,0.0,0.0,5.817,1.0,1.0,1389.2828684299786,1050.0,1389.2568059299786,1050.0,0.002112285817874033,0.0
6790,1644271201000.0,0.0,0.0,0.5,5.869125,0.0,0.0,5.81,1.0,1.0,1389.2828684299786,1050.0,1389.2533059299785,1050.0,0.002112285817874033,0.0
6791,1644274801000.0,0.0,0.0,0.5,5.869125,0.0,0.0,5.842,1.0,1.0,1389.2828684299786,1050.0,1389.2693059299786,1050.0,0.002112285817874033,0.0
6792,1644278401000.0,0.0,0.0,0.3,5.869125,0.0,0.0,5.907,1.0,1.0,1389.2905252699786,1050.0,1389.3018877699785,1050.0,0.0012673645058205796,0.0
6793,1644282001000.0,0.0,0.0,0.5,5.8419125,0.0,0.0,5.816,1.0,1.0,1389.3049736299783,1050.0,1389.2920173799785,1050.0,0.0021024586433086184,0.0
6794,1644285601000.0,0.0,0.0,0.5,5.8419125,0.0,0.0,5.873,1.0,1.0,1389.3049736299783,1050.0,1389.3205173799784,1050.0,0.0021024586433086184,0.0
6795,1644289201000.0,0.0,0.0,0.5,5.8419125,0.0,0.0,5.798,1.0,1.0,1389.3049736299783,1050.0,1389.2830173799784,1050.0,0.0021024586433086184,0.0
6796,1644292801000.0,0.0,0.0,0.5,5.8419125,0.0,0.0,5.813,1.0,1.0,1389.3049736299783,1050.0,1389.2905173799784,1050.0,0.0021024586433086184,0.0
6797,1644296401000.0,0.0,0.0,0.4,5.8419125,0.0,0.0,5.865,1.0,1.0,1389.3088235699784,1050.0,1389.3180585699783,1050.0,0.0016819622537165145,0.0
6798,1644300001000.0,0.0,0.0,0.2,5.961903515625,0.0,0.0,5.963,1.0,1.0,1389.3385274331035,1050.0,1389.3387467299785,1050.0,0.0008582362610558303,0.0
6799,1644303601000.0,0.0,0.0,0.5,5.961297587890625,0.0,0.0,5.948,1.0,1.0,1389.3537355039236,1050.0,1389.3470867099784,1050.0,0.002145349105686336,0.0
6800,1644307201000.0,0.0,0.0,0.5,5.961297587890625,0.0,0.0,5.886,1.0,1.0,1389.3537355039236,1050.0,1389.3160867099784,1050.0,0.002145349105686336,0.0
6801,1644310801000.0,0.0,0.0,6.5,5.709269045222356,0.0,0.0,5.666,1.0,1.0,1389.3503225439238,1050.0,1389.0690737499785,1050.0,0.026710505040943036,0.0
6802,1644314401000.0,0.0,0.0,6.5,5.709269045222356,0.0,0.0,5.618,1.0,1.0,1389.3503225439238,1050.0,1388.7570737499784,1050.0,0.026710505040943036,0.0
6803,1644318001000.0,0.0,0.0,6.5,5.709269045222356,0.0,0.0,5.624,1.0,1.0,1389.3503225439238,1050.0,1388.7960737499784,1050.0,0.026710505040943036,0.0
6804,1644321601000.0,0.0,0.0,6.5,5.709269045222356,0.0,0.0,5.661,1.0,1.0,1389.3503225439238,1050.0,1389.0365737499785,1050.0,0.026710505040943036,0.0
6805,1644325201000.0,0.0,0.0,15.2,5.61696373644377,0.0,0.0,5.536,1.0,1.0,1389.3454957839238,1050.0,1388.1148469899783,1050.0,0.06145184840849953,0.0
6806,1644328801000.0,0.0,0.0,15.2,5.61696373644377,0.0,0.0,5.489,1.0,1.0,1389.3454957839238,1050.0,1387.4004469899785,1050.0,0.06145184840849953,0.0
6807,1644332401000.0,0.0,0.0,15.2,5.61696373644377,0.0,0.0,5.468,1.0,1.0,1389.3454957839238,1050.0,1387.0812469899784,1050.0,0.06145184840849953,0.0
6808,1644336001000.0,0.0,0.0,35.5,5.507764754759023,0.0,0.0,5.434,1.0,1.0,1389.3344810039237,1050.0,1386.7158322099783,1050.0,0.14073331617931184,0.0
6809,1644339601000.0,0.0,0.0,35.5,5.507764754759023,0.0,0.0,5.377,1.0,1.0,1389.3344810039237,1050.0,1384.6923322099783,1050.0,0.14073331617931184,0.0
6810,1644343201000.0,0.0,0.0,35.5,5.507764754759023,0.0,0.0,5.396,1.0,1.0,1389.3344810039237,1050.0,1385.3668322099784,1050.0,0.14073331617931184,0.0
6811,1644346801000.0,0.0,0.0,35.5,5.507764754759023,0.0,0.0,5.415,1.0,1.0,1389.3344810039237,1050.0,1386.0413322099782,1050.0,0.14073331617931184,0.0
6812,1644350401000.0,0.0,0.0,35.5,5.507764754759023,0.0,0.0,5.39,1.0,1.0,1389.3344810039237,1050.0,1385.1538322099784,1050.0,0.14073331617931184,0.0
6813,1644354001000.0,0.0,0.0,35.5,5.507764754759023,0.0,0.0,5.498,1.0,1.0,1389.3344810039237,1050.0,1388.9878322099783,1050.0,0.14073331617931184,0.0
6814,1644357601000.0,0.0,0.0,35.5,5.507764754759023,0.0,0.0,5.474,1.0,1.0,1389.3344810039237,1050.0,1388.1358322099784,1050.0,0.14073331617931184,0.0
6815,1644361201000.0,0.0,0.0,35.5,5.507764754759023,0.0,0.0,5.503,1.0,1.0,1389.3344810039237,1050.0,1389.1653322099783,1050.0,0.14073331617931184,0.0
6816,1644364801000.0,0.0,0.0,14.1,5.507764754759023,0.0,0.0,5.522,1.0,1.0,1390.0980510920804,1050.0,1390.2987680499782,1050.0,0.055866190864084626,0.0
6817,1644368401000.0,0.0,0.0,14.1,5.507764754759023,0.0,0.0,5.515,1.0,1.0,1390.0980510920804,1050.0,1390.2000680499782,1050.0,0.055866190864084626,0.0
6818,1644372001000.0,0.0,0.0,14.1,5.507764754759023,0.0,0.0,5.455,1.0,1.0,1390.0980510920804,1050.0,1389.3540680499782,1050.0,0.055866190864084626,0.0
6819,1644375601000.0,0.0,0.0,14.1,5.507764754759023,0.0,0.0,5.375,1.0,1.0,1390.0980510920804,1050.0,1388.226068049978,1050.0,0.055866190864084626,0.0
6820,1644379201000.0,0.0,0.0,14.1,5.507764754759023,0.0,0.0,5.38,1.0,1.0,1390.0980510920804,1050.0,1388.296568049978,1050.0,0.055866190864084626,0.0
6821,1644382801000.0,0.0,0.0,14.1,5.507764754759023,0.0,0.0,5.411,1.0,1.0,1390.0980510920804,1050.0,1388.7336680499782,1050.0,0.055866190864084626,0.0
6822,1644386401000.0,0.0,0.0,14.1,5.507764754759023,0.0,0.0,5.445,1.0,1.0,1390.0980510920804,1050.0,1389.2130680499781,1050.0,0.055866190864084626,0.0
6823,1644390001000.0,0.0,0.0,14.1,5.507764754759023,0.0,0.0,5.539,1.0,1.0,1390.0980510920804,1050.0,1390.538468049978,1050.0,0.055866190864084626,0.0
6824,1644393601000.0,0.0,0.0,14.1,5.507764754759023,0.0,0.0,5.504,1.0,1.0,1390.0980510920804,1050.0,1390.044968049978,1050.0,0.055866190864084626,0.0
6825,1644397201000.0,0.0,0.0,14.1,5.507764754759023,0.0,0.0,5.448,1.0,1.0,1390.0980510920804,1050.0,1389.2553680499782,1050.0,0.055866190864084626,0.0
6826,1644400801000.0,0.0,0.0,14.1,5.507764754759023,0.0,0.0,5.468,1.0,1.0,1390.0980510920804,1050.0,1389.537368049978,1050.0,0.055866190864084626,0.0
6827,1644404401000.0,0.0,0.0,14.1,5.507764754759023,0.0,0.0,5.516,1.0,1.0,1390.0980510920804,1050.0,1390.214168049978,1050.0,0.055866190864084626,0.0
6828,1644408001000.0,0.0,0.0,14.1,5.507764754759023,0.0,0.0,5.521,1.0,1.0,1390.0980510920804,1050.0,1390.284668049978,1050.0,0.055866190864084626,0.0
6829,1644411601000.0,0.0,0.0,0.8,5.507764754759023,0.0,0.0,5.603,1.0,1.0,1391.0615574337864,1050.0,1391.1377456299792,1050.0,0.0031675174835078795,0.0
6830,1644415201000.0,0.0,0.0,0.2,5.606941188689756,0.0,0.0,5.575,1.0,1.0,1391.1410718177183,1050.0,1391.1346835799804,1050.0,0.000806092394549679,0.0
6831,1644418801000.0,0.0,0.0,0.2,5.606941188689756,0.0,0.0,5.597,1.0,1.0,1391.1410718177183,1050.0,1391.1390835799803,1050.0,0.000806092394549679,0.0
6832,1644422401000.0,0.0,0.0,0.2,5.606941188689756,0.0,0.0,5.579,1.0,1.0,1391.1410718177183,1050.0,1391.1354835799802,1050.0,0.000806092394549679,0.0
6833,1644426001000.0,0.0,0.0,0.2,5.606941188689756,0.0,0.0,5.613,1.0,1.0,1391.1410718177183,1050.0,1391.1422835799804,1050.0,0.000806092394549679,0.0
6834,1644429601000.0,0.0,0.0,0.2,5.6549852971724395,0.0,0.0,5.675,1.0,1.0,1391.1482540794148,1050.0,1391.1522570199802,1050.0,0.0008129953483519408,0.0
6835,1644433201000.0,0.0,0.0,0.2,5.6549852971724395,0.0,0.0,5.661,1.0,1.0,1391.1482540794148,1050.0,1391.1494570199802,1050.0,0.0008129953483519408,0.0
6836,1644436801000.0,0.0,0.0,0.2,5.733374081073277,0.0,0.0,5.742,1.0,1.0,1391.162874016195,1050.0,1391.1645991999803,1050.0,0.0008242563380837511,0.0
6837,1644440401000.0,0.0,0.0,0.2,5.81158588006708,0.0,0.0,5.837,1.0,1.0,1391.1776522759938,1050.0,1391.1827350999804,1050.0,0.0008354915521478097,0.0
6838,1644444001000.0,0.0,0.0,0.2,5.873323235008385,0.0,0.0,5.872,1.0,1.0,1391.188847406982,1050.0,1391.1885827599804,1050.0,0.0008443603103856954,0.0
6839,1644447601000.0,0.0,0.0,0.2,5.873323235008385,0.0,0.0,5.859,1.0,1.0,1391.188847406982,1050.0,1391.1859827599803,1050.0,0.0008443603103856954,0.0
6840,1644451201000.0,0.0,0.0,0.2,5.873323235008385,0.0,0.0,5.836,1.0,1.0,1391.188847406982,1050.0,1391.1813827599804,1050.0,0.0008443603103856954,0.0
6841,1644454801000.0,0.0,0.0,0.2,5.873323235008385,0.0,0.0,5.744,1.0,1.0,1391.188847406982,1050.0,1391.1629827599802,1050.0,0.0008443603103856954,0.0
6842,1644458401000.0,0.0,0.0,0.5,5.788529294003354,0.0,0.0,5.694,1.0,1.0,1391.188675446982,1050.0,1391.1414107999803,1050.0,0.0020804256806301017,0.0
6843,1644462001000.0,0.0,0.0,1.2,5.706553872501397,0.0,0.0,5.633,1.0,1.0,1391.1882800869819,1050.0,1391.10001543998,1050.0,0.004922313352563266,0.0
6844,1644465601000.0,0.0,0.0,1.2,5.706553872501397,0.0,0.0,5.626,1.0,1.0,1391.1882800869819,1050.0,1391.0916154399802,1050.0,0.004922313352563266,0.0
6845,1644469201000.0,0.0,0.0,1.2,5.706553872501397,0.0,0.0,5.648,1.0,1.0,1391.1882800869819,1050.0,1391.1180154399801,1050.0,0.004922313352563266,0.0
6846,1644472801000.0,0.0,0.0,1.2,5.706553872501397,0.0,0.0,5.636,1.0,1.0,1391.1882800869819,1050.0,1391.10361543998,1050.0,0.004922313352563266,0.0
6847,1644476401000.0,0.0,0.0,1.2,5.706553872501397,0.0,0.0,5.634,1.0,1.0,1391.1882800869819,1050.0,1391.1012154399803,1050.0,0.004922313352563266,0.0
6848,1644480001000.0,0.0,0.0,1.2,5.706553872501397,0.0,0.0,5.669,1.0,1.0,1391.1882800869819,1050.0,1391.1432154399802,1050.0,0.004922313352563266,0.0
6849,1644483601000.0,0.0,0.0,1.2,5.706553872501397,0.0,0.0,5.641,1.0,1.0,1391.1882800869819,1050.0,1391.1096154399802,1050.0,0.004922313352563266,0.0
6850,1644487201000.0,0.0,0.0,1.2,5.706553872501397,0.0,0.0,5.674,1.0,1.0,1391.1882800869819,1050.0,1391.1492154399803,1050.0,0.004922313352563266,0.0
6851,1644490801000.0,0.0,0.0,1.2,5.706553872501397,0.0,0.0,5.705,1.0,1.0,1391.1882800869819,1050.0,1391.1864154399802,1050.0,0.004922313352563266,0.0
6852,1644494401000.0,0.0,0.0,1.2,5.706553872501397,0.0,0.0,5.704,1.0,1.0,1391.1882800869819,1050.0,1391.1852154399803,1050.0,0.004922313352563266,0.0
6853,1644498001000.0,0.0,0.0,1.2,5.706553872501397,0.0,0.0,5.658,1.0,1.0,1391.1882800869819,1050.0,1391.1300154399803,1050.0,0.004922313352563266,0.0
6854,1644501601000.0,0.0,0.0,15.2,5.4539516215132675,0.0,0.0,5.381,1.0,1.0,1391.180674866982,1050.0,1390.0718102199803,1050.0,0.059589718391486544,0.0
6855,1644505201000.0,0.0,0.0,12.1,5.348762384422582,0.0,0.0,5.454,1.0,1.0,1392.6024763514934,1050.0,1393.8758514999802,1050.0,0.046474156085859114,0.0
6856,1644508801000.0,0.0,0.0,0.2,5.539043162256602,0.0,0.0,5.488,1.0,1.0,1393.918104372432,1050.0,1393.9078957399806,1050.0,0.0007947444178939599,0.0
6857,1644512401000.0,0.0,0.0,0.2,5.539043162256602,0.0,0.0,5.528,1.0,1.0,1393.918104372432,1050.0,1393.9158957399807,1050.0,0.0007947444178939599,0.0
6858,1644516001000.0,0.0,0.0,0.2,5.558021581128301,0.0,0.0,5.51,1.0,1.0,1393.9216885262065,1050.0,1393.9120842099808,1050.0,0.0007974653995096092,0.0
6859,1644519601000.0,0.0,0.0,0.2,5.558021581128301,0.0,0.0,5.445,1.0,1.0,1393.9216885262065,1050.0,1393.8990842099809,1050.0,0.0007974653995096092,0.0
6860,1644523201000.0,0.0,0.0,0.5,5.477608632451321,0.0,0.0,5.361,1.0,1.0,1393.9215258062065,1050.0,1393.8632214899808,1050.0,0.0019648195866991936,0.0
6861,1644526801000.0,0.0,0.0,1.2,5.400253596854718,0.0,0.0,5.313,1.0,1.0,1393.9211516562066,1050.0,1393.8164473399809,1050.0,0.0046489748064487,0.0
6862,1644530401000.0,0.0,0.0,1.2,5.400253596854718,0.0,0.0,5.335,1.0,1.0,1393.9211516562066,1050.0,1393.8428473399808,1050.0,0.0046489748064487,0.0
6863,1644534001000.0,0.0,0.0,1.2,5.400253596854718,0.0,0.0,5.32,1.0,1.0,1393.9211516562066,1050.0,1393.8248473399808,1050.0,0.0046489748064487,0.0
6864,1644537601000.0,0.0,0.0,2.8,5.324108684366308,0.0,0.0,5.222,1.0,1.0,1393.9203089362065,1050.0,1393.6344046199808,1050.0,0.010694660391025203,0.0
6865,1644541201000.0,0.0,0.0,6.5,5.2460622024962555,0.0,0.0,5.193,1.0,1.0,1393.9183897462065,1050.0,1393.5734854299808,1050.0,0.02446298475367285,0.0
6866,1644544801000.0,0.0,0.0,6.5,5.2460622024962555,0.0,0.0,5.23,1.0,1.0,1393.9183897462065,1050.0,1393.813985429981,1050.0,0.02446298475367285,0.0
6867,1644548401000.0,0.0,0.0,6.5,5.2460622024962555,0.0,0.0,5.187,1.0,1.0,1393.9183897462065,1050.0,1393.5344854299808,1050.0,0.02446298475367285,0.0
6868,1644552001000.0,0.0,0.0,6.5,5.2460622024962555,0.0,0.0,5.212,1.0,1.0,1393.9183897462065,1050.0,1393.6969854299807,1050.0,0.02446298475367285,0.0
6869,1644555601000.0,0.0,0.0,6.5,5.2460622024962555,0.0,0.0,5.215,1.0,1.0,1393.9183897462065,1050.0,1393.7164854299808,1050.0,0.02446298475367285,0.0
6870,1644559201000.0,0.0,0.0,6.5,5.2460622024962555,0.0,0.0,5.18,1.0,1.0,1393.9183897462065,1050.0,1393.4889854299809,1050.0,0.02446298475367285,0.0
6871,1644562801000.0,0.0,0.0,3.5,5.2460622024962555,0.0,0.0,5.275,1.0,1.0,1394.0216188387176,1050.0,1394.1229011299806,1050.0,0.01317140097442148,0.0
6872,1644566401000.0,0.0,0.0,1.1,5.2460622024962555,0.0,0.0,5.274,1.0,1.0,1394.104202112726,1050.0,1394.13493368998,1050.0,0.004139337944753767,0.0
6873,1644570001000.0,0.0,0.0,0.2,5.264031101248127,0.0,0.0,5.229,1.0,1.0,1394.1385589902309,1050.0,1394.1315527699812,1050.0,0.0007551661299807739,0.0
6874,1644573601000.0,0.0,0.0,0.2,5.264031101248127,0.0,0.0,5.278,1.0,1.0,1394.1385589902309,1050.0,1394.1413527699813,1050.0,0.0007551661299807739,0.0
6875,1644577201000.0,0.0,0.0,0.2,5.264031101248127,0.0,0.0,5.282,1.0,1.0,1394.1385589902309,1050.0,1394.1421527699813,1050.0,0.0007551661299807739,0.0
6876,1644580801000.0,0.0,0.0,0.2,5.264031101248127,0.0,0.0,5.272,1.0,1.0,1394.1385589902309,1050.0,1394.1401527699813,1050.0,0.0007551661299807739,0.0
6877,1644584401000.0,0.0,0.0,0.2,5.282515550624064,0.0,0.0,5.3,1.0,1.0,1394.1419498801058,1050.0,1394.145446769981,1050.0,0.0007578160245559432,0.0
6878,1644588001000.0,0.0,0.0,0.2,5.318878887656016,0.0,0.0,5.338,1.0,1.0,1394.1488094475123,1050.0,1394.1526336699812,1050.0,0.0007630288605652988,0.0
6879,1644591601000.0,0.0,0.0,0.2,5.337439443828008,0.0,0.0,5.3,1.0,1.0,1394.1522144587468,1050.0,1394.1447265699812,1050.0,0.0007656896267815589,0.0
6880,1644595201000.0,0.0,0.0,0.2,5.337439443828008,0.0,0.0,5.295,1.0,1.0,1394.1522144587468,1050.0,1394.1437265699813,1050.0,0.0007656896267815589,0.0
6881,1644598801000.0,0.0,0.0,0.2,5.337439443828008,0.0,0.0,5.254,1.0,1.0,1394.1522144587468,1050.0,1394.1355265699813,1050.0,0.0007656896267815589,0.0
6882,1644602401000.0,0.0,0.0,0.2,5.337439443828008,0.0,0.0,5.23,1.0,1.0,1394.1522144587468,1050.0,1394.130726569981,1050.0,0.0007656896267815589,0.0
6883,1644606001000.0,0.0,0.0,1.2,5.1860732406380015,0.0,0.0,5.081,1.0,1.0,1394.1516988787469,1050.0,1394.0256109899813,1050.0,0.004463852745558974,0.0
6884,1644609601000.0,0.0,0.0,2.8,5.112888531702001,0.0,0.0,4.996,1.0,1.0,1394.1508895987467,1050.0,1393.8236017099812,1050.0,0.010268678946857714,0.0
6885,1644613201000.0,0.0,0.0,15.2,4.958032097945106,0.0,0.0,4.863,1.0,1.0,1394.1447849987467,1050.0,1392.700297109981,1050.0,0.05405614158563406,0.0
6886,1644616801000.0,0.0,0.0,15.2,4.958032097945106,0.0,0.0,4.821,1.0,1.0,1394.1447849987467,1050.0,1392.0618971099811,1050.0,0.05405614158563406,0.0
6887,1644620401000.0,0.0,0.0,35.5,4.864805292641284,0.0,0.0,4.766,1.0,1.0,1394.1350511487467,1050.0,1390.6274632599811,1050.0,0.12387651235542989,0.0
6888,1644624001000.0,0.0,0.0,35.5,4.864805292641284,0.0,0.0,4.89,1.0,1.0,1394.1350511487467,1050.0,1395.0294632599812,1050.0,0.12387651235542989,0.0
6889,1644627601000.0,0.0,0.0,14.1,4.864805292641284,0.0,0.0,4.905,1.0,1.0,1394.813538306223,1050.0,1395.380283679981,1050.0,0.049177723575538415,0.0
6890,1644631201000.0,0.0,0.0,3.9,4.864805292641284,0.0,0.0,4.898,1.0,1.0,1395.1369293812827,1050.0,1395.2663887399817,1050.0,0.013599196065804857,0.0
6891,1644634801000.0,0.0,0.0,0.2,4.864805292641284,0.0,0.0,4.937,1.0,1.0,1395.4252208085088,1050.0,1395.4396597499806,1050.0,0.0006972505900133607,0.0
6892,1644638401000.0,0.0,0.0,0.2,4.897402646320642,0.0,0.0,4.847,1.0,1.0,1395.4309417492445,1050.0,1395.4208612199805,1050.0,0.0007019197439009767,0.0
6893,1644642001000.0,0.0,0.0,0.2,4.897402646320642,0.0,0.0,4.857,1.0,1.0,1395.4309417492445,1050.0,1395.4228612199804,1050.0,0.0007019197439009767,0.0
6894,1644645601000.0,0.0,0.0,0.2,4.897402646320642,0.0,0.0,4.841,1.0,1.0,1395.4309417492445,1050.0,1395.4196612199803,1050.0,0.0007019197439009767,0.0
6895,1644649201000.0,0.0,0.0,0.8,4.758733774386774,0.0,0.0,4.789,1.0,1.0,1395.4427835394893,1050.0,1395.4669965199798,1050.0,0.0027281570154049145,0.0
6896,1644652801000.0,0.0,0.0,0.2,4.830683443596694,0.0,0.0,4.839,1.0,1.0,1395.4907501986988,1050.0,1395.4924135099795,1050.0,0.0006923275475539871,0.0
6897,1644656401000.0,0.0,0.0,0.2,4.866920860899174,0.0,0.0,4.868,1.0,1.0,1395.497002702159,1050.0,1395.4972185299791,1050.0,0.0006975179239332155,0.0
6898,1644660001000.0,0.0,0.0,0.2,4.866920860899174,0.0,0.0,4.875,1.0,1.0,1395.497002702159,1050.0,1395.4986185299792,1050.0,0.0006975179239332155,0.0
6899,1644663601000.0,0.0,0.0,0.2,4.866920860899174,0.0,0.0,4.845,1.0,1.0,1395.497002702159,1050.0,1395.4926185299792,1050.0,0.0006975179239332155,0.0
6900,1644667201000.0,0.0,0.0,0.2,4.946,0.0,0.0,4.919,1.0,1.0,1395.505921359979,1050.0,1395.500521359979,1050.0,0.0007088468668309075,0.0
6901,1644670801000.0,0.0,0.0,0.5,4.8746,0.0,0.0,4.87,1.0,1.0,1395.5057765499791,1050.0,1395.503476549979,1050.0,0.0017465352282708445,0.0
6902,1644674401000.0,0.0,0.0,0.5,4.8746,0.0,0.0,4.833,1.0,1.0,1395.5057765499791,1050.0,1395.4849765499791,1050.0,0.0017465352282708445,0.0
6903,1644678001000.0,0.0,0.0,0.5,4.8746,0.0,0.0,4.856,1.0,1.0,1395.5057765499791,1050.0,1395.4964765499792,1050.0,0.0017465352282708445,0.0
6904,1644681601000.0,0.0,0.0,0.5,4.8746,0.0,0.0,4.883,1.0,1.0,1395.5057765499791,1050.0,1395.5099765499792,1050.0,0.0017465352282708445,0.0
6905,1644685201000.0,0.0,0.0,0.2,4.993028125,0.0,0.0,5.002,1.0,1.0,1395.5374407549798,1050.0,1395.5392351299797,1050.0,0.0007155706438515607,0.0
6906,1644688801000.0,0.0,0.0,0.2,5.0110140625,0.0,0.0,4.989,1.0,1.0,1395.5406373924798,1050.0,1395.5362345799797,1050.0,0.0007181466348214566,0.0
6907,1644692401000.0,0.0,0.0,0.2,5.045753515625,0.0,0.0,4.964,1.0,1.0,1395.547083133105,1050.0,1395.53073242998,1050.0,0.00072312193212384,0.0
6908,1644696001000.0,0.0,0.0,0.2,5.045753515625,0.0,0.0,4.944,1.0,1.0,1395.547083133105,1050.0,1395.52673242998,1050.0,0.00072312193212384,0.0
6909,1644699601000.0,0.0,0.0,0.5,4.97270140625,0.0,0.0,4.963,1.0,1.0,1395.5469354131048,1050.0,1395.54208470998,1050.0,0.0017816317316400392,0.0
6910,1644703201000.0,0.0,0.0,1.2,4.902292252604167,0.0,0.0,4.823,1.0,1.0,1395.5465957731049,1050.0,1395.4514450699799,1050.0,0.004215373905065545,0.0
6911,1644706801000.0,0.0,0.0,1.2,4.902292252604167,0.0,0.0,4.898,1.0,1.0,1395.5465957731049,1050.0,1395.5414450699798,1050.0,0.004215373905065545,0.0
6912,1644710401000.0,0.0,0.0,1.2,4.902292252604167,0.0,0.0,4.892,1.0,1.0,1395.5465957731049,1050.0,1395.5342450699798,1050.0,0.004215373905065545,0.0
6913,1644714001000.0,0.0,0.0,0.8,4.902292252604167,0.0,0.0,4.945,1.0,1.0,1395.5594814720635,1050.0,1395.59364766998,1050.0,0.002810223322008824,0.0
6914,1644717601000.0,0.0,0.0,0.3,4.902292252604167,0.0,0.0,4.904,1.0,1.0,1395.5755885957617,1050.0,1395.5761009199805,1050.0,0.0010538215828646493,0.0
6915,1644721201000.0,0.0,0.0,0.3,4.902292252604167,0.0,0.0,4.87,1.0,1.0,1395.5755885957617,1050.0,1395.5659009199805,1050.0,0.0010538215828646493,0.0
6916,1644724801000.0,0.0,0.0,0.3,4.902292252604167,0.0,0.0,4.844,1.0,1.0,1395.5755885957617,1050.0,1395.5581009199805,1050.0,0.0010538215828646493,0.0
6917,1644728401000.0,0.0,0.0,0.3,4.902292252604167,0.0,0.0,4.798,1.0,1.0,1395.5755885957617,1050.0,1395.5443009199805,1050.0,0.0010538215828646493,0.0
6918,1644732001000.0,0.0,0.0,0.3,4.902292252604167,0.0,0.0,4.827,1.0,1.0,1395.5755885957617,1050.0,1395.5530009199804,1050.0,0.0010538215828646493,0.0
6919,1644735601000.0,0.0,0.0,0.3,4.902292252604167,0.0,0.0,4.868,1.0,1.0,1395.5755885957617,1050.0,1395.5653009199805,1050.0,0.0010538215828646493,0.0
6920,1644739201000.0,0.0,0.0,0.3,4.902292252604167,0.0,0.0,4.835,1.0,1.0,1395.5755885957617,1050.0,1395.5554009199805,1050.0,0.0010538215828646493,0.0
6921,1644742801000.0,0.0,0.0,0.3,4.902292252604167,0.0,0.0,4.851,1.0,1.0,1395.5755885957617,1050.0,1395.5602009199804,1050.0,0.0010538215828646493,0.0
6922,1644746401000.0,0.0,0.0,0.3,4.902292252604167,0.0,0.0,4.811,1.0,1.0,1395.5755885957617,1050.0,1395.5482009199804,1050.0,0.0010538215828646493,0.0
6923,1644750001000.0,0.0,0.0,0.3,4.902292252604167,0.0,0.0,4.886,1.0,1.0,1395.5755885957617,1050.0,1395.5707009199805,1050.0,0.0010538215828646493,0.0
6924,1644753601000.0,0.0,0.0,0.3,4.902292252604167,0.0,0.0,4.877,1.0,1.0,1395.5755885957617,1050.0,1395.5680009199805,1050.0,0.0010538215828646493,0.0
6925,1644757201000.0,0.0,0.0,0.3,4.902292252604167,0.0,0.0,4.873,1.0,1.0,1395.5755885957617,1050.0,1395.5668009199806,1050.0,0.0010538215828646493,0.0
6926,1644760801000.0,0.0,0.0,0.3,4.902292252604167,0.0,0.0,4.891,1.0,1.0,1395.5755885957617,1050.0,1395.5722009199806,1050.0,0.0010538215828646493,0.0
6927,1644764401000.0,0.0,0.0,0.3,4.902292252604167,0.0,0.0,4.872,1.0,1.0,1395.5755885957617,1050.0,1395.5665009199804,1050.0,0.0010538215828646493,0.0
6928,1644768001000.0,0.0,0.0,0.7,4.8346966796875,0.0,0.0,4.735,1.0,1.0,1395.5753972357618,1050.0,1395.5056095599805,1050.0,0.002425012423180118,0.0
6929,1644771601000.0,0.0,0.0,1.6,4.768492297363281,0.0,0.0,4.687,1.0,1.0,1395.5749727057619,1050.0,1395.4445850299805,1050.0,0.005466985167403002,0.0
6930,1644775201000.0,0.0,0.0,8.6,4.631591590207122,0.0,0.0,4.589,1.0,1.0,1395.571752495762,1050.0,1395.2054648199808,1050.0,0.028541483162401717,0.0
6931,1644778801000.0,0.0,0.0,20.1,4.55573073013837,0.0,0.0,4.504,1.0,1.0,1395.566578645762,1050.0,1394.5267909699808,1050.0,0.06561506206650466,0.0
6932,1644782401000.0,0.0,0.0,20.1,4.55573073013837,0.0,0.0,4.493,1.0,1.0,1395.566578645762,1050.0,1394.3056909699808,1050.0,0.06561506206650466,0.0
6933,1644786001000.0,0.0,0.0,20.1,4.55573073013837,0.0,0.0,4.554,1.0,1.0,1395.566578645762,1050.0,1395.5317909699809,1050.0,0.06561506206650466,0.0
6934,1644789601000.0,0.0,0.0,20.1,4.55573073013837,0.0,0.0,4.499,1.0,1.0,1395.566578645762,1050.0,1394.4262909699808,1050.0,0.06561506206650466,0.0
6935,1644793201000.0,0.0,0.0,20.1,4.55573073013837,0.0,0.0,4.518,1.0,1.0,1395.566578645762,1050.0,1394.8081909699808,1050.0,0.06561506206650466,0.0
6936,1644796801000.0,0.0,0.0,20.1,4.55573073013837,0.0,0.0,4.458,1.0,1.0,1395.566578645762,1050.0,1393.602190969981,1050.0,0.06561506206650466,0.0
6937,1644800401000.0,0.0,0.0,20.1,4.55573073013837,0.0,0.0,4.449,1.0,1.0,1395.566578645762,1050.0,1393.4212909699809,1050.0,0.06561506206650466,0.0
6938,1644804001000.0,0.0,0.0,46.9,4.465598884345016,0.0,0.0,4.37,1.0,1.0,1395.554792005762,1050.0,1391.0712043299807,1050.0,0.15007407009420845,0.0
6939,1644807601000.0,0.0,0.0,46.9,4.465598884345016,0.0,0.0,4.377,1.0,1.0,1395.554792005762,1050.0,1391.3995043299808,1050.0,0.15007407009420845,0.0
6940,1644811201000.0,0.0,0.0,46.9,4.465598884345016,0.0,0.0,4.413,1.0,1.0,1395.554792005762,1050.0,1393.0879043299808,1050.0,0.15007407009420845,0.0
6941,1644814801000.0,0.0,0.0,46.9,4.465598884345016,0.0,0.0,4.422,1.0,1.0,1395.554792005762,1050.0,1393.5100043299808,1050.0,0.15007407009420845,0.0
6942,1644818401000.0,0.0,0.0,46.9,4.465598884345016,0.0,0.0,4.383,1.0,1.0,1395.554792005762,1050.0,1391.6809043299809,1050.0,0.15007407009420845,0.0
6943,1644822001000.0,0.0,0.0,46.9,4.465598884345016,0.0,0.0,4.454,1.0,1.0,1395.554792005762,1050.0,1395.0108043299808,1050.0,0.15007407009420845,0.0
6944,1644825601000.0,0.0,0.0,46.9,4.465598884345016,0.0,0.0,4.451,1.0,1.0,1395.554792005762,1050.0,1394.8701043299807,1050.0,0.15007407009420845,0.0
6945,1644829201000.0,0.0,0.0,46.9,4.465598884345016,0.0,0.0,4.405,1.0,1.0,1395.554792005762,1050.0,1392.7127043299809,1050.0,0.15007407009420845,0.0
6946,1644832801000.0,0.0,0.0,46.9,4.465598884345016,0.0,0.0,4.403,1.0,1.0,1395.554792005762,1050.0,1392.6189043299808,1050.0,0.15007407009420845,0.0
6947,1644836401000.0,0.0,0.0,46.9,4.465598884345016,0.0,0.0,4.427,1.0,1.0,1395.554792005762,1050.0,1393.7445043299808,1050.0,0.15007407009420845,0.0
6948,1644840001000.0,0.0,0.0,46.9,4.465598884345016,0.0,0.0,4.429,1.0,1.0,1395.554792005762,1050.0,1393.8383043299807,1050.0,0.15007407009420845,0.0
6949,1644843601000.0,0.0,0.0,21.2,4.465598884345016,0.0,0.0,4.497,1.0,1.0,1396.2988485280953,1050.0,1396.964552179981,1050.0,0.06780117053588577,0.0
6950,1644847201000.0,0.0,0.0,0.7,4.465598884345016,0.0,0.0,4.542,1.0,1.0,1397.062939589022,1050.0,1397.1164203699807,1050.0,0.0022374934804018716,0.0
6951,1644850801000.0,0.0,0.0,0.2,4.583018715135783,0.0,0.0,4.548,1.0,1.0,1397.123739973008,1050.0,1397.116736229981,1050.0,0.0006560648257575703,0.0
6952,1644854401000.0,0.0,0.0,0.2,4.583018715135783,0.0,0.0,4.513,1.0,1.0,1397.123739973008,1050.0,1397.1097362299809,1050.0,0.0006560648257575703,0.0
6953,1644858001000.0,0.0,0.0,0.2,4.583018715135783,0.0,0.0,4.552,1.0,1.0,1397.123739973008,1050.0,1397.117536229981,1050.0,0.0006560648257575703,0.0
6954,1644861601000.0,0.0,0.0,0.2,4.583018715135783,0.0,0.0,4.526,1.0,1.0,1397.123739973008,1050.0,1397.1123362299809,1050.0,0.0006560648257575703,0.0
6955,1644865201000.0,0.0,0.0,0.5,4.517007486054313,0.0,0.0,4.478,1.0,1.0,1397.123605783008,1050.0,1397.104102039981,1050.0,0.0016165382459209067,0.0
6956,1644868801000.0,0.0,0.0,1.2,4.4534197858559645,0.0,0.0,4.386,1.0,1.0,1397.1232972230082,1050.0,1397.042393479981,1050.0,0.003825076679810124,0.0
6957,1644872401000.0,0.0,0.0,1.2,4.4534197858559645,0.0,0.0,4.423,1.0,1.0,1397.1232972230082,1050.0,1397.086793479981,1050.0,0.003825076679810124,0.0
6958,1644876001000.0,0.0,0.0,0.8,4.4534197858559645,0.0,0.0,4.486,1.0,1.0,1397.1349499886655,1050.0,1397.1610141599808,1050.0,0.002550029851242126,0.0
6959,1644879601000.0,0.0,0.0,0.2,4.568325618307998,0.0,0.0,4.587,1.0,1.0,1397.1837536836426,1050.0,1397.1874885599811,1050.0,0.0006539334008520659,0.0
6960,1644883201000.0,0.0,0.0,0.2,4.584162809153999,0.0,0.0,4.575,1.0,1.0,1397.1867291318117,1050.0,1397.184896569981,1050.0,0.0006561990195830905,0.0
6961,1644886801000.0,0.0,0.0,0.2,4.600081404576999,0.0,0.0,4.615,1.0,1.0,1397.1897205408964,1050.0,1397.192704259981,1050.0,0.0006584762737584645,0.0
6962,1644890401000.0,0.0,0.0,0.2,4.705500000000001,0.0,0.0,4.719,1.0,1.0,1397.2071369599812,1050.0,1397.2098369599812,1050.0,0.0006735579679671756,0.0
6963,1644894001000.0,0.0,0.0,0.2,4.738375,0.0,0.0,4.723,1.0,1.0,1397.213222129981,1050.0,1397.210147129981,1050.0,0.000678260830194061,0.0
6964,1644897601000.0,0.0,0.0,0.2,4.754687499999999,0.0,0.0,4.759,1.0,1.0,1397.2162892199808,1050.0,1397.2171517199808,1050.0,0.0006805943412890473,0.0
6965,1644901201000.0,0.0,0.0,0.2,4.754687499999999,0.0,0.0,4.75,1.0,1.0,1397.2162892199808,1050.0,1397.2153517199808,1050.0,0.0006805943412890473,0.0
6966,1644904801000.0,0.0,0.0,0.2,4.754687499999999,0.0,0.0,4.738,1.0,1.0,1397.2162892199808,1050.0,1397.2129517199808,1050.0,0.0006805943412890473,0.0
6967,1644908401000.0,0.0,0.0,0.2,4.754687499999999,0.0,0.0,4.725,1.0,1.0,1397.2162892199808,1050.0,1397.2103517199807,1050.0,0.0006805943412890473,0.0
6968,1644912001000.0,0.0,0.0,0.2,4.754687499999999,0.0,0.0,4.77,1.0,1.0,1397.2162892199808,1050.0,1397.2193517199808,1050.0,0.0006805943412890473,0.0
6969,1644915601000.0,0.0,0.0,0.2,4.82041796875,0.0,0.0,4.837,1.0,1.0,1397.228550383731,1050.0,1397.231866789981,1050.0,0.0006899970613148627,0.0
6970,1644919201000.0,0.0,0.0,0.2,4.839208984375,0.0,0.0,4.848,1.0,1.0,1397.2316114868559,1050.0,1397.233369689981,1050.0,0.0006926852992146928,0.0
6971,1644922801000.0,0.0,0.0,0.2,4.839208984375,0.0,0.0,4.859,1.0,1.0,1397.2316114868559,1050.0,1397.2355696899808,1050.0,0.0006926852992146928,0.0
6972,1644926401000.0,0.0,0.0,0.2,4.8566044921875005,0.0,0.0,4.813,1.0,1.0,1397.2346931384182,1050.0,1397.2259722399806,1050.0,0.0006951737622945464,0.0
6973,1644930001000.0,0.0,0.0,0.2,4.8566044921875005,0.0,0.0,4.831,1.0,1.0,1397.2346931384182,1050.0,1397.2295722399806,1050.0,0.0006951737622945464,0.0
6974,1644933601000.0,0.0,0.0,0.2,4.8566044921875005,0.0,0.0,4.847,1.0,1.0,1397.2346931384182,1050.0,1397.2327722399807,1050.0,0.0006951737622945464,0.0
6975,1644937201000.0,0.0,0.0,0.2,4.8566044921875005,0.0,0.0,4.863,1.0,1.0,1397.2346931384182,1050.0,1397.2359722399806,1050.0,0.0006951737622945464,0.0
6976,1644940801000.0,0.0,0.0,0.2,4.8566044921875005,0.0,0.0,4.843,1.0,1.0,1397.2346931384182,1050.0,1397.2319722399807,1050.0,0.0006951737622945464,0.0
6977,1644944401000.0,0.0,0.0,0.2,4.8566044921875005,0.0,0.0,4.851,1.0,1.0,1397.2346931384182,1050.0,1397.2335722399807,1050.0,0.0006951737622945464,0.0
6978,1644948001000.0,0.0,0.0,0.2,4.8733022460937505,0.0,0.0,4.831,1.0,1.0,1397.2378348991995,1050.0,1397.2293744499807,1050.0,0.0006975623082014987,0.0
6979,1644951601000.0,0.0,0.0,0.2,4.8733022460937505,0.0,0.0,4.896,1.0,1.0,1397.2378348991995,1050.0,1397.2423744499806,1050.0,0.0006975623082014987,0.0
6980,1644955201000.0,0.0,0.0,0.2,4.932537780761718,0.0,0.0,4.942,1.0,1.0,1397.2473862261331,1050.0,1397.2492786699809,1050.0,0.0007060364298242355,0.0
6981,1644958801000.0,0.0,0.0,0.2,4.949268890380859,0.0,0.0,4.957,1.0,1.0,1397.2505331380569,1050.0,1397.2520793599806,1050.0,0.0007084297014745659,0.0
6982,1644962401000.0,0.0,0.0,0.2,4.949268890380859,0.0,0.0,4.96,1.0,1.0,1397.2505331380569,1050.0,1397.2526793599807,1050.0,0.0007084297014745659,0.0
6983,1644966001000.0,0.0,0.0,0.2,4.96863444519043,0.0,0.0,4.988,1.0,1.0,1397.253706549019,1050.0,1397.2575796599808,1050.0,0.0007112000378889128,0.0
6984,1644969601000.0,0.0,0.0,0.2,5.061926076412201,0.0,0.0,5.086,1.0,1.0,1397.2698605952635,1050.0,1397.274675379981,1050.0,0.0007245452319791289,0.0
6985,1644973201000.0,0.0,0.0,0.2,5.061926076412201,0.0,0.0,5.065,1.0,1.0,1397.2698605952635,1050.0,1397.270475379981,1050.0,0.0007245452319791289,0.0
6986,1644976801000.0,0.0,0.0,0.2,5.09723151910305,0.0,0.0,5.027,1.0,1.0,1397.2763174838014,1050.0,1397.2622711799809,1050.0,0.0007295953499422482,0.0
6987,1644980401000.0,0.0,0.0,0.2,5.09723151910305,0.0,0.0,5.005,1.0,1.0,1397.2763174838014,1050.0,1397.2578711799808,1050.0,0.0007295953499422482,0.0
6988,1644984001000.0,0.0,0.0,0.2,5.09723151910305,0.0,0.0,5.003,1.0,1.0,1397.2763174838014,1050.0,1397.257471179981,1050.0,0.0007295953499422482,0.0
6989,1644987601000.0,0.0,0.0,0.5,5.02389260764122,0.0,0.0,4.977,1.0,1.0,1397.2761682338014,1050.0,1397.2527219299807,1050.0,0.0017977450420526278,0.0
6990,1644991201000.0,0.0,0.0,0.5,5.02389260764122,0.0,0.0,4.977,1.0,1.0,1397.2761682338014,1050.0,1397.2527219299807,1050.0,0.0017977450420526278,0.0
6991,1644994801000.0,0.0,0.0,0.5,5.02389260764122,0.0,0.0,4.993,1.0,1.0,1397.2761682338014,1050.0,1397.2607219299807,1050.0,0.0017977450420526278,0.0
6992,1644998401000.0,0.0,0.0,0.5,5.02389260764122,0.0,0.0,5.037,1.0,1.0,1397.2761682338014,1050.0,1397.2827219299809,1050.0,0.0017977450420526278,0.0
6993,1645002001000.0,0.0,0.0,0.2,5.05444630382061,0.0,0.0,5.034,1.0,1.0,1397.2945575207452,1050.0,1397.290468259981,1050.0,0.0007234618179274727,0.0
6994,1645005601000.0,0.0,0.0,0.2,5.05444630382061,0.0,0.0,4.995,1.0,1.0,1397.2945575207452,1050.0,1397.2826682599812,1050.0,0.0007234618179274727,0.0
6995,1645009201000.0,0.0,0.0,0.2,5.05444630382061,0.0,0.0,4.972,1.0,1.0,1397.2945575207452,1050.0,1397.2780682599812,1050.0,0.0007234618179274727,0.0
6996,1645012801000.0,0.0,0.0,0.2,5.05444630382061,0.0,0.0,4.968,1.0,1.0,1397.2945575207452,1050.0,1397.2772682599812,1050.0,0.0007234618179274727,0.0
6997,1645016401000.0,0.0,0.0,0.5,4.9815785215282435,0.0,0.0,4.902,1.0,1.0,1397.2944095307453,1050.0,1397.2546202699812,1050.0,0.0017825801375678629,0.0
6998,1645020001000.0,0.0,0.0,1.2,4.911241050636768,0.0,0.0,4.859,1.0,1.0,1397.2940692607453,1050.0,1397.2313799999813,1050.0,0.0042177873580198765,0.0
6999,1645023601000.0,0.0,0.0,1.2,4.911241050636768,0.0,0.0,4.882,1.0,1.0,1397.2940692607453,1050.0,1397.2589799999812,1050.0,0.0042177873580198765,0.0
7000,1645027201000.0,0.0,0.0,0.5,4.911241050636768,0.0,0.0,4.914,1.0,1.0,1397.3166544452981,1050.0,1397.3180339199798,1050.0,0.0017573829936874314,0.0
7001,1645030801000.0,0.0,0.0,0.5,4.911241050636768,0.0,0.0,4.925,1.0,1.0,1397.3166544452981,1050.0,1397.3235339199798,1050.0,0.0017573829936874314,0.0
7002,1645034401000.0,0.0,0.0,0.5,4.911241050636768,0.0,0.0,4.883,1.0,1.0,1397.3166544452981,1050.0,1397.3025339199799,1050.0,0.0017573829936874314,0.0
7003,1645038001000.0,0.0,0.0,0.5,4.911241050636768,0.0,0.0,4.932,1.0,1.0,1397.3166544452981,1050.0,1397.3270339199798,1050.0,0.0017573829936874314,0.0
7004,1645041601000.0,0.0,0.0,0.2,4.997007532832399,0.0,0.0,4.994,1.0,1.0,1397.3422891765454,1050.0,1397.341687669979,1050.0,0.0007152159598314509,0.0
7005,1645045201000.0,0.0,0.0,0.2,4.997007532832399,0.0,0.0,4.947,1.0,1.0,1397.3422891765454,1050.0,1397.332287669979,1050.0,0.0007152159598314509,0.0
7006,1645048801000.0,0.0,0.0,0.2,4.997007532832399,0.0,0.0,4.939,1.0,1.0,1397.3422891765454,1050.0,1397.330687669979,1050.0,0.0007152159598314509,0.0
7007,1645052401000.0,0.0,0.0,0.2,4.997007532832399,0.0,0.0,4.965,1.0,1.0,1397.3422891765454,1050.0,1397.3358876699788,1050.0,0.0007152159598314509,0.0
7008,1645056001000.0,0.0,0.0,0.2,4.997007532832399,0.0,0.0,4.9,1.0,1.0,1397.3422891765454,1050.0,1397.3228876699789,1050.0,0.0007152159598314509,0.0
7009,1645059601000.0,0.0,0.0,0.2,4.997007532832399,0.0,0.0,4.958,1.0,1.0,1397.3422891765454,1050.0,1397.334487669979,1050.0,0.0007152159598314509,0.0
7010,1645063201000.0,0.0,0.0,0.2,4.997007532832399,0.0,0.0,4.94,1.0,1.0,1397.3422891765454,1050.0,1397.330887669979,1050.0,0.0007152159598314509,0.0
7011,1645066801000.0,0.0,0.0,0.2,4.997007532832399,0.0,0.0,4.92,1.0,1.0,1397.3422891765454,1050.0,1397.326887669979,1050.0,0.0007152159598314509,0.0
7012,1645070401000.0,0.0,0.0,0.5,4.925003013132959,0.0,0.0,4.869,1.0,1.0,1397.3421428665454,1050.0,1397.314141359979,1050.0,0.0017622752731946076,0.0
7013,1645074001000.0,0.0,0.0,0.6,4.8555845888053994,0.0,0.0,4.9,1.0,1.0,1397.3687616332622,1050.0,1397.395410879979,1050.0,0.002084883270095489,0.0
7014,1645077601000.0,0.0,0.0,0.2,4.942286536800338,0.0,0.0,4.879,1.0,1.0,1397.3993777973392,1050.0,1397.386720489979,1050.0,0.000707354907312275,0.0
7015,1645081201000.0,0.0,0.0,0.2,4.942286536800338,0.0,0.0,4.95,1.0,1.0,1397.3993777973392,1050.0,1397.4009204899792,1050.0,0.000707354907312275,0.0
7016,1645084801000.0,0.0,0.0,0.2,4.942286536800338,0.0,0.0,4.95,1.0,1.0,1397.3993777973392,1050.0,1397.4009204899792,1050.0,0.000707354907312275,0.0
7017,1645088401000.0,0.0,0.0,0.2,4.942286536800338,0.0,0.0,4.878,1.0,1.0,1397.3993777973392,1050.0,1397.3865204899791,1050.0,0.000707354907312275,0.0
7018,1645092001000.0,0.0,0.0,0.2,4.942286536800338,0.0,0.0,4.89,1.0,1.0,1397.3993777973392,1050.0,1397.3889204899792,1050.0,0.000707354907312275,0.0
7019,1645095601000.0,0.0,0.0,0.2,4.942286536800338,0.0,0.0,4.882,1.0,1.0,1397.3993777973392,1050.0,1397.3873204899792,1050.0,0.000707354907312275,0.0
7020,1645099201000.0,0.0,0.0,0.2,4.942286536800338,0.0,0.0,4.878,1.0,1.0,1397.3993777973392,1050.0,1397.3865204899791,1050.0,0.000707354907312275,0.0
7021,1645102801000.0,0.0,0.0,0.2,4.942286536800338,0.0,0.0,4.89,1.0,1.0,1397.3993777973392,1050.0,1397.3889204899792,1050.0,0.000707354907312275,0.0
7022,1645106401000.0,0.0,0.0,0.5,4.870714614720136,0.0,0.0,4.786,1.0,1.0,1397.3992331073391,1050.0,1397.356875799979,1050.0,0.001742778477088945,0.0
7023,1645110001000.0,0.0,0.0,0.5,4.870714614720136,0.0,0.0,4.774,1.0,1.0,1397.3992331073391,1050.0,1397.3508757999791,1050.0,0.001742778477088945,0.0
7024,1645113601000.0,0.0,0.0,1.2,4.8020477561333905,0.0,0.0,4.803,1.0,1.0,1397.398900397339,1050.0,1397.400043089979,1050.0,0.004123702477310924,0.0
7025,1645117201000.0,0.0,0.0,0.2,4.818523878066696,0.0,0.0,4.807,1.0,1.0,1397.4334677755933,1050.0,1397.43116299998,1050.0,0.0006896247999179133,0.0
7026,1645120801000.0,0.0,0.0,0.2,4.818523878066696,0.0,0.0,4.789,1.0,1.0,1397.4334677755933,1050.0,1397.42756299998,1050.0,0.0006896247999179133,0.0
7027,1645124401000.0,0.0,0.0,1.2,4.682003979677783,0.0,0.0,4.674,1.0,1.0,1397.4330023055934,1050.0,1397.42339752998,1050.0,0.00402051816891662,0.0
7028,1645128001000.0,0.0,0.0,1.2,4.682003979677783,0.0,0.0,4.663,1.0,1.0,1397.4330023055934,1050.0,1397.41019752998,1050.0,0.00402051816891662,0.0
7029,1645131601000.0,0.0,0.0,1.2,4.682003979677783,0.0,0.0,4.637,1.0,1.0,1397.4330023055934,1050.0,1397.37899752998,1050.0,0.00402051816891662,0.0
7030,1645135201000.0,0.0,0.0,2.8,4.616287419861908,0.0,0.0,4.618,1.0,1.0,1397.4322715855933,1050.0,1397.43706680998,1050.0,0.009249539343289485,0.0
7031,1645138801000.0,0.0,0.0,2.8,4.616287419861908,0.0,0.0,4.621,1.0,1.0,1397.4322715855933,1050.0,1397.44546680998,1050.0,0.009249539343289485,0.0
7032,1645142401000.0,0.0,0.0,2.8,4.616287419861908,0.0,0.0,4.588,1.0,1.0,1397.4322715855933,1050.0,1397.35306680998,1050.0,0.009249539343289485,0.0
7033,1645146001000.0,0.0,0.0,2.8,4.616287419861908,0.0,0.0,4.605,1.0,1.0,1397.4322715855933,1050.0,1397.40066680998,1050.0,0.009249539343289485,0.0
7034,1645149601000.0,0.0,0.0,2.8,4.616287419861908,0.0,0.0,4.628,1.0,1.0,1397.4322715855933,1050.0,1397.46506680998,1050.0,0.009249539343289485,0.0
7035,1645153201000.0,0.0,0.0,1.8,4.616287419861908,0.0,0.0,4.61,1.0,1.0,1397.4625194657315,1050.0,1397.45120210998,1050.0,0.005946003731769634,0.0
7036,1645156801000.0,0.0,0.0,1.8,4.616287419861908,0.0,0.0,4.607,1.0,1.0,1397.4625194657315,1050.0,1397.4458021099801,1050.0,0.005946003731769634,0.0
7037,1645160401000.0,0.0,0.0,1.8,4.616287419861908,0.0,0.0,4.592,1.0,1.0,1397.4625194657315,1050.0,1397.41880210998,1050.0,0.005946003731769634,0.0
7038,1645164001000.0,0.0,0.0,1.4,4.616287419861908,0.0,0.0,4.614,1.0,1.0,1397.4746186177867,1050.0,1397.4714162299802,1050.0,0.00462462952937127,0.0
7039,1645167601000.0,0.0,0.0,0.8,4.616287419861908,0.0,0.0,4.659,1.0,1.0,1397.4927673458697,1050.0,1397.52693740998,1050.0,0.002642611126283938,0.0
7040,1645171201000.0,0.0,0.0,0.2,4.645143709930954,0.0,0.0,4.635,1.0,1.0,1397.5313923719661,1050.0,1397.52936362998,1050.0,0.0006647641312796509,0.0
7041,1645174801000.0,0.0,0.0,0.2,4.662071854965477,0.0,0.0,4.676,1.0,1.0,1397.534384450973,1050.0,1397.53717007998,1050.0,0.0006671852809971456,0.0
7042,1645178401000.0,0.0,0.0,0.2,4.662071854965477,0.0,0.0,4.672,1.0,1.0,1397.534384450973,1050.0,1397.5363700799799,1050.0,0.0006671852809971456,0.0
7043,1645182001000.0,0.0,0.0,0.2,4.662071854965477,0.0,0.0,4.633,1.0,1.0,1397.534384450973,1050.0,1397.52857007998,1050.0,0.0006671852809971456,0.0
7044,1645185601000.0,0.0,0.0,0.5,4.594828741986191,0.0,0.0,4.558,1.0,1.0,1397.534247950973,1050.0,1397.51583357998,1050.0,0.0016439055961322614,0.0
7045,1645189201000.0,0.0,0.0,0.5,4.594828741986191,0.0,0.0,4.602,1.0,1.0,1397.534247950973,1050.0,1397.5378335799799,1050.0,0.0016439055961322614,0.0
7046,1645192801000.0,0.0,0.0,0.5,4.594828741986191,0.0,0.0,4.566,1.0,1.0,1397.534247950973,1050.0,1397.5198335799798,1050.0,0.0016439055961322614,0.0
7047,1645196401000.0,0.0,0.0,2.0,4.466647989640392,0.0,0.0,4.509,1.0,1.0,1397.556348959261,1050.0,1397.6410529799803,1050.0,0.006392082856575532,0.0
7048,1645200001000.0,0.0,0.0,1.2,4.466647989640392,0.0,0.0,4.4,1.0,1.0,1397.5944693875488,1050.0,1397.5144917999803,1050.0,0.003835145104657798,0.0
7049,1645203601000.0,0.0,0.0,1.8,4.403991995560169,0.0,0.0,4.365,1.0,1.0,1397.622336971988,1050.0,1397.5521513799797,1050.0,0.005671908198879327,0.0
7050,1645207201000.0,0.0,0.0,1.8,4.403991995560169,0.0,0.0,4.379,1.0,1.0,1397.622336971988,1050.0,1397.5773513799797,1050.0,0.005671908198879327,0.0
7051,1645210801000.0,0.0,0.0,1.8,4.403991995560169,0.0,0.0,4.399,1.0,1.0,1397.622336971988,1050.0,1397.6133513799798,1050.0,0.005671908198879327,0.0
7052,1645214401000.0,0.0,0.0,1.8,4.403991995560169,0.0,0.0,4.409,1.0,1.0,1397.622336971988,1050.0,1397.6313513799798,1050.0,0.005671908198879327,0.0
7053,1645218001000.0,0.0,0.0,1.8,4.403991995560169,0.0,0.0,4.368,1.0,1.0,1397.622336971988,1050.0,1397.5575513799797,1050.0,0.005671908198879327,0.0
7054,1645221601000.0,0.0,0.0,1.8,4.403991995560169,0.0,0.0,4.364,1.0,1.0,1397.622336971988,1050.0,1397.5503513799797,1050.0,0.005671908198879327,0.0
7055,1645225201000.0,0.0,0.0,1.8,4.403991995560169,0.0,0.0,4.325,1.0,1.0,1397.622336971988,1050.0,1397.4801513799798,1050.0,0.005671908198879327,0.0
7056,1645228801000.0,0.0,0.0,1.8,4.403991995560169,0.0,0.0,4.36,1.0,1.0,1397.622336971988,1050.0,1397.5431513799797,1050.0,0.005671908198879327,0.0
7057,1645232401000.0,0.0,0.0,1.8,4.403991995560169,0.0,0.0,4.408,1.0,1.0,1397.622336971988,1050.0,1397.6295513799798,1050.0,0.005671908198879327,0.0
7058,1645236001000.0,0.0,0.0,1.4,4.403991995560169,0.0,0.0,4.427,1.0,1.0,1397.6337628537638,1050.0,1397.6659740599796,1050.0,0.004411448090088354,0.0
7059,1645239601000.0,0.0,0.0,1.0,4.403991995560169,0.0,0.0,4.434,1.0,1.0,1397.6451887355395,1050.0,1397.6751967399794,1050.0,0.003151008590058894,0.0
7060,1645243201000.0,0.0,0.0,0.3,4.403991995560169,0.0,0.0,4.418,1.0,1.0,1397.665184028647,1050.0,1397.6693864299789,1050.0,0.0009452890533194901,0.0
7061,1645246801000.0,0.0,0.0,0.2,4.418995997780085,0.0,0.0,4.435,1.0,1.0,1397.670852629535,1050.0,1397.6740534299788,1050.0,0.0006323371471139034,0.0
7062,1645250401000.0,0.0,0.0,0.2,4.418995997780085,0.0,0.0,4.423,1.0,1.0,1397.670852629535,1050.0,1397.671653429979,1050.0,0.0006323371471139034,0.0
7063,1645254001000.0,0.0,0.0,0.2,4.434997998890042,0.0,0.0,4.444,1.0,1.0,1397.6736640397569,1050.0,1397.675464439979,1050.0,0.0006346256802280119,0.0
7064,1645257601000.0,0.0,0.0,0.2,4.434997998890042,0.0,0.0,4.428,1.0,1.0,1397.6736640397569,1050.0,1397.6722644399788,1050.0,0.0006346256802280119,0.0
7065,1645261201000.0,0.0,0.0,0.2,4.434997998890042,0.0,0.0,4.382,1.0,1.0,1397.6736640397569,1050.0,1397.6630644399788,1050.0,0.0006346256802280119,0.0
7066,1645264801000.0,0.0,0.0,0.2,4.434997998890042,0.0,0.0,4.35,1.0,1.0,1397.6736640397569,1050.0,1397.6566644399788,1050.0,0.0006346256802280119,0.0
7067,1645268401000.0,0.0,0.0,0.5,4.370799199556017,0.0,0.0,4.337,1.0,1.0,1397.673534199757,1050.0,1397.6566345999788,1050.0,0.0015635980408180705,0.0
7068,1645272001000.0,0.0,0.0,1.2,4.309082999815007,0.0,0.0,4.242,1.0,1.0,1397.6732356497569,1050.0,1397.5927360499788,1050.0,0.003699648435618885,0.0
7069,1645275601000.0,0.0,0.0,2.8,4.248464142777861,0.0,0.0,4.21,1.0,1.0,1397.6725631697568,1050.0,1397.5648635699788,1050.0,0.00851107756798199,0.0
7070,1645279201000.0,0.0,0.0,1.4,4.248464142777861,0.0,0.0,4.303,1.0,1.0,1397.7211136698675,1050.0,1397.7974638699784,1050.0,0.004255390965850322,0.0
7071,1645282801000.0,0.0,0.0,0.2,4.279866035694465,0.0,0.0,4.282,1.0,1.0,1397.7649519171187,1050.0,1397.7653787099798,1050.0,0.0006123870869453941,0.0
7072,1645286401000.0,0.0,0.0,0.2,4.2949330178472325,0.0,0.0,4.315,1.0,1.0,1397.767679133549,1050.0,1397.7716925299796,1050.0,0.0006145417556813996,0.0
7073,1645290001000.0,0.0,0.0,0.2,4.3704041568077265,0.0,0.0,4.316,1.0,1.0,1397.7815379613407,1050.0,1397.770657129979,1050.0,0.0006253343656522957,0.0
7074,1645293601000.0,0.0,0.0,0.2,4.3704041568077265,0.0,0.0,4.361,1.0,1.0,1397.7815379613407,1050.0,1397.7796571299791,1050.0,0.0006253343656522957,0.0
7075,1645297201000.0,0.0,0.0,0.2,4.3704041568077265,0.0,0.0,4.332,1.0,1.0,1397.7815379613407,1050.0,1397.7738571299792,1050.0,0.0006253343656522957,0.0
7076,1645300801000.0,0.0,0.0,0.2,4.3704041568077265,0.0,0.0,4.283,1.0,1.0,1397.7815379613407,1050.0,1397.7640571299792,1050.0,0.0006253343656522957,0.0
7077,1645304401000.0,0.0,0.0,0.2,4.3704041568077265,0.0,0.0,4.316,1.0,1.0,1397.7815379613407,1050.0,1397.770657129979,1050.0,0.0006253343656522957,0.0
7078,1645308001000.0,0.0,0.0,0.2,4.3704041568077265,0.0,0.0,4.293,1.0,1.0,1397.7815379613407,1050.0,1397.7660571299791,1050.0,0.0006253343656522957,0.0
7079,1645311601000.0,0.0,0.0,0.2,4.3704041568077265,0.0,0.0,4.338,1.0,1.0,1397.7815379613407,1050.0,1397.7750571299791,1050.0,0.0006253343656522957,0.0
7080,1645315201000.0,0.0,0.0,0.2,4.3704041568077265,0.0,0.0,4.365,1.0,1.0,1397.7815379613407,1050.0,1397.7804571299791,1050.0,0.0006253343656522957,0.0
7081,1645318801000.0,0.0,0.0,0.2,4.3704041568077265,0.0,0.0,4.283,1.0,1.0,1397.7815379613407,1050.0,1397.7640571299792,1050.0,0.0006253343656522957,0.0
7082,1645322401000.0,0.0,0.0,0.5,4.30716166272309,0.0,0.0,4.305,1.0,1.0,1397.7814100113408,1050.0,1397.7803291799792,1050.0,0.0015407136022391886,0.0
7083,1645326001000.0,0.0,0.0,0.5,4.30716166272309,0.0,0.0,4.24,1.0,1.0,1397.7814100113408,1050.0,1397.7478291799791,1050.0,0.0015407136022391886,0.0
7084,1645329601000.0,0.0,0.0,0.5,4.30716166272309,0.0,0.0,4.235,1.0,1.0,1397.7814100113408,1050.0,1397.7453291799793,1050.0,0.0015407136022391886,0.0
7085,1645333201000.0,0.0,0.0,1.2,4.246400692801288,0.0,0.0,4.169,1.0,1.0,1397.7811158013408,1050.0,1397.6882349699792,1050.0,0.0036455499174777575,0.0
7086,1645336801000.0,0.0,0.0,2.8,4.186743154057695,0.0,0.0,4.126,1.0,1.0,1397.7804530813407,1050.0,1397.6103722499793,1050.0,0.008386782634940282,0.0
7087,1645340401000.0,0.0,0.0,6.5,4.126550897132546,0.0,0.0,4.07,1.0,1.0,1397.7789431113408,1050.0,1397.4113622799794,1050.0,0.019189429747494043,0.0
7088,1645344001000.0,0.0,0.0,6.5,4.126550897132546,0.0,0.0,4.122,1.0,1.0,1397.7789431113408,1050.0,1397.7493622799793,1050.0,0.019189429747494043,0.0
7089,1645347601000.0,0.0,0.0,6.5,4.126550897132546,0.0,0.0,4.041,1.0,1.0,1397.7789431113408,1050.0,1397.2228622799794,1050.0,0.019189429747494043,0.0
7090,1645351201000.0,0.0,0.0,6.5,4.126550897132546,0.0,0.0,4.073,1.0,1.0,1397.7789431113408,1050.0,1397.4308622799792,1050.0,0.019189429747494043,0.0
7091,1645354801000.0,0.0,0.0,6.5,4.126550897132546,0.0,0.0,4.05,1.0,1.0,1397.7789431113408,1050.0,1397.2813622799792,1050.0,0.019189429747494043,0.0
7092,1645358401000.0,0.0,0.0,6.5,4.126550897132546,0.0,0.0,4.09,1.0,1.0,1397.7789431113408,1050.0,1397.5413622799792,1050.0,0.019189429747494043,0.0
7093,1645362001000.0,0.0,0.0,6.5,4.126550897132546,0.0,0.0,4.048,1.0,1.0,1397.7789431113408,1050.0,1397.2683622799793,1050.0,0.019189429747494043,0.0
7094,1645365601000.0,0.0,0.0,15.2,4.062702686273786,0.0,0.0,4.009,1.0,1.0,1397.7754500613407,1050.0,1396.9591692299791,1050.0,0.04417954316528563,0.0
7095,1645369201000.0,0.0,0.0,15.2,4.062702686273786,0.0,0.0,4.01,1.0,1.0,1397.7754500613407,1050.0,1396.9743692299792,1050.0,0.04417954316528563,0.0
7096,1645372801000.0,0.0,0.0,15.2,4.062702686273786,0.0,0.0,4.037,1.0,1.0,1397.7754500613407,1050.0,1397.3847692299792,1050.0,0.04417954316528563,0.0
7097,1645376401000.0,0.0,0.0,15.2,4.062702686273786,0.0,0.0,4.032,1.0,1.0,1397.7754500613407,1050.0,1397.3087692299791,1050.0,0.04417954316528563,0.0
7098,1645380001000.0,0.0,0.0,15.2,4.062702686273786,0.0,0.0,4.046,1.0,1.0,1397.7754500613407,1050.0,1397.5215692299791,1050.0,0.04417954316528563,0.0
7099,1645383601000.0,0.0,0.0,15.2,4.062702686273786,0.0,0.0,4.078,1.0,1.0,1397.7754500613407,1050.0,1398.0079692299792,1050.0,0.04417954316528563,0.0
7100,1645387201000.0,0.0,0.0,15.2,4.062702686273786,0.0,0.0,4.048,1.0,1.0,1397.7754500613407,1050.0,1397.5519692299792,1050.0,0.04417954316528563,0.0
7101,1645390801000.0,0.0,0.0,15.2,4.062702686273786,0.0,0.0,4.021,1.0,1.0,1397.7754500613407,1050.0,1397.1415692299793,1050.0,0.04417954316528563,0.0
7102,1645394401000.0,0.0,0.0,15.2,4.062702686273786,0.0,0.0,4.003,1.0,1.0,1397.7754500613407,1050.0,1396.8679692299793,1050.0,0.04417954316528563,0.0
7103,1645398001000.0,0.0,0.0,0.6,4.062702686273786,0.0,0.0,4.148,1.0,1.0,1398.777358501744,1050.0,1398.8285368899797,1050.0,0.001742680203499471,0.0
7104,1645401601000.0,0.0,0.0,0.2,4.112925671568446,0.0,0.0,4.058,1.0,1.0,1398.8219907842931,1050.0,1398.8110056499795,1050.0,0.0005880556208960378,0.0
7105,1645405201000.0,0.0,0.0,0.2,4.112925671568446,0.0,0.0,4.123,1.0,1.0,1398.8219907842931,1050.0,1398.8240056499794,1050.0,0.0005880556208960378,0.0
7106,1645408801000.0,0.0,0.0,0.2,4.186685177236514,0.0,0.0,4.184,1.0,1.0,1398.8352256154265,1050.0,1398.8346885799792,1050.0,0.0005985959033015565,0.0
7107,1645412401000.0,0.0,0.0,0.2,4.186685177236514,0.0,0.0,4.171,1.0,1.0,1398.8352256154265,1050.0,1398.8320885799792,1050.0,0.0005985959033015565,0.0
7108,1645416001000.0,0.0,0.0,0.2,4.186685177236514,0.0,0.0,4.138,1.0,1.0,1398.8352256154265,1050.0,1398.825488579979,1050.0,0.0005985959033015565,0.0
7109,1645419601000.0,0.0,0.0,0.2,4.186685177236514,0.0,0.0,4.201,1.0,1.0,1398.8352256154265,1050.0,1398.838088579979,1050.0,0.0005985959033015565,0.0
7110,1645423201000.0,0.0,0.0,0.2,4.261,0.0,0.0,4.195,1.0,1.0,1398.845734169979,1050.0,1398.832534169979,1050.0,0.0006092165699069473,0.0
7111,1645426801000.0,0.0,0.0,0.2,4.261,0.0,0.0,4.204,1.0,1.0,1398.845734169979,1050.0,1398.834334169979,1050.0,0.0006092165699069473,0.0
7112,1645430401000.0,0.0,0.0,0.2,4.261,0.0,0.0,4.226,1.0,1.0,1398.845734169979,1050.0,1398.838734169979,1050.0,0.0006092165699069473,0.0
7113,1645434001000.0,0.0,0.0,0.2,4.261,0.0,0.0,4.195,1.0,1.0,1398.845734169979,1050.0,1398.832534169979,1050.0,0.0006092165699069473,0.0
7114,1645437601000.0,0.0,0.0,0.5,4.1998,0.0,0.0,4.17,1.0,1.0,1398.8456093999791,1050.0,1398.8307093999792,1050.0,0.0015011663802560248,0.0
7115,1645441201000.0,0.0,0.0,1.2,4.140416666666667,0.0,0.0,4.106,1.0,1.0,1398.8453225399792,1050.0,1398.804022539979,1050.0,0.0035518580360109826,0.0
7116,1645444801000.0,0.0,0.0,6.5,4.023569230769231,0.0,0.0,3.981,1.0,1.0,1398.8432040699793,1050.0,1398.5665040699794,1050.0,0.018696305578714198,0.0
7117,1645448401000.0,0.0,0.0,15.2,3.961427631578947,0.0,0.0,3.909,1.0,1.0,1398.8397980199793,1050.0,1398.0428980199792,1050.0,0.043045458161278284,0.0
7118,1645452001000.0,0.0,0.0,15.2,3.961427631578947,0.0,0.0,3.901,1.0,1.0,1398.8397980199793,1050.0,1397.9212980199793,1050.0,0.043045458161278284,0.0
7119,1645455601000.0,0.0,0.0,0.2,4.046178453947368,0.0,0.0,4.053,1.0,1.0,1399.7264605507685,1050.0,1399.727824859979,1050.0,0.0005781384531882417,0.0
7120,1645459201000.0,0.0,0.0,0.2,4.0891473067434205,0.0,0.0,4.04,1.0,1.0,1399.7343090113282,1050.0,1399.7244795499794,1050.0,0.0005842747842098264,0.0
7121,1645462801000.0,0.0,0.0,0.2,4.0891473067434205,0.0,0.0,4.013,1.0,1.0,1399.7343090113282,1050.0,1399.7190795499794,1050.0,0.0005842747842098264,0.0
7122,1645466401000.0,0.0,0.0,0.5,4.030258922697368,0.0,0.0,3.981,1.0,1.0,1399.734189281328,1050.0,1399.7095598199794,1050.0,0.0014396515258252862,0.0
7123,1645470001000.0,0.0,0.0,1.4,3.917796236195959,0.0,0.0,3.909,1.0,1.0,1399.8093229306542,1050.0,1399.79700819998,1050.0,0.003918329904526619,0.0
7124,1645473601000.0,0.0,0.0,1.0,3.917796236195959,0.0,0.0,3.936,1.0,1.0,1399.8196466761765,1050.0,1399.8378504399805,1050.0,0.0027987864333084843,0.0
7125,1645477201000.0,0.0,0.0,0.3,3.9268641574639727,0.0,0.0,3.94,1.0,1.0,1399.8444542972209,1050.0,1399.8483950499817,1050.0,0.0008415643921171411,0.0
7126,1645480801000.0,0.0,0.0,0.7,3.9087027858170567,0.0,0.0,3.824,1.0,1.0,1399.8544149200536,1050.0,1399.7951229699818,1050.0,0.0019545546457616445,0.0
7127,1645484401000.0,0.0,0.0,1.6,3.8554324687949624,0.0,0.0,3.813,1.0,1.0,1399.8540716600537,1050.0,1399.7861797099818,1050.0,0.004406667862712744,0.0
7128,1645488001000.0,0.0,0.0,3.7,3.801268094614038,0.0,0.0,3.723,1.0,1.0,1399.8532820600537,1050.0,1399.5636901099817,1050.0,0.010047261473983932,0.0
7129,1645491601000.0,0.0,0.0,2.4,3.7458479011711563,0.0,0.0,3.788,1.0,1.0,1400.1090616927927,1050.0,1400.210226729982,1050.0,0.00642095334483546,0.0
7130,1645495201000.0,0.0,0.0,0.3,3.754565267447438,0.0,0.0,3.77,1.0,1.0,1400.1775275702157,1050.0,1400.1821579899815,1050.0,0.0008044476918500939,0.0
7131,1645498801000.0,0.0,0.0,0.3,3.754565267447438,0.0,0.0,3.746,1.0,1.0,1400.1775275702157,1050.0,1400.1749579899815,1050.0,0.0008044476918500939,0.0
7132,1645502401000.0,0.0,0.0,1.6,3.652293487646395,0.0,0.0,3.674,1.0,1.0,1400.1770558402156,1050.0,1400.2117862599814,1050.0,0.004173521881293487,0.0
7133,1645506001000.0,0.0,0.0,0.3,3.6996360722439112,0.0,0.0,3.667,1.0,1.0,1400.2316020316555,1050.0,1400.2218112099822,1050.0,0.0007926480305563634,0.0
7134,1645509601000.0,0.0,0.0,0.3,3.765329947143633,0.0,0.0,3.753,1.0,1.0,1400.248059894125,1050.0,1400.2443609099819,1050.0,0.0008067134792020355,0.0
7135,1645513201000.0,0.0,0.0,0.3,3.7738866314290886,0.0,0.0,3.781,1.0,1.0,1400.2504510894105,1050.0,1400.2525850999818,1050.0,0.0008085453488323384,0.0
7136,1645516801000.0,0.0,0.0,0.3,3.7825910876193927,0.0,0.0,3.757,1.0,1.0,1400.2528864362678,1050.0,1400.245209109982,1050.0,0.0008104088463433901,0.0
7137,1645520401000.0,0.0,0.0,0.3,3.8596225146213343,0.0,0.0,3.866,1.0,1.0,1400.2727805843679,1050.0,1400.2746938299815,1050.0,0.0008269008513492535,0.0
7138,1645524001000.0,0.0,0.0,0.7,3.842338413936199,0.0,0.0,3.807,1.0,1.0,1400.2825666697372,1050.0,1400.2578297799819,1050.0,0.0019207815292252377,0.0
7139,1645527601000.0,0.0,0.0,0.3,3.8928279131757337,0.0,0.0,3.886,1.0,1.0,1400.3048121039346,1050.0,1400.302763729982,1050.0,0.0008339958299493718,0.0
7140,1645531201000.0,0.0,0.0,0.3,3.8928279131757337,0.0,0.0,3.85,1.0,1.0,1400.3048121039346,1050.0,1400.291963729982,1050.0,0.0008339958299493718,0.0
7141,1645534801000.0,0.0,0.0,0.3,3.8928279131757337,0.0,0.0,3.869,1.0,1.0,1400.3048121039346,1050.0,1400.2976637299819,1050.0,0.0008339958299493718,0.0
7142,1645538401000.0,0.0,0.0,0.3,3.8928279131757337,0.0,0.0,3.898,1.0,1.0,1400.3048121039346,1050.0,1400.306363729982,1050.0,0.0008339958299493718,0.0
7143,1645542001000.0,0.0,0.0,0.3,3.949828513639572,0.0,0.0,3.952,1.0,1.0,1400.3199390940733,1050.0,1400.3205905399814,1050.0,0.0008461984443772652,0.0
7144,1645545601000.0,0.0,0.0,0.3,3.949828513639572,0.0,0.0,3.936,1.0,1.0,1400.3199390940733,1050.0,1400.3157905399814,1050.0,0.0008461984443772652,0.0
7145,1645549201000.0,0.0,0.0,0.3,3.949828513639572,0.0,0.0,3.89,1.0,1.0,1400.3199390940733,1050.0,1400.3019905399815,1050.0,0.0008461984443772652,0.0
7146,1645552801000.0,0.0,0.0,0.3,3.949828513639572,0.0,0.0,3.875,1.0,1.0,1400.3199390940733,1050.0,1400.2974905399815,1050.0,0.0008461984443772652,0.0
7147,1645556401000.0,0.0,0.0,0.7,3.895640791559817,0.0,0.0,3.851,1.0,1.0,1400.3197848940733,1050.0,1400.2885363399814,1050.0,0.0019473755805700843,0.0
7148,1645560001000.0,0.0,0.0,0.7,3.895640791559817,0.0,0.0,3.912,1.0,1.0,1400.3197848940733,1050.0,1400.3312363399814,1050.0,0.0019473755805700843,0.0
7149,1645563601000.0,0.0,0.0,0.3,3.9047605277065447,0.0,0.0,3.902,1.0,1.0,1400.332729168294,1050.0,1400.331901009982,1050.0,0.0008365355846590225,0.0
7150,1645567201000.0,0.0,0.0,0.3,3.9228935678695764,0.0,0.0,3.928,1.0,1.0,1400.3378116403428,1050.0,1400.339343569982,1050.0,0.0008404172625905891,0.0
7151,1645570801000.0,0.0,0.0,0.3,3.9228935678695764,0.0,0.0,3.907,1.0,1.0,1400.3378116403428,1050.0,1400.333043569982,1050.0,0.0008404172625905891,0.0
7152,1645574401000.0,0.0,0.0,0.2,3.996172421987476,0.0,0.0,3.998,1.0,1.0,1400.3582812043796,1050.0,1400.358646719982,1050.0,0.0005707357146559042,0.0
7153,1645578001000.0,0.0,0.0,0.3,3.995816093774995,0.0,0.0,3.99,1.0,1.0,1400.3633913681147,1050.0,1400.361646539982,1050.0,0.0008560241116852957,0.0
7154,1645581601000.0,0.0,0.0,0.3,3.995816093774995,0.0,0.0,3.964,1.0,1.0,1400.3633913681147,1050.0,1400.3538465399822,1050.0,0.0008560241116852957,0.0
7155,1645585201000.0,0.0,0.0,0.3,3.9878773958499973,0.0,0.0,3.958,1.0,1.0,1400.3659298187372,1050.0,1400.3569665999821,1050.0,0.0008543218549381988,0.0
7156,1645588801000.0,0.0,0.0,0.3,3.9878773958499973,0.0,0.0,3.953,1.0,1.0,1400.3659298187372,1050.0,1400.3554665999823,1050.0,0.0008543218549381988,0.0
7157,1645592401000.0,0.0,0.0,0.2,4.001438697924998,0.0,0.0,4.002,1.0,1.0,1400.3710339095671,1050.0,1400.3711461699822,1050.0,0.0005714826429612371,0.0
7158,1645596001000.0,0.0,0.0,0.3,4.004812899308333,0.0,0.0,3.997,1.0,1.0,1400.3735696297747,1050.0,1400.3712257599823,1050.0,0.0008579452624988723,0.0
7159,1645599601000.0,0.0,0.0,0.2,4.018406449654167,0.0,0.0,4.003,1.0,1.0,1400.378686109913,1050.0,1400.375604819982,1050.0,0.0005739028292149785,0.0
7160,1645603201000.0,0.0,0.0,0.2,4.032703224827083,0.0,0.0,4.053,1.0,1.0,1400.3812645449477,1050.0,1400.3853238999823,1050.0,0.0005759436129185155,0.0
7161,1645606801000.0,0.0,0.0,0.2,4.089481451551693,0.0,0.0,4.088,1.0,1.0,1400.3917936602927,1050.0,1400.3914973699823,1050.0,0.0005840481885234069,0.0
7162,1645610401000.0,0.0,0.0,0.2,4.117870362887923,0.0,0.0,4.129,1.0,1.0,1400.39710646256,1050.0,1400.3993323899824,1050.0,0.0005881003815110375,0.0
7163,1645614001000.0,0.0,0.0,0.2,4.117870362887923,0.0,0.0,4.141,1.0,1.0,1400.39710646256,1050.0,1400.4017323899825,1050.0,0.0005881003815110375,0.0
7164,1645617601000.0,0.0,0.0,0.2,4.1474675907219805,0.0,0.0,4.124,1.0,1.0,1400.4023597581267,1050.0,1400.3976662399823,1050.0,0.0005923251359613988,0.0
7165,1645621201000.0,0.0,0.0,0.2,4.1474675907219805,0.0,0.0,4.154,1.0,1.0,1400.4023597581267,1050.0,1400.4036662399824,1050.0,0.0005923251359613988,0.0
7166,1645624801000.0,0.0,0.0,0.2,4.1474675907219805,0.0,0.0,4.098,1.0,1.0,1400.4023597581267,1050.0,1400.3924662399822,1050.0,0.0005923251359613988,0.0
7167,1645628401000.0,0.0,0.0,0.5,4.087787036288792,0.0,0.0,4.026,1.0,1.0,1400.4022383181268,1050.0,1400.3713447999824,1050.0,0.0014595046067614815,0.0
7168,1645632001000.0,0.0,0.0,0.5,4.087787036288792,0.0,0.0,4.014,1.0,1.0,1400.4022383181268,1050.0,1400.3653447999825,1050.0,0.0014595046067614815,0.0
7169,1645635601000.0,0.0,0.0,0.9,4.03016126512033,0.0,0.0,4.065,1.0,1.0,1400.4098889985908,1050.0,1400.4412438599825,1050.0,0.002590059644038937,0.0
7170,1645639201000.0,0.0,0.0,0.5,4.032516126512033,0.0,0.0,3.975,1.0,1.0,1400.4445333332385,1050.0,1400.4157752699825,1050.0,0.0014397271832373556,0.0
7171,1645642801000.0,0.0,0.0,1.2,3.975631719380014,0.0,0.0,3.932,1.0,1.0,1400.4442578832386,1050.0,1400.3918998199827,1050.0,0.003406603323481781,0.0
7172,1645646401000.0,0.0,0.0,2.8,3.9198421654485776,0.0,0.0,3.869,1.0,1.0,1400.4436374032387,1050.0,1400.3012793399826,1050.0,0.007837200848444966,0.0
7173,1645650001000.0,0.0,0.0,2.8,3.9198421654485776,0.0,0.0,3.884,1.0,1.0,1400.4436374032387,1050.0,1400.3432793399827,1050.0,0.007837200848444966,0.0
7174,1645653601000.0,0.0,0.0,2.8,3.9198421654485776,0.0,0.0,3.851,1.0,1.0,1400.4436374032387,1050.0,1400.2508793399827,1050.0,0.007837200848444966,0.0
7175,1645657201000.0,0.0,0.0,6.5,3.8635781635778486,0.0,0.0,3.838,1.0,1.0,1400.4422236332387,1050.0,1400.2759655699826,1050.0,0.017932377101643943,0.0
7176,1645660801000.0,0.0,0.0,15.2,3.804293293635264,0.0,0.0,3.741,1.0,1.0,1400.4389524332387,1050.0,1399.4768943699826,1050.0,0.04129080954424012,0.0
7177,1645664401000.0,0.0,0.0,35.5,3.737221353894536,0.0,0.0,3.682,1.0,1.0,1400.4314678232388,1050.0,1398.4711097599827,1050.0,0.09473605893009088,0.0
7178,1645668001000.0,0.0,0.0,35.5,3.737221353894536,0.0,0.0,3.718,1.0,1.0,1400.4314678232388,1050.0,1399.7491097599827,1050.0,0.09473605893009088,0.0
7179,1645671601000.0,0.0,0.0,35.5,3.737221353894536,0.0,0.0,3.616,1.0,1.0,1400.4314678232388,1050.0,1396.1281097599829,1050.0,0.09473605893009088,0.0
7180,1645675201000.0,0.0,0.0,115.7,3.6351690411690236,0.0,0.0,3.496,1.0,1.0,1400.4026760532388,1050.0,1384.3008179899828,1050.0,0.3003343718598169,0.0
7181,1645678801000.0,0.0,0.0,115.7,3.6351690411690236,0.0,0.0,3.5,1.0,1.0,1400.4026760532388,1050.0,1384.7636179899828,1050.0,0.3003343718598169,0.0
7182,1645682401000.0,0.0,0.0,115.7,3.6351690411690236,0.0,0.0,3.449,1.0,1.0,1400.4026760532388,1050.0,1378.8629179899826,1050.0,0.3003343718598169,0.0
7183,1645686001000.0,0.0,0.0,115.7,3.6351690411690236,0.0,0.0,3.402,1.0,1.0,1400.4026760532388,1050.0,1373.4250179899827,1050.0,0.3003343718598169,0.0
7184,1645689601000.0,0.0,0.0,115.7,3.6351690411690236,0.0,0.0,3.425,1.0,1.0,1400.4026760532388,1050.0,1376.0861179899828,1050.0,0.3003343718598169,0.0
7185,1645693201000.0,0.0,0.0,115.7,3.6351690411690236,0.0,0.0,3.45,1.0,1.0,1400.4026760532388,1050.0,1378.9786179899827,1050.0,0.3003343718598169,0.0
7186,1645696801000.0,0.0,0.0,115.7,3.6351690411690236,0.0,0.0,3.418,1.0,1.0,1400.4026760532388,1050.0,1375.2762179899828,1050.0,0.3003343718598169,0.0
7187,1645700401000.0,0.0,0.0,115.7,3.6351690411690236,0.0,0.0,3.404,1.0,1.0,1400.4026760532388,1050.0,1373.6564179899829,1050.0,0.3003343718598169,0.0
7188,1645704001000.0,0.0,0.0,107.6,3.6351690411690236,0.0,0.0,3.456,1.0,1.0,1398.9509072297703,1050.0,1379.6723183999834,1050.0,0.27959822378923804,0.0
7189,1645707601000.0,0.0,0.0,116.1,3.619051583374565,0.0,0.0,3.422,1.0,1.0,1398.9480044597703,1050.0,1376.0703156299833,1050.0,0.3003484671984247,0.0
7190,1645711201000.0,0.0,0.0,108.0,3.619051583374565,0.0,0.0,3.458,1.0,1.0,1397.5465950644361,1050.0,1380.1530240599832,1050.0,0.2796740891393549,0.0
7191,1645714801000.0,0.0,0.0,108.3,3.606344252615575,0.0,0.0,3.512,1.0,1.0,1396.4043070482498,1050.0,1386.186824489983,1050.0,0.2796948423797518,0.0
7192,1645718401000.0,0.0,0.0,108.3,3.606344252615575,0.0,0.0,3.589,1.0,1.0,1396.4043070482498,1050.0,1394.525924489983,1050.0,0.2796948423797518,0.0
7193,1645722001000.0,0.0,0.0,0.3,3.67772706744499,0.0,0.0,3.685,1.0,1.0,1401.4396472502165,1050.0,1401.441829129983,1050.0,0.0007872748015930135,0.0
7194,1645725601000.0,0.0,0.0,0.3,3.67772706744499,0.0,0.0,3.617,1.0,1.0,1401.4396472502165,1050.0,1401.421429129983,1050.0,0.0007872748015930135,0.0
7195,1645729201000.0,0.0,0.0,0.3,3.7423854890868595,0.0,0.0,3.746,1.0,1.0,1401.456322436709,1050.0,1401.4574067899828,1050.0,0.0008011064124881142,0.0
7196,1645732801000.0,0.0,0.0,0.3,3.7863305993859253,0.0,0.0,3.803,1.0,1.0,1401.4685274097985,1050.0,1401.4735282299828,1050.0,0.0008105063778457818,0.0
7197,1645736401000.0,0.0,0.0,0.3,3.929842641757716,0.0,0.0,3.91,1.0,1.0,1401.5056946225097,1050.0,1401.4997418299824,1050.0,0.000841204425391123,0.0
7198,1645740001000.0,0.0,0.0,0.3,3.929842641757716,0.0,0.0,3.908,1.0,1.0,1401.5056946225097,1050.0,1401.4991418299824,1050.0,0.000841204425391123,0.0
7199,1645743601000.0,0.0,0.0,1.6,3.822970495329572,0.0,0.0,3.808,1.0,1.0,1401.5052008425098,1050.0,1401.4812480499825,1050.0,0.004364416763384289,0.0
7200,1645747201000.0,0.0,0.0,0.3,3.955,0.0,0.0,3.929,1.0,1.0,1401.5827439899808,1050.0,1401.5749439899807,1050.0,0.0008465429565879997,0.0
7201,1645750801000.0,0.0,0.0,0.7,3.927142857142858,0.0,0.0,3.885,1.0,1.0,1401.5901492999806,1050.0,1401.5606492999805,1050.0,0.0019613436933564204,0.0
7202,1645754401000.0,0.0,0.0,0.3,3.9621164021164033,0.0,0.0,3.951,1.0,1.0,1401.616686910615,1050.0,1401.6133519899802,1050.0,0.00084804564024909,0.0
7203,1645758001000.0,0.0,0.0,0.2,4.013176366843034,0.0,0.0,4.001,1.0,1.0,1401.6295267433486,1050.0,1401.62709146998,1050.0,0.000572644381453286,0.0
7204,1645761601000.0,0.0,0.0,0.3,4.003784244562023,0.0,0.0,3.99,1.0,1.0,1401.6294868933487,1050.0,1401.6253516199802,1050.0,0.0008569563387474612,0.0
7205,1645765201000.0,0.0,0.0,0.3,4.003784244562023,0.0,0.0,3.945,1.0,1.0,1401.6294868933487,1050.0,1401.6118516199801,1050.0,0.0008569563387474612,0.0
7206,1645768801000.0,0.0,0.0,0.3,4.003784244562023,0.0,0.0,3.926,1.0,1.0,1401.6294868933487,1050.0,1401.6061516199802,1050.0,0.0008569563387474612,0.0
7207,1645772401000.0,0.0,0.0,0.3,4.003784244562023,0.0,0.0,3.993,1.0,1.0,1401.6294868933487,1050.0,1401.6262516199802,1050.0,0.0008569563387474612,0.0
7208,1645776001000.0,0.0,0.0,0.3,4.003784244562023,0.0,0.0,3.995,1.0,1.0,1401.6294868933487,1050.0,1401.62685161998,1050.0,0.0008569563387474612,0.0
7209,1645779601000.0,0.0,0.0,0.3,4.003784244562023,0.0,0.0,3.966,1.0,1.0,1401.6294868933487,1050.0,1401.6181516199802,1050.0,0.0008569563387474612,0.0
7210,1645783201000.0,0.0,0.0,0.7,3.9484789619551535,0.0,0.0,3.946,1.0,1.0,1401.6293306133487,1050.0,1401.62759533998,1050.0,0.0019719445169994534,0.0
7211,1645786801000.0,0.0,0.0,0.7,3.9484789619551535,0.0,0.0,3.938,1.0,1.0,1401.6293306133487,1050.0,1401.62199533998,1050.0,0.0019719445169994534,0.0
7212,1645790401000.0,0.0,0.0,0.2,3.991628071255938,0.0,0.0,4.003,1.0,1.0,1401.6551227542307,1050.0,1401.6573971399794,1050.0,0.0005695592312911396,0.0
7213,1645794001000.0,0.0,0.0,0.2,4.091395531806687,0.0,0.0,4.097,1.0,1.0,1401.6733076663409,1050.0,1401.6744285599796,1050.0,0.0005837873218287207,0.0
7214,1645797601000.0,0.0,0.0,0.5,4.032358212722675,0.0,0.0,3.998,1.0,1.0,1401.6731878763408,1050.0,1401.6560087699795,1050.0,0.0014384088415189192,0.0
7215,1645801201000.0,0.0,0.0,0.5,4.032358212722675,0.0,0.0,3.995,1.0,1.0,1401.6731878763408,1050.0,1401.6545087699794,1050.0,0.0014384088415189192,0.0
7216,1645804801000.0,0.0,0.0,0.2,4.032358212722675,0.0,0.0,4.067,1.0,1.0,1401.6832584225237,1050.0,1401.6901867799793,1050.0,0.0005753594028455123,0.0
7217,1645808401000.0,0.0,0.0,0.2,4.046679106361338,0.0,0.0,4.055,1.0,1.0,1401.6858414012513,1050.0,1401.687505579979,1050.0,0.0005774017239577612,0.0
7218,1645812001000.0,0.0,0.0,0.2,4.046679106361338,0.0,0.0,4.033,1.0,1.0,1401.6858414012513,1050.0,1401.683105579979,1050.0,0.0005774017239577612,0.0
7219,1645815601000.0,0.0,0.0,0.3,4.023786070907559,0.0,0.0,3.994,1.0,1.0,1401.6858016212514,1050.0,1401.6768657999792,1050.0,0.0008612028600675283,0.0
7220,1645819201000.0,0.0,0.0,0.2,4.009139036980492,0.0,0.0,4.015,1.0,1.0,1401.722732267376,1050.0,1401.7239044599798,1050.0,0.00057203025173109,0.0
7221,1645822801000.0,0.0,0.0,0.2,4.065008689811281,0.0,0.0,4.031,1.0,1.0,1401.733181597942,1050.0,1401.7263798599797,1050.0,0.0005799974978372516,0.0
7222,1645826401000.0,0.0,0.0,0.2,4.065008689811281,0.0,0.0,4.033,1.0,1.0,1401.733181597942,1050.0,1401.7267798599796,1050.0,0.0005799974978372516,0.0
7223,1645830001000.0,0.0,0.0,0.2,4.09300217245282,0.0,0.0,4.095,1.0,1.0,1401.7384163144702,1050.0,1401.7388158799797,1050.0,0.0005839894412274686,0.0
7224,1645833601000.0,0.0,0.0,0.5,4.034200868981128,0.0,0.0,4.013,1.0,1.0,1401.7382964644703,1050.0,1401.7276960299798,1050.0,0.0014389993050615718,0.0
7225,1645837201000.0,0.0,0.0,0.2,4.149868756788915,0.0,0.0,4.139,1.0,1.0,1401.7668714213378,1050.0,1401.76469766998,1050.0,0.0005920911445968341,0.0
7226,1645840801000.0,0.0,0.0,0.2,4.149868756788915,0.0,0.0,4.103,1.0,1.0,1401.7668714213378,1050.0,1401.75749766998,1050.0,0.0005920911445968341,0.0
7227,1645844401000.0,0.0,0.0,0.2,4.149868756788915,0.0,0.0,4.067,1.0,1.0,1401.7668714213378,1050.0,1401.75029766998,1050.0,0.0005920911445968341,0.0
7228,1645848001000.0,0.0,0.0,0.5,4.089947502715566,0.0,0.0,4.027,1.0,1.0,1401.7667499213378,1050.0,1401.7352761699801,1050.0,0.0014588545144707844,0.0
7229,1645851601000.0,0.0,0.0,0.5,4.089947502715566,0.0,0.0,4.062,1.0,1.0,1401.7667499213378,1050.0,1401.75277616998,1050.0,0.0014588545144707844,0.0
7230,1645855201000.0,0.0,0.0,1.2,4.032228126131486,0.0,0.0,3.979,1.0,1.0,1401.7664705513378,1050.0,1401.70259679998,1050.0,0.0034518401267328446,0.0
7231,1645858801000.0,0.0,0.0,1.2,4.032228126131486,0.0,0.0,3.973,1.0,1.0,1401.7664705513378,1050.0,1401.69539679998,1050.0,0.0034518401267328446,0.0
7232,1645862401000.0,0.0,0.0,1.8,3.975526339770637,0.0,0.0,4.024,1.0,1.0,1401.791914731567,1050.0,1401.8791673199798,1050.0,0.00510485710210239,0.0
7233,1645866001000.0,0.0,0.0,0.3,4.0263333333333335,0.0,0.0,3.959,1.0,1.0,1401.8566438499804,1050.0,1401.8364438499805,1050.0,0.0008616430255540904,0.0
7234,1645869601000.0,0.0,0.0,0.7,3.970714285714286,0.0,0.0,3.942,1.0,1.0,1401.8564866899803,1050.0,1401.8363866899804,1050.0,0.0019827279228581155,0.0
7235,1645873201000.0,0.0,0.0,0.7,3.970714285714286,0.0,0.0,3.957,1.0,1.0,1401.8564866899803,1050.0,1401.8468866899802,1050.0,0.0019827279228581155,0.0
7236,1645876801000.0,0.0,0.0,0.7,3.970714285714286,0.0,0.0,3.925,1.0,1.0,1401.8564866899803,1050.0,1401.8244866899804,1050.0,0.0019827279228581155,0.0
7237,1645880401000.0,0.0,0.0,0.7,3.970714285714286,0.0,0.0,3.922,1.0,1.0,1401.8564866899803,1050.0,1401.8223866899802,1050.0,0.0019827279228581155,0.0
7238,1645884001000.0,0.0,0.0,0.7,3.970714285714286,0.0,0.0,3.947,1.0,1.0,1401.8564866899803,1050.0,1401.8398866899804,1050.0,0.0019827279228581155,0.0
7239,1645887601000.0,0.0,0.0,0.7,3.970714285714286,0.0,0.0,3.964,1.0,1.0,1401.8564866899803,1050.0,1401.8517866899804,1050.0,0.0019827279228581155,0.0
7240,1645891201000.0,0.0,0.0,0.3,3.9839047619047623,0.0,0.0,3.964,1.0,1.0,1401.8719384885524,1050.0,1401.865967059981,1050.0,0.0008525539286134932,0.0
7241,1645894801000.0,0.0,0.0,0.3,3.9839047619047623,0.0,0.0,3.942,1.0,1.0,1401.8719384885524,1050.0,1401.859367059981,1050.0,0.0008525539286134932,0.0
7242,1645898401000.0,0.0,0.0,0.3,3.9839047619047623,0.0,0.0,3.94,1.0,1.0,1401.8719384885524,1050.0,1401.858767059981,1050.0,0.0008525539286134932,0.0
7243,1645902001000.0,0.0,0.0,0.7,3.929102040816327,0.0,0.0,3.916,1.0,1.0,1401.8717829685525,1050.0,1401.8626115399811,1050.0,0.0019619279466110253,0.0
7244,1645905601000.0,0.0,0.0,0.7,3.929102040816327,0.0,0.0,3.928,1.0,1.0,1401.8717829685525,1050.0,1401.871011539981,1050.0,0.0019619279466110253,0.0
7245,1645909201000.0,0.0,0.0,0.7,3.929102040816327,0.0,0.0,3.914,1.0,1.0,1401.8717829685525,1050.0,1401.861211539981,1050.0,0.0019619279466110253,0.0
7246,1645912801000.0,0.0,0.0,0.4,3.929102040816327,0.0,0.0,3.936,1.0,1.0,1401.879433706307,1050.0,1401.8821928899806,1050.0,0.001121095565380688,0.0
7247,1645916401000.0,0.0,0.0,0.4,3.929102040816327,0.0,0.0,3.885,1.0,1.0,1401.879433706307,1050.0,1401.8617928899805,1050.0,0.001121095565380688,0.0
7248,1645920001000.0,0.0,0.0,0.9,3.876267573696146,0.0,0.0,3.868,1.0,1.0,1401.879242006307,1050.0,1401.8718011899805,1050.0,0.0024885458831202497,0.0
7249,1645923601000.0,0.0,0.0,2.1,3.8224003887269196,0.0,0.0,3.783,1.0,1.0,1401.878788166307,1050.0,1401.7960473499804,1050.0,0.005725916451611415,0.0
7250,1645927201000.0,0.0,0.0,4.9,3.7678858808829654,0.0,0.0,3.701,1.0,1.0,1401.877744606307,1050.0,1401.5500037899806,1050.0,0.013169936456557016,0.0
7251,1645930801000.0,0.0,0.0,4.9,3.7678858808829654,0.0,0.0,3.725,1.0,1.0,1401.877744606307,1050.0,1401.6676037899806,1050.0,0.013169936456557016,0.0
7252,1645934401000.0,0.0,0.0,4.9,3.7678858808829654,0.0,0.0,3.721,1.0,1.0,1401.877744606307,1050.0,1401.6480037899805,1050.0,0.013169936456557016,0.0
7253,1645938001000.0,0.0,0.0,4.9,3.7678858808829654,0.0,0.0,3.716,1.0,1.0,1401.877744606307,1050.0,1401.6235037899805,1050.0,0.013169936456557016,0.0
7254,1645941601000.0,0.0,0.0,4.9,3.7678858808829654,0.0,0.0,3.74,1.0,1.0,1401.877744606307,1050.0,1401.7411037899806,1050.0,0.013169936456557016,0.0
7255,1645945201000.0,0.0,0.0,2.1,3.7678858808829654,0.0,0.0,3.792,1.0,1.0,1401.9470020998351,1050.0,1401.9976417499809,1050.0,0.00564397964973198,0.0
7256,1645948801000.0,0.0,0.0,0.3,3.7923937248368738,0.0,0.0,3.8,1.0,1.0,1402.026421857432,1050.0,1402.028703739981,1050.0,0.0008114812244007433,0.0
7257,1645952401000.0,0.0,0.0,0.3,3.7923937248368738,0.0,0.0,3.794,1.0,1.0,1402.026421857432,1050.0,1402.026903739981,1050.0,0.0008114812244007433,0.0
7258,1645956001000.0,0.0,0.0,0.3,3.83705184853819,0.0,0.0,3.861,1.0,1.0,1402.0389356445423,1050.0,1402.0461200899808,1050.0,0.0008210296627976803,0.0
7259,1645959601000.0,0.0,0.0,0.3,3.909067866670597,0.0,0.0,3.929,1.0,1.0,1402.0590172399827,1050.0,1402.0649968799814,1050.0,0.0008364272442038372,0.0
7260,1645963201000.0,0.0,0.0,0.3,3.9550459742117674,0.0,0.0,3.979,1.0,1.0,1402.071715262245,1050.0,1402.0789014699815,1050.0,0.0008462575625395904,0.0
7261,1645966801000.0,0.0,0.0,0.2,3.9865102164915043,0.0,0.0,4.009,1.0,1.0,1402.08182409328,1050.0,1402.0863220499816,1050.0,0.0005686558584509949,0.0
7262,1645970401000.0,0.0,0.0,0.3,4.002585036081918,0.0,0.0,3.983,1.0,1.0,1402.0868969408064,1050.0,1402.0810214299818,1050.0,0.0008564201786954364,0.0
7263,1645974001000.0,0.0,0.0,0.3,4.002585036081918,0.0,0.0,3.962,1.0,1.0,1402.0868969408064,1050.0,1402.0747214299818,1050.0,0.0008564201786954364,0.0
7264,1645977601000.0,0.0,0.0,0.2,4.05803656475512,0.0,0.0,4.072,1.0,1.0,1402.0998644129331,1050.0,1402.102657099982,1050.0,0.000578851288378698,0.0
7265,1645981201000.0,0.0,0.0,0.5,4.032203656475511,0.0,0.0,3.971,1.0,1.0,1402.1049752782199,1050.0,1402.0743734499822,1050.0,0.0014379107583137277,0.0
7266,1645984801000.0,0.0,0.0,0.5,4.032203656475511,0.0,0.0,3.945,1.0,1.0,1402.1049752782199,1050.0,1402.061373449982,1050.0,0.0014379107583137277,0.0
7267,1645988401000.0,0.0,0.0,1.2,3.975501523531463,0.0,0.0,3.911,1.0,1.0,1402.10469982822,1050.0,1402.0272979999822,1050.0,0.0034024576258978594,0.0
7268,1645992001000.0,0.0,0.0,15.2,3.8042830150156415,0.0,0.0,3.745,1.0,1.0,1402.09939437822,1050.0,1401.1982925499824,1050.0,0.0412417993047355,0.0
7269,1645995601000.0,0.0,0.0,15.2,3.8042830150156415,0.0,0.0,3.762,1.0,1.0,1402.09939437822,1050.0,1401.4566925499823,1050.0,0.0412417993047355,0.0
7270,1645999201000.0,0.0,0.0,35.5,3.7372169529081054,0.0,0.0,3.718,1.0,1.0,1402.0919097682201,1050.0,1401.4097079399824,1050.0,0.0946237553358179,0.0
7271,1646002801000.0,0.0,0.0,2.1,3.7372169529081054,0.0,0.0,3.77,1.0,1.0,1403.07308186109,1050.0,1403.141926259983,1050.0,0.005593547266046132,0.0
7272,1646006401000.0,0.0,0.0,2.1,3.7372169529081054,0.0,0.0,3.736,1.0,1.0,1403.07308186109,1050.0,1403.070526259983,1050.0,0.005593547266046132,0.0
7273,1646010001000.0,0.0,0.0,2.1,3.7372169529081054,0.0,0.0,3.679,1.0,1.0,1403.07308186109,1050.0,1402.950826259983,1050.0,0.005593547266046132,0.0
7274,1646013601000.0,0.0,0.0,0.3,3.770508726787588,0.0,0.0,3.755,1.0,1.0,1403.1362737280197,1050.0,1403.1316211099834,1050.0,0.0008061601992733716,0.0
7275,1646017201000.0,0.0,0.0,0.3,3.770508726787588,0.0,0.0,3.724,1.0,1.0,1403.1362737280197,1050.0,1403.1223211099834,1050.0,0.0008061601992733716,0.0
7276,1646020801000.0,0.0,0.0,0.3,3.770508726787588,0.0,0.0,3.727,1.0,1.0,1403.1362737280197,1050.0,1403.1232211099834,1050.0,0.0008061601992733716,0.0
7277,1646024401000.0,0.0,0.0,0.7,3.7187894543375384,0.0,0.0,3.674,1.0,1.0,1403.1361265280198,1050.0,1403.1047739099836,1050.0,0.00185523882453061,0.0
7278,1646028001000.0,0.0,0.0,0.7,3.7187894543375384,0.0,0.0,3.693,1.0,1.0,1403.1361265280198,1050.0,1403.1180739099834,1050.0,0.00185523882453061,0.0
7279,1646031601000.0,0.0,0.0,0.3,3.6768552575151157,0.0,0.0,3.694,1.0,1.0,1403.1698499172364,1050.0,1403.174993339982,1050.0,0.0007861176445029777,0.0
7280,1646035201000.0,0.0,0.0,0.3,3.7464467224392433,0.0,0.0,3.764,1.0,1.0,1403.1889301167137,1050.0,1403.1941960999818,1050.0,0.0008009855213426512,0.0
7281,1646038801000.0,0.0,0.0,0.3,3.772428658500518,0.0,0.0,3.764,1.0,1.0,1403.196197867532,1050.0,1403.193669269982,1050.0,0.00080653624865152,0.0
7282,1646042401000.0,0.0,0.0,0.3,3.772428658500518,0.0,0.0,3.749,1.0,1.0,1403.196197867532,1050.0,1403.189169269982,1050.0,0.00080653624865152,0.0
7283,1646046001000.0,0.0,0.0,0.3,3.772428658500518,0.0,0.0,3.77,1.0,1.0,1403.196197867532,1050.0,1403.195469269982,1050.0,0.00080653624865152,0.0
7284,1646049601000.0,0.0,0.0,0.3,3.772428658500518,0.0,0.0,3.77,1.0,1.0,1403.196197867532,1050.0,1403.195469269982,1050.0,0.00080653624865152,0.0
7285,1646053201000.0,0.0,0.0,0.3,3.7905238482224535,0.0,0.0,3.773,1.0,1.0,1403.2010743044486,1050.0,1403.1958171499818,1050.0,0.000810402140712736,0.0
7286,1646056801000.0,0.0,0.0,0.3,3.7905238482224535,0.0,0.0,3.736,1.0,1.0,1403.2010743044486,1050.0,1403.184717149982,1050.0,0.000810402140712736,0.0
7287,1646060401000.0,0.0,0.0,0.3,3.8850419223552017,0.0,0.0,3.903,1.0,1.0,1403.2255355266884,1050.0,1403.230922949982,1050.0,0.000830595329972452,0.0
7288,1646064001000.0,0.0,0.0,0.3,3.9877120774991264,0.0,0.0,3.994,1.0,1.0,1403.253665773232,1050.0,1403.2555521499821,1050.0,0.0008525284148041299,0.0
7289,1646067601000.0,0.0,0.0,0.3,4.004190230833237,0.0,0.0,4.0,1.0,1.0,1403.2638883392317,1050.0,1403.2626312699817,1050.0,0.0008560450241983092,0.0
7290,1646071201000.0,0.0,0.0,0.3,4.004190230833237,0.0,0.0,3.995,1.0,1.0,1403.2638883392317,1050.0,1403.2611312699817,1050.0,0.0008560450241983092,0.0
7291,1646074801000.0,0.0,0.0,0.3,4.004190230833237,0.0,0.0,3.983,1.0,1.0,1403.2638883392317,1050.0,1403.2575312699817,1050.0,0.0008560450241983092,0.0
7292,1646078401000.0,0.0,0.0,0.3,4.004190230833237,0.0,0.0,4.001,1.0,1.0,1403.2638883392317,1050.0,1403.2629312699817,1050.0,0.0008560450241983092,0.0
7293,1646082001000.0,0.0,0.0,0.3,4.004190230833237,0.0,0.0,4.022,1.0,1.0,1403.2638883392317,1050.0,1403.2692312699817,1050.0,0.0008560450241983092,0.0
7294,1646085601000.0,0.0,0.0,0.3,4.004190230833237,0.0,0.0,4.01,1.0,1.0,1403.2638883392317,1050.0,1403.2656312699817,1050.0,0.0008560450241983092,0.0
7295,1646089201000.0,0.0,0.0,0.2,4.137609746544596,0.0,0.0,4.112,1.0,1.0,1403.2902766692907,1050.0,1403.2851547199818,1050.0,0.0005897011923100062,0.0
7296,1646092801000.0,0.0,0.0,0.2,4.137609746544596,0.0,0.0,4.151,1.0,1.0,1403.2902766692907,1050.0,1403.2929547199817,1050.0,0.0005897011923100062,0.0
7297,1646096401000.0,0.0,0.0,0.2,4.218500000000001,0.0,0.0,4.232,1.0,1.0,1403.303318399982,1050.0,1403.306018399982,1050.0,0.000601224260598179,0.0
7298,1646100001000.0,0.0,0.0,0.2,4.218500000000001,0.0,0.0,4.149,1.0,1.0,1403.303318399982,1050.0,1403.289418399982,1050.0,0.000601224260598179,0.0
7299,1646103601000.0,0.0,0.0,0.5,4.1576,0.0,0.0,4.111,1.0,1.0,1403.3031948899818,1050.0,1403.2798948899817,1050.0,0.0014813619804827545,0.0
7300,1646107201000.0,0.0,0.0,0.5,4.1576,0.0,0.0,4.109,1.0,1.0,1403.3031948899818,1050.0,1403.2788948899818,1050.0,0.0014813619804827545,0.0
7301,1646110801000.0,0.0,0.0,0.5,4.1576,0.0,0.0,4.176,1.0,1.0,1403.3031948899818,1050.0,1403.3123948899818,1050.0,0.0014813619804827545,0.0
7302,1646114401000.0,0.0,0.0,0.5,4.1576,0.0,0.0,4.141,1.0,1.0,1403.3031948899818,1050.0,1403.2948948899818,1050.0,0.0014813619804827545,0.0
7303,1646118001000.0,0.0,0.0,0.5,4.1576,0.0,0.0,4.164,1.0,1.0,1403.3031948899818,1050.0,1403.306394889982,1050.0,0.0014813619804827545,0.0
7304,1646121601000.0,0.0,0.0,0.5,4.1576,0.0,0.0,4.18,1.0,1.0,1403.3031948899818,1050.0,1403.3143948899817,1050.0,0.0014813619804827545,0.0
7305,1646125201000.0,0.0,0.0,0.2,4.1869,0.0,0.0,4.197,1.0,1.0,1403.316681609982,1050.0,1403.3187016099819,1050.0,0.0005967149190012476,0.0
7306,1646128801000.0,0.0,0.0,0.2,4.1869,0.0,0.0,4.107,1.0,1.0,1403.316681609982,1050.0,1403.300701609982,1050.0,0.0005967149190012476,0.0
7307,1646132401000.0,0.0,0.0,0.5,4.12636,0.0,0.0,4.152,1.0,1.0,1403.316559029982,1050.0,1403.329379029982,1050.0,0.001470217098718009,0.0
7308,1646136001000.0,0.0,0.0,0.2,4.15484,0.0,0.0,4.114,1.0,1.0,1403.3300559499821,1050.0,1403.321887949982,1050.0,0.0005921401002399806,0.0
7309,1646139601000.0,0.0,0.0,0.2,4.200105,0.0,0.0,4.204,1.0,1.0,1403.338057029982,1050.0,1403.338836029982,1050.0,0.0005985877713441453,0.0
7310,1646143201000.0,0.0,0.0,0.2,4.289079765625,0.0,0.0,4.293,1.0,1.0,1403.3545401231074,1050.0,1403.3553241699824,1050.0,0.0006112610381762468,0.0
7311,1646146801000.0,0.0,0.0,0.5,4.22723190625,0.0,0.0,4.185,1.0,1.0,1403.3544145431074,1050.0,1403.3332985899824,1050.0,0.0015061170088050307,0.0
7312,1646150401000.0,0.0,0.0,0.5,4.22723190625,0.0,0.0,4.18,1.0,1.0,1403.3544145431074,1050.0,1403.3307985899824,1050.0,0.0015061170088050307,0.0
7313,1646154001000.0,0.0,0.0,1.2,4.1675966276041665,0.0,0.0,4.115,1.0,1.0,1403.3541257931074,1050.0,1403.2910098399825,1050.0,0.003563687782867074,0.0
7314,1646157601000.0,0.0,0.0,1.2,4.1675966276041665,0.0,0.0,4.145,1.0,1.0,1403.3541257931074,1050.0,1403.3270098399823,1050.0,0.003563687782867074,0.0
7315,1646161201000.0,0.0,0.0,1.2,4.1675966276041665,0.0,0.0,4.184,1.0,1.0,1403.3541257931074,1050.0,1403.3738098399824,1050.0,0.003563687782867074,0.0
7316,1646164801000.0,0.0,0.0,1.2,4.1675966276041665,0.0,0.0,4.148,1.0,1.0,1403.3541257931074,1050.0,1403.3306098399823,1050.0,0.003563687782867074,0.0
7317,1646168401000.0,0.0,0.0,1.2,4.1675966276041665,0.0,0.0,4.163,1.0,1.0,1403.3541257931074,1050.0,1403.3486098399824,1050.0,0.003563687782867074,0.0
7318,1646172001000.0,0.0,0.0,1.2,4.1675966276041665,0.0,0.0,4.113,1.0,1.0,1403.3541257931074,1050.0,1403.2886098399824,1050.0,0.003563687782867074,0.0
7319,1646175601000.0,0.0,0.0,1.2,4.1675966276041665,0.0,0.0,4.14,1.0,1.0,1403.3541257931074,1050.0,1403.3210098399825,1050.0,0.003563687782867074,0.0
7320,1646179201000.0,0.0,0.0,1.2,4.1675966276041665,0.0,0.0,4.175,1.0,1.0,1403.3541257931074,1050.0,1403.3630098399824,1050.0,0.003563687782867074,0.0
7321,1646182801000.0,0.0,0.0,2.8,4.1089699832589295,0.0,0.0,4.094,1.0,1.0,1403.3534753931074,1050.0,1403.3115594399824,1050.0,0.008198302248763226,0.0
7322,1646186401000.0,0.0,0.0,2.8,4.1089699832589295,0.0,0.0,4.073,1.0,1.0,1403.3534753931074,1050.0,1403.2527594399824,1050.0,0.008198302248763226,0.0
7323,1646190001000.0,0.0,0.0,2.8,4.1089699832589295,0.0,0.0,4.107,1.0,1.0,1403.3534753931074,1050.0,1403.3479594399823,1050.0,0.008198302248763226,0.0
7324,1646193601000.0,0.0,0.0,1.2,4.1089699832589295,0.0,0.0,4.183,1.0,1.0,1403.4232589398937,1050.0,1403.512094959983,1050.0,0.003513383399128838,0.0
7325,1646197201000.0,0.0,0.0,0.2,4.160992495814733,0.0,0.0,4.133,1.0,1.0,1403.5135073391455,1050.0,1403.5079088399825,1050.0,0.0005929394300883303,0.0
7326,1646200801000.0,0.0,0.0,0.2,4.160992495814733,0.0,0.0,4.14,1.0,1.0,1403.5135073391455,1050.0,1403.5093088399826,1050.0,0.0005929394300883303,0.0
7327,1646204401000.0,0.0,0.0,0.2,4.160992495814733,0.0,0.0,4.068,1.0,1.0,1403.5135073391455,1050.0,1403.4949088399826,1050.0,0.0005929394300883303,0.0
7328,1646208001000.0,0.0,0.0,0.5,4.100996998325893,0.0,0.0,4.061,1.0,1.0,1403.5133855091456,1050.0,1403.4933870099826,1050.0,0.0014609753781714718,0.0
7329,1646211601000.0,0.0,0.0,0.5,4.100996998325893,0.0,0.0,4.052,1.0,1.0,1403.5133855091456,1050.0,1403.4888870099826,1050.0,0.0014609753781714718,0.0
7330,1646215201000.0,0.0,0.0,0.5,4.100996998325893,0.0,0.0,4.08,1.0,1.0,1403.5133855091456,1050.0,1403.5028870099827,1050.0,0.0014609753781714718,0.0
7331,1646218801000.0,0.0,0.0,0.2,4.1149984991629465,0.0,0.0,4.128,1.0,1.0,1403.523980299815,1050.0,1403.5265805999825,1050.0,0.000586380932128273,0.0
7332,1646222401000.0,0.0,0.0,0.2,4.1149984991629465,0.0,0.0,4.107,1.0,1.0,1403.523980299815,1050.0,1403.5223805999824,1050.0,0.000586380932128273,0.0
7333,1646226001000.0,0.0,0.0,0.2,4.142999624790736,0.0,0.0,4.112,1.0,1.0,1403.529214544941,1050.0,1403.5230146199829,1050.0,0.0005903688475959512,0.0
7334,1646229601000.0,0.0,0.0,1.2,4.025249937465123,0.0,0.0,4.002,1.0,1.0,1403.528814374941,1050.0,1403.500914449983,1050.0,0.0034415395505145454,0.0
7335,1646233201000.0,0.0,0.0,0.2,4.025249937465123,0.0,0.0,4.057,1.0,1.0,1403.5573590174745,1050.0,1403.5637090299815,1050.0,0.0005735782597845377,0.0
7336,1646236801000.0,0.0,0.0,0.2,4.06406248436628,0.0,0.0,4.01,1.0,1.0,1403.5647584868548,1050.0,1403.5539459899815,1050.0,0.0005791058032473879,0.0
7337,1646240401000.0,0.0,0.0,0.2,4.06406248436628,0.0,0.0,4.028,1.0,1.0,1403.5647584868548,1050.0,1403.5575459899815,1050.0,0.0005791058032473879,0.0
7338,1646244001000.0,0.0,0.0,0.3,4.04037498957752,0.0,0.0,4.004,1.0,1.0,1403.5647185568548,1050.0,1403.5538060599815,1050.0,0.0008635957293936185,0.0
7339,1646247601000.0,0.0,0.0,0.3,4.04037498957752,0.0,0.0,3.966,1.0,1.0,1403.5647185568548,1050.0,1403.5424060599817,1050.0,0.0008635957293936185,0.0
7340,1646251201000.0,0.0,0.0,0.7,3.9847321383903664,0.0,0.0,3.978,1.0,1.0,1403.5645608368548,1050.0,1403.5598483399815,1050.0,0.001987306159404716,0.0
7341,1646254801000.0,0.0,0.0,0.7,3.9847321383903664,0.0,0.0,3.979,1.0,1.0,1403.5645608368548,1050.0,1403.5605483399816,1050.0,0.001987306159404716,0.0
7342,1646258401000.0,0.0,0.0,0.5,3.9847321383903664,0.0,0.0,4.022,1.0,1.0,1403.5697341891766,1050.0,1403.5883681199814,1050.0,0.001419499167489634,0.0
7343,1646262001000.0,0.0,0.0,0.3,4.004788689731728,0.0,0.0,4.004,1.0,1.0,1403.5825837569007,1050.0,1403.5823471499812,1050.0,0.0008559785657240715,0.0
7344,1646265601000.0,0.0,0.0,0.3,4.004788689731728,0.0,0.0,3.97,1.0,1.0,1403.5825837569007,1050.0,1403.5721471499812,1050.0,0.0008559785657240715,0.0
7345,1646269201000.0,0.0,0.0,0.3,4.004788689731728,0.0,0.0,3.996,1.0,1.0,1403.5825837569007,1050.0,1403.579947149981,1050.0,0.0008559785657240715,0.0
7346,1646272801000.0,0.0,0.0,0.3,4.004788689731728,0.0,0.0,3.963,1.0,1.0,1403.5825837569007,1050.0,1403.5700471499813,1050.0,0.0008559785657240715,0.0
7347,1646276401000.0,0.0,0.0,0.7,3.949480867027884,0.0,0.0,3.927,1.0,1.0,1403.5824274369006,1050.0,1403.566690829981,1050.0,0.0019697002134517,0.0
7348,1646280001000.0,0.0,0.0,0.7,3.949480867027884,0.0,0.0,3.903,1.0,1.0,1403.5824274369006,1050.0,1403.549890829981,1050.0,0.0019697002134517,0.0
7349,1646283601000.0,0.0,0.0,0.7,3.949480867027884,0.0,0.0,3.906,1.0,1.0,1403.5824274369006,1050.0,1403.5519908299812,1050.0,0.0019697002134517,0.0
7350,1646287201000.0,0.0,0.0,0.7,3.949480867027884,0.0,0.0,3.913,1.0,1.0,1403.5824274369006,1050.0,1403.556890829981,1050.0,0.0019697002134517,0.0
7351,1646290801000.0,0.0,0.0,0.7,3.949480867027884,0.0,0.0,3.927,1.0,1.0,1403.5824274369006,1050.0,1403.566690829981,1050.0,0.0019697002134517,0.0
7352,1646294401000.0,0.0,0.0,0.7,3.949480867027884,0.0,0.0,3.923,1.0,1.0,1403.5824274369006,1050.0,1403.5638908299811,1050.0,0.0019697002134517,0.0
7353,1646298001000.0,0.0,0.0,0.7,3.949480867027884,0.0,0.0,3.908,1.0,1.0,1403.5824274369006,1050.0,1403.553390829981,1050.0,0.0019697002134517,0.0
7354,1646301601000.0,0.0,0.0,0.7,3.949480867027884,0.0,0.0,3.882,1.0,1.0,1403.5824274369006,1050.0,1403.535190829981,1050.0,0.0019697002134517,0.0
7355,1646305201000.0,0.0,0.0,0.7,3.949480867027884,0.0,0.0,3.903,1.0,1.0,1403.5824274369006,1050.0,1403.549890829981,1050.0,0.0019697002134517,0.0
7356,1646308801000.0,0.0,0.0,0.7,3.949480867027884,0.0,0.0,3.9,1.0,1.0,1403.5824274369006,1050.0,1403.547790829981,1050.0,0.0019697002134517,0.0
7357,1646312401000.0,0.0,0.0,0.7,3.949480867027884,0.0,0.0,3.9,1.0,1.0,1403.5824274369006,1050.0,1403.547790829981,1050.0,0.0019697002134517,0.0
7358,1646316001000.0,0.0,0.0,0.7,3.949480867027884,0.0,0.0,3.924,1.0,1.0,1403.5824274369006,1050.0,1403.5645908299812,1050.0,0.0019697002134517,0.0
7359,1646319601000.0,0.0,0.0,0.7,3.949480867027884,0.0,0.0,3.872,1.0,1.0,1403.5824274369006,1050.0,1403.528190829981,1050.0,0.0019697002134517,0.0
7360,1646323201000.0,0.0,0.0,3.7,3.841415299167437,0.0,0.0,3.794,1.0,1.0,1403.5812825769005,1050.0,1403.405845969981,1050.0,0.01012640791335203,0.0
7361,1646326801000.0,0.0,0.0,3.7,3.841415299167437,0.0,0.0,3.771,1.0,1.0,1403.5812825769005,1050.0,1403.320745969981,1050.0,0.01012640791335203,0.0
7362,1646330401000.0,0.0,0.0,8.6,3.785341465920874,0.0,0.0,3.771,1.0,1.0,1403.5794485069005,1050.0,1403.456111899981,1050.0,0.02319351187533398,0.0
7363,1646334001000.0,0.0,0.0,8.6,3.785341465920874,0.0,0.0,3.773,1.0,1.0,1403.5794485069005,1050.0,1403.473311899981,1050.0,0.02319351187533398,0.0
7364,1646337601000.0,0.0,0.0,5.8,3.785341465920874,0.0,0.0,3.786,1.0,1.0,1403.6702233223223,1050.0,1403.6740428199812,1050.0,0.01564112434498768,0.0
7365,1646341201000.0,0.0,0.0,5.8,3.785341465920874,0.0,0.0,3.756,1.0,1.0,1403.6702233223223,1050.0,1403.5000428199812,1050.0,0.01564112434498768,0.0
7366,1646344801000.0,0.0,0.0,5.8,3.785341465920874,0.0,0.0,3.776,1.0,1.0,1403.6702233223223,1050.0,1403.6160428199812,1050.0,0.01564112434498768,0.0
7367,1646348401000.0,0.0,0.0,2.2,3.785341465920874,0.0,0.0,3.81,1.0,1.0,1403.7612220850067,1050.0,1403.8154708599807,1050.0,0.005932455672665408,0.0
7368,1646352001000.0,0.0,0.0,0.3,3.8008943106139164,0.0,0.0,3.807,1.0,1.0,1403.8197378331645,1050.0,1403.8215695399804,1050.0,0.0008122611916998768,0.0
7369,1646355601000.0,0.0,0.0,0.7,3.7483832759773934,0.0,0.0,3.7,1.0,1.0,1403.8195894731646,1050.0,1403.7857211799803,1050.0,0.0018690922344009168,0.0
7370,1646359201000.0,0.0,0.0,1.6,3.6969801832401092,0.0,0.0,3.687,1.0,1.0,1403.8192603431646,1050.0,1403.8032920499804,1050.0,0.0042136252580964074,0.0
7371,1646362801000.0,0.0,0.0,1.6,3.6969801832401092,0.0,0.0,3.687,1.0,1.0,1403.8192603431646,1050.0,1403.8032920499804,1050.0,0.0042136252580964074,0.0
7372,1646366401000.0,0.0,0.0,1.6,3.6969801832401092,0.0,0.0,3.697,1.0,1.0,1403.8192603431646,1050.0,1403.8192920499805,1050.0,0.0042136252580964074,0.0
7373,1646370001000.0,0.0,0.0,1.6,3.6969801832401092,0.0,0.0,3.712,1.0,1.0,1403.8192603431646,1050.0,1403.8432920499804,1050.0,0.0042136252580964074,0.0
7374,1646373601000.0,0.0,0.0,0.3,3.7144356369956046,0.0,0.0,3.73,1.0,1.0,1403.8560898110795,1050.0,1403.860759119981,1050.0,0.000793764189354081,0.0
7375,1646377201000.0,0.0,0.0,0.3,3.7232904246637366,0.0,0.0,3.74,1.0,1.0,1403.85847144738,1050.0,1403.863484319981,1050.0,0.0007956550821305411,0.0
7376,1646380801000.0,0.0,0.0,0.3,3.7232904246637366,0.0,0.0,3.743,1.0,1.0,1403.85847144738,1050.0,1403.864384319981,1050.0,0.0007956550821305411,0.0
7377,1646384401000.0,0.0,0.0,0.3,3.7414624109616614,0.0,0.0,3.743,1.0,1.0,1403.8632728932696,1050.0,1403.8637341699812,1050.0,0.0007995356420823135,0.0
7378,1646388001000.0,0.0,0.0,0.3,3.7414624109616614,0.0,0.0,3.743,1.0,1.0,1403.8632728932696,1050.0,1403.8637341699812,1050.0,0.0007995356420823135,0.0
7379,1646391601000.0,0.0,0.0,0.3,3.7675814550997524,0.0,0.0,3.777,1.0,1.0,1403.870482066511,1050.0,1403.873307629981,1050.0,0.0008051130435238947,0.0
7380,1646395201000.0,0.0,0.0,0.3,3.785258424488779,0.0,0.0,3.782,1.0,1.0,1403.8754332373278,1050.0,1403.8744557099812,1050.0,0.0008088876694195006,0.0
7381,1646398801000.0,0.0,0.0,0.3,3.785258424488779,0.0,0.0,3.777,1.0,1.0,1403.8754332373278,1050.0,1403.8729557099812,1050.0,0.0008088876694195006,0.0
7382,1646402401000.0,0.0,0.0,0.3,3.7941722829925197,0.0,0.0,3.764,1.0,1.0,1403.877831174879,1050.0,1403.8687794899813,1050.0,0.0008107911241430278,0.0
7383,1646406001000.0,0.0,0.0,0.7,3.742073835568223,0.0,0.0,3.728,1.0,1.0,1403.877683054879,1050.0,1403.8678313699813,1050.0,0.001865868883390006,0.0
7384,1646409601000.0,0.0,0.0,0.7,3.742073835568223,0.0,0.0,3.687,1.0,1.0,1403.877683054879,1050.0,1403.8391313699813,1050.0,0.001865868883390006,0.0
7385,1646413201000.0,0.0,0.0,1.6,3.690844803061097,0.0,0.0,3.666,1.0,1.0,1403.877354464879,1050.0,1403.8376027799814,1050.0,0.004206458396181424,0.0
7386,1646416801000.0,0.0,0.0,1.6,3.690844803061097,0.0,0.0,3.686,1.0,1.0,1403.877354464879,1050.0,1403.8696027799813,1050.0,0.004206458396181424,0.0
7387,1646420401000.0,0.0,0.0,1.6,3.690844803061097,0.0,0.0,3.668,1.0,1.0,1403.877354464879,1050.0,1403.8408027799812,1050.0,0.004206458396181424,0.0
7388,1646424001000.0,0.0,0.0,1.6,3.690844803061097,0.0,0.0,3.635,1.0,1.0,1403.877354464879,1050.0,1403.7880027799813,1050.0,0.004206458396181424,0.0
7389,1646427601000.0,0.0,0.0,3.7,3.6392842391615554,0.0,0.0,3.606,1.0,1.0,1403.8765984648792,1050.0,1403.7534467799815,1050.0,0.009591549356704103,0.0
7390,1646431201000.0,0.0,0.0,3.7,3.6392842391615554,0.0,0.0,3.607,1.0,1.0,1403.8765984648792,1050.0,1403.7571467799814,1050.0,0.009591549356704103,0.0
7391,1646434801000.0,0.0,0.0,8.6,3.586133916848576,0.0,0.0,3.598,1.0,1.0,1403.8748609248792,1050.0,1403.9769092399813,1050.0,0.021968305397661817,0.0
7392,1646438401000.0,0.0,0.0,0.6,3.586133916848576,0.0,0.0,3.617,1.0,1.0,1404.091398740091,1050.0,1404.1099183899819,1050.0,0.0015324361021226078,0.0
7393,1646442001000.0,0.0,0.0,0.6,3.586133916848576,0.0,0.0,3.521,1.0,1.0,1404.091398740091,1050.0,1404.052318389982,1050.0,0.0015324361021226078,0.0
7394,1646445601000.0,0.0,0.0,0.6,3.586133916848576,0.0,0.0,3.562,1.0,1.0,1404.091398740091,1050.0,1404.076918389982,1050.0,0.0015324361021226078,0.0
7395,1646449201000.0,0.0,0.0,0.6,3.586133916848576,0.0,0.0,3.55,1.0,1.0,1404.091398740091,1050.0,1404.069718389982,1050.0,0.0015324361021226078,0.0
7396,1646452801000.0,0.0,0.0,0.3,3.615377972282859,0.0,0.0,3.624,1.0,1.0,1404.104978491667,1050.0,1404.1075650999821,1050.0,0.0007724589032153301,0.0
7397,1646456401000.0,0.0,0.0,0.3,3.615377972282859,0.0,0.0,3.598,1.0,1.0,1404.104978491667,1050.0,1404.099765099982,1050.0,0.0007724589032153301,0.0
7398,1646460001000.0,0.0,0.0,0.3,3.615377972282859,0.0,0.0,3.637,1.0,1.0,1404.104978491667,1050.0,1404.111465099982,1050.0,0.0007724589032153301,0.0
7399,1646463601000.0,0.0,0.0,0.3,3.665352292190054,0.0,0.0,3.633,1.0,1.0,1404.1162780676393,1050.0,1404.1065723799823,1050.0,0.0007831300760719802,0.0
7400,1646467201000.0,0.0,0.0,0.3,3.665352292190054,0.0,0.0,3.629,1.0,1.0,1404.1162780676393,1050.0,1404.1053723799823,1050.0,0.0007831300760719802,0.0
7401,1646470801000.0,0.0,0.0,0.3,3.665352292190054,0.0,0.0,3.649,1.0,1.0,1404.1162780676393,1050.0,1404.1113723799822,1050.0,0.0007831300760719802,0.0
7402,1646474401000.0,0.0,0.0,0.3,3.665352292190054,0.0,0.0,3.66,1.0,1.0,1404.1162780676393,1050.0,1404.1146723799823,1050.0,0.0007831300760719802,0.0
7403,1646478001000.0,0.0,0.0,0.3,3.665352292190054,0.0,0.0,3.649,1.0,1.0,1404.1162780676393,1050.0,1404.1113723799822,1050.0,0.0007831300760719802,0.0
7404,1646481601000.0,0.0,0.0,0.3,3.665352292190054,0.0,0.0,3.641,1.0,1.0,1404.1162780676393,1050.0,1404.1089723799823,1050.0,0.0007831300760719802,0.0
7405,1646485201000.0,0.0,0.0,0.3,3.665352292190054,0.0,0.0,3.633,1.0,1.0,1404.1162780676393,1050.0,1404.1065723799823,1050.0,0.0007831300760719802,0.0
7406,1646488801000.0,0.0,0.0,0.3,3.665352292190054,0.0,0.0,3.612,1.0,1.0,1404.1162780676393,1050.0,1404.1002723799822,1050.0,0.0007831300760719802,0.0
7407,1646492401000.0,0.0,0.0,0.3,3.665352292190054,0.0,0.0,3.622,1.0,1.0,1404.1162780676393,1050.0,1404.1032723799824,1050.0,0.0007831300760719802,0.0
7408,1646496001000.0,0.0,0.0,0.3,3.665352292190054,0.0,0.0,3.641,1.0,1.0,1404.1162780676393,1050.0,1404.1089723799823,1050.0,0.0007831300760719802,0.0
7409,1646499601000.0,0.0,0.0,0.3,3.71297811736149,0.0,0.0,3.717,1.0,1.0,1404.1277688651912,1050.0,1404.1289754299828,1050.0,0.0007932991996224744,0.0
7410,1646503201000.0,0.0,0.0,0.3,3.8578834476079216,0.0,0.0,3.821,1.0,1.0,1404.1608017442647,1050.0,1404.1497367099823,1050.0,0.0008242396688788665,0.0
7411,1646506801000.0,0.0,0.0,0.3,3.8759481989368547,0.0,0.0,3.876,1.0,1.0,1404.1658656096636,1050.0,1404.1658811499826,1050.0,0.0008280962300534177,0.0
7412,1646510401000.0,0.0,0.0,0.3,3.8759481989368547,0.0,0.0,3.873,1.0,1.0,1404.1658656096636,1050.0,1404.1649811499826,1050.0,0.0008280962300534177,0.0
7413,1646514001000.0,0.0,0.0,0.3,3.8759481989368547,0.0,0.0,3.845,1.0,1.0,1404.1658656096636,1050.0,1404.1565811499825,1050.0,0.0008280962300534177,0.0
7414,1646517601000.0,0.0,0.0,0.3,3.8759481989368547,0.0,0.0,3.828,1.0,1.0,1404.1658656096636,1050.0,1404.1514811499826,1050.0,0.0008280962300534177,0.0
7415,1646521201000.0,0.0,0.0,0.3,3.8759481989368547,0.0,0.0,3.833,1.0,1.0,1404.1658656096636,1050.0,1404.1529811499825,1050.0,0.0008280962300534177,0.0
7416,1646524801000.0,0.0,0.0,0.3,3.8759481989368547,0.0,0.0,3.855,1.0,1.0,1404.1658656096636,1050.0,1404.1595811499826,1050.0,0.0008280962300534177,0.0
7417,1646528401000.0,0.0,0.0,0.3,3.8759481989368547,0.0,0.0,3.864,1.0,1.0,1404.1658656096636,1050.0,1404.1622811499826,1050.0,0.0008280962300534177,0.0
7418,1646532001000.0,0.0,0.0,0.3,3.8759481989368547,0.0,0.0,3.86,1.0,1.0,1404.1658656096636,1050.0,1404.1610811499825,1050.0,0.0008280962300534177,0.0
7419,1646535601000.0,0.0,0.0,0.3,3.8759481989368547,0.0,0.0,3.844,1.0,1.0,1404.1658656096636,1050.0,1404.1562811499825,1050.0,0.0008280962300534177,0.0
7420,1646539201000.0,0.0,0.0,0.7,3.8228349424015096,0.0,0.0,3.781,1.0,1.0,1404.1657142896636,1050.0,1404.1364298299825,1050.0,0.0019057469018425493,0.0
7421,1646542801000.0,0.0,0.0,1.4,3.77061528730066,0.0,0.0,3.77,1.0,1.0,1404.1703796122035,1050.0,1404.1695182099827,1050.0,0.0037594165771242176,0.0
7422,1646546401000.0,0.0,0.0,0.3,3.7882734610225164,0.0,0.0,3.783,1.0,1.0,1404.2028306482873,1050.0,1404.2012486099807,1050.0,0.000809343218445207,0.0
7423,1646550001000.0,0.0,0.0,0.3,3.806565982676675,0.0,0.0,3.783,1.0,1.0,1404.2077656247834,1050.0,1404.2006958299803,1050.0,0.000813248454223509,0.0
7424,1646553601000.0,0.0,0.0,0.3,3.806565982676675,0.0,0.0,3.766,1.0,1.0,1404.2077656247834,1050.0,1404.1955958299804,1050.0,0.000813248454223509,0.0
7425,1646557201000.0,0.0,0.0,0.3,3.806565982676675,0.0,0.0,3.753,1.0,1.0,1404.2077656247834,1050.0,1404.1916958299803,1050.0,0.000813248454223509,0.0
7426,1646560801000.0,0.0,0.0,0.7,3.75424256400429,0.0,0.0,3.682,1.0,1.0,1404.2076170247833,1050.0,1404.1570472299802,1050.0,0.0018714966098610907,0.0
7427,1646564401000.0,0.0,0.0,1.6,3.7029186217518766,0.0,0.0,3.656,1.0,1.0,1404.2072873547834,1050.0,1404.1322175599803,1050.0,0.004219227352084017,0.0
7428,1646568001000.0,0.0,0.0,1.6,3.7029186217518766,0.0,0.0,3.677,1.0,1.0,1404.2072873547834,1050.0,1404.1658175599803,1050.0,0.004219227352084017,0.0
7429,1646571601000.0,0.0,0.0,1.6,3.7029186217518766,0.0,0.0,3.665,1.0,1.0,1404.2072873547834,1050.0,1404.1466175599803,1050.0,0.004219227352084017,0.0
7430,1646575201000.0,0.0,0.0,1.6,3.7029186217518766,0.0,0.0,3.7,1.0,1.0,1404.2072873547834,1050.0,1404.2026175599804,1050.0,0.004219227352084017,0.0
7431,1646578801000.0,0.0,0.0,1.6,3.7029186217518766,0.0,0.0,3.654,1.0,1.0,1404.2072873547834,1050.0,1404.1290175599804,1050.0,0.004219227352084017,0.0
7432,1646582401000.0,0.0,0.0,1.6,3.7029186217518766,0.0,0.0,3.657,1.0,1.0,1404.2072873547834,1050.0,1404.1338175599803,1050.0,0.004219227352084017,0.0
7433,1646586001000.0,0.0,0.0,1.6,3.7029186217518766,0.0,0.0,3.684,1.0,1.0,1404.2072873547834,1050.0,1404.1770175599804,1050.0,0.004219227352084017,0.0
7434,1646589601000.0,0.0,0.0,1.6,3.7029186217518766,0.0,0.0,3.683,1.0,1.0,1404.2072873547834,1050.0,1404.1754175599804,1050.0,0.004219227352084017,0.0
7435,1646593201000.0,0.0,0.0,1.6,3.7029186217518766,0.0,0.0,3.653,1.0,1.0,1404.2072873547834,1050.0,1404.1274175599804,1050.0,0.004219227352084017,0.0
7436,1646596801000.0,0.0,0.0,3.7,3.651316160757568,0.0,0.0,3.626,1.0,1.0,1404.2065288347833,1050.0,1404.1128590399803,1050.0,0.009620999131811152,0.0
7437,1646600401000.0,0.0,0.0,3.7,3.651316160757568,0.0,0.0,3.638,1.0,1.0,1404.2065288347833,1050.0,1404.1572590399803,1050.0,0.009620999131811152,0.0
7438,1646604001000.0,0.0,0.0,3.3,3.651316160757568,0.0,0.0,3.649,1.0,1.0,1404.2162553304802,1050.0,1404.2086119999801,1050.0,0.008580831680846893,0.0
7439,1646607601000.0,0.0,0.0,3.3,3.651316160757568,0.0,0.0,3.633,1.0,1.0,1404.2162553304802,1050.0,1404.1558119999802,1050.0,0.008580831680846893,0.0
7440,1646611201000.0,0.0,0.0,7.7,3.598564068896101,0.0,0.0,3.549,1.0,1.0,1404.21468937048,1050.0,1403.83304603998,1050.0,0.019732697243697188,0.0
7441,1646614801000.0,0.0,0.0,18.0,3.5427357405833324,0.0,0.0,3.52,1.0,1.0,1404.2110833404802,1050.0,1403.8018400099802,1050.0,0.04541286141881121,0.0
7442,1646618401000.0,0.0,0.0,18.0,3.5427357405833324,0.0,0.0,3.52,1.0,1.0,1404.2110833404802,1050.0,1403.8018400099802,1050.0,0.04541286141881121,0.0
7443,1646622001000.0,0.0,0.0,10.7,3.5427357405833324,0.0,0.0,3.51,1.0,1.0,1404.378309254222,1050.0,1404.0280368299802,1050.0,0.026992208705054588,0.0
7444,1646625601000.0,0.0,0.0,10.7,3.5427357405833324,0.0,0.0,3.472,1.0,1.0,1404.378309254222,1050.0,1403.6214368299802,1050.0,0.026992208705054588,0.0
7445,1646629201000.0,0.0,0.0,10.7,3.5427357405833324,0.0,0.0,3.501,1.0,1.0,1404.378309254222,1050.0,1403.9317368299803,1050.0,0.026992208705054588,0.0
7446,1646632801000.0,0.0,0.0,10.7,3.5427357405833324,0.0,0.0,3.508,1.0,1.0,1404.378309254222,1050.0,1404.0066368299802,1050.0,0.026992208705054588,0.0
7447,1646636401000.0,0.0,0.0,10.7,3.5427357405833324,0.0,0.0,3.519,1.0,1.0,1404.378309254222,1050.0,1404.1243368299802,1050.0,0.026992208705054588,0.0
7448,1646640001000.0,0.0,0.0,10.7,3.5427357405833324,0.0,0.0,3.481,1.0,1.0,1404.378309254222,1050.0,1403.7177368299801,1050.0,0.026992208705054588,0.0
7449,1646643601000.0,0.0,0.0,9.4,3.5427357405833324,0.0,0.0,3.543,1.0,1.0,1404.4080892114634,1050.0,1404.4105732499802,1050.0,0.023712278658392892,0.0
7450,1646647201000.0,0.0,0.0,1.2,3.5427357405833324,0.0,0.0,3.548,1.0,1.0,1404.60993061868,1050.0,1404.61624772998,1050.0,0.0030266644112557726,0.0
7451,1646650801000.0,0.0,0.0,1.2,3.5427357405833324,0.0,0.0,3.534,1.0,1.0,1404.60993061868,1050.0,1404.59944772998,1050.0,0.0030266644112557726,0.0
7452,1646654401000.0,0.0,0.0,1.2,3.5427357405833324,0.0,0.0,3.555,1.0,1.0,1404.60993061868,1050.0,1404.62464772998,1050.0,0.0030266644112557726,0.0
7453,1646658001000.0,0.0,0.0,0.3,3.617574879831734,0.0,0.0,3.627,1.0,1.0,1404.6642642039283,1050.0,1404.6670917399788,1050.0,0.0007726205411544242,0.0
7454,1646661601000.0,0.0,0.0,0.3,3.686910557725489,0.0,0.0,3.686,1.0,1.0,1404.6830773072961,1050.0,1404.6828041399785,1050.0,0.0007874183046598177,0.0
7455,1646665201000.0,0.0,0.0,0.3,3.7488059219885077,0.0,0.0,3.73,1.0,1.0,1404.6998224665751,1050.0,1404.6941806899786,1050.0,0.0008006278342242142,0.0
7456,1646668801000.0,0.0,0.0,0.3,3.7488059219885077,0.0,0.0,3.749,1.0,1.0,1404.6998224665751,1050.0,1404.6998806899785,1050.0,0.0008006278342242142,0.0
7457,1646672401000.0,0.0,0.0,0.3,3.758203947992339,0.0,0.0,3.729,1.0,1.0,1404.7022663643763,1050.0,1404.6935051799787,1050.0,0.000802633562566803,0.0
7458,1646676001000.0,0.0,0.0,0.3,3.758203947992339,0.0,0.0,3.711,1.0,1.0,1404.7022663643763,1050.0,1404.6881051799787,1050.0,0.000802633562566803,0.0
7459,1646679601000.0,0.0,0.0,1.6,3.6562257402485634,0.0,0.0,3.597,1.0,1.0,1404.7017941143763,1050.0,1404.6070329299787,1050.0,0.004164557352249936,0.0
7460,1646683201000.0,0.0,0.0,8.6,3.5525885098136865,0.0,0.0,3.486,1.0,1.0,1404.6993238843763,1050.0,1404.1266626999786,1050.0,0.021750036228331326,0.0
7461,1646686801000.0,0.0,0.0,20.1,3.4967542877809796,0.0,0.0,3.475,1.0,1.0,1404.6953506343764,1050.0,1404.2580894499788,1050.0,0.050035590388091127,0.0
7462,1646690401000.0,0.0,0.0,17.6,3.4967542877809796,0.0,0.0,3.507,1.0,1.0,1404.7525849149238,1050.0,1404.9329094499785,1050.0,0.04381047319352146,0.0
7463,1646694001000.0,0.0,0.0,0.5,3.4967542877809796,0.0,0.0,3.583,1.0,1.0,1405.394842313869,1050.0,1405.4379651699785,1050.0,0.0012440469334667032,0.0
7464,1646697601000.0,0.0,0.0,0.3,3.6242078263734143,0.0,0.0,3.61,1.0,1.0,1405.4450074978906,1050.0,1405.4407451499785,1050.0,0.0007736071793002233,0.0
7465,1646701201000.0,0.0,0.0,0.3,3.676233608899725,0.0,0.0,3.672,1.0,1.0,1405.4590746826484,1050.0,1405.4578045999785,1050.0,0.0007847045157959827,0.0
7466,1646704801000.0,0.0,0.0,0.3,3.7110091079308107,0.0,0.0,3.718,1.0,1.0,1405.468610152358,1050.0,1405.4707074199787,1050.0,0.0007921220896271437,0.0
7467,1646708401000.0,0.0,0.0,0.3,3.7476067373690496,0.0,0.0,3.751,1.0,1.0,1405.4781894111893,1050.0,1405.4792073899787,1050.0,0.0007999284725163336,0.0
7468,1646712001000.0,0.0,0.0,0.3,3.7835642938012946,0.0,0.0,3.8,1.0,1.0,1405.4878736781188,1050.0,1405.4928043899783,1050.0,0.0008075980656951146,0.0
7469,1646715601000.0,0.0,0.0,0.3,3.842055732721117,0.0,0.0,3.832,1.0,1.0,1405.5023370797946,1050.0,1405.4993203599784,1050.0,0.0008200745665148599,0.0
7470,1646719201000.0,0.0,0.0,0.3,3.8603581034316083,0.0,0.0,3.815,1.0,1.0,1405.5073728610078,1050.0,1405.4937654299783,1050.0,0.0008239781970492795,0.0
7471,1646722801000.0,0.0,0.0,0.7,3.807010615756404,0.0,0.0,3.775,1.0,1.0,1405.5072221810078,1050.0,1405.4848147499783,1050.0,0.001896046771566346,0.0
7472,1646726401000.0,0.0,0.0,0.3,3.8613356370485747,0.0,0.0,3.854,1.0,1.0,1405.5317994510935,1050.0,1405.529598759979,1050.0,0.0008241725242836668,0.0
7473,1646730001000.0,0.0,0.0,0.3,3.9141237980812713,0.0,0.0,3.886,1.0,1.0,1405.5438229494032,1050.0,1405.5353858099788,1050.0,0.0008354326064059346,0.0
7474,1646733601000.0,0.0,0.0,0.3,3.9141237980812713,0.0,0.0,3.893,1.0,1.0,1405.5438229494032,1050.0,1405.5374858099788,1050.0,0.0008354326064059346,0.0
7475,1646737201000.0,0.0,0.0,0.3,3.9141237980812713,0.0,0.0,3.898,1.0,1.0,1405.5438229494032,1050.0,1405.5389858099788,1050.0,0.0008354326064059346,0.0
7476,1646740801000.0,0.0,0.0,0.3,3.9141237980812713,0.0,0.0,3.917,1.0,1.0,1405.5438229494032,1050.0,1405.5446858099788,1050.0,0.0008354326064059346,0.0
7477,1646744401000.0,0.0,0.0,0.3,3.9141237980812713,0.0,0.0,3.888,1.0,1.0,1405.5438229494032,1050.0,1405.535985809979,1050.0,0.0008354326064059346,0.0
7478,1646748001000.0,0.0,0.0,0.3,3.9141237980812713,0.0,0.0,3.901,1.0,1.0,1405.5438229494032,1050.0,1405.5398858099788,1050.0,0.0008354326064059346,0.0
7479,1646751601000.0,0.0,0.0,0.3,3.9141237980812713,0.0,0.0,3.859,1.0,1.0,1405.5438229494032,1050.0,1405.5272858099788,1050.0,0.0008354326064059346,0.0
7480,1646755201000.0,0.0,0.0,1.6,3.807835712140238,0.0,0.0,3.782,1.0,1.0,1405.543331119403,1050.0,1405.5019939799788,1050.0,0.004334649102971562,0.0
7481,1646758801000.0,0.0,0.0,0.4,3.807835712140238,0.0,0.0,3.775,1.0,1.0,1405.573068304835,1050.0,1405.559934019979,1050.0,0.0010836393491040937,0.0
7482,1646762401000.0,0.0,0.0,0.3,3.8662088180596204,0.0,0.0,3.892,1.0,1.0,1405.592071355397,1050.0,1405.599808709979,1050.0,0.0008251772822675666,0.0
7483,1646766001000.0,0.0,0.0,0.3,3.9537777777777787,0.0,0.0,3.88,1.0,1.0,1405.6109479233123,1050.0,1405.588814589979,1050.0,0.0008438560720416691,0.0
7484,1646769601000.0,0.0,0.0,0.5,3.8996190476190487,0.0,0.0,3.901,1.0,1.0,1405.6159912337887,1050.0,1405.6166817099793,1050.0,0.0013871566174329492,0.0
7485,1646773201000.0,0.0,0.0,0.3,3.8996190476190487,0.0,0.0,3.859,1.0,1.0,1405.621188904265,1050.0,1405.6090031899791,1050.0,0.000832290892824179,0.0
7486,1646776801000.0,0.0,0.0,0.7,3.846122448979593,0.0,0.0,3.825,1.0,1.0,1405.621036664265,1050.0,1405.6062509499793,1050.0,0.001915370959924508,0.0
7487,1646780401000.0,0.0,0.0,0.3,3.8550816326530626,0.0,0.0,3.855,1.0,1.0,1405.633743109775,1050.0,1405.6337186199792,1050.0,0.0008227779785915387,0.0
7488,1646784001000.0,0.0,0.0,0.3,3.9001095154111045,0.0,0.0,3.91,1.0,1.0,1405.6462615146024,1050.0,1405.6492286599791,1050.0,0.0008323807252634141,0.0
7489,1646787601000.0,0.0,0.0,0.2,4.067,0.0,0.0,4.034,1.0,1.0,1405.6814328399794,1050.0,1405.6748328399794,1050.0,0.0005786517350212425,0.0
7490,1646791201000.0,0.0,0.0,0.2,4.12725,0.0,0.0,4.111,1.0,1.0,1405.6919534199792,1050.0,1405.6887034199792,1050.0,0.0005872196948924129,0.0
7491,1646794801000.0,0.0,0.0,0.2,4.21734765625,0.0,0.0,4.193,1.0,1.0,1405.7081698412294,1050.0,1405.7033003099793,1050.0,0.0006000317486561009,0.0
7492,1646798401000.0,0.0,0.0,0.2,4.341509170532227,0.0,0.0,4.32,1.0,1.0,1405.7303139840858,1050.0,1405.7260121499794,1050.0,0.0006176873511715957,0.0
7493,1646802001000.0,0.0,0.0,0.2,4.405031823158264,0.0,0.0,4.428,1.0,1.0,1405.741466854611,1050.0,1405.7460604899793,1050.0,0.0006267200515916567,0.0
7494,1646805601000.0,0.0,0.0,0.2,4.467626988947391,0.0,0.0,4.46,1.0,1.0,1405.7528291677688,1050.0,1405.7513037699794,1050.0,0.0006356205580738268,0.0
7495,1646809201000.0,0.0,0.0,0.2,4.5799658358511515,0.0,0.0,4.587,1.0,1.0,1405.7731604871494,1050.0,1405.7745673199793,1050.0,0.0006515938651530427,0.0
7496,1646812801000.0,0.0,0.0,0.2,4.595482917925576,0.0,0.0,4.585,1.0,1.0,1405.7760716935643,1050.0,1405.7739751099791,1050.0,0.0006538001336712629,0.0
7497,1646816401000.0,0.0,0.0,0.2,4.6112414589627875,0.0,0.0,4.588,1.0,1.0,1405.7790308717717,1050.0,1405.7743825799791,1050.0,0.0006560407230008544,0.0
7498,1646820001000.0,0.0,0.0,0.2,4.6112414589627875,0.0,0.0,4.537,1.0,1.0,1405.7790308717717,1050.0,1405.7641825799792,1050.0,0.0006560407230008544,0.0
7499,1646823601000.0,0.0,0.0,0.2,4.6112414589627875,0.0,0.0,4.531,1.0,1.0,1405.7790308717717,1050.0,1405.7629825799793,1050.0,0.0006560407230008544,0.0
7500,1646827201000.0,0.0,0.0,0.2,4.6112414589627875,0.0,0.0,4.536,1.0,1.0,1405.7790308717717,1050.0,1405.7639825799793,1050.0,0.0006560407230008544,0.0
7501,1646830801000.0,0.0,0.0,0.5,4.544496583585115,0.0,0.0,4.531,1.0,1.0,1405.7788958717717,1050.0,1405.7721475799792,1050.0,0.001616362500863593,0.0
7502,1646834401000.0,0.0,0.0,0.2,4.5920620729481385,0.0,0.0,4.574,1.0,1.0,1405.7968472545688,1050.0,1405.793234839979,1050.0,0.0006533037944872535,0.0
7503,1646838001000.0,0.0,0.0,0.2,4.60903103647407,0.0,0.0,4.569,1.0,1.0,1405.799848557274,1050.0,1405.791842349979,1050.0,0.0006557165362059424,0.0
7504,1646841601000.0,0.0,0.0,0.5,4.695,0.0,0.0,4.664,1.0,1.0,1405.819732409979,1050.0,1405.804232409979,1050.0,0.0016698442523464304,0.0
7505,1646845201000.0,0.0,0.0,0.5,4.695,0.0,0.0,4.696,1.0,1.0,1405.819732409979,1050.0,1405.820232409979,1050.0,0.0016698442523464304,0.0
7506,1646848801000.0,0.0,0.0,0.2,4.72775,0.0,0.0,4.689,1.0,1.0,1405.8349512199788,1050.0,1405.8272012199789,1050.0,0.0006725896231129088,0.0
7507,1646852401000.0,0.0,0.0,0.5,4.6594999999999995,0.0,0.0,4.637,1.0,1.0,1405.8348127999789,1050.0,1405.8235627999788,1050.0,0.0016572003899660685,0.0
7508,1646856001000.0,0.0,0.0,0.5,4.6594999999999995,0.0,0.0,4.616,1.0,1.0,1405.8348127999789,1050.0,1405.8130627999788,1050.0,0.0016572003899660685,0.0
7509,1646859601000.0,0.0,0.0,0.4,4.6594999999999995,0.0,0.0,4.686,1.0,1.0,1405.837815899979,1050.0,1405.848415899979,1050.0,0.0013257574799315282,0.0
7510,1646863201000.0,0.0,0.0,0.2,4.67575,0.0,0.0,4.692,1.0,1.0,1405.8467782799794,1050.0,1405.8500282799794,1050.0,0.0006651862880420967,0.0
7511,1646866801000.0,0.0,0.0,0.2,4.691875,0.0,0.0,4.655,1.0,1.0,1405.8498091299793,1050.0,1405.8424341299794,1050.0,0.0006674788401335135,0.0
7512,1646870401000.0,0.0,0.0,0.2,4.807,0.0,0.0,4.724,1.0,1.0,1405.8676577599792,1050.0,1405.8510577599793,1050.0,0.0006838481522022025,0.0
7513,1646874001000.0,0.0,0.0,1.2,4.670666666666667,0.0,0.0,4.604,1.0,1.0,1405.8671934199792,1050.0,1405.7871934199793,1050.0,0.003986720812771439,0.0
7514,1646877601000.0,0.0,0.0,2.8,4.605142857142858,0.0,0.0,4.571,1.0,1.0,1405.8664644599792,1050.0,1405.770864459979,1050.0,0.009171852609026414,0.0
7515,1646881201000.0,0.0,0.0,0.2,4.675285714285714,0.0,0.0,4.631,1.0,1.0,1406.0414199328359,1050.0,1406.0325627899788,1050.0,0.0006650281631829942,0.0
7516,1646884801000.0,0.0,0.0,0.2,4.675285714285714,0.0,0.0,4.619,1.0,1.0,1406.0414199328359,1050.0,1406.0301627899787,1050.0,0.0006650281631829942,0.0
7517,1646888401000.0,0.0,0.0,1.2,4.542630952380953,0.0,0.0,4.504,1.0,1.0,1406.0409683228359,1050.0,1405.9946111799786,1050.0,0.003876954701653845,0.0
7518,1646892001000.0,0.0,0.0,2.8,4.478841836734695,0.0,0.0,4.452,1.0,1.0,1406.0402593628357,1050.0,1405.9651022199787,1050.0,0.008919202035182223,0.0
7519,1646895601000.0,0.0,0.0,0.1,4.478841836734695,0.0,0.0,4.516,1.0,1.0,1406.1204689736526,1050.0,1406.1241847899792,1050.0,0.00031852475911995406,0.0
7520,1646899201000.0,0.0,0.0,0.2,4.6243437499999995,0.0,0.0,4.625,1.0,1.0,1406.1404571199791,1050.0,1406.1405883699792,1050.0,0.0006577356801853865,0.0
7521,1646902801000.0,0.0,0.0,0.2,4.8657973232269285,0.0,0.0,4.844,1.0,1.0,1406.1831127446249,1050.0,1406.1787532799794,1050.0,0.0006920574253988499,0.0
7522,1646906401000.0,0.0,0.0,0.9,4.7282162205378215,0.0,0.0,4.657,1.0,1.0,1406.1920350084633,1050.0,1406.1279404099794,1050.0,0.0030261831190491898,0.0
7523,1646910001000.0,0.0,0.0,4.9,4.595305020098783,0.0,0.0,4.595,1.0,1.0,1406.1902088484633,1050.0,1406.1887142499793,1050.0,0.016012765881027805,0.0
7524,1646913601000.0,0.0,0.0,2.1,4.595305020098783,0.0,0.0,4.613,1.0,1.0,1406.2748595121866,1050.0,1406.3120189699791,1050.0,0.006862200854216307,0.0
7525,1646917201000.0,0.0,0.0,1.3,4.595305020098783,0.0,0.0,4.602,1.0,1.0,1406.2990454161077,1050.0,1406.3077488899792,1050.0,0.004247956041498137,0.0
7526,1646920801000.0,0.0,0.0,1.2,4.469168243393728,0.0,0.0,4.47,1.0,1.0,1406.429256772052,1050.0,1406.4302548799794,1050.0,0.0038132041595759308,0.0
7527,1646924401000.0,0.0,0.0,1.1,4.469168243393728,0.0,0.0,4.442,1.0,1.0,1406.4321949577125,1050.0,1406.4023098899793,1050.0,0.0034954298439399097,0.0
7528,1646928001000.0,0.0,0.0,1.1,4.469168243393728,0.0,0.0,4.48,1.0,1.0,1406.4321949577125,1050.0,1406.4441098899792,1050.0,0.0034954298439399097,0.0
7529,1646931601000.0,0.0,0.0,0.2,4.5405,0.0,0.0,4.512,1.0,1.0,1406.479332189978,1050.0,1406.4736321899782,1050.0,0.0006456547061989388,0.0
7530,1646935201000.0,0.0,0.0,0.2,4.591312499999999,0.0,0.0,4.584,1.0,1.0,1406.4882192899784,1050.0,1406.4867567899785,1050.0,0.0006528760692098481,0.0
7531,1646938801000.0,0.0,0.0,0.2,4.60915625,0.0,0.0,4.553,1.0,1.0,1406.4911955499783,1050.0,1406.4799642999783,1050.0,0.0006554120302470415,0.0
7532,1646942401000.0,0.0,0.0,0.2,4.60915625,0.0,0.0,4.546,1.0,1.0,1406.4911955499783,1050.0,1406.4785642999784,1050.0,0.0006554120302470415,0.0
7533,1646946001000.0,0.0,0.0,0.2,4.60915625,0.0,0.0,4.547,1.0,1.0,1406.4911955499783,1050.0,1406.4787642999784,1050.0,0.0006554120302470415,0.0
7534,1646949601000.0,0.0,0.0,0.5,4.5424625,0.0,0.0,4.489,1.0,1.0,1406.4910606099784,1050.0,1406.4643293599784,1050.0,0.001614820963750025,0.0
7535,1646953201000.0,0.0,0.0,0.5,4.5424625,0.0,0.0,4.479,1.0,1.0,1406.4910606099784,1050.0,1406.4593293599785,1050.0,0.001614820963750025,0.0
7536,1646956801000.0,0.0,0.0,0.5,4.5424625,0.0,0.0,4.468,1.0,1.0,1406.4910606099784,1050.0,1406.4538293599783,1050.0,0.001614820963750025,0.0
7537,1646960401000.0,0.0,0.0,1.2,4.4786093750000004,0.0,0.0,4.46,1.0,1.0,1406.4907502999783,1050.0,1406.4684190499784,1050.0,0.0038210924948164464,0.0
7538,1646964001000.0,0.0,0.0,1.2,4.4786093750000004,0.0,0.0,4.478,1.0,1.0,1406.4907502999783,1050.0,1406.4900190499784,1050.0,0.0038210924948164464,0.0
7539,1646967601000.0,0.0,0.0,0.2,4.525326171875,0.0,0.0,4.526,1.0,1.0,1406.5308617543526,1050.0,1406.5309965199776,1050.0,0.0006434734274128338,0.0
7540,1646971201000.0,0.0,0.0,2.8,4.6558214285714286,0.0,0.0,4.607,1.0,1.0,1406.579879679977,1050.0,1406.443179679977,1050.0,0.009268083660464416,0.0
7541,1646974801000.0,0.0,0.0,15.2,4.515960526315789,0.0,0.0,4.47,1.0,1.0,1406.574319049977,1050.0,1405.875719049977,1050.0,0.04880126067306725,0.0
7542,1646978401000.0,0.0,0.0,15.2,4.515960526315789,0.0,0.0,4.452,1.0,1.0,1406.574319049977,1050.0,1405.602119049977,1050.0,0.04880126067306725,0.0
7543,1646982001000.0,0.0,0.0,15.2,4.515960526315789,0.0,0.0,4.486,1.0,1.0,1406.574319049977,1050.0,1406.118919049977,1050.0,0.04880126067306725,0.0
7544,1646985601000.0,0.0,0.0,15.2,4.515960526315789,0.0,0.0,4.438,1.0,1.0,1406.574319049977,1050.0,1405.389319049977,1050.0,0.04880126067306725,0.0
7545,1646989201000.0,0.0,0.0,35.5,4.4336394366197185,0.0,0.0,4.343,1.0,1.0,1406.5654438899771,1050.0,1403.3477438899772,1050.0,0.11189966359809955,0.0
7546,1646992801000.0,0.0,0.0,35.5,4.4336394366197185,0.0,0.0,4.351,1.0,1.0,1406.5654438899771,1050.0,1403.631743889977,1050.0,0.11189966359809955,0.0
7547,1646996401000.0,0.0,0.0,35.5,4.4336394366197185,0.0,0.0,4.365,1.0,1.0,1406.5654438899771,1050.0,1404.1287438899772,1050.0,0.11189966359809955,0.0
7548,1647000001000.0,0.0,0.0,35.5,4.4336394366197185,0.0,0.0,4.425,1.0,1.0,1406.5654438899771,1050.0,1406.258743889977,1050.0,0.11189966359809955,0.0
7549,1647003601000.0,0.0,0.0,35.5,4.4336394366197185,0.0,0.0,4.42,1.0,1.0,1406.5654438899771,1050.0,1406.081243889977,1050.0,0.11189966359809955,0.0
7550,1647007201000.0,0.0,0.0,35.5,4.4336394366197185,0.0,0.0,4.353,1.0,1.0,1406.5654438899771,1050.0,1403.7027438899772,1050.0,0.11189966359809955,0.0
7551,1647010801000.0,0.0,0.0,35.5,4.4336394366197185,0.0,0.0,4.303,1.0,1.0,1406.5654438899771,1050.0,1401.9277438899771,1050.0,0.11189966359809955,0.0
7552,1647014401000.0,0.0,0.0,98.0,4.313973469387755,0.0,0.0,4.241,1.0,1.0,1406.5389063699772,1050.0,1399.3875063699772,1050.0,0.3005742664389508,0.0
7553,1647018001000.0,0.0,0.0,98.0,4.313973469387755,0.0,0.0,4.223,1.0,1.0,1406.5389063699772,1050.0,1397.6235063699771,1050.0,0.3005742664389508,0.0
7554,1647021601000.0,0.0,0.0,98.0,4.313973469387755,0.0,0.0,4.186,1.0,1.0,1406.5389063699772,1050.0,1393.9975063699771,1050.0,0.3005742664389508,0.0
7555,1647025201000.0,0.0,0.0,98.0,4.313973469387755,0.0,0.0,4.147,1.0,1.0,1406.5389063699772,1050.0,1390.1755063699773,1050.0,0.3005742664389508,0.0
7556,1647028801000.0,0.0,0.0,98.0,4.313973469387755,0.0,0.0,4.136,1.0,1.0,1406.5389063699772,1050.0,1389.0975063699773,1050.0,0.3005742664389508,0.0
7557,1647032401000.0,0.0,0.0,98.0,4.313973469387755,0.0,0.0,4.133,1.0,1.0,1406.5389063699772,1050.0,1388.8035063699772,1050.0,0.3005742664389508,0.0
7558,1647036001000.0,0.0,0.0,91.1,4.313973469387755,0.0,0.0,4.225,1.0,1.0,1405.8060857812013,1050.0,1397.7006027199768,1050.0,0.279557036376631,0.0
7559,1647039601000.0,0.0,0.0,91.1,4.313973469387755,0.0,0.0,4.242,1.0,1.0,1405.8060857812013,1050.0,1399.2493027199769,1050.0,0.279557036376631,0.0
7560,1647043201000.0,0.0,0.0,98.1,4.306479949655704,0.0,0.0,4.161,1.0,1.0,1405.8031395112014,1050.0,1391.5315564499767,1050.0,0.300515535345949,0.0
7561,1647046801000.0,0.0,0.0,91.2,4.306479949655704,0.0,0.0,4.201,1.0,1.0,1405.1250239085773,1050.0,1395.5052524999771,1050.0,0.2795131854645228,0.0
7562,1647050401000.0,0.0,0.0,98.3,4.292212867320187,0.0,0.0,4.163,1.0,1.0,1404.5888405575515,1050.0,1391.887215699977,1050.0,0.30039005912227773,0.0
7563,1647054001000.0,0.0,0.0,98.3,4.292212867320187,0.0,0.0,4.13,1.0,1.0,1404.5888405575515,1050.0,1388.6433156999772,1050.0,0.30039005912227773,0.0
7564,1647057601000.0,0.0,0.0,98.3,4.292212867320187,0.0,0.0,4.142,1.0,1.0,1404.5888405575515,1050.0,1389.822915699977,1050.0,0.30039005912227773,0.0
7565,1647061201000.0,0.0,0.0,98.3,4.292212867320187,0.0,0.0,4.139,1.0,1.0,1404.5888405575515,1050.0,1389.5280156999772,1050.0,0.30039005912227773,0.0
7566,1647064801000.0,0.0,0.0,98.3,4.292212867320187,0.0,0.0,4.118,1.0,1.0,1404.5888405575515,1050.0,1387.4637156999772,1050.0,0.30039005912227773,0.0
7567,1647068401000.0,0.0,0.0,98.3,4.292212867320187,0.0,0.0,4.115,1.0,1.0,1404.5888405575515,1050.0,1387.1688156999771,1050.0,0.30039005912227773,0.0
7568,1647072001000.0,0.0,0.0,92.4,4.292212867320187,0.0,0.0,4.147,1.0,1.0,1403.7414367303625,1050.0,1390.3237677899772,1050.0,0.28253099791950237,0.0
7569,1647075601000.0,0.0,0.0,91.6,4.281790547618126,0.0,0.0,4.176,1.0,1.0,1402.8097045617972,1050.0,1393.1192903999768,1050.0,0.27959031997453826,0.0
7570,1647079201000.0,0.0,0.0,91.6,4.281790547618126,0.0,0.0,4.237,1.0,1.0,1402.8097045617972,1050.0,1398.7068903999768,1050.0,0.27959031997453826,0.0
7571,1647082801000.0,0.0,0.0,7.2,4.281790547618126,0.0,0.0,4.329,1.0,1.0,1405.6279585628274,1050.0,1405.9678666199768,1050.0,0.021932469224908737,0.0
7572,1647086401000.0,0.0,0.0,1.1,4.281790547618126,0.0,0.0,4.251,1.0,1.0,1405.8549013723568,1050.0,1405.8210317699768,1050.0,0.003350253001061629,0.0
7573,1647090001000.0,0.0,0.0,1.1,4.281790547618126,0.0,0.0,4.236,1.0,1.0,1405.8549013723568,1050.0,1405.8045317699768,1050.0,0.003350253001061629,0.0
7574,1647093601000.0,0.0,0.0,1.1,4.281790547618126,0.0,0.0,4.234,1.0,1.0,1405.8549013723568,1050.0,1405.802331769977,1050.0,0.003350253001061629,0.0
7575,1647097201000.0,0.0,0.0,1.1,4.281790547618126,0.0,0.0,4.211,1.0,1.0,1405.8549013723568,1050.0,1405.777031769977,1050.0,0.003350253001061629,0.0
7576,1647100801000.0,0.0,0.0,1.1,4.281790547618126,0.0,0.0,4.272,1.0,1.0,1405.8549013723568,1050.0,1405.844131769977,1050.0,0.003350253001061629,0.0
7577,1647104401000.0,0.0,0.0,0.2,4.296395273809063,0.0,0.0,4.311,1.0,1.0,1405.8826367147383,1050.0,1405.8855576599765,1050.0,0.0006112025515655937,0.0
7578,1647108001000.0,0.0,0.0,0.2,4.3116976369045314,0.0,0.0,4.315,1.0,1.0,1405.8854106673573,1050.0,1405.8860711399764,1050.0,0.0006133782460773698,0.0
7579,1647111601000.0,0.0,0.0,0.2,4.3116976369045314,0.0,0.0,4.292,1.0,1.0,1405.8854106673573,1050.0,1405.8814711399764,1050.0,0.0006133782460773698,0.0
7580,1647115201000.0,0.0,0.0,0.2,4.3116976369045314,0.0,0.0,4.285,1.0,1.0,1405.8854106673573,1050.0,1405.8800711399763,1050.0,0.0006133782460773698,0.0
7581,1647118801000.0,0.0,0.0,0.2,4.3116976369045314,0.0,0.0,4.261,1.0,1.0,1405.8854106673573,1050.0,1405.8752711399763,1050.0,0.0006133782460773698,0.0
7582,1647122401000.0,0.0,0.0,0.2,4.3116976369045314,0.0,0.0,4.241,1.0,1.0,1405.8854106673573,1050.0,1405.8712711399764,1050.0,0.0006133782460773698,0.0
7583,1647126001000.0,0.0,0.0,0.2,4.3116976369045314,0.0,0.0,4.238,1.0,1.0,1405.8854106673573,1050.0,1405.8706711399764,1050.0,0.0006133782460773698,0.0
7584,1647129601000.0,0.0,0.0,0.5,4.249479054761813,0.0,0.0,4.174,1.0,1.0,1405.8852844273572,1050.0,1405.8475448999764,1050.0,0.001511317851403752,0.0
7585,1647133201000.0,0.0,0.0,1.2,4.189699606150755,0.0,0.0,4.159,1.0,1.0,1405.8849941373571,1050.0,1405.8481546099763,1050.0,0.0035761385521195046,0.0
7586,1647136801000.0,0.0,0.0,1.2,4.189699606150755,0.0,0.0,4.196,1.0,1.0,1405.8849941373571,1050.0,1405.8925546099763,1050.0,0.0035761385521195046,0.0
7587,1647140401000.0,0.0,0.0,0.2,4.189699606150755,0.0,0.0,4.223,1.0,1.0,1405.9128727312057,1050.0,1405.9195328099754,1050.0,0.0005960112731611325,0.0
7588,1647144001000.0,0.0,0.0,0.2,4.250668725384422,0.0,0.0,4.269,1.0,1.0,1405.9237271750524,1050.0,1405.9273934299754,1050.0,0.0006046798475939184,0.0
7589,1647147601000.0,0.0,0.0,0.2,4.26583436269221,0.0,0.0,4.236,1.0,1.0,1405.926474702514,1050.0,1405.9205078299756,1050.0,0.0006068360528732254,0.0
7590,1647151201000.0,0.0,0.0,0.2,4.26583436269221,0.0,0.0,4.226,1.0,1.0,1405.926474702514,1050.0,1405.9185078299756,1050.0,0.0006068360528732254,0.0
7591,1647154801000.0,0.0,0.0,0.2,4.26583436269221,0.0,0.0,4.221,1.0,1.0,1405.926474702514,1050.0,1405.9175078299756,1050.0,0.0006068360528732254,0.0
7592,1647158401000.0,0.0,0.0,0.2,4.26583436269221,0.0,0.0,4.181,1.0,1.0,1405.926474702514,1050.0,1405.9095078299756,1050.0,0.0006068360528732254,0.0
7593,1647162001000.0,0.0,0.0,0.5,4.204133745076884,0.0,0.0,4.168,1.0,1.0,1405.926349812514,1050.0,1405.9082829399756,1050.0,0.001495147219353817,0.0
7594,1647165601000.0,0.0,0.0,0.5,4.204133745076884,0.0,0.0,4.125,1.0,1.0,1405.926349812514,1050.0,1405.8867829399755,1050.0,0.001495147219353817,0.0
7595,1647169201000.0,0.0,0.0,0.5,4.204133745076884,0.0,0.0,4.15,1.0,1.0,1405.926349812514,1050.0,1405.8992829399756,1050.0,0.001495147219353817,0.0
7596,1647172801000.0,0.0,0.0,1.2,4.144555727115369,0.0,0.0,4.1,1.0,1.0,1405.926062672514,1050.0,1405.8725957999757,1050.0,0.003537502436710233,0.0
7597,1647176401000.0,0.0,0.0,2.8,4.086523883049445,0.0,0.0,4.004,1.0,1.0,1405.925415792514,1050.0,1405.6943489199757,1050.0,0.008138601624246539,0.0
7598,1647180001000.0,0.0,0.0,2.8,4.086523883049445,0.0,0.0,4.045,1.0,1.0,1405.925415792514,1050.0,1405.8091489199755,1050.0,0.008138601624246539,0.0
7599,1647183601000.0,0.0,0.0,2.8,4.086523883049445,0.0,0.0,4.048,1.0,1.0,1405.925415792514,1050.0,1405.8175489199757,1050.0,0.008138601624246539,0.0
7600,1647187201000.0,0.0,0.0,2.8,4.086523883049445,0.0,0.0,4.048,1.0,1.0,1405.925415792514,1050.0,1405.8175489199757,1050.0,0.008138601624246539,0.0
7601,1647190801000.0,0.0,0.0,2.8,4.086523883049445,0.0,0.0,4.042,1.0,1.0,1405.925415792514,1050.0,1405.8007489199756,1050.0,0.008138601624246539,0.0
7602,1647194401000.0,0.0,0.0,2.8,4.086523883049445,0.0,0.0,4.056,1.0,1.0,1405.925415792514,1050.0,1405.8399489199755,1050.0,0.008138601624246539,0.0
7603,1647198001000.0,0.0,0.0,2.8,4.086523883049445,0.0,0.0,4.052,1.0,1.0,1405.925415792514,1050.0,1405.8287489199756,1050.0,0.008138601624246539,0.0
7604,1647201601000.0,0.0,0.0,2.8,4.086523883049445,0.0,0.0,4.006,1.0,1.0,1405.925415792514,1050.0,1405.6999489199757,1050.0,0.008138601624246539,0.0
7605,1647205201000.0,0.0,0.0,6.5,4.0275949034674525,0.0,0.0,3.976,1.0,1.0,1405.923942082514,1050.0,1405.5885752099755,1050.0,0.018620756136893478,0.0
7606,1647208801000.0,0.0,0.0,6.5,4.0275949034674525,0.0,0.0,3.987,1.0,1.0,1405.923942082514,1050.0,1405.6600752099755,1050.0,0.018620756136893478,0.0
7607,1647212401000.0,0.0,0.0,35.5,3.895424418944745,0.0,0.0,3.855,1.0,1.0,1405.912731262514,1050.0,1404.4776643899754,1050.0,0.09836141589553413,0.0
7608,1647216001000.0,0.0,0.0,35.5,3.895424418944745,0.0,0.0,3.895,1.0,1.0,1405.912731262514,1050.0,1405.8976643899755,1050.0,0.09836141589553413,0.0
7609,1647219601000.0,0.0,0.0,22.9,3.895424418944745,0.0,0.0,3.925,1.0,1.0,1406.40222590381,1050.0,1407.0795067099752,1050.0,0.06342795649125757,0.0
7610,1647223201000.0,0.0,0.0,1.8,3.895424418944745,0.0,0.0,3.888,1.0,1.0,1407.3724534640764,1050.0,1407.359089509976,1050.0,0.004982166545069101,0.0
7611,1647226801000.0,0.0,0.0,1.4,3.895424418944745,0.0,0.0,3.898,1.0,1.0,1407.3825268564988,1050.0,1407.3861326699762,1050.0,0.0038749906883551273,0.0
7612,1647230401000.0,0.0,0.0,1.4,3.895424418944745,0.0,0.0,3.907,1.0,1.0,1407.3825268564988,1050.0,1407.3987326699762,1050.0,0.0038749906883551273,0.0
7613,1647234001000.0,0.0,0.0,0.3,3.985404069824124,0.0,0.0,3.954,1.0,1.0,1407.4709789209232,1050.0,1407.461557699976,1050.0,0.0008494819707500423,0.0
7614,1647237601000.0,0.0,0.0,0.3,3.985404069824124,0.0,0.0,3.942,1.0,1.0,1407.4709789209232,1050.0,1407.457957699976,1050.0,0.0008494819707500423,0.0
7615,1647241201000.0,0.0,0.0,0.3,3.985404069824124,0.0,0.0,3.986,1.0,1.0,1407.4709789209232,1050.0,1407.471157699976,1050.0,0.0008494819707500423,0.0
7616,1647244801000.0,0.0,0.0,0.3,3.985404069824124,0.0,0.0,3.982,1.0,1.0,1407.4709789209232,1050.0,1407.469957699976,1050.0,0.0008494819707500423,0.0
7617,1647248401000.0,0.0,0.0,0.3,4.002134689941375,0.0,0.0,3.998,1.0,1.0,1407.4761376569584,1050.0,1407.474897249976,1050.0,0.0008530449468089258,0.0
7618,1647252001000.0,0.0,0.0,0.3,4.002134689941375,0.0,0.0,4.008,1.0,1.0,1407.4761376569584,1050.0,1407.477897249976,1050.0,0.0008530449468089258,0.0
7619,1647255601000.0,0.0,0.0,0.3,4.002134689941375,0.0,0.0,4.01,1.0,1.0,1407.4761376569584,1050.0,1407.478497249976,1050.0,0.0008530449468089258,0.0
7620,1647259201000.0,0.0,0.0,0.3,4.002134689941375,0.0,0.0,3.984,1.0,1.0,1407.4761376569584,1050.0,1407.470697249976,1050.0,0.0008530449468089258,0.0
7621,1647262801000.0,0.0,0.0,0.3,4.002134689941375,0.0,0.0,3.966,1.0,1.0,1407.4761376569584,1050.0,1407.465297249976,1050.0,0.0008530449468089258,0.0
7622,1647266401000.0,0.0,0.0,0.3,4.002134689941375,0.0,0.0,3.96,1.0,1.0,1407.4761376569584,1050.0,1407.463497249976,1050.0,0.0008530449468089258,0.0
7623,1647270001000.0,0.0,0.0,0.3,4.002134689941375,0.0,0.0,4.004,1.0,1.0,1407.4761376569584,1050.0,1407.476697249976,1050.0,0.0008530449468089258,0.0
7624,1647273601000.0,0.0,0.0,0.3,4.002134689941375,0.0,0.0,3.969,1.0,1.0,1407.4761376569584,1050.0,1407.466197249976,1050.0,0.0008530449468089258,0.0
7625,1647277201000.0,0.0,0.0,0.3,4.002134689941375,0.0,0.0,3.963,1.0,1.0,1407.4761376569584,1050.0,1407.464397249976,1050.0,0.0008530449468089258,0.0
7626,1647280801000.0,0.0,0.0,0.7,3.9472005814034468,0.0,0.0,3.912,1.0,1.0,1407.4759814169583,1050.0,1407.451341009976,1050.0,0.0019631172705347035,0.0
7627,1647284401000.0,0.0,0.0,0.7,3.9472005814034468,0.0,0.0,3.895,1.0,1.0,1407.4759814169583,1050.0,1407.439441009976,1050.0,0.0019631172705347035,0.0
7628,1647288001000.0,0.0,0.0,0.7,3.9472005814034468,0.0,0.0,3.896,1.0,1.0,1407.4759814169583,1050.0,1407.4401410099758,1050.0,0.0019631172705347035,0.0
7629,1647291601000.0,0.0,0.0,0.7,3.9472005814034468,0.0,0.0,3.881,1.0,1.0,1407.4759814169583,1050.0,1407.429641009976,1050.0,0.0019631172705347035,0.0
7630,1647295201000.0,0.0,0.0,0.7,3.9472005814034468,0.0,0.0,3.895,1.0,1.0,1407.4759814169583,1050.0,1407.439441009976,1050.0,0.0019631172705347035,0.0
7631,1647298801000.0,0.0,0.0,0.4,3.9472005814034468,0.0,0.0,3.942,1.0,1.0,1407.4836020525374,1050.0,1407.481521819976,1050.0,0.0011217752237105236,0.0
7632,1647302401000.0,0.0,0.0,0.3,3.9561337209356315,0.0,0.0,3.959,1.0,1.0,1407.488642736257,1050.0,1407.4895026199763,1050.0,0.0008432324640100746,0.0
7633,1647306001000.0,0.0,0.0,0.3,3.9650891472904215,0.0,0.0,3.98,1.0,1.0,1407.4911497141632,1050.0,1407.495622969976,1050.0,0.0008451397683237287,0.0
7634,1647309601000.0,0.0,0.0,0.3,3.9650891472904215,0.0,0.0,3.876,1.0,1.0,1407.4911497141632,1050.0,1407.464422969976,1050.0,0.0008451397683237287,0.0
7635,1647313201000.0,0.0,0.0,0.3,3.9650891472904215,0.0,0.0,3.903,1.0,1.0,1407.4911497141632,1050.0,1407.4725229699761,1050.0,0.0008451397683237287,0.0
7636,1647316801000.0,0.0,0.0,0.3,3.9650891472904215,0.0,0.0,3.88,1.0,1.0,1407.4911497141632,1050.0,1407.465622969976,1050.0,0.0008451397683237287,0.0
7637,1647320401000.0,0.0,0.0,0.5,3.946508914729042,0.0,0.0,3.887,1.0,1.0,1407.5008596373407,1050.0,1407.4711051799761,1050.0,0.0014019561294427582,0.0
7638,1647324001000.0,0.0,0.0,0.5,3.946508914729042,0.0,0.0,3.874,1.0,1.0,1407.5008596373407,1050.0,1407.4646051799762,1050.0,0.0014019561294427582,0.0
7639,1647327601000.0,0.0,0.0,0.5,3.946508914729042,0.0,0.0,3.877,1.0,1.0,1407.5008596373407,1050.0,1407.4661051799762,1050.0,0.0014019561294427582,0.0
7640,1647331201000.0,0.0,0.0,2.8,3.8360551633444726,0.0,0.0,3.822,1.0,1.0,1407.4999828673406,1050.0,1407.4606284099762,1050.0,0.0076312288370215045,0.0
7641,1647334801000.0,0.0,0.0,2.8,3.8360551633444726,0.0,0.0,3.806,1.0,1.0,1407.4999828673406,1050.0,1407.415828409976,1050.0,0.0076312288370215045,0.0
7642,1647338401000.0,0.0,0.0,2.8,3.8360551633444726,0.0,0.0,3.825,1.0,1.0,1407.4999828673406,1050.0,1407.469028409976,1050.0,0.0076312288370215045,0.0
7643,1647342001000.0,0.0,0.0,2.8,3.8360551633444726,0.0,0.0,3.842,1.0,1.0,1407.4999828673406,1050.0,1407.516628409976,1050.0,0.0076312288370215045,0.0
7644,1647345601000.0,0.0,0.0,2.5,3.8360551633444726,0.0,0.0,3.857,1.0,1.0,1407.5076504583371,1050.0,1407.560012549976,1050.0,0.006813560057906808,0.0
7645,1647349201000.0,0.0,0.0,0.3,3.8938257112779215,0.0,0.0,3.899,1.0,1.0,1407.5942967233589,1050.0,1407.5958490099754,1050.0,0.0008298894902477415,0.0
7646,1647352801000.0,0.0,0.0,0.3,3.8938257112779215,0.0,0.0,3.848,1.0,1.0,1407.5942967233589,1050.0,1407.5805490099756,1050.0,0.0008298894902477415,0.0
7647,1647356401000.0,0.0,0.0,0.3,3.8938257112779215,0.0,0.0,3.847,1.0,1.0,1407.5942967233589,1050.0,1407.5802490099754,1050.0,0.0008298894902477415,0.0
7648,1647360001000.0,0.0,0.0,0.3,3.8938257112779215,0.0,0.0,3.867,1.0,1.0,1407.5942967233589,1050.0,1407.5862490099755,1050.0,0.0008298894902477415,0.0
7649,1647363601000.0,0.0,0.0,0.3,3.8938257112779215,0.0,0.0,3.882,1.0,1.0,1407.5942967233589,1050.0,1407.5907490099755,1050.0,0.0008298894902477415,0.0
7650,1647367201000.0,0.0,0.0,0.3,3.8938257112779215,0.0,0.0,3.89,1.0,1.0,1407.5942967233589,1050.0,1407.5931490099754,1050.0,0.0008298894902477415,0.0
7651,1647370801000.0,0.0,0.0,0.3,3.937961269172872,0.0,0.0,3.944,1.0,1.0,1407.6040007607273,1050.0,1407.6058123799755,1050.0,0.000839290297635834,0.0
7652,1647374401000.0,0.0,0.0,1.2,3.9755,0.0,0.0,3.926,1.0,1.0,1407.6308123399756,1050.0,1407.5714123399755,1050.0,0.0033890988732120687,0.0
7653,1647378001000.0,0.0,0.0,1.2,3.9755,0.0,0.0,3.906,1.0,1.0,1407.6308123399756,1050.0,1407.5474123399756,1050.0,0.0033890988732120687,0.0
7654,1647381601000.0,0.0,0.0,1.2,3.9755,0.0,0.0,3.937,1.0,1.0,1407.6308123399756,1050.0,1407.5846123399756,1050.0,0.0033890988732120687,0.0
7655,1647385201000.0,0.0,0.0,1.2,3.9755,0.0,0.0,3.926,1.0,1.0,1407.6308123399756,1050.0,1407.5714123399755,1050.0,0.0033890988732120687,0.0
7656,1647388801000.0,0.0,0.0,1.2,3.9755,0.0,0.0,3.938,1.0,1.0,1407.6308123399756,1050.0,1407.5858123399755,1050.0,0.0033890988732120687,0.0
7657,1647392401000.0,0.0,0.0,1.2,3.9755,0.0,0.0,3.943,1.0,1.0,1407.6308123399756,1050.0,1407.5918123399756,1050.0,0.0033890988732120687,0.0
7658,1647396001000.0,0.0,0.0,1.2,3.9755,0.0,0.0,3.971,1.0,1.0,1407.6308123399756,1050.0,1407.6254123399756,1050.0,0.0033890988732120687,0.0
7659,1647399601000.0,0.0,0.0,0.3,4.035791666666667,0.0,0.0,4.0,1.0,1.0,1407.7035629499758,1050.0,1407.6928254499758,1050.0,0.0008600798718323803,0.0
7660,1647403201000.0,0.0,0.0,0.7,3.9804821428571437,0.0,0.0,3.899,1.0,1.0,1407.7034053899758,1050.0,1407.6463678899759,1050.0,0.0019793498327356123,0.0
7661,1647406801000.0,0.0,0.0,1.6,3.9262109374999996,0.0,0.0,3.878,1.0,1.0,1407.703055829976,1050.0,1407.625918329976,1050.0,0.004462544479095554,0.0
7662,1647410401000.0,0.0,0.0,1.6,3.9262109374999996,0.0,0.0,3.897,1.0,1.0,1407.703055829976,1050.0,1407.6563183299759,1050.0,0.004462544479095554,0.0
7663,1647414001000.0,0.0,0.0,1.6,3.9262109374999996,0.0,0.0,3.936,1.0,1.0,1407.703055829976,1050.0,1407.718718329976,1050.0,0.004462544479095554,0.0
7664,1647417601000.0,0.0,0.0,1.1,3.9262109374999996,0.0,0.0,3.992,1.0,1.0,1407.7179525412262,1050.0,1407.7903205099763,1050.0,0.0030679668632864997,0.0
7665,1647421201000.0,0.0,0.0,0.3,4.01101171875,0.0,0.0,4.013,1.0,1.0,1407.8151011056007,1050.0,1407.8156975899756,1050.0,0.0008547312176719858,0.0
7666,1647424801000.0,0.0,0.0,0.3,4.01101171875,0.0,0.0,4.015,1.0,1.0,1407.8151011056007,1050.0,1407.8162975899756,1050.0,0.0008547312176719858,0.0
7667,1647428401000.0,0.0,0.0,0.3,4.01101171875,0.0,0.0,3.995,1.0,1.0,1407.8151011056007,1050.0,1407.8102975899756,1050.0,0.0008547312176719858,0.0
7668,1647432001000.0,0.0,0.0,0.3,4.01101171875,0.0,0.0,4.006,1.0,1.0,1407.8151011056007,1050.0,1407.8135975899756,1050.0,0.0008547312176719858,0.0
7669,1647435601000.0,0.0,0.0,0.3,4.01101171875,0.0,0.0,3.985,1.0,1.0,1407.8151011056007,1050.0,1407.8072975899756,1050.0,0.0008547312176719858,0.0
7670,1647439201000.0,0.0,0.0,0.3,4.01101171875,0.0,0.0,3.999,1.0,1.0,1407.8151011056007,1050.0,1407.8114975899757,1050.0,0.0008547312176719858,0.0
7671,1647442801000.0,0.0,0.0,0.2,4.035505859375,0.0,0.0,4.025,1.0,1.0,1407.8224771918508,1050.0,1407.8203760199758,1050.0,0.00057329754635322,0.0
7672,1647446401000.0,0.0,0.0,0.2,4.035505859375,0.0,0.0,4.031,1.0,1.0,1407.8224771918508,1050.0,1407.8215760199757,1050.0,0.00057329754635322,0.0
7673,1647450001000.0,0.0,0.0,0.2,4.047335286458333,0.0,0.0,4.019,1.0,1.0,1407.8297811872676,1050.0,1407.824114129976,1050.0,0.0005749750915263473,0.0
7674,1647453601000.0,0.0,0.0,0.2,4.0437784288194445,0.0,0.0,4.034,1.0,1.0,1407.8349081757399,1050.0,1407.832952489976,1050.0,0.0005744677029012353,0.0
7675,1647457201000.0,0.0,0.0,0.3,4.03185228587963,0.0,0.0,4.025,1.0,1.0,1407.83486809574,1050.0,1407.832812409976,1050.0,0.0008591601992355492,0.0
7676,1647460801000.0,0.0,0.0,0.2,4.268,0.0,0.0,4.224,1.0,1.0,1407.8677045799761,1050.0,1407.858904579976,1050.0,0.0006063069684908096,0.0
7677,1647464401000.0,0.0,0.0,0.2,4.2825,0.0,0.0,4.21,1.0,1.0,1407.870418649976,1050.0,1407.855918649976,1050.0,0.000608365648325297,0.0
7678,1647468001000.0,0.0,0.0,0.5,4.221,0.0,0.0,4.148,1.0,1.0,1407.8702932499762,1050.0,1407.8337932499762,1050.0,0.0014990727555789598,0.0
7679,1647471601000.0,0.0,0.0,0.5,4.221,0.0,0.0,4.157,1.0,1.0,1407.8702932499762,1050.0,1407.8382932499762,1050.0,0.0014990727555789598,0.0
7680,1647475201000.0,0.0,0.0,0.5,4.221,0.0,0.0,4.208,1.0,1.0,1407.8702932499762,1050.0,1407.8637932499762,1050.0,0.0014990727555789598,0.0
7681,1647478801000.0,0.0,0.0,0.5,4.221,0.0,0.0,4.218,1.0,1.0,1407.8702932499762,1050.0,1407.868793249976,1050.0,0.0014990727555789598,0.0
7682,1647482401000.0,0.0,0.0,0.5,4.221,0.0,0.0,4.236,1.0,1.0,1407.8702932499762,1050.0,1407.877793249976,1050.0,0.0014990727555789598,0.0
7683,1647486001000.0,0.0,0.0,0.5,4.221,0.0,0.0,4.198,1.0,1.0,1407.8702932499762,1050.0,1407.858793249976,1050.0,0.0014990727555789598,0.0
7684,1647489601000.0,0.0,0.0,0.5,4.221,0.0,0.0,4.212,1.0,1.0,1407.8702932499762,1050.0,1407.8657932499762,1050.0,0.0014990727555789598,0.0
7685,1647493201000.0,0.0,0.0,0.5,4.221,0.0,0.0,4.226,1.0,1.0,1407.8702932499762,1050.0,1407.8727932499762,1050.0,0.0014990727555789598,0.0
7686,1647496801000.0,0.0,0.0,0.5,4.221,0.0,0.0,4.189,1.0,1.0,1407.8702932499762,1050.0,1407.854293249976,1050.0,0.0014990727555789598,0.0
7687,1647500401000.0,0.0,0.0,0.5,4.221,0.0,0.0,4.233,1.0,1.0,1407.8702932499762,1050.0,1407.8762932499762,1050.0,0.0014990727555789598,0.0
7688,1647504001000.0,0.0,0.0,0.2,4.236000000000001,0.0,0.0,4.228,1.0,1.0,1407.8812807799764,1050.0,1407.8796807799763,1050.0,0.0006017552840326461,0.0
7689,1647507601000.0,0.0,0.0,0.2,4.3895,0.0,0.0,4.406,1.0,1.0,1407.9052741499765,1050.0,1407.9085741499766,1050.0,0.0006235504732589574,0.0
7690,1647511201000.0,0.0,0.0,0.2,4.4818828125,0.0,0.0,4.477,1.0,1.0,1407.9224156924765,1050.0,1407.9214391299765,1050.0,0.0006366661632126396,0.0
7691,1647514801000.0,0.0,0.0,0.2,4.4818828125,0.0,0.0,4.431,1.0,1.0,1407.9224156924765,1050.0,1407.9122391299766,1050.0,0.0006366661632126396,0.0
7692,1647518401000.0,0.0,0.0,0.2,4.4818828125,0.0,0.0,4.457,1.0,1.0,1407.9224156924765,1050.0,1407.9174391299766,1050.0,0.0006366661632126396,0.0
7693,1647522001000.0,0.0,0.0,0.2,4.4818828125,0.0,0.0,4.427,1.0,1.0,1407.9224156924765,1050.0,1407.9114391299765,1050.0,0.0006366661632126396,0.0
7694,1647525601000.0,0.0,0.0,0.2,4.4818828125,0.0,0.0,4.413,1.0,1.0,1407.9224156924765,1050.0,1407.9086391299766,1050.0,0.0006366661632126396,0.0
7695,1647529201000.0,0.0,0.0,0.2,4.4818828125,0.0,0.0,4.45,1.0,1.0,1407.9224156924765,1050.0,1407.9160391299765,1050.0,0.0006366661632126396,0.0
7696,1647532801000.0,0.0,0.0,0.2,4.49794140625,0.0,0.0,4.512,1.0,1.0,1407.9253371512264,1050.0,1407.9281488699764,1050.0,0.0006389460133377616,0.0
7697,1647536401000.0,0.0,0.0,0.2,4.556,0.0,0.0,4.489,1.0,1.0,1407.9335669499765,1050.0,1407.9201669499764,1050.0,0.0006471896269750452,0.0
7698,1647540001000.0,0.0,0.0,0.2,4.556,0.0,0.0,4.485,1.0,1.0,1407.9335669499765,1050.0,1407.9193669499764,1050.0,0.0006471896269750452,0.0
7699,1647543601000.0,0.0,0.0,0.5,4.49,0.0,0.0,4.467,1.0,1.0,1407.9334335699764,1050.0,1407.9219335699763,1050.0,0.0015945356126017588,0.0
7700,1647547201000.0,0.0,0.0,0.5,4.49,0.0,0.0,4.475,1.0,1.0,1407.9334335699764,1050.0,1407.9259335699765,1050.0,0.0015945356126017588,0.0
7701,1647550801000.0,0.0,0.0,0.5,4.49,0.0,0.0,4.494,1.0,1.0,1407.9334335699764,1050.0,1407.9354335699763,1050.0,0.0015945356126017588,0.0
7702,1647554401000.0,0.0,0.0,0.5,4.49,0.0,0.0,4.458,1.0,1.0,1407.9334335699764,1050.0,1407.9174335699763,1050.0,0.0015945356126017588,0.0
7703,1647558001000.0,0.0,0.0,1.2,4.426416666666667,0.0,0.0,4.394,1.0,1.0,1407.9331268999763,1050.0,1407.8942268999763,1050.0,0.0037726933889931547,0.0
7704,1647561601000.0,0.0,0.0,1.2,4.426416666666667,0.0,0.0,4.391,1.0,1.0,1407.9331268999763,1050.0,1407.8906268999763,1050.0,0.0037726933889931547,0.0
7705,1647565201000.0,0.0,0.0,1.2,4.426416666666667,0.0,0.0,4.353,1.0,1.0,1407.9331268999763,1050.0,1407.8450268999763,1050.0,0.0037726933889931547,0.0
7706,1647568801000.0,0.0,0.0,0.2,4.456854166666667,0.0,0.0,4.448,1.0,1.0,1407.979972373308,1050.0,1407.9782015399749,1050.0,0.0006330848810518434,0.0
7707,1647572401000.0,0.0,0.0,0.2,4.456854166666667,0.0,0.0,4.421,1.0,1.0,1407.979972373308,1050.0,1407.9728015399749,1050.0,0.0006330848810518434,0.0
7708,1647576001000.0,0.0,0.0,0.5,4.392741666666667,0.0,0.0,4.37,1.0,1.0,1407.979841873308,1050.0,1407.9684710399747,1050.0,0.0015599448003538717,0.0
7709,1647579601000.0,0.0,0.0,0.2,4.52275,0.0,0.0,4.444,1.0,1.0,1408.0172376799744,1050.0,1408.0014876799744,1050.0,0.0006424282145085454,0.0
7710,1647583201000.0,0.0,0.0,0.2,4.52275,0.0,0.0,4.456,1.0,1.0,1408.0172376799744,1050.0,1408.0038876799745,1050.0,0.0006424282145085454,0.0
7711,1647586801000.0,0.0,0.0,0.5,4.4575,0.0,0.0,4.402,1.0,1.0,1408.0171052599744,1050.0,1407.9893552599744,1050.0,0.0015828998040393028,0.0
7712,1647590401000.0,0.0,0.0,0.5,4.4575,0.0,0.0,4.389,1.0,1.0,1408.0171052599744,1050.0,1407.9828552599745,1050.0,0.0015828998040393028,0.0
7713,1647594001000.0,0.0,0.0,0.5,4.4575,0.0,0.0,4.418,1.0,1.0,1408.0171052599744,1050.0,1407.9973552599745,1050.0,0.0015828998040393028,0.0
7714,1647597601000.0,0.0,0.0,0.5,4.4575,0.0,0.0,4.384,1.0,1.0,1408.0171052599744,1050.0,1407.9803552599744,1050.0,0.0015828998040393028,0.0
7715,1647601201000.0,0.0,0.0,0.5,4.4575,0.0,0.0,4.413,1.0,1.0,1408.0171052599744,1050.0,1407.9948552599744,1050.0,0.0015828998040393028,0.0
7716,1647604801000.0,0.0,0.0,0.2,4.548500000000001,0.0,0.0,4.53,1.0,1.0,1408.0421583999746,1050.0,1408.0384583999746,1050.0,0.000646074405210804,0.0
7717,1647608401000.0,0.0,0.0,0.5,4.4987,0.0,0.0,4.475,1.0,1.0,1408.0449831599747,1050.0,1408.0331331599746,1050.0,0.0015974986785947313,0.0
7718,1647612001000.0,0.0,0.0,0.2,4.578925,0.0,0.0,4.544,1.0,1.0,1408.076797389975,1050.0,1408.069812389975,1050.0,0.0006503800088869501,0.0
7719,1647615601000.0,0.0,0.0,0.2,4.5969625,0.0,0.0,4.555,1.0,1.0,1408.079712649975,1050.0,1408.071320149975,1050.0,0.0006529406621942757,0.0
7720,1647619201000.0,0.0,0.0,0.2,4.91,0.0,0.0,4.842,1.0,1.0,1408.1303930599756,1050.0,1408.1167930599756,1050.0,0.0006973785984876292,0.0
7721,1647622801000.0,0.0,0.0,0.2,5.0335078125,0.0,0.0,5.026,1.0,1.0,1408.152695232476,1050.0,1408.151193669976,1050.0,0.0007149093744651042,0.0
7722,1647626401000.0,0.0,0.0,0.2,5.129078369140625,0.0,0.0,5.106,1.0,1.0,1408.1689987538039,1050.0,1408.1643830799758,1050.0,0.000728474831313534,0.0
7723,1647630001000.0,0.0,0.0,0.2,5.165269592285156,0.0,0.0,5.14,1.0,1.0,1408.1756300784327,1050.0,1408.1705761599758,1050.0,0.0007336115583817425,0.0
7724,1647633601000.0,0.0,0.0,0.2,5.201317398071289,0.0,0.0,5.189,1.0,1.0,1408.18223127959,1050.0,1408.1797677999757,1050.0,0.000738727883726376,0.0
7725,1647637201000.0,0.0,0.0,0.4,5.1261269592285155,0.0,0.0,5.09,1.0,1.0,1408.1854147036672,1050.0,1408.1709639199757,1050.0,0.0014560943198825096,0.0
7726,1647640801000.0,0.0,0.0,0.4,5.1261269592285155,0.0,0.0,5.113,1.0,1.0,1408.1854147036672,1050.0,1408.1801639199757,1050.0,0.0014560943198825096,0.0
7727,1647644401000.0,0.0,0.0,0.2,5.145063479614258,0.0,0.0,5.073,1.0,1.0,1408.195370175899,1050.0,1408.180957479976,1050.0,0.0007307314863521507,0.0
7728,1647648001000.0,0.0,0.0,0.5,5.070625391845703,0.0,0.0,5.021,1.0,1.0,1408.195219545899,1050.0,1408.170406849976,1050.0,0.0018003985958285063,0.0
7729,1647651601000.0,0.0,0.0,0.2,5.154,0.0,0.0,5.103,1.0,1.0,1408.2176452299755,1050.0,1408.2074452299755,1050.0,0.0007319891236213422,0.0
7730,1647655201000.0,0.0,0.0,0.2,5.1735,0.0,0.0,5.096,1.0,1.0,1408.2209414199756,1050.0,1408.2054414199756,1050.0,0.000734756862056506,0.0
7731,1647658801000.0,0.0,0.0,0.2,5.19175,0.0,0.0,5.187,1.0,1.0,1408.2242872399756,1050.0,1408.2233372399755,1050.0,0.0007373470330035962,0.0
7732,1647662401000.0,0.0,0.0,0.2,5.26259375,0.0,0.0,5.2,1.0,1.0,1408.234340569976,1050.0,1408.221821819976,1050.0,0.0007474031272195778,0.0
7733,1647666001000.0,0.0,0.0,0.2,5.30725,0.0,0.0,5.294,1.0,1.0,1408.2640330199768,1050.0,1408.2613830199768,1050.0,0.000753729396698256,0.0
7734,1647669601000.0,0.0,0.0,0.5,5.285662500000001,0.0,0.0,5.248,1.0,1.0,1408.274135529977,1050.0,1408.255304279977,1050.0,0.0018766454508556472,0.0
7735,1647673201000.0,0.0,0.0,0.5,5.285662500000001,0.0,0.0,5.317,1.0,1.0,1408.274135529977,1050.0,1408.289804279977,1050.0,0.0018766454508556472,0.0
7736,1647676801000.0,0.0,0.0,0.2,5.361728906250001,0.0,0.0,5.281,1.0,1.0,1408.2982623812272,1050.0,1408.2821165999771,1050.0,0.0007614479190202363,0.0
7737,1647680401000.0,0.0,0.0,0.5,5.2844915624999995,0.0,0.0,5.252,1.0,1.0,1408.2981053912272,1050.0,1408.2818596099771,1050.0,0.0018761977816592887,0.0
7738,1647684001000.0,0.0,0.0,1.2,5.2095381510416665,0.0,0.0,5.183,1.0,1.0,1408.2977444712271,1050.0,1408.2658986899771,1050.0,0.0044390085873475755,0.0
7739,1647687601000.0,0.0,0.0,1.2,5.2095381510416665,0.0,0.0,5.156,1.0,1.0,1408.2977444712271,1050.0,1408.233498689977,1050.0,0.0044390085873475755,0.0
7740,1647691201000.0,0.0,0.0,1.2,5.2095381510416665,0.0,0.0,5.188,1.0,1.0,1408.2977444712271,1050.0,1408.2718986899772,1050.0,0.0044390085873475755,0.0
7741,1647694801000.0,0.0,0.0,0.2,5.388,0.0,0.0,5.395,1.0,1.0,1408.4048409999768,1050.0,1408.406240999977,1050.0,0.0007651209145481898,0.0
7742,1647698401000.0,0.0,0.0,0.5,5.3100000000000005,0.0,0.0,5.26,1.0,1.0,1408.4046832599768,1050.0,1408.3796832599767,1050.0,0.0018851115958053903,0.0
7743,1647702001000.0,0.0,0.0,1.2,5.458833333333333,0.0,0.0,5.392,1.0,1.0,1408.4640836999758,1050.0,1408.3838836999757,1050.0,0.004650881819287751,0.0
7744,1647705601000.0,0.0,0.0,2.8,5.381785714285715,0.0,0.0,5.292,1.0,1.0,1408.4632318599758,1050.0,1408.2118318599757,1050.0,0.010698894837389766,0.0
7745,1647709201000.0,0.0,0.0,6.5,5.303353846153846,0.0,0.0,5.281,1.0,1.0,1408.4612915799758,1050.0,1408.3159915799758,1050.0,0.024474794022440207,0.0
7746,1647712801000.0,0.0,0.0,6.5,5.303353846153846,0.0,0.0,5.242,1.0,1.0,1408.4612915799758,1050.0,1408.0624915799758,1050.0,0.024474794022440207,0.0
7747,1647716401000.0,0.0,0.0,15.2,5.218440789473684,0.0,0.0,5.183,1.0,1.0,1408.4568067299758,1050.0,1407.9181067299758,1050.0,0.05631716899019324,0.0
7748,1647720001000.0,0.0,0.0,15.2,5.218440789473684,0.0,0.0,5.165,1.0,1.0,1408.4568067299758,1050.0,1407.6445067299758,1050.0,0.05631716899019324,0.0
7749,1647723601000.0,0.0,0.0,15.2,5.218440789473684,0.0,0.0,5.194,1.0,1.0,1408.4568067299758,1050.0,1408.0853067299759,1050.0,0.05631716899019324,0.0
7750,1647727201000.0,0.0,0.0,13.3,5.218440789473684,0.0,0.0,5.218,1.0,1.0,1408.5214711599758,1050.0,1408.515608659976,1050.0,0.0492752605630086,0.0
7751,1647730801000.0,0.0,0.0,13.3,5.218440789473684,0.0,0.0,5.19,1.0,1.0,1408.5214711599758,1050.0,1408.143208659976,1050.0,0.0492752605630086,0.0
7752,1647734401000.0,0.0,0.0,13.3,5.218440789473684,0.0,0.0,5.163,1.0,1.0,1408.5214711599758,1050.0,1407.7841086599758,1050.0,0.0492752605630086,0.0
7753,1647738001000.0,0.0,0.0,13.3,5.218440789473684,0.0,0.0,5.094,1.0,1.0,1408.5214711599758,1050.0,1406.8664086599758,1050.0,0.0492752605630086,0.0
7754,1647741601000.0,0.0,0.0,13.3,5.218440789473684,0.0,0.0,5.147,1.0,1.0,1408.5214711599758,1050.0,1407.5713086599758,1050.0,0.0492752605630086,0.0
7755,1647745201000.0,0.0,0.0,13.3,5.218440789473684,0.0,0.0,5.233,1.0,1.0,1408.5214711599758,1050.0,1408.7151086599758,1050.0,0.0492752605630086,0.0
7756,1647748801000.0,0.0,0.0,0.2,5.283860197368421,0.0,0.0,5.297,1.0,1.0,1409.2298620194479,1050.0,1409.2324899799742,1050.0,0.0007498933055245606,0.0
7757,1647752401000.0,0.0,0.0,0.2,5.319965049342105,0.0,0.0,5.249,1.0,1.0,1409.2366698498427,1050.0,1409.2224768399742,1050.0,0.0007550137124815181,0.0
7758,1647756001000.0,0.0,0.0,0.2,5.319965049342105,0.0,0.0,5.246,1.0,1.0,1409.2366698498427,1050.0,1409.2218768399741,1050.0,0.0007550137124815181,0.0
7759,1647759601000.0,0.0,0.0,0.2,5.319965049342105,0.0,0.0,5.23,1.0,1.0,1409.2366698498427,1050.0,1409.2186768399743,1050.0,0.0007550137124815181,0.0
7760,1647763201000.0,0.0,0.0,0.2,5.319965049342105,0.0,0.0,5.226,1.0,1.0,1409.2366698498427,1050.0,1409.2178768399742,1050.0,0.0007550137124815181,0.0
7761,1647766801000.0,0.0,0.0,0.2,5.319965049342105,0.0,0.0,5.207,1.0,1.0,1409.2366698498427,1050.0,1409.2140768399743,1050.0,0.0007550137124815181,0.0
7762,1647770401000.0,0.0,0.0,1.2,5.168994174890351,0.0,0.0,5.095,1.0,1.0,1409.2361559698425,1050.0,1409.147362959974,1050.0,0.004401528433394211,0.0
7763,1647774001000.0,0.0,0.0,2.8,5.096426074953008,0.0,0.0,5.08,1.0,1.0,1409.2353492498426,1050.0,1409.1893562399741,1050.0,0.010126053832998553,0.0
7764,1647777601000.0,0.0,0.0,2.8,5.096426074953008,0.0,0.0,5.038,1.0,1.0,1409.2353492498426,1050.0,1409.071756239974,1050.0,0.010126053832998553,0.0
7765,1647781201000.0,0.0,0.0,2.8,5.096426074953008,0.0,0.0,5.068,1.0,1.0,1409.2353492498426,1050.0,1409.1557562399742,1050.0,0.010126053832998553,0.0
7766,1647784801000.0,0.0,0.0,0.2,5.31175,0.0,0.0,5.344,1.0,1.0,1409.4941217299734,1050.0,1409.5005717299734,1050.0,0.0007537101316152363,0.0
7767,1647788401000.0,0.0,0.0,0.2,5.4669677734375,0.0,0.0,5.409,1.0,1.0,1409.5217987746607,1050.0,1409.5102052199732,1050.0,0.0007757195068838379,0.0
7768,1647792001000.0,0.0,0.0,0.2,5.4669677734375,0.0,0.0,5.367,1.0,1.0,1409.5217987746607,1050.0,1409.5018052199732,1050.0,0.0007757195068838379,0.0
7769,1647795601000.0,0.0,0.0,6.5,5.160845162259616,0.0,0.0,5.088,1.0,1.0,1409.5185535646608,1050.0,1409.0450600099732,1050.0,0.023799256469417326,0.0
7770,1647799201000.0,0.0,0.0,15.2,5.07851273386102,0.0,0.0,4.944,1.0,1.0,1409.5141887746609,1050.0,1407.4695952199734,1050.0,0.05476595707191453,0.0
7771,1647802801000.0,0.0,0.0,35.5,4.982723762103873,0.0,0.0,4.942,1.0,1.0,1409.5042194446607,1050.0,1408.0585258899732,1050.0,0.12549568217992293,0.0
7772,1647806401000.0,0.0,0.0,3.6,4.982723762103873,0.0,0.0,5.039,1.0,1.0,1410.827802583547,1050.0,1411.0303970399732,1050.0,0.012714383364664161,0.0
7773,1647810001000.0,0.0,0.0,0.2,5.153366367565745,0.0,0.0,5.074,1.0,1.0,1411.1230352934851,1050.0,1411.107162019972,1050.0,0.0007303922108385041,0.0
7774,1647813601000.0,0.0,0.0,0.2,5.24604269898643,0.0,0.0,5.244,1.0,1.0,1411.139847819769,1050.0,1411.1394392799718,1050.0,0.0007435184694262074,0.0
7775,1647817201000.0,0.0,0.0,0.2,5.24604269898643,0.0,0.0,5.255,1.0,1.0,1411.139847819769,1050.0,1411.1416392799717,1050.0,0.0007435184694262074,0.0
7776,1647820801000.0,0.0,0.0,0.2,5.303755337373303,0.0,0.0,5.214,1.0,1.0,1411.1500721874463,1050.0,1411.1321211199715,1050.0,0.0007516926005115626,0.0
7777,1647824401000.0,0.0,0.0,0.5,5.227102134949321,0.0,0.0,5.13,1.0,1.0,1411.1499169074464,1050.0,1411.1013658399718,1050.0,0.0018520718714297147,0.0
7778,1647828001000.0,0.0,0.0,2.8,5.0804110955266655,0.0,0.0,5.016,1.0,1.0,1411.1487557474466,1050.0,1410.9684046799719,1050.0,0.010080546795323497,0.0
7779,1647831601000.0,0.0,0.0,2.8,5.0804110955266655,0.0,0.0,5.088,1.0,1.0,1411.1487557474466,1050.0,1411.170004679972,1050.0,0.010080546795323497,0.0
7780,1647835201000.0,0.0,0.0,0.2,5.162176386940833,0.0,0.0,5.168,1.0,1.0,1411.3247926173597,1050.0,1411.3259573399714,1050.0,0.0007315362720111174,0.0
7781,1647838801000.0,0.0,0.0,0.2,5.162176386940833,0.0,0.0,5.154,1.0,1.0,1411.3247926173597,1050.0,1411.3231573399714,1050.0,0.0007315362720111174,0.0
7782,1647842401000.0,0.0,0.0,0.2,5.162176386940833,0.0,0.0,5.162,1.0,1.0,1411.3247926173597,1050.0,1411.3247573399715,1050.0,0.0007315362720111174,0.0
7783,1647846001000.0,0.0,0.0,0.2,5.2168970483676045,0.0,0.0,5.235,1.0,1.0,1411.334723799645,1050.0,1411.3383443899716,1050.0,0.0007392855798690322,0.0
7784,1647849601000.0,0.0,0.0,0.2,5.366,0.0,0.0,5.338,1.0,1.0,1411.3578077399713,1050.0,1411.3522077399714,1050.0,0.0007604024961739017,0.0
7785,1647853201000.0,0.0,0.0,1.2,5.213583333333334,0.0,0.0,5.177,1.0,1.0,1411.3572894299714,1050.0,1411.3133894299715,1050.0,0.004432825087492082,0.0
7786,1647856801000.0,0.0,0.0,1.2,5.213583333333334,0.0,0.0,5.181,1.0,1.0,1411.3572894299714,1050.0,1411.3181894299714,1050.0,0.004432825087492082,0.0
7787,1647860401000.0,0.0,0.0,1.2,5.213583333333334,0.0,0.0,5.128,1.0,1.0,1411.3572894299714,1050.0,1411.2545894299715,1050.0,0.004432825087492082,0.0
7788,1647864001000.0,0.0,0.0,2.8,5.140107142857143,0.0,0.0,5.061,1.0,1.0,1411.3564758299715,1050.0,1411.1349758299714,1050.0,0.010197494570984535,0.0
7789,1647867601000.0,0.0,0.0,2.8,5.140107142857143,0.0,0.0,5.053,1.0,1.0,1411.3564758299715,1050.0,1411.1125758299715,1050.0,0.010197494570984535,0.0
7790,1647871201000.0,0.0,0.0,0.2,5.208,0.0,0.0,5.133,1.0,1.0,1411.4946184699725,1050.0,1411.4796184699724,1050.0,0.0007379411769412698,0.0
7791,1647874801000.0,0.0,0.0,0.2,5.133,0.0,0.0,5.18,1.0,1.0,1411.5101104099729,1050.0,1411.5195104099728,1050.0,0.0007273061612727834,0.0
7792,1647878401000.0,0.0,0.0,0.2,5.245203125,0.0,0.0,5.246,1.0,1.0,1411.5300253249727,1050.0,1411.5301846999728,1050.0,0.0007431939853766003,0.0
7793,1647882001000.0,0.0,0.0,0.5,5.16948125,0.0,0.0,5.107,1.0,1.0,1411.5298717549726,1050.0,1411.4986311299726,1050.0,0.001831162539823801,0.0
7794,1647885601000.0,0.0,0.0,0.5,5.16948125,0.0,0.0,5.1,1.0,1.0,1411.5298717549726,1050.0,1411.4951311299726,1050.0,0.001831162539823801,0.0
7795,1647889201000.0,0.0,0.0,1.2,5.096283854166667,0.0,0.0,5.019,1.0,1.0,1411.5295186749727,1050.0,1411.4367780499726,1050.0,0.004332563041785173,0.0
7796,1647892801000.0,0.0,0.0,1.2,5.096283854166667,0.0,0.0,5.059,1.0,1.0,1411.5295186749727,1050.0,1411.4847780499726,1050.0,0.004332563041785173,0.0
7797,1647896401000.0,0.0,0.0,1.2,5.096283854166667,0.0,0.0,5.015,1.0,1.0,1411.5295186749727,1050.0,1411.4319780499727,1050.0,0.004332563041785173,0.0
7798,1647900001000.0,0.0,0.0,1.2,5.096283854166667,0.0,0.0,5.018,1.0,1.0,1411.5295186749727,1050.0,1411.4355780499727,1050.0,0.004332563041785173,0.0
7799,1647903601000.0,0.0,0.0,1.2,5.096283854166667,0.0,0.0,4.993,1.0,1.0,1411.5295186749727,1050.0,1411.4055780499727,1050.0,0.004332563041785173,0.0
7800,1647907201000.0,0.0,0.0,2.8,5.024693080357144,0.0,0.0,4.964,1.0,1.0,1411.5287233149727,1050.0,1411.3587826899727,1050.0,0.0099673073545104,0.0
7801,1647910801000.0,0.0,0.0,2.8,5.024693080357144,0.0,0.0,4.996,1.0,1.0,1411.5287233149727,1050.0,1411.4483826899727,1050.0,0.0099673073545104,0.0
7802,1647914401000.0,0.0,0.0,2.8,5.024693080357144,0.0,0.0,4.959,1.0,1.0,1411.5287233149727,1050.0,1411.3447826899726,1050.0,0.0099673073545104,0.0
7803,1647918001000.0,0.0,0.0,2.5,5.024693080357144,0.0,0.0,5.005,1.0,1.0,1411.5385636508654,1050.0,1411.4893309499726,1050.0,0.00889931952578231,0.0
7804,1647921601000.0,0.0,0.0,0.8,5.024693080357144,0.0,0.0,5.079,1.0,1.0,1411.607824204258,1050.0,1411.6512697399721,1050.0,0.002847642521783063,0.0
7805,1647925201000.0,0.0,0.0,0.2,5.1785,0.0,0.0,5.129,1.0,1.0,1411.6838510399716,1050.0,1411.6739510399716,1050.0,0.000733662851804256,0.0
7806,1647928801000.0,0.0,0.0,0.2,5.1785,0.0,0.0,5.1,1.0,1.0,1411.6838510399716,1050.0,1411.6681510399717,1050.0,0.000733662851804256,0.0
7807,1647932401000.0,0.0,0.0,0.5,5.1038,0.0,0.0,5.077,1.0,1.0,1411.6836994199716,1050.0,1411.6702994199716,1050.0,0.0018076995583702759,0.0
7808,1647936001000.0,0.0,0.0,0.2,5.1213999999999995,0.0,0.0,5.129,1.0,1.0,1411.6998222399716,1050.0,1411.7013422399716,1050.0,0.0007255650130880904,0.0
7809,1647939601000.0,0.0,0.0,0.2,5.1213999999999995,0.0,0.0,5.129,1.0,1.0,1411.6998222399716,1050.0,1411.7013422399716,1050.0,0.0007255650130880904,0.0
7810,1647943201000.0,0.0,0.0,0.2,5.1213999999999995,0.0,0.0,5.107,1.0,1.0,1411.6998222399716,1050.0,1411.6969422399716,1050.0,0.0007255650130880904,0.0
7811,1647946801000.0,0.0,0.0,0.2,5.1213999999999995,0.0,0.0,5.131,1.0,1.0,1411.6998222399716,1050.0,1411.7017422399715,1050.0,0.0007255650130880904,0.0
7812,1647950401000.0,0.0,0.0,0.2,5.1387,0.0,0.0,5.14,1.0,1.0,1411.7030791299715,1050.0,1411.7033391299715,1050.0,0.0007280142794853102,0.0
7813,1647954001000.0,0.0,0.0,0.2,5.1387,0.0,0.0,5.108,1.0,1.0,1411.7030791299715,1050.0,1411.6969391299715,1050.0,0.0007280142794853102,0.0
7814,1647957601000.0,0.0,0.0,0.2,5.1387,0.0,0.0,5.081,1.0,1.0,1411.7030791299715,1050.0,1411.6915391299715,1050.0,0.0007280142794853102,0.0
7815,1647961201000.0,0.0,0.0,0.2,5.15635,0.0,0.0,5.132,1.0,1.0,1411.7064056599716,1050.0,1411.7015356599716,1050.0,0.0007305130839282989,0.0
7816,1647964801000.0,0.0,0.0,0.2,5.15635,0.0,0.0,5.094,1.0,1.0,1411.7064056599716,1050.0,1411.6939356599717,1050.0,0.0007305130839282989,0.0
7817,1647968401000.0,0.0,0.0,0.2,5.15635,0.0,0.0,5.075,1.0,1.0,1411.7064056599716,1050.0,1411.6901356599715,1050.0,0.0007305130839282989,0.0
7818,1647972001000.0,0.0,0.0,0.2,5.15635,0.0,0.0,5.114,1.0,1.0,1411.7064056599716,1050.0,1411.6979356599716,1050.0,0.0007305130839282989,0.0
7819,1647975601000.0,0.0,0.0,0.2,5.15635,0.0,0.0,5.191,1.0,1.0,1411.7064056599716,1050.0,1411.7133356599716,1050.0,0.0007305130839282989,0.0
7820,1647979201000.0,0.0,0.0,0.2,5.245,0.0,0.0,5.192,1.0,1.0,1411.7192218399719,1050.0,1411.7086218399718,1050.0,0.0007430656066528444,0.0
7821,1647982801000.0,0.0,0.0,0.2,5.3188125,0.0,0.0,5.346,1.0,1.0,1411.7327596199716,1050.0,1411.7381971199716,1050.0,0.000753515488502482,0.0
7822,1647986401000.0,0.0,0.0,0.2,5.354953125,0.0,0.0,5.319,1.0,1.0,1411.7395732049715,1050.0,1411.7323825799715,1050.0,0.0007586318647770187,0.0
7823,1647990001000.0,0.0,0.0,0.2,5.354953125,0.0,0.0,5.246,1.0,1.0,1411.7395732049715,1050.0,1411.7177825799715,1050.0,0.0007586318647770187,0.0
7824,1647993601000.0,0.0,0.0,0.5,5.27758125,0.0,0.0,5.171,1.0,1.0,1411.7394164249715,1050.0,1411.6861257999715,1050.0,0.0018691768426232374,0.0
7825,1647997201000.0,0.0,0.0,1.2,5.2031588541666665,0.0,0.0,5.153,1.0,1.0,1411.7390559249716,1050.0,1411.6788652999717,1050.0,0.004422765382026686,0.0
7826,1648000801000.0,0.0,0.0,2.8,5.129925223214286,0.0,0.0,5.039,1.0,1.0,1411.7382439249716,1050.0,1411.4836532999716,1050.0,0.010174542403176109,0.0
7827,1648004401000.0,0.0,0.0,2.8,5.129925223214286,0.0,0.0,5.054,1.0,1.0,1411.7382439249716,1050.0,1411.5256532999715,1050.0,0.010174542403176109,0.0
7828,1648008001000.0,0.0,0.0,2.8,5.129925223214286,0.0,0.0,5.038,1.0,1.0,1411.7382439249716,1050.0,1411.4808532999716,1050.0,0.010174542403176109,0.0
7829,1648011601000.0,0.0,0.0,2.8,5.129925223214286,0.0,0.0,5.15,1.0,1.0,1411.7382439249716,1050.0,1411.7944532999716,1050.0,0.010174542403176109,0.0
7830,1648015201000.0,0.0,0.0,0.2,5.218057826450893,0.0,0.0,5.243,1.0,1.0,1411.8585037052612,1050.0,1411.863492139971,1050.0,0.0007391757478184531,0.0
7831,1648018801000.0,0.0,0.0,0.2,5.272132228306361,0.0,0.0,5.221,1.0,1.0,1411.8686022856325,1050.0,1411.8583758399711,1050.0,0.0007468304373043586,0.0
7832,1648022401000.0,0.0,0.0,0.5,5.195852891322545,0.0,0.0,5.104,1.0,1.0,1411.8684479356325,1050.0,1411.8225214899712,1050.0,0.0018400626839276974,0.0
7833,1648026001000.0,0.0,0.0,1.2,5.1224387047177276,0.0,0.0,5.059,1.0,1.0,1411.8680930356325,1050.0,1411.7919665899713,1050.0,0.004353754062424398,0.0
7834,1648029601000.0,0.0,0.0,1.2,5.1224387047177276,0.0,0.0,5.066,1.0,1.0,1411.8680930356325,1050.0,1411.8003665899712,1050.0,0.004353754062424398,0.0
7835,1648033201000.0,0.0,0.0,1.2,5.1224387047177276,0.0,0.0,5.04,1.0,1.0,1411.8680930356325,1050.0,1411.7691665899713,1050.0,0.004353754062424398,0.0
7836,1648036801000.0,0.0,0.0,2.8,5.050188016307598,0.0,0.0,5.08,1.0,1.0,1411.8672936756325,1050.0,1411.9507672299712,1050.0,0.010015478444045585,0.0
7837,1648040401000.0,0.0,0.0,2.8,5.050188016307598,0.0,0.0,5.067,1.0,1.0,1411.8672936756325,1050.0,1411.9143672299713,1050.0,0.010015478444045585,0.0
7838,1648044001000.0,0.0,0.0,2.5,5.050188016307598,0.0,0.0,5.048,1.0,1.0,1411.8772847507403,1050.0,1411.8718147099712,1050.0,0.008942328187536467,0.0
7839,1648047601000.0,0.0,0.0,0.2,5.094594008153799,0.0,0.0,5.139,1.0,1.0,1411.9733603416007,1050.0,1411.98224153997,1050.0,0.0007216274968419032,0.0
7840,1648051201000.0,0.0,0.0,0.2,5.203,0.0,0.0,5.175,1.0,1.0,1411.98823407997,1050.0,1411.98263407997,1050.0,0.0007369749795953784,0.0
7841,1648054801000.0,0.0,0.0,0.2,5.29628125,0.0,0.0,5.275,1.0,1.0,1412.0050627599699,1050.0,1412.0008065099698,1050.0,0.000750178790385871,0.0
7842,1648058401000.0,0.0,0.0,0.5,5.2199124999999995,0.0,0.0,5.144,1.0,1.0,1412.00490768997,1050.0,1411.96695143997,1050.0,0.001848404517424709,0.0
7843,1648062001000.0,0.0,0.0,0.2,5.2199124999999995,0.0,0.0,5.199,1.0,1.0,1412.01497631997,1050.0,1412.0107938199699,1050.0,0.0007393565348158376,0.0
7844,1648065601000.0,0.0,0.0,0.2,5.2199124999999995,0.0,0.0,5.209,1.0,1.0,1412.01497631997,1050.0,1412.01279381997,1050.0,0.0007393565348158376,0.0
7845,1648069201000.0,0.0,0.0,0.2,5.237456249999999,0.0,0.0,5.236,1.0,1.0,1412.01827997997,1050.0,1412.01798872997,1050.0,0.0007418397232186393,0.0
7846,1648072801000.0,0.0,0.0,0.2,5.237456249999999,0.0,0.0,5.225,1.0,1.0,1412.01827997997,1050.0,1412.01578872997,1050.0,0.0007418397232186393,0.0
7847,1648076401000.0,0.0,0.0,0.2,5.379,0.0,0.0,5.353,1.0,1.0,1412.03466325997,1050.0,1412.02946325997,1050.0,0.0007618793135830647,0.0
7848,1648080001000.0,0.0,0.0,0.2,5.379,0.0,0.0,5.376,1.0,1.0,1412.03466325997,1050.0,1412.03406325997,1050.0,0.0007618793135830647,0.0
7849,1648083601000.0,0.0,0.0,0.5,5.3016,0.0,0.0,5.251,1.0,1.0,1412.0345057599702,1050.0,1412.0092057599702,1050.0,0.0018772912341637957,0.0
7850,1648087201000.0,0.0,0.0,0.5,5.3016,0.0,0.0,5.25,1.0,1.0,1412.0345057599702,1050.0,1412.0087057599703,1050.0,0.0018772912341637957,0.0
7851,1648090801000.0,0.0,0.0,0.5,5.3016,0.0,0.0,5.241,1.0,1.0,1412.0345057599702,1050.0,1412.0042057599703,1050.0,0.0018772912341637957,0.0
7852,1648094401000.0,0.0,0.0,0.2,5.3016,0.0,0.0,5.323,1.0,1.0,1412.0449656499702,1050.0,1412.0492456499703,1050.0,0.0007509109311628261,0.0
7853,1648098001000.0,0.0,0.0,0.2,5.4162125,0.0,0.0,5.401,1.0,1.0,1412.06554195997,1050.0,1412.06249945997,1050.0,0.0007671333006939904,0.0
7854,1648101601000.0,0.0,0.0,0.2,5.4731515625,0.0,0.0,5.486,1.0,1.0,1412.07600145247,1050.0,1412.07857113997,1050.0,0.0007751922073415713,0.0
7855,1648105201000.0,0.0,0.0,0.2,5.511537890625,0.0,0.0,5.502,1.0,1.0,1412.0829579080953,1050.0,1412.0810503299704,1050.0,0.0007806252259838852,0.0
7856,1648108801000.0,0.0,0.0,0.2,5.511537890625,0.0,0.0,5.437,1.0,1.0,1412.0829579080953,1050.0,1412.0680503299702,1050.0,0.0007806252259838852,0.0
7857,1648112401000.0,0.0,0.0,0.5,5.355006315104166,0.0,0.0,5.304,1.0,1.0,1412.1155429175226,1050.0,1412.0900397599705,1050.0,0.0018960935392157694,0.0
7858,1648116001000.0,0.0,0.0,1.2,5.2791692979600695,0.0,0.0,5.271,1.0,1.0,1412.1151771675227,1050.0,1412.1053740099705,1050.0,0.004486180206815061,0.0
7859,1648119601000.0,0.0,0.0,0.7,5.2791692979600695,0.0,0.0,5.268,1.0,1.0,1412.1323268185427,1050.0,1412.1245083099707,1050.0,0.002616906672547909,0.0
7860,1648123201000.0,0.0,0.0,0.7,5.2791692979600695,0.0,0.0,5.276,1.0,1.0,1412.1323268185427,1050.0,1412.1301083099706,1050.0,0.002616906672547909,0.0
7861,1648126801000.0,0.0,0.0,1.2,5.204403874150029,0.0,0.0,5.188,1.0,1.0,1412.1388261089505,1050.0,1412.1191414599705,1050.0,0.00442257130355128,0.0
7862,1648130401000.0,0.0,0.0,1.0,5.204403874150029,0.0,0.0,5.243,1.0,1.0,1412.1456405541203,1050.0,1412.1842366799704,1050.0,0.0036854583016719448,0.0
7863,1648134001000.0,0.0,0.0,0.2,5.327537560533594,0.0,0.0,5.355,1.0,1.0,1412.2182866920757,1050.0,1412.223779179969,1050.0,0.0007544920796929499,0.0
7864,1648137601000.0,0.0,0.0,0.2,5.327537560533594,0.0,0.0,5.319,1.0,1.0,1412.2182866920757,1050.0,1412.216579179969,1050.0,0.0007544920796929499,0.0
7865,1648141201000.0,0.0,0.0,0.2,5.327537560533594,0.0,0.0,5.293,1.0,1.0,1412.2182866920757,1050.0,1412.211379179969,1050.0,0.0007544920796929499,0.0
7866,1648144801000.0,0.0,0.0,0.2,5.327537560533594,0.0,0.0,5.235,1.0,1.0,1412.2182866920757,1050.0,1412.199779179969,1050.0,0.0007544920796929499,0.0
7867,1648148401000.0,0.0,0.0,0.2,5.327537560533594,0.0,0.0,5.24,1.0,1.0,1412.2182866920757,1050.0,1412.200779179969,1050.0,0.0007544920796929499,0.0
7868,1648152001000.0,0.0,0.0,0.2,5.327537560533594,0.0,0.0,5.272,1.0,1.0,1412.2182866920757,1050.0,1412.207179179969,1050.0,0.0007544920796929499,0.0
7869,1648155601000.0,0.0,0.0,0.2,5.327537560533594,0.0,0.0,5.264,1.0,1.0,1412.2182866920757,1050.0,1412.205579179969,1050.0,0.0007544920796929499,0.0
7870,1648159201000.0,0.0,0.0,0.2,5.327537560533594,0.0,0.0,5.25,1.0,1.0,1412.2182866920757,1050.0,1412.202779179969,1050.0,0.0007544920796929499,0.0
7871,1648162801000.0,0.0,0.0,0.2,5.327537560533594,0.0,0.0,5.24,1.0,1.0,1412.2182866920757,1050.0,1412.200779179969,1050.0,0.0007544920796929499,0.0
7872,1648166401000.0,0.0,0.0,0.2,5.327537560533594,0.0,0.0,5.277,1.0,1.0,1412.2182866920757,1050.0,1412.208179179969,1050.0,0.0007544920796929499,0.0
7873,1648170001000.0,0.0,0.0,0.5,5.250415024213437,0.0,0.0,5.203,1.0,1.0,1412.2181307220758,1050.0,1412.194423209969,1050.0,0.0018589249457974554,0.0
7874,1648173601000.0,0.0,0.0,0.5,5.250415024213437,0.0,0.0,5.242,1.0,1.0,1412.2181307220758,1050.0,1412.2139232099692,1050.0,0.0018589249457974554,0.0
7875,1648177201000.0,0.0,0.0,0.5,5.250415024213437,0.0,0.0,5.227,1.0,1.0,1412.2181307220758,1050.0,1412.206423209969,1050.0,0.0018589249457974554,0.0
7876,1648180801000.0,0.0,0.0,0.5,5.250415024213437,0.0,0.0,5.244,1.0,1.0,1412.2181307220758,1050.0,1412.2149232099691,1050.0,0.0018589249457974554,0.0
7877,1648184401000.0,0.0,0.0,0.2,5.300853756053359,0.0,0.0,5.322,1.0,1.0,1412.2409224611797,1050.0,1412.245151709969,1050.0,0.0007507010555699388,0.0
7878,1648188001000.0,0.0,0.0,0.2,5.319426878026679,0.0,0.0,5.284,1.0,1.0,1412.2443303455743,1050.0,1412.237244969969,1050.0,0.0007533295427321734,0.0
7879,1648191601000.0,0.0,0.0,0.2,5.319426878026679,0.0,0.0,5.26,1.0,1.0,1412.2443303455743,1050.0,1412.232444969969,1050.0,0.0007533295427321734,0.0
7880,1648195201000.0,0.0,0.0,0.2,5.407,0.0,0.0,5.385,1.0,1.0,1412.254129439969,1050.0,1412.2497294399689,1050.0,0.0007657262085180312,0.0
7881,1648198801000.0,0.0,0.0,1.2,5.25375,0.0,0.0,5.228,1.0,1.0,1412.253607129969,1050.0,1412.222707129969,1050.0,0.004464141545237207,0.0
7882,1648202401000.0,0.0,0.0,0.4,5.25375,0.0,0.0,5.334,1.0,1.0,1412.2953826099695,1050.0,1412.3274826099694,1050.0,0.0014880031655391788,0.0
7883,1648206001000.0,0.0,0.0,0.2,5.285875,0.0,0.0,5.274,1.0,1.0,1412.3141449199697,1050.0,1412.3117699199697,1050.0,0.0007485409700119558,0.0
7884,1648209601000.0,0.0,0.0,0.2,5.285875,0.0,0.0,5.301,1.0,1.0,1412.3141449199697,1050.0,1412.3171699199697,1050.0,0.0007485409700119558,0.0
7885,1648213201000.0,0.0,0.0,0.2,5.285875,0.0,0.0,5.274,1.0,1.0,1412.3141449199697,1050.0,1412.3117699199697,1050.0,0.0007485409700119558,0.0
7886,1648216801000.0,0.0,0.0,0.2,5.285875,0.0,0.0,5.296,1.0,1.0,1412.3141449199697,1050.0,1412.3161699199698,1050.0,0.0007485409700119558,0.0
7887,1648220401000.0,0.0,0.0,0.2,5.3039375,0.0,0.0,5.307,1.0,1.0,1412.3175509899697,1050.0,1412.3181634899697,1050.0,0.0007510970172794614,0.0
7888,1648224001000.0,0.0,0.0,0.5,5.227175,0.0,0.0,5.132,1.0,1.0,1412.3173957099698,1050.0,1412.2698082099698,1050.0,0.0018505666700268557,0.0
7889,1648227601000.0,0.0,0.0,1.2,5.153572916666667,0.0,0.0,5.047,1.0,1.0,1412.3170386399697,1050.0,1412.1891511399697,1050.0,0.004378823826947052,0.0
7890,1648231201000.0,0.0,0.0,2.8,5.081245535714286,0.0,0.0,5.038,1.0,1.0,1412.3162343199697,1050.0,1412.1951468199698,1050.0,0.010073868128302396,0.0
7891,1648234801000.0,0.0,0.0,2.8,5.081245535714286,0.0,0.0,5.103,1.0,1.0,1412.3162343199697,1050.0,1412.3771468199698,1050.0,0.010073868128302396,0.0
7892,1648238401000.0,0.0,0.0,2.8,5.081245535714286,0.0,0.0,5.047,1.0,1.0,1412.3162343199697,1050.0,1412.2203468199698,1050.0,0.010073868128302396,0.0
7893,1648242001000.0,0.0,0.0,2.8,5.081245535714286,0.0,0.0,5.039,1.0,1.0,1412.3162343199697,1050.0,1412.1979468199697,1050.0,0.010073868128302396,0.0
7894,1648245601000.0,0.0,0.0,2.8,5.081245535714286,0.0,0.0,5.074,1.0,1.0,1412.3162343199697,1050.0,1412.2959468199697,1050.0,0.010073868128302396,0.0
7895,1648249201000.0,0.0,0.0,2.8,5.081245535714286,0.0,0.0,5.03,1.0,1.0,1412.3162343199697,1050.0,1412.1727468199697,1050.0,0.010073868128302396,0.0
7896,1648252801000.0,0.0,0.0,2.8,5.081245535714286,0.0,0.0,5.051,1.0,1.0,1412.3162343199697,1050.0,1412.2315468199697,1050.0,0.010073868128302396,0.0
7897,1648256401000.0,0.0,0.0,2.8,5.081245535714286,0.0,0.0,5.023,1.0,1.0,1412.3162343199697,1050.0,1412.1531468199696,1050.0,0.010073868128302396,0.0
7898,1648260001000.0,0.0,0.0,2.8,5.081245535714286,0.0,0.0,5.049,1.0,1.0,1412.3162343199697,1050.0,1412.2259468199697,1050.0,0.010073868128302396,0.0
7899,1648263601000.0,0.0,0.0,2.8,5.081245535714286,0.0,0.0,5.057,1.0,1.0,1412.3162343199697,1050.0,1412.2483468199696,1050.0,0.010073868128302396,0.0
7900,1648267201000.0,0.0,0.0,2.8,5.081245535714286,0.0,0.0,5.056,1.0,1.0,1412.3162343199697,1050.0,1412.2455468199696,1050.0,0.010073868128302396,0.0
7901,1648270801000.0,0.0,0.0,2.8,5.081245535714286,0.0,0.0,5.065,1.0,1.0,1412.3162343199697,1050.0,1412.2707468199696,1050.0,0.010073868128302396,0.0
7902,1648274401000.0,0.0,0.0,1.1,5.081245535714286,0.0,0.0,5.108,1.0,1.0,1412.3727473592558,1050.0,1412.40217726997,1050.0,0.003957432695962368,0.0
7903,1648278001000.0,0.0,0.0,0.1,5.099622767857143,0.0,0.0,5.138,1.0,1.0,1412.409225536757,1050.0,1412.4130632599713,1050.0,0.00036105844366169,0.0
7904,1648281601000.0,0.0,0.0,0.2,5.134405691964286,0.0,0.0,5.154,1.0,1.0,1412.4124900283641,1050.0,1412.4164088899713,1050.0,0.0007270405392494337,0.0
7905,1648285201000.0,0.0,0.0,0.2,5.134405691964286,0.0,0.0,5.135,1.0,1.0,1412.4124900283641,1050.0,1412.4126088899714,1050.0,0.0007270405392494337,0.0
7906,1648288801000.0,0.0,0.0,0.2,5.245137677873884,0.0,0.0,5.176,1.0,1.0,1412.429014595546,1050.0,1412.4151870599712,1050.0,0.0007427116865587539,0.0
7907,1648292401000.0,0.0,0.0,0.2,5.245137677873884,0.0,0.0,5.2,1.0,1.0,1412.429014595546,1050.0,1412.4199870599712,1050.0,0.0007427116865587539,0.0
7908,1648296001000.0,0.0,0.0,0.2,5.245137677873884,0.0,0.0,5.221,1.0,1.0,1412.429014595546,1050.0,1412.4241870599712,1050.0,0.0007427116865587539,0.0
7909,1648299601000.0,0.0,0.0,0.5,5.169455071149553,0.0,0.0,5.151,1.0,1.0,1412.428861025546,1050.0,1412.4196334899711,1050.0,0.0018299877656833207,0.0
7910,1648303201000.0,0.0,0.0,0.5,5.169455071149553,0.0,0.0,5.098,1.0,1.0,1412.428861025546,1050.0,1412.3931334899712,1050.0,0.0018299877656833207,0.0
7911,1648306801000.0,0.0,0.0,0.5,5.169455071149553,0.0,0.0,5.091,1.0,1.0,1412.428861025546,1050.0,1412.3896334899712,1050.0,0.0018299877656833207,0.0
7912,1648310401000.0,0.0,0.0,0.5,5.169455071149553,0.0,0.0,5.111,1.0,1.0,1412.428861025546,1050.0,1412.3996334899712,1050.0,0.0018299877656833207,0.0
7913,1648314001000.0,0.0,0.0,0.5,5.169455071149553,0.0,0.0,5.144,1.0,1.0,1412.428861025546,1050.0,1412.4161334899711,1050.0,0.0018299877656833207,0.0
7914,1648317601000.0,0.0,0.0,0.5,5.169455071149553,0.0,0.0,5.2,1.0,1.0,1412.428861025546,1050.0,1412.4441334899711,1050.0,0.0018299877656833207,0.0
7915,1648321201000.0,0.0,0.0,0.5,5.169455071149553,0.0,0.0,5.117,1.0,1.0,1412.428861025546,1050.0,1412.402633489971,1050.0,0.0018299877656833207,0.0
7916,1648324801000.0,0.0,0.0,0.5,5.169455071149553,0.0,0.0,5.079,1.0,1.0,1412.428861025546,1050.0,1412.3836334899713,1050.0,0.0018299877656833207,0.0
7917,1648328401000.0,0.0,0.0,0.5,5.169455071149553,0.0,0.0,5.078,1.0,1.0,1412.428861025546,1050.0,1412.3831334899712,1050.0,0.0018299877656833207,0.0
7918,1648332001000.0,0.0,0.0,1.2,5.096272946312315,0.0,0.0,5.075,1.0,1.0,1412.428507945546,1050.0,1412.4029804099712,1050.0,0.0043297961639631195,0.0
7919,1648335601000.0,0.0,0.0,1.2,5.096272946312315,0.0,0.0,5.065,1.0,1.0,1412.428507945546,1050.0,1412.3909804099712,1050.0,0.0043297961639631195,0.0
7920,1648339201000.0,0.0,0.0,0.8,5.096272946312315,0.0,0.0,5.115,1.0,1.0,1412.441793567021,1050.0,1412.4567752099713,1050.0,0.002886503624870539,0.0
7921,1648342801000.0,0.0,0.0,0.2,5.113636473156157,0.0,0.0,5.138,1.0,1.0,1412.4649920946024,1050.0,1412.4698647999712,1050.0,0.0007240726675388869,0.0
7922,1648346401000.0,0.0,0.0,0.2,5.148659118289039,0.0,0.0,5.165,1.0,1.0,1412.471590343629,1050.0,1412.4748585199711,1050.0,0.0007290283434354192,0.0
7923,1648350001000.0,0.0,0.0,0.2,5.166829559144519,0.0,0.0,5.166,1.0,1.0,1412.4749207518,1050.0,1412.4747548399712,1050.0,0.0007315994759601731,0.0
7924,1648353601000.0,0.0,0.0,0.2,5.166829559144519,0.0,0.0,5.147,1.0,1.0,1412.4749207518,1050.0,1412.4709548399712,1050.0,0.0007315994759601731,0.0
7925,1648357201000.0,0.0,0.0,0.2,5.166829559144519,0.0,0.0,5.126,1.0,1.0,1412.4749207518,1050.0,1412.4667548399711,1050.0,0.0007315994759601731,0.0
7926,1648360801000.0,0.0,0.0,0.2,5.166829559144519,0.0,0.0,5.132,1.0,1.0,1412.4749207518,1050.0,1412.467954839971,1050.0,0.0007315994759601731,0.0
7927,1648364401000.0,0.0,0.0,0.2,5.166829559144519,0.0,0.0,5.153,1.0,1.0,1412.4749207518,1050.0,1412.4721548399712,1050.0,0.0007315994759601731,0.0
7928,1648368001000.0,0.0,0.0,0.2,5.166829559144519,0.0,0.0,5.187,1.0,1.0,1412.4749207518,1050.0,1412.478954839971,1050.0,0.0007315994759601731,0.0
7929,1648371601000.0,0.0,0.0,0.2,5.20270738978613,0.0,0.0,5.185,1.0,1.0,1412.4815878879285,1050.0,1412.4780464099713,1050.0,0.000736676135731538,0.0
7930,1648375201000.0,0.0,0.0,0.2,5.20270738978613,0.0,0.0,5.202,1.0,1.0,1412.4815878879285,1050.0,1412.4814464099713,1050.0,0.000736676135731538,0.0
7931,1648378801000.0,0.0,0.0,0.2,5.2416768474465325,0.0,0.0,5.217,1.0,1.0,1412.4882718494607,1050.0,1412.4833364799715,1050.0,0.000742190494875157,0.0
7932,1648382401000.0,0.0,0.0,0.2,5.2416768474465325,0.0,0.0,5.205,1.0,1.0,1412.4882718494607,1050.0,1412.4809364799714,1050.0,0.000742190494875157,0.0
7933,1648386001000.0,0.0,0.0,0.2,5.184135369489306,0.0,0.0,5.14,1.0,1.0,1412.5017500138692,1050.0,1412.4929229399713,1050.0,0.000734035957044075,0.0
7934,1648389601000.0,0.0,0.0,0.2,5.184135369489306,0.0,0.0,5.178,1.0,1.0,1412.5017500138692,1050.0,1412.5005229399715,1050.0,0.000734035957044075,0.0
7935,1648393201000.0,0.0,0.0,0.2,5.184135369489306,0.0,0.0,5.182,1.0,1.0,1412.5017500138692,1050.0,1412.5013229399715,1050.0,0.000734035957044075,0.0
7936,1648396801000.0,0.0,0.0,0.2,5.2192838423723265,0.0,0.0,5.232,1.0,1.0,1412.508370608446,1050.0,1412.5109138399716,1050.0,0.0007390092619591472,0.0
7937,1648400401000.0,0.0,0.0,0.2,5.2192838423723265,0.0,0.0,5.243,1.0,1.0,1412.508370608446,1050.0,1412.5131138399715,1050.0,0.0007390092619591472,0.0
7938,1648404001000.0,0.0,0.0,0.2,5.2192838423723265,0.0,0.0,5.237,1.0,1.0,1412.508370608446,1050.0,1412.5119138399716,1050.0,0.0007390092619591472,0.0
7939,1648407601000.0,0.0,0.0,0.2,5.2192838423723265,0.0,0.0,5.228,1.0,1.0,1412.508370608446,1050.0,1412.5101138399716,1050.0,0.0007390092619591472,0.0
7940,1648411201000.0,0.0,0.0,0.2,5.260320960593081,0.0,0.0,5.217,1.0,1.0,1412.5150672820903,1050.0,1412.5064030899716,1050.0,0.0007448162617783324,0.0
7941,1648414801000.0,0.0,0.0,0.2,5.260320960593081,0.0,0.0,5.277,1.0,1.0,1412.5150672820903,1050.0,1412.5184030899716,1050.0,0.0007448162617783324,0.0
7942,1648418401000.0,0.0,0.0,0.2,5.316040120074135,0.0,0.0,5.343,1.0,1.0,1412.5251922439863,1050.0,1412.5305842199716,1050.0,0.0007527002207484724,0.0
7943,1648422001000.0,0.0,0.0,0.2,5.407751253752317,0.0,0.0,5.392,1.0,1.0,1412.542295580722,1050.0,1412.5391453299717,1050.0,0.000765676365326688,0.0
7944,1648425601000.0,0.0,0.0,0.2,5.407751253752317,0.0,0.0,5.414,1.0,1.0,1412.542295580722,1050.0,1412.5435453299717,1050.0,0.000765676365326688,0.0
7945,1648429201000.0,0.0,0.0,0.2,5.426375626876158,0.0,0.0,5.368,1.0,1.0,1412.5458115653469,1050.0,1412.5341364399717,1050.0,0.0007683114533273493,0.0
7946,1648432801000.0,0.0,0.0,0.2,5.426375626876158,0.0,0.0,5.386,1.0,1.0,1412.5458115653469,1050.0,1412.5377364399717,1050.0,0.0007683114533273493,0.0
7947,1648436401000.0,0.0,0.0,0.2,5.426375626876158,0.0,0.0,5.433,1.0,1.0,1412.5458115653469,1050.0,1412.5471364399716,1050.0,0.0007683114533273493,0.0
7948,1648440001000.0,0.0,0.0,0.2,5.426375626876158,0.0,0.0,5.458,1.0,1.0,1412.5458115653469,1050.0,1412.5521364399717,1050.0,0.0007683114533273493,0.0
7949,1648443601000.0,0.0,0.0,0.2,5.426375626876158,0.0,0.0,5.444,1.0,1.0,1412.5458115653469,1050.0,1412.5493364399717,1050.0,0.0007683114533273493,0.0
7950,1648447201000.0,0.0,0.0,0.2,5.5489999999999995,0.0,0.0,5.557,1.0,1.0,1412.566385319972,1050.0,1412.567985319972,1050.0,0.0007856621901338889,0.0
7951,1648450801000.0,0.0,0.0,0.2,5.5489999999999995,0.0,0.0,5.518,1.0,1.0,1412.566385319972,1050.0,1412.5601853199719,1050.0,0.0007856621901338889,0.0
7952,1648454401000.0,0.0,0.0,0.2,5.5489999999999995,0.0,0.0,5.567,1.0,1.0,1412.566385319972,1050.0,1412.569985319972,1050.0,0.0007856621901338889,0.0
7953,1648458001000.0,0.0,0.0,0.2,5.645,0.0,0.0,5.631,1.0,1.0,1412.5801482699721,1050.0,1412.5773482699722,1050.0,0.0007992466844325393,0.0
7954,1648461601000.0,0.0,0.0,0.2,5.703625000000001,0.0,0.0,5.69,1.0,1.0,1412.591031099972,1050.0,1412.588306099972,1050.0,0.0008075408769314695,0.0
7955,1648465201000.0,0.0,0.0,0.2,5.7298125,0.0,0.0,5.633,1.0,1.0,1412.594653629972,1050.0,1412.5752911299721,1050.0,0.0008112465221747782,0.0
7956,1648468801000.0,0.0,0.0,0.5,5.647125,0.0,0.0,5.595,1.0,1.0,1412.594485869972,1050.0,1412.568423369972,1050.0,0.001998848592603034,0.0
7957,1648472401000.0,0.0,0.0,1.2,5.567135416666667,0.0,0.0,5.58,1.0,1.0,1412.594100169972,1050.0,1412.609537669972,1050.0,0.00472928670677313,0.0
7958,1648476001000.0,0.0,0.0,0.8,5.567135416666667,0.0,0.0,5.599,1.0,1.0,1412.6086218433056,1050.0,1412.6341135099724,1050.0,0.0031528253930106368,0.0
7959,1648479601000.0,0.0,0.0,0.2,5.616567708333333,0.0,0.0,5.681,1.0,1.0,1412.6549760116402,1050.0,1412.6678624699734,1050.0,0.000795178979115004,0.0
7960,1648483201000.0,0.0,0.0,0.2,5.6698919270833334,0.0,0.0,5.542,1.0,1.0,1412.66521339539,1050.0,1412.6396350099735,1050.0,0.0008027226654014579,0.0
7961,1648486801000.0,0.0,0.0,0.2,5.588356770833333,0.0,0.0,5.594,1.0,1.0,1412.67587159414,1050.0,1412.6770002399735,1050.0,0.0007911732454985769,0.0
7962,1648490401000.0,0.0,0.0,0.2,5.631339192708333,0.0,0.0,5.644,1.0,1.0,1412.6830424785153,1050.0,1412.6855746399735,1050.0,0.0007972544475126277,0.0
7963,1648494001000.0,0.0,0.0,0.2,5.653169596354166,0.0,0.0,5.651,1.0,1.0,1412.6866951192442,1050.0,1412.6862611999734,1050.0,0.0008003430082389195,0.0
7964,1648497601000.0,0.0,0.0,0.2,5.678084798177084,0.0,0.0,5.674,1.0,1.0,1412.6903642196087,1050.0,1412.6895472599733,1050.0,0.0008038682703571413,0.0
7965,1648501201000.0,0.0,0.0,0.2,5.717771199544271,0.0,0.0,5.687,1.0,1.0,1412.697672419882,1050.0,1412.6915181799732,1050.0,0.000809482638949919,0.0
7966,1648504801000.0,0.0,0.0,1.2,5.580147599962023,0.0,0.0,5.575,1.0,1.0,1412.7008252999276,1050.0,1412.6946481799732,1050.0,0.00473998245065991,0.0
7967,1648508401000.0,0.0,0.0,0.2,5.635536899990505,0.0,0.0,5.585,1.0,1.0,1412.7652660099718,1050.0,1412.7551586299737,1050.0,0.0007978023010017473,0.0
7968,1648512001000.0,0.0,0.0,1.7,5.319801135384323,0.0,0.0,5.357,1.0,1.0,1412.9486029701272,1050.0,1413.011841039974,1050.0,0.006400559731007111,0.0
7969,1648515601000.0,0.0,0.0,0.2,5.39497514192304,0.0,0.0,5.364,1.0,1.0,1413.0138088883584,1050.0,1413.0076138599738,1050.0,0.0007636125150351302,0.0
7970,1648519201000.0,0.0,0.0,0.2,5.45249689274038,0.0,0.0,5.473,1.0,1.0,1413.024286128522,1050.0,1413.0283867499738,1050.0,0.0007717485037259221,0.0
7971,1648522801000.0,0.0,0.0,0.2,5.47124844637019,0.0,0.0,5.448,1.0,1.0,1413.027826649248,1050.0,1413.023176959974,1050.0,0.0007744006654623799,0.0
7972,1648526401000.0,0.0,0.0,0.2,5.47124844637019,0.0,0.0,5.457,1.0,1.0,1413.027826649248,1050.0,1413.024976959974,1050.0,0.0007744006654623799,0.0
7973,1648530001000.0,0.0,0.0,0.2,5.568226513949068,0.0,0.0,5.588,1.0,1.0,1413.0454675227638,1050.0,1413.049422219974,1050.0,0.0007881171047823153,0.0
7974,1648533601000.0,0.0,0.0,0.2,5.748461379910057,0.0,0.0,5.744,1.0,1.0,1413.0780912759562,1050.0,1413.0771989999741,1050.0,0.0008136084502901624,0.0
7975,1648537201000.0,0.0,0.0,0.2,5.808932672488757,0.0,0.0,5.744,1.0,1.0,1413.089137064472,1050.0,1413.0761505299743,1050.0,0.0008221608276681169,0.0
7976,1648540801000.0,0.0,0.0,0.5,5.724973068995503,0.0,0.0,5.599,1.0,1.0,1413.088966994472,1050.0,1413.0259804599743,1050.0,0.00202569449012544,0.0
7977,1648544401000.0,0.0,0.0,0.5,5.724973068995503,0.0,0.0,5.644,1.0,1.0,1413.088966994472,1050.0,1413.0484804599741,1050.0,0.00202569449012544,0.0
7978,1648548001000.0,0.0,0.0,0.5,5.724973068995503,0.0,0.0,5.638,1.0,1.0,1413.088966994472,1050.0,1413.0454804599742,1050.0,0.00202569449012544,0.0
7979,1648551601000.0,0.0,0.0,0.5,5.724973068995503,0.0,0.0,5.703,1.0,1.0,1413.088966994472,1050.0,1413.0779804599742,1050.0,0.00202569449012544,0.0
7980,1648555201000.0,0.0,0.0,0.5,5.724973068995503,0.0,0.0,5.723,1.0,1.0,1413.088966994472,1050.0,1413.0879804599742,1050.0,0.00202569449012544,0.0
7981,1648558801000.0,0.0,0.0,0.2,5.812623316812219,0.0,0.0,5.842,1.0,1.0,1413.115068293337,1050.0,1413.1209436299744,1050.0,0.0008226680823426936,0.0
7982,1648562401000.0,0.0,0.0,0.2,5.873827914601527,0.0,0.0,5.825,1.0,1.0,1413.1262568628947,1050.0,1413.1164912799743,1050.0,0.0008313238659426341,0.0
7983,1648566001000.0,0.0,0.0,0.2,5.8939139573007635,0.0,0.0,5.891,1.0,1.0,1413.1300558014345,1050.0,1413.1294730099744,1050.0,0.0008341644044869066,0.0
7984,1648569601000.0,0.0,0.0,1.2,5.7266523262167945,0.0,0.0,5.651,1.0,1.0,1413.1294864814345,1050.0,1413.0387036899742,1050.0,0.004862953364996136,0.0
7985,1648573201000.0,0.0,0.0,0.2,5.7001770349518,0.0,0.0,5.723,1.0,1.0,1413.237538936965,1050.0,1413.2421035299747,1050.0,0.0008066835019453933,0.0
7986,1648576801000.0,0.0,0.0,0.2,5.7001770349518,0.0,0.0,5.689,1.0,1.0,1413.237538936965,1050.0,1413.2353035299745,1050.0,0.0008066835019453933,0.0
7987,1648580401000.0,0.0,0.0,0.2,5.7001770349518,0.0,0.0,5.674,1.0,1.0,1413.237538936965,1050.0,1413.2323035299746,1050.0,0.0008066835019453933,0.0
7988,1648584001000.0,0.0,0.0,0.2,5.762397129368975,0.0,0.0,5.732,1.0,1.0,1413.2485372858482,1050.0,1413.2424578599744,1050.0,0.0008154824827111716,0.0
7989,1648587601000.0,0.0,0.0,0.2,5.828049641171122,0.0,0.0,5.853,1.0,1.0,1413.2597182282084,1050.0,1413.2647082999742,1050.0,0.0008247669647696033,0.0
7990,1648591201000.0,0.0,0.0,0.5,5.764209928234225,0.0,0.0,5.728,1.0,1.0,1413.263324664091,1050.0,1413.2452196999739,1050.0,0.002039326227334273,0.0
7991,1648594801000.0,0.0,0.0,0.5,5.764209928234225,0.0,0.0,5.687,1.0,1.0,1413.263324664091,1050.0,1413.2247196999738,1050.0,0.002039326227334273,0.0
7992,1648598401000.0,0.0,0.0,0.5,5.764209928234225,0.0,0.0,5.705,1.0,1.0,1413.263324664091,1050.0,1413.2337196999738,1050.0,0.002039326227334273,0.0
7993,1648602001000.0,0.0,0.0,0.2,5.86578781025732,0.0,0.0,5.844,1.0,1.0,1413.2931187920244,1050.0,1413.288761229973,1050.0,0.0008300879318327043,0.0
7994,1648605601000.0,0.0,0.0,2.8,5.799214285714287,0.0,0.0,5.801,1.0,1.0,1413.320941149973,1050.0,1413.325941149973,1050.0,0.011489110171103697,0.0
7995,1648609201000.0,0.0,0.0,1.8,5.799214285714287,0.0,0.0,5.833,1.0,1.0,1413.3591430642582,1050.0,1413.4199573499725,1050.0,0.007385656905048321,0.0
7996,1648612801000.0,0.0,0.0,0.2,5.799214285714287,0.0,0.0,5.827,1.0,1.0,1413.4202661271147,1050.0,1413.425823269972,1050.0,0.0008205930570961178,0.0
7997,1648616401000.0,0.0,0.0,0.2,5.839803571428572,0.0,0.0,5.818,1.0,1.0,1413.4277500242574,1050.0,1413.4233893099718,1050.0,0.0008263320953375012,0.0
7998,1648620001000.0,0.0,0.0,0.2,5.879200892857143,0.0,0.0,5.9,1.0,1.0,1413.4351939485432,1050.0,1413.4393537699718,1050.0,0.0008319024343002425,0.0
7999,1648623601000.0,0.0,0.0,0.2,6.130046875,0.0,0.0,6.157,1.0,1.0,1413.476754004971,1050.0,1413.4821446299711,1050.0,0.0008673714452863852,0.0
8000,1648627201000.0,0.0,0.0,0.2,6.260141357421875,0.0,0.0,6.263,1.0,1.0,1413.5006257814553,1050.0,1413.5011975099708,1050.0,0.0008857642144956179,0.0
8001,1648630801000.0,0.0,0.0,0.2,6.354258834838868,0.0,0.0,6.284,1.0,1.0,1413.5168419069387,1050.0,1413.502790139971,1050.0,0.0008990708347367837,0.0
8002,1648634401000.0,0.0,0.0,0.5,6.2623035339355475,0.0,0.0,6.198,1.0,1.0,1413.5166558769388,1050.0,1413.484504109971,1050.0,0.002215150245276185,0.0
8003,1648638001000.0,0.0,0.0,0.5,6.2592,0.0,0.0,6.194,1.0,1.0,1413.5436752699711,1050.0,1413.5110752699711,1050.0,0.002214010118507503,0.0
8004,1648641601000.0,0.0,0.0,0.5,6.2592,0.0,0.0,6.279,1.0,1.0,1413.5436752699711,1050.0,1413.5535752699711,1050.0,0.002214010118507503,0.0
8005,1648645201000.0,0.0,0.0,0.5,6.2592,0.0,0.0,6.241,1.0,1.0,1413.5436752699711,1050.0,1413.5345752699711,1050.0,0.002214010118507503,0.0
8006,1648648801000.0,0.0,0.0,1.2,6.170416666666667,0.0,0.0,6.157,1.0,1.0,1413.5432477799711,1050.0,1413.527147779971,1050.0,0.005238255010328887,0.0
8007,1648652401000.0,0.0,0.0,0.2,6.444750000000001,0.0,0.0,6.331,1.0,1.0,1413.659057159971,1050.0,1413.636307159971,1050.0,0.0009117827905333057,0.0
8008,1648656001000.0,0.0,0.0,0.2,6.46018125,0.0,0.0,6.428,1.0,1.0,1413.6911467799714,1050.0,1413.6847105299714,1050.0,0.0009139452085718509,0.0
8009,1648659601000.0,0.0,0.0,0.2,6.556511328125,0.0,0.0,6.506,1.0,1.0,1413.7077894855963,1050.0,1413.6976872199714,1050.0,0.0009275624534134749,0.0
8010,1648663201000.0,0.0,0.0,0.2,6.556511328125,0.0,0.0,6.494,1.0,1.0,1413.7077894855963,1050.0,1413.6952872199713,1050.0,0.0009275624534134749,0.0
8011,1648666801000.0,0.0,0.0,0.2,6.649,0.0,0.0,6.531,1.0,1.0,1413.7197218899712,1050.0,1413.6961218899712,1050.0,0.0009406390668598861,0.0
8012,1648670401000.0,0.0,0.0,0.2,6.6385,0.0,0.0,6.576,1.0,1.0,1413.7557299999712,1050.0,1413.7432299999712,1050.0,0.0009391297038279923,0.0
8013,1648674001000.0,0.0,0.0,0.2,6.6385,0.0,0.0,6.61,1.0,1.0,1413.7557299999712,1050.0,1413.7500299999713,1050.0,0.0009391297038279923,0.0
8014,1648677601000.0,0.0,0.0,0.2,6.6385,0.0,0.0,6.581,1.0,1.0,1413.7557299999712,1050.0,1413.7442299999711,1050.0,0.0009391297038279923,0.0
8015,1648681201000.0,0.0,0.0,0.2,6.5428,0.0,0.0,6.436,1.0,1.0,1413.7682980499715,1050.0,1413.7469380499715,1050.0,0.0009255830688839984,0.0
8016,1648684801000.0,0.0,0.0,0.2,6.68,0.0,0.0,6.628,1.0,1.0,1413.7888058099713,1050.0,1413.7784058099714,1050.0,0.0009449784822950232,0.0
8017,1648688401000.0,0.0,0.0,0.1,6.776,0.0,0.0,6.72,1.0,1.0,1413.8016685899715,1050.0,1413.7960685899716,1050.0,0.00047927514520179593,0.0
8018,1648692001000.0,0.0,0.0,0.1,6.878,0.0,0.0,6.88,1.0,1.0,1413.819024259971,1050.0,1413.819224259971,1050.0,0.00048648376362032063,0.0
8019,1648695601000.0,0.0,0.0,0.1,6.878,0.0,0.0,6.835,1.0,1.0,1413.819024259971,1050.0,1413.814724259971,1050.0,0.00048648376362032063,0.0
8020,1648699201000.0,0.0,0.0,0.1,6.983,0.0,0.0,6.89,1.0,1.0,1413.8278460799709,1050.0,1413.818546079971,1050.0,0.0004939073748873537,0.0
8021,1648702801000.0,0.0,0.0,0.5,6.8002,0.0,0.0,6.761,1.0,1.0,1413.827575899971,1050.0,1413.8079758999709,1050.0,0.002404890142162964,0.0
8022,1648706401000.0,0.0,0.0,0.1,6.934,0.0,0.0,6.964,1.0,1.0,1413.8613253599708,1050.0,1413.8643253599707,1050.0,0.0004904299930712508,0.0
8023,1648710001000.0,0.0,0.0,0.1,6.984,0.0,0.0,6.898,1.0,1.0,1413.865785719971,1050.0,1413.857185719971,1050.0,0.0004939648494601343,0.0
8024,1648713601000.0,0.0,0.0,0.1,6.984,0.0,0.0,6.889,1.0,1.0,1413.865785719971,1050.0,1413.856285719971,1050.0,0.0004939648494601343,0.0
8025,1648717201000.0,0.0,0.0,0.1,6.984,0.0,0.0,6.912,1.0,1.0,1413.865785719971,1050.0,1413.858585719971,1050.0,0.0004939648494601343,0.0
8026,1648720801000.0,0.0,0.0,0.1,6.984,0.0,0.0,6.904,1.0,1.0,1413.865785719971,1050.0,1413.857785719971,1050.0,0.0004939648494601343,0.0
8027,1648724401000.0,0.0,0.0,0.1,6.984,0.0,0.0,6.971,1.0,1.0,1413.865785719971,1050.0,1413.864485719971,1050.0,0.0004939648494601343,0.0
8028,1648728001000.0,0.0,0.0,0.1,7.137,0.0,0.0,7.165,1.0,1.0,1413.8792608799708,1050.0,1413.8820608799708,1050.0,0.0005047814334272129,0.0
8029,1648731601000.0,0.0,0.0,0.1,7.236,0.0,0.0,7.127,1.0,1.0,1413.8883724899708,1050.0,1413.8774724899708,1050.0,0.0005117801476262814,0.0
8030,1648735201000.0,0.0,0.0,0.2,7.1495,0.0,0.0,7.116,1.0,1.0,1413.8883018599709,1050.0,1413.881601859971,1050.0,0.001011324584918742,0.0
8031,1648738801000.0,0.0,0.0,0.1,7.127,0.0,0.0,7.115,1.0,1.0,1414.0833971499717,1050.0,1414.0821971499718,1050.0,0.0005040013915985565,0.0
8032,1648742401000.0,0.0,0.0,0.2,6.9575,0.0,0.0,6.821,1.0,1.0,1414.1104847899726,1050.0,1414.0831847899726,1050.0,0.00098401080747709,0.0
8033,1648746001000.0,0.0,0.0,0.1,7.025,0.0,0.0,6.986,1.0,1.0,1414.3453460999735,1050.0,1414.3414460999736,1050.0,0.0004966962290625331,0.0
8034,1648749601000.0,0.0,0.0,0.5,6.995399999999999,0.0,0.0,6.93,1.0,1.0,1414.3586404799737,1050.0,1414.3259404799737,1050.0,0.002472993694734334,0.0
8035,1648753201000.0,0.0,0.0,1.2,6.896,0.0,0.0,6.852,1.0,1.0,1414.3581627299736,1050.0,1414.3053627299737,1050.0,0.005850851798406797,0.0
8036,1648756801000.0,0.0,0.0,1.2,6.896,0.0,0.0,6.788,1.0,1.0,1414.3581627299736,1050.0,1414.2285627299736,1050.0,0.005850851798406797,0.0
8037,1648760401000.0,0.0,0.0,0.1,6.896,0.0,0.0,6.954,1.0,1.0,1414.4560942999733,1050.0,1414.4618942999732,1050.0,0.0004875372256367484,0.0
8038,1648764001000.0,0.0,0.0,0.1,6.896,0.0,0.0,6.873,1.0,1.0,1414.4560942999733,1050.0,1414.4537942999732,1050.0,0.0004875372256367484,0.0
8039,1648767601000.0,0.0,0.0,0.1,7.065,0.0,0.0,7.073,1.0,1.0,1414.4694740899731,1050.0,1414.4702740899731,1050.0,0.000499480556450001,0.0
8040,1648771201000.0,0.0,0.0,0.5,6.88,0.0,0.0,6.817,1.0,1.0,1414.4692007399733,1050.0,1414.4377007399733,1050.0,0.00243200770875773,0.0
8041,1648774801000.0,0.0,0.0,1.2,6.782583333333333,0.0,0.0,6.689,1.0,1.0,1414.4687308299733,1050.0,1414.3564308299733,1050.0,0.005754174569291601,0.0
8042,1648778401000.0,0.0,0.0,0.1,6.832,0.0,0.0,6.841,1.0,1.0,1414.5285425299742,1050.0,1414.5294425299742,1050.0,0.0004829877796442717,0.0
8043,1648782001000.0,0.0,0.0,1.2,6.755166666666668,0.0,0.0,6.69,1.0,1.0,1414.5454455499741,1050.0,1414.4672455499742,1050.0,0.005730604149553016,0.0
8044,1648785601000.0,0.0,0.0,0.1,7.046,0.0,0.0,7.033,1.0,1.0,1414.6911709199742,1050.0,1414.6898709199743,1050.0,0.000498059233339103,0.0
8045,1648789201000.0,0.0,0.0,0.1,7.19,0.0,0.0,7.035,1.0,1.0,1414.7048424299742,1050.0,1414.6893424299742,1050.0,0.0005082332218252724,0.0
8046,1648792801000.0,0.0,0.0,1.2,6.902000000000001,0.0,0.0,6.773,1.0,1.0,1414.7040860899742,1050.0,1414.5492860899742,1050.0,0.005854510552020308,0.0
8047,1648796401000.0,0.0,0.0,1.2,6.902000000000001,0.0,0.0,6.871,1.0,1.0,1414.7040860899742,1050.0,1414.6668860899742,1050.0,0.005854510552020308,0.0
8048,1648800001000.0,0.0,0.0,0.1,6.996,0.0,0.0,6.995,1.0,1.0,1414.762842929973,1050.0,1414.762742929973,1050.0,0.0004944998403768712,0.0
8049,1648803601000.0,0.0,0.0,0.2,7.34,0.0,0.0,7.321,1.0,1.0,1414.7996127899723,1050.0,1414.7958127899724,1050.0,0.001037602771960841,0.0
8050,1648807201000.0,0.0,0.0,0.8,7.13125,0.0,0.0,7.13,1.0,1.0,1414.825115939972,1050.0,1414.824115939972,1050.0,0.004032300484155422,0.0
8051,1648810801000.0,0.0,0.0,1.6,7.033234374999999,0.0,0.0,7.009,1.0,1.0,1414.8290930299718,1050.0,1414.7903180299718,1050.0,0.00795373452202655,0.0
8052,1648814401000.0,0.0,0.0,1.6,7.033234374999999,0.0,0.0,7.062,1.0,1.0,1414.8290930299718,1050.0,1414.8751180299719,1050.0,0.00795373452202655,0.0
8053,1648818001000.0,0.0,0.0,0.1,7.271,0.0,0.0,7.17,1.0,1.0,1414.9430781399708,1050.0,1414.9329781399708,1050.0,0.0005138722618833667,0.0
8054,1648821601000.0,0.0,0.0,0.1,7.442,0.0,0.0,7.308,1.0,1.0,1414.9571353599706,1050.0,1414.9437353599706,1050.0,0.0005259523284503405,0.0
8055,1648825201000.0,0.0,0.0,0.5,7.2468,0.0,0.0,7.175,1.0,1.0,1414.9568474399705,1050.0,1414.9209474399704,1050.0,0.002560784808777515,0.0
8056,1648828801000.0,0.0,0.0,1.2,7.1442499999999995,0.0,0.0,7.077,1.0,1.0,1414.9563524699704,1050.0,1414.8756524699704,1050.0,0.0060589148103647565,0.0
8057,1648832401000.0,0.0,0.0,0.1,7.398,0.0,0.0,7.347,1.0,1.0,1415.0371755799686,1050.0,1415.0320755799685,1050.0,0.0005228131195187751,0.0
8058,1648836001000.0,0.0,0.0,0.1,7.88,0.0,0.0,7.826,1.0,1.0,1415.0760500899685,1050.0,1415.0706500899685,1050.0,0.0005568605305346664,0.0
8059,1648839601000.0,0.0,0.0,0.1,8.178,0.0,0.0,8.027,1.0,1.0,1415.1015449799686,1050.0,1415.0864449799685,1050.0,0.0005779090574108422,0.0
8060,1648843201000.0,0.0,0.0,1.2,7.850666666666667,0.0,0.0,7.805,1.0,1.0,1415.1006846799685,1050.0,1415.0458846799684,1050.0,0.0066573354829028,0.0
8061,1648846801000.0,0.0,0.0,2.8,7.738857142857144,0.0,0.0,7.657,1.0,1.0,1415.0994598799684,1050.0,1414.8702598799684,1050.0,0.01531256326098661,0.0
8062,1648850401000.0,0.0,0.0,0.1,7.792,0.0,0.0,7.782,1.0,1.0,1415.2865961399698,1050.0,1415.2855961399698,1050.0,0.000550559866902702,0.0
8063,1648854001000.0,0.0,0.0,0.1,7.792,0.0,0.0,7.733,1.0,1.0,1415.2865961399698,1050.0,1415.2806961399697,1050.0,0.000550559866902702,0.0
8064,1648857601000.0,0.0,0.0,0.1,7.846,0.0,0.0,7.714,1.0,1.0,1415.29153924997,1050.0,1415.2783392499698,1050.0,0.0005543734122905849,0.0
8065,1648861201000.0,0.0,0.0,0.2,7.752000000000001,0.0,0.0,7.633,1.0,1.0,1415.2914626699699,1050.0,1415.26766266997,1050.0,0.001095463401633997,0.0
8066,1648864801000.0,0.0,0.0,0.5,7.6398,0.0,0.0,7.627,1.0,1.0,1415.2912357199698,1050.0,1415.2848357199698,1050.0,0.0026990204585396072,0.0
8067,1648868401000.0,0.0,0.0,0.1,7.693,0.0,0.0,7.655,1.0,1.0,1415.3158742899698,1050.0,1415.3120742899698,1050.0,0.000543553572721665,0.0
8068,1648872001000.0,0.0,0.0,0.1,7.746,0.0,0.0,7.677,1.0,1.0,1415.3208193899698,1050.0,1415.3139193899697,1050.0,0.0005472964075621154,0.0
8069,1648875601000.0,0.0,0.0,0.1,7.746,0.0,0.0,7.718,1.0,1.0,1415.3208193899698,1050.0,1415.3180193899698,1050.0,0.0005472964075621154,0.0
8070,1648879201000.0,0.0,0.0,0.1,7.798,0.0,0.0,7.697,1.0,1.0,1415.32576343997,1050.0,1415.31566343997,1050.0,0.00055096856154493,0.0
8071,1648882801000.0,0.0,0.0,0.2,7.5931999999999995,0.0,0.0,7.636,1.0,1.0,1415.3401724699695,1050.0,1415.3487324699695,1050.0,0.0010729858655462012,0.0
8072,1648886401000.0,0.0,0.0,0.2,7.5931999999999995,0.0,0.0,7.542,1.0,1.0,1415.3401724699695,1050.0,1415.3299324699694,1050.0,0.0010729858655462012,0.0
8073,1648890001000.0,0.0,0.0,0.2,7.5931999999999995,0.0,0.0,7.54,1.0,1.0,1415.3401724699695,1050.0,1415.3295324699695,1050.0,0.0010729858655462012,0.0
8074,1648893601000.0,0.0,0.0,0.2,7.5931999999999995,0.0,0.0,7.503,1.0,1.0,1415.3401724699695,1050.0,1415.3221324699696,1050.0,0.0010729858655462012,0.0
8075,1648897201000.0,0.0,0.0,0.5,7.48328,0.0,0.0,7.412,1.0,1.0,1415.3399501699696,1050.0,1415.3043101699695,1050.0,0.0026436334249949366,0.0
8076,1648900801000.0,0.0,0.0,0.5,7.48328,0.0,0.0,7.374,1.0,1.0,1415.3399501699696,1050.0,1415.2853101699695,1050.0,0.0026436334249949366,0.0
8077,1648904401000.0,0.0,0.0,0.1,7.478,0.0,0.0,7.408,1.0,1.0,1415.4013327999694,1050.0,1415.3943327999693,1050.0,0.0005283307162928059,0.0
8078,1648908001000.0,0.0,0.0,0.1,7.478,0.0,0.0,7.501,1.0,1.0,1415.4013327999694,1050.0,1415.4036327999695,1050.0,0.0005283307162928059,0.0
8079,1648911601000.0,0.0,0.0,0.1,7.53,0.0,0.0,7.483,1.0,1.0,1415.4060822299693,1050.0,1415.4013822299694,1050.0,0.0005320028007889087,0.0
8080,1648915201000.0,0.0,0.0,0.1,7.502,0.0,0.0,7.397,1.0,1.0,1415.4381970899694,1050.0,1415.4276970899693,1050.0,0.0005300125442017551,0.0
8081,1648918801000.0,0.0,0.0,0.1,7.553,0.0,0.0,7.426,1.0,1.0,1415.4429460499694,1050.0,1415.4302460499694,1050.0,0.0005336138783324268,0.0
8082,1648922401000.0,0.0,0.0,0.2,7.4625,0.0,0.0,7.459,1.0,1.0,1415.4428723299693,1050.0,1415.4421723299693,1050.0,0.0010544402951022578,0.0
8083,1648926001000.0,0.0,0.0,0.1,7.567,0.0,0.0,7.563,1.0,1.0,1415.4573955999695,1050.0,1415.4569955999696,1050.0,0.0005345975105660159,0.0
8084,1648929601000.0,0.0,0.0,0.2,7.5275,0.0,0.0,7.411,1.0,1.0,1415.4621688799693,1050.0,1415.4388688799693,1050.0,0.001063610199622132,0.0
8085,1648933201000.0,0.0,0.0,0.2,7.5275,0.0,0.0,7.368,1.0,1.0,1415.4621688799693,1050.0,1415.4302688799694,1050.0,0.001063610199622132,0.0
8086,1648936801000.0,0.0,0.0,0.2,7.5275,0.0,0.0,7.48,1.0,1.0,1415.4621688799693,1050.0,1415.4526688799695,1050.0,0.001063610199622132,0.0
8087,1648940401000.0,0.0,0.0,0.2,7.5275,0.0,0.0,7.426,1.0,1.0,1415.4621688799693,1050.0,1415.4418688799694,1050.0,0.001063610199622132,0.0
8088,1648944001000.0,0.0,0.0,2.8,7.209107142857144,0.0,0.0,7.197,1.0,1.0,1415.4603008799695,1050.0,1415.4264008799696,1050.0,0.014260731994709418,0.0
8089,1648947601000.0,0.0,0.0,1.0,7.209107142857144,0.0,0.0,7.263,1.0,1.0,1415.5452017628263,1050.0,1415.5990946199693,1050.0,0.00509281309694625,0.0
8090,1648951201000.0,0.0,0.0,0.9,7.209107142857144,0.0,0.0,7.192,1.0,1.0,1415.5499184785406,1050.0,1415.5345220499692,1050.0,0.004583516514588948,0.0
8091,1648954801000.0,0.0,0.0,0.9,7.209107142857144,0.0,0.0,7.155,1.0,1.0,1415.5499184785406,1050.0,1415.501222049969,1050.0,0.004583516514588948,0.0
8092,1648958401000.0,0.0,0.0,0.9,7.209107142857144,0.0,0.0,7.234,1.0,1.0,1415.5499184785406,1050.0,1415.5723220499692,1050.0,0.004583516514588948,0.0
8093,1648962001000.0,0.0,0.0,0.1,7.298,0.0,0.0,7.282,1.0,1.0,1415.6156935999702,1050.0,1415.6140935999701,1050.0,0.0005155353979893286,0.0
8094,1648965601000.0,0.0,0.0,0.1,7.298,0.0,0.0,7.31,1.0,1.0,1415.6156935999702,1050.0,1415.6168935999701,1050.0,0.0005155353979893286,0.0
8095,1648969201000.0,0.0,0.0,0.1,7.298,0.0,0.0,7.237,1.0,1.0,1415.6156935999702,1050.0,1415.6095935999701,1050.0,0.0005155353979893286,0.0
8096,1648972801000.0,0.0,0.0,0.2,7.2105,0.0,0.0,7.118,1.0,1.0,1415.6156223699702,1050.0,1415.5971223699703,1050.0,0.0010187087350630468,0.0
8097,1648976401000.0,0.0,0.0,0.5,7.1064,0.0,0.0,7.086,1.0,1.0,1415.6154112599702,1050.0,1415.6052112599702,1050.0,0.002510003756484588,0.0
8098,1648980001000.0,0.0,0.0,0.1,7.157,0.0,0.0,7.17,1.0,1.0,1415.6382820399704,1050.0,1415.6395820399703,1050.0,0.0005055670004689745,0.0
8099,1648983601000.0,0.0,0.0,0.1,7.157,0.0,0.0,7.153,1.0,1.0,1415.6382820399704,1050.0,1415.6378820399705,1050.0,0.0005055670004689745,0.0
8100,1648987201000.0,0.0,0.0,0.1,7.205,0.0,0.0,7.191,1.0,1.0,1415.6428379499703,1050.0,1415.6414379499702,1050.0,0.0005089560591733541,0.0
8101,1648990801000.0,0.0,0.0,0.1,7.205,0.0,0.0,7.206,1.0,1.0,1415.6428379499703,1050.0,1415.6429379499702,1050.0,0.0005089560591733541,0.0
8102,1648994401000.0,0.0,0.0,0.1,7.326,0.0,0.0,7.326,1.0,1.0,1415.6521461999703,1050.0,1415.6521461999703,1050.0,0.0005175000101306775,0.0
8103,1648998001000.0,0.0,0.0,0.1,7.464,0.0,0.0,7.456,1.0,1.0,1415.66154908997,1050.0,1415.66074908997,1050.0,0.00052724466556276,0.0
8104,1649001601000.0,0.0,0.0,0.5,7.268000000000001,0.0,0.0,7.203,1.0,1.0,1415.6612603299702,1050.0,1415.6287603299702,1050.0,0.002566998265639456,0.0
8105,1649005201000.0,0.0,0.0,1.2,7.1647500000000015,0.0,0.0,7.128,1.0,1.0,1415.6607639599702,1050.0,1415.61666395997,1050.0,0.00607327702997857,0.0
8106,1649008801000.0,0.0,0.0,1.2,7.1647500000000015,0.0,0.0,7.152,1.0,1.0,1415.6607639599702,1050.0,1415.6454639599701,1050.0,0.00607327702997857,0.0
8107,1649012401000.0,0.0,0.0,1.2,7.1647500000000015,0.0,0.0,7.189,1.0,1.0,1415.6607639599702,1050.0,1415.6898639599701,1050.0,0.00607327702997857,0.0
8108,1649016001000.0,0.0,0.0,0.1,7.253,0.0,0.0,7.211,1.0,1.0,1415.7594216999685,1050.0,1415.7552216999684,1050.0,0.0005123045546319575,0.0
8109,1649019601000.0,0.0,0.0,0.1,7.253,0.0,0.0,7.187,1.0,1.0,1415.7594216999685,1050.0,1415.7528216999685,1050.0,0.0005123045546319575,0.0
8110,1649023201000.0,0.0,0.0,0.1,7.334,0.0,0.0,7.266,1.0,1.0,1415.7640753499684,1050.0,1415.7572753499683,1050.0,0.0005180241629020768,0.0
8111,1649026801000.0,0.0,0.0,0.1,7.334,0.0,0.0,7.293,1.0,1.0,1415.7640753499684,1050.0,1415.7599753499683,1050.0,0.0005180241629020768,0.0
8112,1649030401000.0,0.0,0.0,0.1,7.334,0.0,0.0,7.314,1.0,1.0,1415.7640753499684,1050.0,1415.7620753499684,1050.0,0.0005180241629020768,0.0
8113,1649034001000.0,0.0,0.0,0.2,7.246,0.0,0.0,7.116,1.0,1.0,1415.7640037699684,1050.0,1415.7380037699684,1050.0,0.0010236169277796276,0.0
8114,1649037601000.0,0.0,0.0,0.2,7.246,0.0,0.0,7.2,1.0,1.0,1415.7640037699684,1050.0,1415.7548037699685,1050.0,0.0010236169277796276,0.0
8115,1649041201000.0,0.0,0.0,0.1,7.395,0.0,0.0,7.324,1.0,1.0,1415.782690139968,1050.0,1415.775590139968,1050.0,0.0005223259227211566,0.0
8116,1649044801000.0,0.0,0.0,0.2,7.3065,0.0,0.0,7.194,1.0,1.0,1415.782617959968,1050.0,1415.760117959968,1050.0,0.0010321499794266572,0.0
8117,1649048401000.0,0.0,0.0,0.2,7.3065,0.0,0.0,7.219,1.0,1.0,1415.782617959968,1050.0,1415.7651179599682,1050.0,0.0010321499794266572,0.0
8118,1649052001000.0,0.0,0.0,0.2,7.3065,0.0,0.0,7.293,1.0,1.0,1415.782617959968,1050.0,1415.779917959968,1050.0,0.0010321499794266572,0.0
8119,1649055601000.0,0.0,0.0,0.1,7.362,0.0,0.0,7.331,1.0,1.0,1415.7920972399681,1050.0,1415.7889972399682,1050.0,0.0005199916014753815,0.0
8120,1649059201000.0,0.0,0.0,0.1,7.362,0.0,0.0,7.346,1.0,1.0,1415.7920972399681,1050.0,1415.790497239968,1050.0,0.0005199916014753815,0.0
8121,1649062801000.0,0.0,0.0,0.1,7.362,0.0,0.0,7.268,1.0,1.0,1415.7920972399681,1050.0,1415.7826972399682,1050.0,0.0005199916014753815,0.0
8122,1649066401000.0,0.0,0.0,0.5,7.168800000000001,0.0,0.0,7.101,1.0,1.0,1415.7918124199682,1050.0,1415.7579124199683,1050.0,0.00253172815985798,0.0
8123,1649070001000.0,0.0,0.0,1.2,7.067416666666668,0.0,0.0,7.027,1.0,1.0,1415.7913227699682,1050.0,1415.7428227699681,1050.0,0.005990218942299551,0.0
8124,1649073601000.0,0.0,0.0,2.8,6.9671785714285726,0.0,0.0,6.998,1.0,1.0,1415.7902200499682,1050.0,1415.8765200499681,1050.0,0.013778948126447359,0.0
8125,1649077201000.0,0.0,0.0,0.2,6.9671785714285726,0.0,0.0,6.921,1.0,1.0,1415.964526684254,1050.0,1415.9552909699682,1050.0,0.0009840894231642266,0.0
8126,1649080801000.0,0.0,0.0,0.1,6.916,0.0,0.0,6.937,1.0,1.0,1415.9864722099678,1050.0,1415.9885722099677,1050.0,0.0004884227452544808,0.0
8127,1649084401000.0,0.0,0.0,0.1,6.916,0.0,0.0,6.839,1.0,1.0,1415.9864722099678,1050.0,1415.9787722099677,1050.0,0.0004884227452544808,0.0
8128,1649088001000.0,0.0,0.0,0.2,6.833,0.0,0.0,6.741,1.0,1.0,1415.986404709968,1050.0,1415.968004709968,1050.0,0.000965122260675883,0.0
8129,1649091601000.0,0.0,0.0,0.2,6.833,0.0,0.0,6.799,1.0,1.0,1415.986404709968,1050.0,1415.9796047099678,1050.0,0.000965122260675883,0.0
8130,1649095201000.0,0.0,0.0,0.5,6.7345999999999995,0.0,0.0,6.725,1.0,1.0,1415.986204639968,1050.0,1415.981404639968,1050.0,0.0023780598913787985,0.0
8131,1649098801000.0,0.0,0.0,0.1,6.834,0.0,0.0,6.846,1.0,1.0,1416.0123612999678,1050.0,1416.0135612999677,1050.0,0.0004826229054756314,0.0
8132,1649102401000.0,0.0,0.0,0.1,6.984,0.0,0.0,6.966,1.0,1.0,1416.0255453799678,1050.0,1416.0237453799677,1050.0,0.0004932114411909113,0.0
8133,1649106001000.0,0.0,0.0,0.1,7.031,0.0,0.0,7.006,1.0,1.0,1416.0300047699677,1050.0,1416.0275047699677,1050.0,0.0004965290266672123,0.0
8134,1649109601000.0,0.0,0.0,0.1,7.031,0.0,0.0,7.024,1.0,1.0,1416.0300047699677,1050.0,1416.0293047699677,1050.0,0.0004965290266672123,0.0
8135,1649113201000.0,0.0,0.0,0.1,7.031,0.0,0.0,7.007,1.0,1.0,1416.0300047699677,1050.0,1416.0276047699676,1050.0,0.0004965290266672123,0.0
8136,1649116801000.0,0.0,0.0,0.1,7.031,0.0,0.0,6.951,1.0,1.0,1416.0300047699677,1050.0,1416.0220047699677,1050.0,0.0004965290266672123,0.0
8137,1649120401000.0,0.0,0.0,0.2,6.9465,0.0,0.0,6.84,1.0,1.0,1416.0299361499676,1050.0,1416.0086361499675,1050.0,0.0009811233255261232,0.0
8138,1649124001000.0,0.0,0.0,0.2,6.9465,0.0,0.0,6.878,1.0,1.0,1416.0299361499676,1050.0,1416.0162361499677,1050.0,0.0009811233255261232,0.0
8139,1649127601000.0,0.0,0.0,0.2,6.9465,0.0,0.0,6.899,1.0,1.0,1416.0299361499676,1050.0,1416.0204361499677,1050.0,0.0009811233255261232,0.0
8140,1649131201000.0,0.0,0.0,0.2,6.9465,0.0,0.0,6.954,1.0,1.0,1416.0299361499676,1050.0,1416.0314361499677,1050.0,0.0009811233255261232,0.0
8141,1649134801000.0,0.0,0.0,0.2,6.9465,0.0,0.0,6.926,1.0,1.0,1416.0299361499676,1050.0,1416.0258361499675,1050.0,0.0009811233255261232,0.0
8142,1649138401000.0,0.0,0.0,0.2,6.9465,0.0,0.0,6.922,1.0,1.0,1416.0299361499676,1050.0,1416.0250361499677,1050.0,0.0009811233255261232,0.0
8143,1649142001000.0,0.0,0.0,0.2,6.9465,0.0,0.0,6.847,1.0,1.0,1416.0299361499676,1050.0,1416.0100361499676,1050.0,0.0009811233255261232,0.0
8144,1649145601000.0,0.0,0.0,0.2,6.9465,0.0,0.0,6.843,1.0,1.0,1416.0299361499676,1050.0,1416.0092361499676,1050.0,0.0009811233255261232,0.0
8145,1649149201000.0,0.0,0.0,0.5,6.846,0.0,0.0,6.792,1.0,1.0,1416.0297327799676,1050.0,1416.0027327799676,1050.0,0.0024173221230884205,0.0
8146,1649152801000.0,0.0,0.0,0.5,6.846,0.0,0.0,6.745,1.0,1.0,1416.0297327799676,1050.0,1415.9792327799676,1050.0,0.0024173221230884205,0.0
8147,1649156401000.0,0.0,0.0,0.5,6.846,0.0,0.0,6.794,1.0,1.0,1416.0297327799676,1050.0,1416.0037327799675,1050.0,0.0024173221230884205,0.0
8148,1649160001000.0,0.0,0.0,0.1,6.899,0.0,0.0,6.922,1.0,1.0,1416.0518192399677,1050.0,1416.0541192399678,1050.0,0.0004871996848041109,0.0
8149,1649163601000.0,0.0,0.0,0.1,6.948,0.0,0.0,6.881,1.0,1.0,1416.0562803099676,1050.0,1416.0495803099677,1050.0,0.0004906584643993894,0.0
8150,1649167201000.0,0.0,0.0,0.2,6.8645,0.0,0.0,6.802,1.0,1.0,1416.0562124999676,1050.0,1416.0437124999676,1050.0,0.0009695236586520971,0.0
8151,1649170801000.0,0.0,0.0,1.2,6.669416666666667,0.0,0.0,6.639,1.0,1.0,1416.0555494599678,1050.0,1416.0190494599678,1050.0,0.005651826302331266,0.0
8152,1649174401000.0,0.0,0.0,6.5,6.477615384615385,0.0,0.0,6.424,1.0,1.0,1416.0521393399679,1050.0,1415.7036393399678,1050.0,0.029733721541937864,0.0
8153,1649178001000.0,0.0,0.0,2.0,6.477615384615385,0.0,0.0,6.46,1.0,1.0,1416.2399361091982,1050.0,1416.2047053399674,1050.0,0.009147624240015688,0.0
8154,1649181601000.0,0.0,0.0,2.0,6.477615384615385,0.0,0.0,6.463,1.0,1.0,1416.2399361091982,1050.0,1416.2107053399675,1050.0,0.009147624240015688,0.0
8155,1649185201000.0,0.0,0.0,2.0,6.477615384615385,0.0,0.0,6.414,1.0,1.0,1416.2399361091982,1050.0,1416.1127053399675,1050.0,0.009147624240015688,0.0
8156,1649188801000.0,0.0,0.0,4.7,6.3830490998363345,0.0,0.0,6.317,1.0,1.0,1416.2382315991981,1050.0,1415.9278008299673,1050.0,0.021183110369330155,0.0
8157,1649192401000.0,0.0,0.0,11.0,6.282793706293708,0.0,0.0,6.199,1.0,1.0,1416.234320559198,1050.0,1415.3125897899672,1050.0,0.04879893797655074,0.0
8158,1649196001000.0,0.0,0.0,11.0,6.282793706293708,0.0,0.0,6.221,1.0,1.0,1416.234320559198,1050.0,1415.5545897899674,1050.0,0.04879893797655074,0.0
8159,1649199601000.0,0.0,0.0,11.0,6.282793706293708,0.0,0.0,6.189,1.0,1.0,1416.234320559198,1050.0,1415.2025897899673,1050.0,0.04879893797655074,0.0
8160,1649203201000.0,0.0,0.0,11.0,6.282793706293708,0.0,0.0,6.135,1.0,1.0,1416.234320559198,1050.0,1414.6085897899673,1050.0,0.04879893797655074,0.0
8161,1649206801000.0,0.0,0.0,70.9,6.001585765433439,0.0,0.0,5.913,1.0,1.0,1416.1986803891982,1050.0,1409.9179496199674,1050.0,0.3004609710922001,0.0
8162,1649210401000.0,0.0,0.0,70.9,6.001585765433439,0.0,0.0,5.988,1.0,1.0,1416.1986803891982,1050.0,1415.2354496199675,1050.0,0.3004609710922001,0.0
8163,1649214001000.0,0.0,0.0,70.9,6.001585765433439,0.0,0.0,5.97,1.0,1.0,1416.1986803891982,1050.0,1413.9592496199673,1050.0,0.3004609710922001,0.0
8164,1649217601000.0,0.0,0.0,70.9,6.001585765433439,0.0,0.0,5.946,1.0,1.0,1416.1986803891982,1050.0,1412.2576496199674,1050.0,0.3004609710922001,0.0
8165,1649221201000.0,0.0,0.0,70.9,6.001585765433439,0.0,0.0,5.918,1.0,1.0,1416.1986803891982,1050.0,1410.2724496199673,1050.0,0.3004609710922001,0.0
8166,1649224801000.0,0.0,0.0,70.9,6.001585765433439,0.0,0.0,6.013,1.0,1.0,1416.1986803891982,1050.0,1417.0079496199673,1050.0,0.3004609710922001,0.0
8167,1649228401000.0,0.0,0.0,49.6,6.001585765433439,0.0,0.0,6.094,1.0,1.0,1417.2182169654668,1050.0,1421.8019629999683,1050.0,0.21004433220092605,0.0
8168,1649232001000.0,0.0,0.0,3.0,6.001585765433439,0.0,0.0,6.056,1.0,1.0,1420.5512167762686,1050.0,1420.7144594799684,1050.0,0.012674486554000816,0.0
8169,1649235601000.0,0.0,0.0,0.2,6.0382928827167195,0.0,0.0,6.063,1.0,1.0,1420.6670050865105,1050.0,1420.671946509967,1050.0,0.0008500644923965167,0.0
8170,1649239201000.0,0.0,0.0,0.2,6.1012866103395895,0.0,0.0,6.121,1.0,1.0,1420.678637792035,1050.0,1420.6825804699672,1050.0,0.0008589256497615786,0.0
8171,1649242801000.0,0.0,0.0,0.2,6.1012866103395895,0.0,0.0,5.978,1.0,1.0,1420.678637792035,1050.0,1420.653980469967,1050.0,0.0008589256497615786,0.0
8172,1649246401000.0,0.0,0.0,1.2,5.928631101723266,0.0,0.0,5.843,1.0,1.0,1420.678048382035,1050.0,1420.5752910599672,1050.0,0.00500771960978086,0.0
8173,1649250001000.0,0.0,0.0,1.2,5.928631101723266,0.0,0.0,5.914,1.0,1.0,1420.678048382035,1050.0,1420.6604910599672,1050.0,0.00500771960978086,0.0
8174,1649253601000.0,0.0,0.0,6.5,5.75897804954891,0.0,0.0,5.637,1.0,1.0,1420.675016482035,1050.0,1419.8821591599672,1050.0,0.026348993885148168,0.0
8175,1649257201000.0,0.0,0.0,15.2,5.665694560662363,0.0,0.0,5.598,1.0,1.0,1420.6701479620351,1050.0,1419.6411906399671,1050.0,0.06061826346221592,0.0
8176,1649260801000.0,0.0,0.0,15.2,5.665694560662363,0.0,0.0,5.601,1.0,1.0,1420.6701479620351,1050.0,1419.6867906399673,1050.0,0.06061826346221592,0.0
8177,1649264401000.0,0.0,0.0,35.5,5.556077671044166,0.0,0.0,5.491,1.0,1.0,1420.659035742035,1050.0,1418.3487784199672,1050.0,0.13883750594599611,0.0
8178,1649268001000.0,0.0,0.0,35.5,5.556077671044166,0.0,0.0,5.513,1.0,1.0,1420.659035742035,1050.0,1419.1297784199671,1050.0,0.13883750594599611,0.0
8179,1649271601000.0,0.0,0.0,35.5,5.556077671044166,0.0,0.0,5.551,1.0,1.0,1420.659035742035,1050.0,1420.478778419967,1050.0,0.13883750594599611,0.0
8180,1649275201000.0,0.0,0.0,9.6,5.556077671044166,0.0,0.0,5.598,1.0,1.0,1421.6008381919917,1050.0,1422.0032925499677,1050.0,0.0375199171307892,0.0
8181,1649278801000.0,0.0,0.0,1.1,5.556077671044166,0.0,0.0,5.611,1.0,1.0,1422.098905038116,1050.0,1422.1593195999676,1050.0,0.004297651461861419,0.0
8182,1649282401000.0,0.0,0.0,0.4,5.556077671044166,0.0,0.0,5.566,1.0,1.0,1422.139357658386,1050.0,1422.1433265899682,1050.0,0.0015627378965708365,0.0
8183,1649286001000.0,0.0,0.0,0.4,5.556077671044166,0.0,0.0,5.453,1.0,1.0,1422.139357658386,1050.0,1422.0981265899684,1050.0,0.0015627378965708365,0.0
8184,1649289601000.0,0.0,0.0,0.9,5.48159007601963,0.0,0.0,5.379,1.0,1.0,1422.139086558386,1050.0,1422.0467554899683,1050.0,0.003469021500813047,0.0
8185,1649293201000.0,0.0,0.0,4.9,5.32657776906483,0.0,0.0,5.296,1.0,1.0,1422.136969878386,1050.0,1421.9871388099684,1050.0,0.018352825094371625,0.0
8186,1649296801000.0,0.0,0.0,0.2,5.32657776906483,0.0,0.0,5.439,1.0,1.0,1422.4430200137804,1050.0,1422.4655044599674,1050.0,0.0007489337279764256,0.0
8187,1649300401000.0,0.0,0.0,0.2,5.444661110566551,0.0,0.0,5.457,1.0,1.0,1422.4655010320807,1050.0,1422.4679688099675,1050.0,0.0007655245215600851,0.0
8188,1649304001000.0,0.0,0.0,0.2,5.444661110566551,0.0,0.0,5.422,1.0,1.0,1422.4655010320807,1050.0,1422.4609688099674,1050.0,0.0007655245215600851,0.0
8189,1649307601000.0,0.0,0.0,0.2,5.482915277641638,0.0,0.0,5.5,1.0,1.0,1422.4725322054958,1050.0,1422.4759491499674,1050.0,0.0007708992832558337,0.0
8190,1649311201000.0,0.0,0.0,0.2,5.55,0.0,0.0,5.52,1.0,1.0,1422.4825274699674,1050.0,1422.4765274699673,1050.0,0.000780325929186807,0.0
8191,1649314801000.0,0.0,0.0,0.2,5.569,0.0,0.0,5.575,1.0,1.0,1422.4861157199673,1050.0,1422.4873157199672,1050.0,0.0007829953401241243,0.0
8192,1649318401000.0,0.0,0.0,0.2,5.7060078125,0.0,0.0,5.716,1.0,1.0,1422.5113241824677,1050.0,1422.5133226199678,1050.0,0.00080224427257608,0.0
8193,1649322001000.0,0.0,0.0,0.2,5.7060078125,0.0,0.0,5.675,1.0,1.0,1422.5113241824677,1050.0,1422.5051226199676,1050.0,0.00080224427257608,0.0
8194,1649325601000.0,0.0,0.0,0.5,5.623803125,0.0,0.0,5.636,1.0,1.0,1422.5111571124676,1050.0,1422.5172555499676,1050.0,0.0019767167016164805,0.0
8195,1649329201000.0,0.0,0.0,0.3,5.623803125,0.0,0.0,5.62,1.0,1.0,1422.5184832674677,1050.0,1422.5173423299677,1050.0,0.0011860239127611933,0.0
8196,1649332801000.0,0.0,0.0,0.2,5.72124384765625,0.0,0.0,5.738,1.0,1.0,1422.540264449499,1050.0,1422.5436156799678,1050.0,0.0008043700400804167,0.0
8197,1649336401000.0,0.0,0.0,0.2,5.781655480957031,0.0,0.0,5.665,1.0,1.0,1422.5512999661591,1050.0,1422.5279688699677,1050.0,0.0008128572208390053,0.0
8198,1649340001000.0,0.0,0.0,0.2,5.7177310961914065,0.0,0.0,5.7,1.0,1.0,1422.5658589892064,1050.0,1422.562312769968,1050.0,0.0008038617066564634,0.0
8199,1649343601000.0,0.0,0.0,0.2,5.737365548095703,0.0,0.0,5.652,1.0,1.0,1422.5695707495872,1050.0,1422.5524976399681,1050.0,0.0008066200298481772,0.0
8200,1649347201000.0,0.0,0.0,0.2,5.745731357778708,0.0,0.0,5.748,1.0,1.0,1422.6492157915225,1050.0,1422.6496695199667,1050.0,0.0008077509612349441,0.0
8201,1649350801000.0,0.0,0.0,0.2,5.745731357778708,0.0,0.0,5.701,1.0,1.0,1422.6492157915225,1050.0,1422.6402695199668,1050.0,0.0008077509612349441,0.0
8202,1649354401000.0,0.0,0.0,0.2,5.745731357778708,0.0,0.0,5.706,1.0,1.0,1422.6492157915225,1050.0,1422.6412695199667,1050.0,0.0008077509612349441,0.0
8203,1649358001000.0,0.0,0.0,0.5,5.757999999999999,0.0,0.0,5.726,1.0,1.0,1422.659565629967,1050.0,1422.6435656299668,1050.0,0.002023674580731583,0.0
8204,1649361601000.0,0.0,0.0,0.5,5.757999999999999,0.0,0.0,5.645,1.0,1.0,1422.659565629967,1050.0,1422.603065629967,1050.0,0.002023674580731583,0.0
8205,1649365201000.0,0.0,0.0,0.5,5.757999999999999,0.0,0.0,5.695,1.0,1.0,1422.659565629967,1050.0,1422.6280656299668,1050.0,0.002023674580731583,0.0
8206,1649368801000.0,0.0,0.0,1.2,5.676333333333334,0.0,0.0,5.652,1.0,1.0,1422.6591723699669,1050.0,1422.629972369967,1050.0,0.004787935249911441,0.0
8207,1649372401000.0,0.0,0.0,1.2,5.676333333333334,0.0,0.0,5.704,1.0,1.0,1422.6591723699669,1050.0,1422.692372369967,1050.0,0.004787935249911441,0.0
8208,1649376001000.0,0.0,0.0,0.7,5.676333333333334,0.0,0.0,5.665,1.0,1.0,1422.6777200033,1050.0,1422.6697866699667,1050.0,0.0027929258169054035,0.0
8209,1649379601000.0,0.0,0.0,0.2,5.695666666666667,0.0,0.0,5.692,1.0,1.0,1422.7061193932998,1050.0,1422.7053860599665,1050.0,0.0008006807012393442,0.0
8210,1649383201000.0,0.0,0.0,0.2,5.735666666666667,0.0,0.0,5.734,1.0,1.0,1422.7133896233,1050.0,1422.7130562899665,1050.0,0.0008062996677335458,0.0
8211,1649386801000.0,0.0,0.0,0.2,5.735666666666667,0.0,0.0,5.71,1.0,1.0,1422.7133896233,1050.0,1422.7082562899666,1050.0,0.0008062996677335458,0.0
8212,1649390401000.0,0.0,0.0,0.2,5.735666666666667,0.0,0.0,5.711,1.0,1.0,1422.7133896233,1050.0,1422.7084562899665,1050.0,0.0008062996677335458,0.0
8213,1649394001000.0,0.0,0.0,0.5,5.653066666666667,0.0,0.0,5.646,1.0,1.0,1422.7132216833,1050.0,1422.7096883499667,1050.0,0.0019867203665887684,0.0
8214,1649397601000.0,0.0,0.0,0.5,5.653066666666667,0.0,0.0,5.644,1.0,1.0,1422.7132216833,1050.0,1422.7086883499667,1050.0,0.0019867203665887684,0.0
8215,1649401201000.0,0.0,0.0,0.5,5.653066666666667,0.0,0.0,5.658,1.0,1.0,1422.7132216833,1050.0,1422.7156883499665,1050.0,0.0019867203665887684,0.0
8216,1649404801000.0,0.0,0.0,0.2,5.672033333333333,0.0,0.0,5.652,1.0,1.0,1422.7277105066337,1050.0,1422.7237038399671,1050.0,0.0007973462935242221,0.0
8217,1649408401000.0,0.0,0.0,0.2,5.691516666666667,0.0,0.0,5.693,1.0,1.0,1422.7313929633003,1050.0,1422.731689629967,1050.0,0.0008000830929599768,0.0
8218,1649412001000.0,0.0,0.0,0.2,5.763064583333334,0.0,0.0,5.766,1.0,1.0,1422.7423570466335,1050.0,1422.7429441299669,1050.0,0.0008101346747413153,0.0
8219,1649415601000.0,0.0,0.0,0.2,5.763064583333334,0.0,0.0,5.66,1.0,1.0,1422.7423570466335,1050.0,1422.7217441299667,1050.0,0.0008101346747413153,0.0
8220,1649419201000.0,0.0,0.0,0.5,5.680225833333333,0.0,0.0,5.6,1.0,1.0,1422.7421882966335,1050.0,1422.7020753799668,1050.0,0.0019962245725397153,0.0
8221,1649422801000.0,0.0,0.0,0.5,5.680225833333333,0.0,0.0,5.579,1.0,1.0,1422.7421882966335,1050.0,1422.6915753799667,1050.0,0.0019962245725397153,0.0
8222,1649426401000.0,0.0,0.0,6.5,5.440263525641026,0.0,0.0,5.425,1.0,1.0,1422.7389361366334,1050.0,1422.6397232199668,1050.0,0.024854674331672814,0.0
8223,1649430001000.0,0.0,0.0,0.2,5.598785367588141,0.0,0.0,5.62,1.0,1.0,1423.1407465034836,1050.0,1423.144989429966,1050.0,0.0007868210338778935,0.0
8224,1649433601000.0,0.0,0.0,0.2,5.61789268379407,0.0,0.0,5.605,1.0,1.0,1423.1443552367248,1050.0,1423.141776699966,1050.0,0.0007895042640083541,0.0
8225,1649437201000.0,0.0,0.0,0.2,5.61789268379407,0.0,0.0,5.533,1.0,1.0,1423.1443552367248,1050.0,1423.127376699966,1050.0,0.0007895042640083541,0.0
8226,1649440801000.0,0.0,0.0,0.5,5.536957073517628,0.0,0.0,5.467,1.0,1.0,1423.1441907467247,1050.0,1423.1092122099658,1050.0,0.0019453253962314187,0.0
8227,1649444401000.0,0.0,0.0,1.1,5.458815447299012,0.0,0.0,5.481,1.0,1.0,1423.1473760419947,1050.0,1423.1717790499658,1050.0,0.004219307917869305,0.0
8228,1649448001000.0,0.0,0.0,0.2,5.477907723649506,0.0,0.0,5.429,1.0,1.0,1423.1829561246946,1050.0,1423.1731745799646,1050.0,0.0007698107541374391,0.0
8229,1649451601000.0,0.0,0.0,0.2,5.477907723649506,0.0,0.0,5.448,1.0,1.0,1423.1829561246946,1050.0,1423.1769745799647,1050.0,0.0007698107541374391,0.0
8230,1649455201000.0,0.0,0.0,0.2,5.477907723649506,0.0,0.0,5.368,1.0,1.0,1423.1829561246946,1050.0,1423.1609745799647,1050.0,0.0007698107541374391,0.0
8231,1649458801000.0,0.0,0.0,1.2,5.32248462060825,0.0,0.0,5.272,1.0,1.0,1423.1824269846948,1050.0,1423.1218454399648,1050.0,0.004487816476389493,0.0
8232,1649462401000.0,0.0,0.0,2.8,5.247350551689251,0.0,0.0,5.215,1.0,1.0,1423.1815964246948,1050.0,1423.0910148799649,1050.0,0.010323757404986464,0.0
8233,1649466001000.0,0.0,0.0,1.2,5.247350551689251,0.0,0.0,5.293,1.0,1.0,1423.236190421992,1050.0,1423.2909697599648,1050.0,0.004424297740883109,0.0
8234,1649469601000.0,0.0,0.0,0.3,5.247350551689251,0.0,0.0,5.297,1.0,1.0,1423.2871975154721,1050.0,1423.3020923499653,1050.0,0.0011060347962482551,0.0
8235,1649473201000.0,0.0,0.0,0.2,5.266675275844625,0.0,0.0,5.201,1.0,1.0,1423.2939689051339,1050.0,1423.280833849965,1050.0,0.0007400685158380885,0.0
8236,1649476801000.0,0.0,0.0,0.2,5.266675275844625,0.0,0.0,5.237,1.0,1.0,1423.2939689051339,1050.0,1423.288033849965,1050.0,0.0007400685158380885,0.0
8237,1649480401000.0,0.0,0.0,0.2,5.266675275844625,0.0,0.0,5.213,1.0,1.0,1423.2939689051339,1050.0,1423.283233849965,1050.0,0.0007400685158380885,0.0
8238,1649484001000.0,0.0,0.0,0.2,5.266675275844625,0.0,0.0,5.275,1.0,1.0,1423.2939689051339,1050.0,1423.2956338499648,1050.0,0.0007400685158380885,0.0
8239,1649487601000.0,0.0,0.0,0.2,5.284837637922312,0.0,0.0,5.249,1.0,1.0,1423.2973953275496,1050.0,1423.2902277999651,1050.0,0.0007426188869974134,0.0
8240,1649491201000.0,0.0,0.0,0.2,5.284837637922312,0.0,0.0,5.212,1.0,1.0,1423.2973953275496,1050.0,1423.2828277999652,1050.0,0.0007426188869974134,0.0
8241,1649494801000.0,0.0,0.0,0.2,5.284837637922312,0.0,0.0,5.203,1.0,1.0,1423.2973953275496,1050.0,1423.2810277999652,1050.0,0.0007426188869974134,0.0
8242,1649498401000.0,0.0,0.0,0.5,5.208735055168924,0.0,0.0,5.192,1.0,1.0,1423.2972405875496,1050.0,1423.2888730599652,1050.0,0.0018298128130350034,0.0
8243,1649502001000.0,0.0,0.0,0.5,5.208735055168924,0.0,0.0,5.193,1.0,1.0,1423.2972405875496,1050.0,1423.289373059965,1050.0,0.0018298128130350034,0.0
8244,1649505601000.0,0.0,0.0,0.2,5.3192458602370145,0.0,0.0,5.296,1.0,1.0,1423.3277300520122,1050.0,1423.3230808799647,1050.0,0.0007474379579526123,0.0
8245,1649509201000.0,0.0,0.0,0.2,5.3192458602370145,0.0,0.0,5.303,1.0,1.0,1423.3277300520122,1050.0,1423.3244808799648,1050.0,0.0007474379579526123,0.0
8246,1649512801000.0,0.0,0.0,0.2,5.3192458602370145,0.0,0.0,5.333,1.0,1.0,1423.3277300520122,1050.0,1423.3304808799649,1050.0,0.0007474379579526123,0.0
8247,1649516401000.0,0.0,0.0,0.2,5.338122930118507,0.0,0.0,5.322,1.0,1.0,1423.3310983559884,1050.0,1423.3278737699648,1050.0,0.0007500887089847584,0.0
8248,1649520001000.0,0.0,0.0,0.2,5.338122930118507,0.0,0.0,5.234,1.0,1.0,1423.3310983559884,1050.0,1423.3102737699646,1050.0,0.0007500887089847584,0.0
8249,1649523601000.0,0.0,0.0,0.2,5.338122930118507,0.0,0.0,5.245,1.0,1.0,1423.3310983559884,1050.0,1423.3124737699648,1050.0,0.0007500887089847584,0.0
8250,1649527201000.0,0.0,0.0,0.2,5.338122930118507,0.0,0.0,5.304,1.0,1.0,1423.3310983559884,1050.0,1423.3242737699647,1050.0,0.0007500887089847584,0.0
8251,1649530801000.0,0.0,0.0,0.2,5.338122930118507,0.0,0.0,5.275,1.0,1.0,1423.3310983559884,1050.0,1423.3184737699646,1050.0,0.0007500887089847584,0.0
8252,1649534401000.0,0.0,0.0,0.2,5.338122930118507,0.0,0.0,5.28,1.0,1.0,1423.3310983559884,1050.0,1423.3194737699646,1050.0,0.0007500887089847584,0.0
8253,1649538001000.0,0.0,0.0,0.2,5.338122930118507,0.0,0.0,5.258,1.0,1.0,1423.3310983559884,1050.0,1423.3150737699648,1050.0,0.0007500887089847584,0.0
8254,1649541601000.0,0.0,0.0,0.2,5.338122930118507,0.0,0.0,5.299,1.0,1.0,1423.3310983559884,1050.0,1423.3232737699648,1050.0,0.0007500887089847584,0.0
8255,1649545201000.0,0.0,0.0,0.2,5.338122930118507,0.0,0.0,5.334,1.0,1.0,1423.3310983559884,1050.0,1423.3302737699646,1050.0,0.0007500887089847584,0.0
8256,1649548801000.0,0.0,0.0,0.2,5.394640366264813,0.0,0.0,5.407,1.0,1.0,1423.3413782332175,1050.0,1423.3438501599646,1050.0,0.0007580248068051164,0.0
8257,1649552401000.0,0.0,0.0,0.2,5.394640366264813,0.0,0.0,5.335,1.0,1.0,1423.3413782332175,1050.0,1423.3294501599646,1050.0,0.0007580248068051164,0.0
8258,1649556001000.0,0.0,0.0,0.2,5.394640366264813,0.0,0.0,5.384,1.0,1.0,1423.3413782332175,1050.0,1423.3392501599644,1050.0,0.0007580248068051164,0.0
8259,1649559601000.0,0.0,0.0,0.2,5.394640366264813,0.0,0.0,5.417,1.0,1.0,1423.3413782332175,1050.0,1423.3458501599646,1050.0,0.0007580248068051164,0.0
8260,1649563201000.0,0.0,0.0,0.2,5.394640366264813,0.0,0.0,5.383,1.0,1.0,1423.3413782332175,1050.0,1423.3390501599645,1050.0,0.0007580248068051164,0.0
8261,1649566801000.0,0.0,0.0,0.2,5.394640366264813,0.0,0.0,5.321,1.0,1.0,1423.3413782332175,1050.0,1423.3266501599646,1050.0,0.0007580248068051164,0.0
8262,1649570401000.0,0.0,0.0,0.2,5.394640366264813,0.0,0.0,5.297,1.0,1.0,1423.3413782332175,1050.0,1423.3218501599645,1050.0,0.0007580248068051164,0.0
8263,1649574001000.0,0.0,0.0,0.2,5.394640366264813,0.0,0.0,5.299,1.0,1.0,1423.3413782332175,1050.0,1423.3222501599646,1050.0,0.0007580248068051164,0.0
8264,1649577601000.0,0.0,0.0,0.5,5.316856146505925,0.0,0.0,5.282,1.0,1.0,1423.3412202832176,1050.0,1423.3237922099647,1050.0,0.0018677377113577771,0.0
8265,1649581201000.0,0.0,0.0,0.5,5.316856146505925,0.0,0.0,5.289,1.0,1.0,1423.3412202832176,1050.0,1423.3272922099645,1050.0,0.0018677377113577771,0.0
8266,1649584801000.0,0.0,0.0,0.5,5.316856146505925,0.0,0.0,5.264,1.0,1.0,1423.3412202832176,1050.0,1423.3147922099647,1050.0,0.0018677377113577771,0.0
8267,1649588401000.0,0.0,0.0,0.5,5.316856146505925,0.0,0.0,5.238,1.0,1.0,1423.3412202832176,1050.0,1423.3017922099646,1050.0,0.0018677377113577771,0.0
8268,1649592001000.0,0.0,0.0,0.5,5.316856146505925,0.0,0.0,5.257,1.0,1.0,1423.3412202832176,1050.0,1423.3112922099647,1050.0,0.0018677377113577771,0.0
8269,1649595601000.0,0.0,0.0,0.5,5.316856146505925,0.0,0.0,5.209,1.0,1.0,1423.3412202832176,1050.0,1423.2872922099646,1050.0,0.0018677377113577771,0.0
8270,1649599201000.0,0.0,0.0,1.2,5.241690061044135,0.0,0.0,5.151,1.0,1.0,1423.3408571232176,1050.0,1423.2320290499647,1050.0,0.004419200110622862,0.0
8271,1649602801000.0,0.0,0.0,1.2,5.241690061044135,0.0,0.0,5.166,1.0,1.0,1423.3408571232176,1050.0,1423.2500290499647,1050.0,0.004419200110622862,0.0
8272,1649606401000.0,0.0,0.0,1.2,5.241690061044135,0.0,0.0,5.178,1.0,1.0,1423.3408571232176,1050.0,1423.2644290499645,1050.0,0.004419200110622862,0.0
8273,1649610001000.0,0.0,0.0,1.2,5.241690061044135,0.0,0.0,5.217,1.0,1.0,1423.3408571232176,1050.0,1423.3112290499646,1050.0,0.004419200110622862,0.0
8274,1649613601000.0,0.0,0.0,0.2,5.259345030522068,0.0,0.0,5.246,1.0,1.0,1423.3779649260687,1050.0,1423.3752959199642,1050.0,0.0007389948643465535,0.0
8275,1649617201000.0,0.0,0.0,0.2,5.259345030522068,0.0,0.0,5.28,1.0,1.0,1423.3779649260687,1050.0,1423.3820959199643,1050.0,0.0007389948643465535,0.0
8276,1649620801000.0,0.0,0.0,0.2,5.259345030522068,0.0,0.0,5.269,1.0,1.0,1423.3779649260687,1050.0,1423.3798959199642,1050.0,0.0007389948643465535,0.0
8277,1649624401000.0,0.0,0.0,0.2,5.277172515261034,0.0,0.0,5.259,1.0,1.0,1423.3813245330164,1050.0,1423.3776900299642,1050.0,0.0007414980686208415,0.0
8278,1649628001000.0,0.0,0.0,0.2,5.277172515261034,0.0,0.0,5.214,1.0,1.0,1423.3813245330164,1050.0,1423.3686900299642,1050.0,0.0007414980686208415,0.0
8279,1649631601000.0,0.0,0.0,1.2,5.127445419210173,0.0,0.0,5.106,1.0,1.0,1423.3808147830164,1050.0,1423.355080279964,1050.0,0.004322760598673782,0.0
8280,1649635201000.0,0.0,0.0,1.2,5.127445419210173,0.0,0.0,5.076,1.0,1.0,1423.3808147830164,1050.0,1423.319080279964,1050.0,0.004322760598673782,0.0
8281,1649638801000.0,0.0,0.0,1.2,5.127445419210173,0.0,0.0,5.079,1.0,1.0,1423.3808147830164,1050.0,1423.322680279964,1050.0,0.004322760598673782,0.0
8282,1649642401000.0,0.0,0.0,1.2,5.127445419210173,0.0,0.0,5.062,1.0,1.0,1423.3808147830164,1050.0,1423.3022802799642,1050.0,0.004322760598673782,0.0
8283,1649646001000.0,0.0,0.0,6.5,4.981651462008033,0.0,0.0,4.953,1.0,1.0,1423.3781920030165,1050.0,1423.1919574999642,1050.0,0.022749213585663532,0.0
8284,1649649601000.0,0.0,0.0,6.5,4.981651462008033,0.0,0.0,4.947,1.0,1.0,1423.3781920030165,1050.0,1423.1529574999643,1050.0,0.022749213585663532,0.0
8285,1649653201000.0,0.0,0.0,6.5,4.981651462008033,0.0,0.0,4.975,1.0,1.0,1423.3781920030165,1050.0,1423.3349574999643,1050.0,0.022749213585663532,0.0
8286,1649656801000.0,0.0,0.0,6.5,4.981651462008033,0.0,0.0,4.939,1.0,1.0,1423.3781920030165,1050.0,1423.1009574999644,1050.0,0.022749213585663532,0.0
8287,1649660401000.0,0.0,0.0,6.5,4.981651462008033,0.0,0.0,4.979,1.0,1.0,1423.3781920030165,1050.0,1423.3609574999643,1050.0,0.022749213585663532,0.0
8288,1649664001000.0,0.0,0.0,6.5,4.981651462008033,0.0,0.0,5.008,1.0,1.0,1423.3781920030165,1050.0,1423.5494574999643,1050.0,0.022749213585663532,0.0
8289,1649667601000.0,0.0,0.0,5.0,4.981651462008033,0.0,0.0,4.992,1.0,1.0,1423.4274625600044,1050.0,1423.4792052499643,1050.0,0.017498789341357224,0.0
8290,1649671201000.0,0.0,0.0,27.3,4.8193354326022035,0.0,0.0,4.727,1.0,1.0,1423.4167966000043,1050.0,1420.8960392899642,1050.0,0.09243101361758917,0.0
8291,1649674801000.0,0.0,0.0,27.3,4.8193354326022035,0.0,0.0,4.776,1.0,1.0,1423.4167966000043,1050.0,1422.2337392899642,1050.0,0.09243101361758917,0.0
8292,1649678401000.0,0.0,0.0,27.3,4.8193354326022035,0.0,0.0,4.675,1.0,1.0,1423.4167966000043,1050.0,1419.4764392899642,1050.0,0.09243101361758917,0.0
8293,1649682001000.0,0.0,0.0,27.3,4.8193354326022035,0.0,0.0,4.668,1.0,1.0,1423.4167966000043,1050.0,1419.2853392899642,1050.0,0.09243101361758917,0.0
8294,1649685601000.0,0.0,0.0,91.2,4.687374531908334,0.0,0.0,4.667,1.0,1.0,1423.3872045300043,1050.0,1421.5290472199642,1050.0,0.3003318815495428,0.0
8295,1649689201000.0,0.0,0.0,91.2,4.687374531908334,0.0,0.0,4.617,1.0,1.0,1423.3872045300043,1050.0,1416.9690472199643,1050.0,0.3003318815495428,0.0
8296,1649692801000.0,0.0,0.0,91.2,4.687374531908334,0.0,0.0,4.545,1.0,1.0,1423.3872045300043,1050.0,1410.4026472199641,1050.0,0.3003318815495428,0.0
8297,1649696401000.0,0.0,0.0,91.2,4.687374531908334,0.0,0.0,4.606,1.0,1.0,1423.3872045300043,1050.0,1415.9658472199642,1050.0,0.3003318815495428,0.0
8298,1649700001000.0,0.0,0.0,91.2,4.687374531908334,0.0,0.0,4.62,1.0,1.0,1423.3872045300043,1050.0,1417.2426472199643,1050.0,0.3003318815495428,0.0
8299,1649703601000.0,0.0,0.0,91.2,4.687374531908334,0.0,0.0,4.642,1.0,1.0,1423.3872045300043,1050.0,1419.2490472199643,1050.0,0.3003318815495428,0.0
8300,1649707201000.0,0.0,0.0,91.2,4.687374531908334,0.0,0.0,4.578,1.0,1.0,1423.3872045300043,1050.0,1413.4122472199642,1050.0,0.3003318815495428,0.0
8301,1649710801000.0,0.0,0.0,91.2,4.687374531908334,0.0,0.0,4.554,1.0,1.0,1423.3872045300043,1050.0,1411.223447219964,1050.0,0.3003318815495428,0.0
8302,1649714401000.0,0.0,0.0,91.2,4.687374531908334,0.0,0.0,4.478,1.0,1.0,1423.3872045300043,1050.0,1404.292247219964,1050.0,0.3003318815495428,0.0
8303,1649718001000.0,0.0,0.0,91.2,4.687374531908334,0.0,0.0,4.517,1.0,1.0,1423.3872045300043,1050.0,1407.8490472199642,1050.0,0.3003318815495428,0.0
8304,1649721601000.0,0.0,0.0,91.2,4.687374531908334,0.0,0.0,4.499,1.0,1.0,1423.3872045300043,1050.0,1406.2074472199643,1050.0,0.3003318815495428,0.0
8305,1649725201000.0,0.0,0.0,84.8,4.687374531908334,0.0,0.0,4.588,1.0,1.0,1422.553890645791,1050.0,1414.1269303399642,1050.0,0.2794195446088725,0.0
8306,1649728801000.0,0.0,0.0,84.8,4.687374531908334,0.0,0.0,4.582,1.0,1.0,1422.553890645791,1050.0,1413.6181303399642,1050.0,0.2794195446088725,0.0
8307,1649732401000.0,0.0,0.0,91.4,4.6777457363876005,0.0,0.0,4.541,1.0,1.0,1422.5508849857908,1050.0,1410.0523246799642,1050.0,0.3005487992157815,0.0
8308,1649736001000.0,0.0,0.0,85.0,4.6777457363876005,0.0,0.0,4.567,1.0,1.0,1421.7906942429104,1050.0,1412.3773066499643,1050.0,0.27965324938680136,0.0
8309,1649739601000.0,0.0,0.0,85.0,4.6777457363876005,0.0,0.0,4.608,1.0,1.0,1421.7906942429104,1050.0,1415.8623066499642,1050.0,0.27965324938680136,0.0
8310,1649743201000.0,0.0,0.0,85.0,4.6777457363876005,0.0,0.0,4.683,1.0,1.0,1421.7906942429104,1050.0,1422.2373066499642,1050.0,0.27965324938680136,0.0
8311,1649746801000.0,0.0,0.0,9.6,4.6777457363876005,0.0,0.0,4.721,1.0,1.0,1425.5266183592848,1050.0,1425.941859289964,1050.0,0.03150159280856229,0.0
8312,1649750401000.0,0.0,0.0,0.7,4.6777457363876005,0.0,0.0,4.762,1.0,1.0,1426.051665185435,1050.0,1426.1106431699636,1050.0,0.0022961454310601952,0.0
8313,1649754001000.0,0.0,0.0,0.2,4.800746027131057,0.0,0.0,4.808,1.0,1.0,1426.1158807653887,1050.0,1426.1173315599626,1050.0,0.0006732617022053667,0.0
8314,1649757601000.0,0.0,0.0,0.2,4.800746027131057,0.0,0.0,4.777,1.0,1.0,1426.1158807653887,1050.0,1426.1111315599626,1050.0,0.0006732617022053667,0.0
8315,1649761201000.0,0.0,0.0,0.2,4.800746027131057,0.0,0.0,4.791,1.0,1.0,1426.1158807653887,1050.0,1426.1139315599626,1050.0,0.0006732617022053667,0.0
8316,1649764801000.0,0.0,0.0,0.2,4.902167906673922,0.0,0.0,4.902,1.0,1.0,1426.1346800112972,1050.0,1426.1346464299625,1050.0,0.0006874761514999537,0.0
8317,1649768401000.0,0.0,0.0,0.2,4.95377098833424,0.0,0.0,4.971,1.0,1.0,1426.1442034576294,1050.0,1426.1476492599625,1050.0,0.0006947082877487453,0.0
8318,1649772001000.0,0.0,0.0,0.2,5.024485686770889,0.0,0.0,5.034,1.0,1.0,1426.1570452673168,1050.0,1426.1589481299627,1050.0,0.0007046188501392015,0.0
8319,1649775601000.0,0.0,0.0,1.2,4.899123807230907,0.0,0.0,4.844,1.0,1.0,1426.1598084686398,1050.0,1426.0936598999626,1050.0,0.004122222862941073,0.0
8320,1649779201000.0,0.0,0.0,0.2,5.066,0.0,0.0,5.015,1.0,1.0,1426.238162779963,1050.0,1426.227962779963,1050.0,0.0007104002868813394,0.0
8321,1649782801000.0,0.0,0.0,0.5,4.9928,0.0,0.0,4.898,1.0,1.0,1426.2380144599629,1050.0,1426.190614459963,1050.0,0.0017503389859828185,0.0
8322,1649786401000.0,0.0,0.0,0.5,4.9928,0.0,0.0,4.915,1.0,1.0,1426.2380144599629,1050.0,1426.1991144599629,1050.0,0.0017503389859828185,0.0
8323,1649790001000.0,0.0,0.0,6.5,4.782415384615385,0.0,0.0,4.72,1.0,1.0,1426.2351555299629,1050.0,1425.8294555299628,1050.0,0.021795634387128206,0.0
8324,1649793601000.0,0.0,0.0,6.2,4.707197368421053,0.0,0.0,4.704,1.0,1.0,1426.5040686441732,1050.0,1426.4842449599628,1050.0,0.02045884363438877,0.0
8325,1649797201000.0,0.0,0.0,0.2,4.781899671052631,0.0,0.0,4.797,1.0,1.0,1426.9368710341714,1050.0,1426.939891099961,1050.0,0.0006702328278316831,0.0
8326,1649800801000.0,0.0,0.0,0.2,4.887670307360198,0.0,0.0,4.872,1.0,1.0,1426.9555421714329,1050.0,1426.9524081099607,1050.0,0.0006850487156625092,0.0
8327,1649804401000.0,0.0,0.0,0.2,4.887670307360198,0.0,0.0,4.854,1.0,1.0,1426.9555421714329,1050.0,1426.9488081099607,1050.0,0.0006850487156625092,0.0
8328,1649808001000.0,0.0,0.0,0.2,4.9695,0.0,0.0,4.95,1.0,1.0,1426.9677106799609,1050.0,1426.963810679961,1050.0,0.0006965119060237173,0.0
8329,1649811601000.0,0.0,0.0,0.5,4.981400000000001,0.0,0.0,4.925,1.0,1.0,1426.979860879961,1050.0,1426.951660879961,1050.0,0.0017454345841041415,0.0
8330,1649815201000.0,0.0,0.0,0.5,4.981400000000001,0.0,0.0,4.935,1.0,1.0,1426.979860879961,1050.0,1426.956660879961,1050.0,0.0017454345841041415,0.0
8331,1649818801000.0,0.0,0.0,0.5,4.981400000000001,0.0,0.0,4.944,1.0,1.0,1426.979860879961,1050.0,1426.961160879961,1050.0,0.0017454345841041415,0.0
8332,1649822401000.0,0.0,0.0,0.5,4.981400000000001,0.0,0.0,4.959,1.0,1.0,1426.979860879961,1050.0,1426.9686608799611,1050.0,0.0017454345841041415,0.0
8333,1649826001000.0,0.0,0.0,0.3,4.981400000000001,0.0,0.0,5.008,1.0,1.0,1426.986280599961,1050.0,1426.994260599961,1050.0,0.0010472560390501354,0.0
8334,1649829601000.0,0.0,0.0,0.2,5.022600000000001,0.0,0.0,4.984,1.0,1.0,1426.9958293899608,1050.0,1426.9881093899608,1050.0,0.0007039403895310832,0.0
8335,1649833201000.0,0.0,0.0,0.5,4.95024,0.0,0.0,4.892,1.0,1.0,1426.9956823299608,1050.0,1426.9665623299609,1050.0,0.0017344971891987014,0.0
8336,1649836801000.0,0.0,0.0,0.5,4.95024,0.0,0.0,4.919,1.0,1.0,1426.9956823299608,1050.0,1426.980062329961,1050.0,0.0017344971891987014,0.0
8337,1649840401000.0,0.0,0.0,0.5,4.95024,0.0,0.0,4.911,1.0,1.0,1426.9956823299608,1050.0,1426.9760623299608,1050.0,0.0017344971891987014,0.0
8338,1649844001000.0,0.0,0.0,0.5,4.95024,0.0,0.0,4.884,1.0,1.0,1426.9956823299608,1050.0,1426.9625623299607,1050.0,0.0017344971891987014,0.0
8339,1649847601000.0,0.0,0.0,0.2,4.94,0.0,0.0,4.937,1.0,1.0,1427.0490343799595,1050.0,1427.0484343799594,1050.0,0.0006923378077399265,0.0
8340,1649851201000.0,0.0,0.0,0.5,5.0352,0.0,0.0,4.939,1.0,1.0,1427.0742790099598,1050.0,1427.0261790099598,1050.0,0.0017641688572416832,0.0
8341,1649854801000.0,0.0,0.0,1.2,4.963916666666667,0.0,0.0,4.889,1.0,1.0,1427.0739350999597,1050.0,1426.9840350999598,1050.0,0.004174065445027389,0.0
8342,1649858401000.0,0.0,0.0,0.2,5.016489583333334,0.0,0.0,5.041,1.0,1.0,1427.1188321266263,1050.0,1427.1237342099596,1050.0,0.0007030233881586431,0.0
8343,1649862001000.0,0.0,0.0,0.2,5.072061197916667,0.0,0.0,5.062,1.0,1.0,1427.1286422295432,1050.0,1427.1266299899598,1050.0,0.0007108064469917441,0.0
8344,1649865601000.0,0.0,0.0,0.2,5.107515299479166,0.0,0.0,5.099,1.0,1.0,1427.1352284198556,1050.0,1427.1335253599598,1050.0,0.0007157717359600575,0.0
8345,1649869201000.0,0.0,0.0,0.2,5.161189412434896,0.0,0.0,5.157,1.0,1.0,1427.1450536424463,1050.0,1427.1442157599593,1050.0,0.0007232886943429045,0.0
8346,1649872801000.0,0.0,0.0,0.2,5.161189412434896,0.0,0.0,5.146,1.0,1.0,1427.1450536424463,1050.0,1427.1420157599593,1050.0,0.0007232886943429045,0.0
8347,1649876401000.0,0.0,0.0,0.2,5.161189412434896,0.0,0.0,5.109,1.0,1.0,1427.1450536424463,1050.0,1427.1346157599594,1050.0,0.0007232886943429045,0.0
8348,1649880001000.0,0.0,0.0,0.5,5.0866757649739585,0.0,0.0,5.07,1.0,1.0,1427.1449025324464,1050.0,1427.1365646499594,1050.0,0.0017821160822379463,0.0
8349,1649883601000.0,0.0,0.0,0.5,5.0866757649739585,0.0,0.0,5.065,1.0,1.0,1427.1449025324464,1050.0,1427.1340646499593,1050.0,0.0017821160822379463,0.0
8350,1649887201000.0,0.0,0.0,0.5,5.0866757649739585,0.0,0.0,5.088,1.0,1.0,1427.1449025324464,1050.0,1427.1455646499594,1050.0,0.0017821160822379463,0.0
8351,1649890801000.0,0.0,0.0,0.4,5.0866757649739585,0.0,0.0,5.104,1.0,1.0,1427.148183755949,1050.0,1427.1551134499596,1050.0,0.0014256895879128447,0.0
8352,1649894401000.0,0.0,0.0,0.2,5.156667235310873,0.0,0.0,5.149,1.0,1.0,1427.167832707022,1050.0,1427.1662992599597,1050.0,0.000722643422466973,0.0
8353,1649898001000.0,0.0,0.0,0.2,5.156667235310873,0.0,0.0,5.158,1.0,1.0,1427.167832707022,1050.0,1427.1680992599597,1050.0,0.000722643422466973,0.0
8354,1649901601000.0,0.0,0.0,0.2,5.256,0.0,0.0,5.261,1.0,1.0,1427.1806858499597,1050.0,1427.1816858499596,1050.0,0.0007365570529522381,0.0
8355,1649905201000.0,0.0,0.0,0.2,5.274,0.0,0.0,5.273,1.0,1.0,1427.1840800199598,1050.0,1427.1838800199598,1050.0,0.0007390777509130063,0.0
8356,1649908801000.0,0.0,0.0,0.2,5.274,0.0,0.0,5.237,1.0,1.0,1427.1840800199598,1050.0,1427.1766800199598,1050.0,0.0007390777509130063,0.0
8357,1649912401000.0,0.0,0.0,0.2,5.274,0.0,0.0,5.229,1.0,1.0,1427.1840800199598,1050.0,1427.1750800199598,1050.0,0.0007390777509130063,0.0
8358,1649916001000.0,0.0,0.0,0.2,5.274,0.0,0.0,5.296,1.0,1.0,1427.1840800199598,1050.0,1427.1884800199598,1050.0,0.0007390777509130063,0.0
8359,1649919601000.0,0.0,0.0,0.2,5.292,0.0,0.0,5.314,1.0,1.0,1427.1874738299598,1050.0,1427.1918738299598,1050.0,0.0007415984370712754,0.0
8360,1649923201000.0,0.0,0.0,0.2,5.55528125,0.0,0.0,5.566,1.0,1.0,1427.23202187996,1050.0,1427.23416562996,1050.0,0.0007784692558512728,0.0
8361,1649926801000.0,0.0,0.0,0.2,5.578640625,0.0,0.0,5.564,1.0,1.0,1427.23558181496,1050.0,1427.23265368996,1050.0,0.0007817406875332888,0.0
8362,1649930401000.0,0.0,0.0,0.2,5.49845625,0.0,0.0,5.477,1.0,1.0,1427.24621553996,1050.0,1427.24192428996,1050.0,0.0007704986273752083,0.0
8363,1649934001000.0,0.0,0.0,0.2,5.49845625,0.0,0.0,5.445,1.0,1.0,1427.24621553996,1050.0,1427.23552428996,1050.0,0.0007704986273752083,0.0
8364,1649937601000.0,0.0,0.0,0.2,5.49845625,0.0,0.0,5.415,1.0,1.0,1427.24621553996,1050.0,1427.2295242899602,1050.0,0.0007704986273752083,0.0
8365,1649941201000.0,0.0,0.0,0.2,5.49845625,0.0,0.0,5.475,1.0,1.0,1427.24621553996,1050.0,1427.2415242899601,1050.0,0.0007704986273752083,0.0
8366,1649944801000.0,0.0,0.0,0.5,5.4189825,0.0,0.0,5.408,1.0,1.0,1427.2460545599602,1050.0,1427.2405633099602,1050.0,0.001898405142787642,0.0
8367,1649948401000.0,0.0,0.0,0.2,5.457705501302083,0.0,0.0,5.423,1.0,1.0,1427.3065520602213,1050.0,1427.2996109599608,1050.0,0.000764755895420539,0.0
8368,1649952001000.0,0.0,0.0,1.2,5.303284250217015,0.0,0.0,5.212,1.0,1.0,1427.3060248202212,1050.0,1427.1964837199607,1050.0,0.004458708216454141,0.0
8369,1649955601000.0,0.0,0.0,2.8,5.228836107235864,0.0,0.0,5.173,1.0,1.0,1427.3051971402213,1050.0,1427.148856039961,1050.0,0.010257610726560035,0.0
8370,1649959201000.0,0.0,0.0,1.8,5.228836107235864,0.0,0.0,5.265,1.0,1.0,1427.3388347329849,1050.0,1427.4039297399604,1050.0,0.006594022921533735,0.0
8371,1649962801000.0,0.0,0.0,0.2,5.264209026808966,0.0,0.0,5.181,1.0,1.0,1427.428315665323,1050.0,1427.4116738599612,1050.0,0.0007375794593727563,0.0
8372,1649966401000.0,0.0,0.0,0.2,5.264209026808966,0.0,0.0,5.238,1.0,1.0,1427.428315665323,1050.0,1427.4230738599613,1050.0,0.0007375794593727563,0.0
8373,1649970001000.0,0.0,0.0,0.2,5.264209026808966,0.0,0.0,5.207,1.0,1.0,1427.428315665323,1050.0,1427.4168738599612,1050.0,0.0007375794593727563,0.0
8374,1649973601000.0,0.0,0.0,0.2,5.264209026808966,0.0,0.0,5.197,1.0,1.0,1427.428315665323,1050.0,1427.4148738599613,1050.0,0.0007375794593727563,0.0
8375,1649977201000.0,0.0,0.0,0.2,5.264209026808966,0.0,0.0,5.166,1.0,1.0,1427.428315665323,1050.0,1427.4086738599613,1050.0,0.0007375794593727563,0.0
8376,1649980801000.0,0.0,0.0,0.2,5.264209026808966,0.0,0.0,5.195,1.0,1.0,1427.428315665323,1050.0,1427.4144738599612,1050.0,0.0007375794593727563,0.0
8377,1649984401000.0,0.0,0.0,0.2,5.264209026808966,0.0,0.0,5.179,1.0,1.0,1427.428315665323,1050.0,1427.4112738599613,1050.0,0.0007375794593727563,0.0
8378,1649988001000.0,0.0,0.0,0.2,5.282604513404483,0.0,0.0,5.271,1.0,1.0,1427.431688762642,1050.0,1427.429367859961,1050.0,0.0007401551408717384,0.0
8379,1649991601000.0,0.0,0.0,0.2,5.3758626410438906,0.0,0.0,5.377,1.0,1.0,1427.44880468817,1050.0,1427.4490321599612,1050.0,0.0007532126719204142,0.0
8380,1649995201000.0,0.0,0.0,0.2,5.394431320521946,0.0,0.0,5.417,1.0,1.0,1427.4522101840655,1050.0,1427.4567239199612,1050.0,0.000755812528368477,0.0
8381,1649998801000.0,0.0,0.0,0.2,5.453053915065244,0.0,0.0,5.396,1.0,1.0,1427.4626076229742,1050.0,1427.451196839961,1050.0,0.0007640205615116919,0.0
8382,1650002401000.0,0.0,0.0,0.2,5.453053915065244,0.0,0.0,5.382,1.0,1.0,1427.4626076229742,1050.0,1427.448396839961,1050.0,0.0007640205615116919,0.0
8383,1650006001000.0,0.0,0.0,0.5,5.374421566026097,0.0,0.0,5.33,1.0,1.0,1427.4624479629742,1050.0,1427.4402371799613,1050.0,0.0018825089142259172,0.0
8384,1650009601000.0,0.0,0.0,0.2,5.374421566026097,0.0,0.0,5.423,1.0,1.0,1427.4758589031665,1050.0,1427.4855745899613,1050.0,0.000752996491324996,0.0
8385,1650013201000.0,0.0,0.0,0.2,5.54384375,0.0,0.0,5.518,1.0,1.0,1427.5032734899612,1050.0,1427.4981047399613,1050.0,0.0007767188843562378,0.0
8386,1650016801000.0,0.0,0.0,0.2,5.612,0.0,0.0,5.599,1.0,1.0,1427.5134805799612,1050.0,1427.5108805799612,1050.0,0.0007862622772178645,0.0
8387,1650020401000.0,0.0,0.0,0.2,5.612,0.0,0.0,5.605,1.0,1.0,1427.5134805799612,1050.0,1427.512080579961,1050.0,0.0007862622772178645,0.0
8388,1650024001000.0,0.0,0.0,0.2,5.776,0.0,0.0,5.747,1.0,1.0,1427.5382954499612,1050.0,1427.5324954499613,1050.0,0.0008092252261687173,0.0
8389,1650027601000.0,0.0,0.0,0.5,5.6926,0.0,0.0,5.629,1.0,1.0,1427.5381263399613,1050.0,1427.5063263399613,1050.0,0.001993852176332114,0.0
8390,1650031201000.0,0.0,0.0,1.2,5.612333333333333,0.0,0.0,5.513,1.0,1.0,1427.5377374899613,1050.0,1427.4185374899612,1050.0,0.004717773704421849,0.0
8391,1650034801000.0,0.0,0.0,0.2,5.554142857142857,0.0,0.0,5.579,1.0,1.0,1427.6734266713893,1050.0,1427.6783980999608,1050.0,0.0007780690952681389,0.0
8392,1650038401000.0,0.0,0.0,0.2,5.573071428571428,0.0,0.0,5.534,1.0,1.0,1427.677000555675,1050.0,1427.6691862699608,1050.0,0.0007807188077418489,0.0
8393,1650042001000.0,0.0,0.0,0.2,5.573071428571428,0.0,0.0,5.564,1.0,1.0,1427.677000555675,1050.0,1427.6751862699607,1050.0,0.0007807188077418489,0.0
8394,1650045601000.0,0.0,0.0,0.2,5.573071428571428,0.0,0.0,5.484,1.0,1.0,1427.677000555675,1050.0,1427.6591862699606,1050.0,0.0007807188077418489,0.0
8395,1650049201000.0,0.0,0.0,0.2,5.573071428571428,0.0,0.0,5.465,1.0,1.0,1427.677000555675,1050.0,1427.6553862699607,1050.0,0.0007807188077418489,0.0
8396,1650052801000.0,0.0,0.0,0.5,5.492628571428571,0.0,0.0,5.389,1.0,1.0,1427.676837385675,1050.0,1427.6250230999608,1050.0,0.0019236246003285066,0.0
8397,1650056401000.0,0.0,0.0,1.2,5.4152619047619055,0.0,0.0,5.405,1.0,1.0,1427.676462185675,1050.0,1427.6641478999609,1050.0,0.004551671515103507,0.0
8398,1650060001000.0,0.0,0.0,1.2,5.4152619047619055,0.0,0.0,5.383,1.0,1.0,1427.676462185675,1050.0,1427.6377478999607,1050.0,0.004551671515103507,0.0
8399,1650063601000.0,0.0,0.0,1.2,5.4152619047619055,0.0,0.0,5.349,1.0,1.0,1427.676462185675,1050.0,1427.5969478999607,1050.0,0.004551671515103507,0.0
8400,1650067201000.0,0.0,0.0,1.2,5.4152619047619055,0.0,0.0,5.359,1.0,1.0,1427.676462185675,1050.0,1427.6089478999609,1050.0,0.004551671515103507,0.0
8401,1650070801000.0,0.0,0.0,1.2,5.4152619047619055,0.0,0.0,5.41,1.0,1.0,1427.676462185675,1050.0,1427.6701478999607,1050.0,0.004551671515103507,0.0
8402,1650074401000.0,0.0,0.0,0.2,5.505078869047619,0.0,0.0,5.521,1.0,1.0,1427.7430772437713,1050.0,1427.7462614699618,1050.0,0.0007711581946067022,0.0
8403,1650078001000.0,0.0,0.0,0.2,5.524039434523809,0.0,0.0,5.502,1.0,1.0,1427.7466585068664,1050.0,1427.7422506199616,1050.0,0.0007738122728721124,0.0
8404,1650081601000.0,0.0,0.0,0.2,5.524039434523809,0.0,0.0,5.499,1.0,1.0,1427.7466585068664,1050.0,1427.7416506199618,1050.0,0.0007738122728721124,0.0
8405,1650085201000.0,0.0,0.0,0.2,5.524039434523809,0.0,0.0,5.422,1.0,1.0,1427.7466585068664,1050.0,1427.7262506199618,1050.0,0.0007738122728721124,0.0
8406,1650088801000.0,0.0,0.0,0.5,5.444215773809524,0.0,0.0,5.376,1.0,1.0,1427.7464967768665,1050.0,1427.7123888899616,1050.0,0.0019065764777219992,0.0
8407,1650092401000.0,0.0,0.0,0.5,5.444215773809524,0.0,0.0,5.35,1.0,1.0,1427.7464967768665,1050.0,1427.6993888899617,1050.0,0.0019065764777219992,0.0
8408,1650096001000.0,0.0,0.0,0.5,5.444215773809524,0.0,0.0,5.347,1.0,1.0,1427.7464967768665,1050.0,1427.6978888899616,1050.0,0.0019065764777219992,0.0
8409,1650099601000.0,0.0,0.0,1.2,5.367089905753969,0.0,0.0,5.321,1.0,1.0,1427.7461249368664,1050.0,1427.6908170499617,1050.0,0.00451096155991287,0.0
8410,1650103201000.0,0.0,0.0,1.2,5.367089905753969,0.0,0.0,5.326,1.0,1.0,1427.7461249368664,1050.0,1427.6968170499617,1050.0,0.00451096155991287,0.0
8411,1650106801000.0,0.0,0.0,1.2,5.367089905753969,0.0,0.0,5.365,1.0,1.0,1427.7461249368664,1050.0,1427.7436170499616,1050.0,0.00451096155991287,0.0
8412,1650110401000.0,0.0,0.0,1.2,5.367089905753969,0.0,0.0,5.367,1.0,1.0,1427.7461249368664,1050.0,1427.7460170499617,1050.0,0.00451096155991287,0.0
8413,1650114001000.0,0.0,0.0,1.2,5.367089905753969,0.0,0.0,5.357,1.0,1.0,1427.7461249368664,1050.0,1427.7340170499617,1050.0,0.00451096155991287,0.0
8414,1650117601000.0,0.0,0.0,2.8,5.291609959608845,0.0,0.0,5.253,1.0,1.0,1427.7452873368663,1050.0,1427.6371794499616,1050.0,0.010377556850172893,0.0
8415,1650121201000.0,0.0,0.0,2.8,5.291609959608845,0.0,0.0,5.288,1.0,1.0,1427.7452873368663,1050.0,1427.7351794499616,1050.0,0.010377556850172893,0.0
8416,1650124801000.0,0.0,0.0,2.8,5.291609959608845,0.0,0.0,5.198,1.0,1.0,1427.7452873368663,1050.0,1427.4831794499617,1050.0,0.010377556850172893,0.0
8417,1650128401000.0,0.0,0.0,2.8,5.291609959608845,0.0,0.0,5.237,1.0,1.0,1427.7452873368663,1050.0,1427.5923794499615,1050.0,0.010377556850172893,0.0
8418,1650132001000.0,0.0,0.0,2.8,5.291609959608845,0.0,0.0,5.22,1.0,1.0,1427.7452873368663,1050.0,1427.5447794499617,1050.0,0.010377556850172893,0.0
8419,1650135601000.0,0.0,0.0,2.8,5.291609959608845,0.0,0.0,5.254,1.0,1.0,1427.7452873368663,1050.0,1427.6399794499616,1050.0,0.010377556850172893,0.0
8420,1650139201000.0,0.0,0.0,2.8,5.291609959608845,0.0,0.0,5.259,1.0,1.0,1427.7452873368663,1050.0,1427.6539794499615,1050.0,0.010377556850172893,0.0
8421,1650142801000.0,0.0,0.0,2.8,5.291609959608845,0.0,0.0,5.287,1.0,1.0,1427.7452873368663,1050.0,1427.7323794499616,1050.0,0.010377556850172893,0.0
8422,1650146401000.0,0.0,0.0,2.5,5.291609959608845,0.0,0.0,5.31,1.0,1.0,1427.7557445389837,1050.0,1427.8017196399614,1050.0,0.009265607895203188,0.0
8423,1650150001000.0,0.0,0.0,2.5,5.291609959608845,0.0,0.0,5.238,1.0,1.0,1427.7557445389837,1050.0,1427.6217196399616,1050.0,0.009265607895203188,0.0
8424,1650153601000.0,0.0,0.0,2.5,5.291609959608845,0.0,0.0,5.206,1.0,1.0,1427.7557445389837,1050.0,1427.5417196399615,1050.0,0.009265607895203188,0.0
8425,1650157201000.0,0.0,0.0,2.5,5.291609959608845,0.0,0.0,5.25,1.0,1.0,1427.7557445389837,1050.0,1427.6517196399616,1050.0,0.009265607895203188,0.0
8426,1650160801000.0,0.0,0.0,2.5,5.291609959608845,0.0,0.0,5.225,1.0,1.0,1427.7557445389837,1050.0,1427.5892196399616,1050.0,0.009265607895203188,0.0
8427,1650164401000.0,0.0,0.0,2.5,5.291609959608845,0.0,0.0,5.194,1.0,1.0,1427.7557445389837,1050.0,1427.5117196399615,1050.0,0.009265607895203188,0.0
8428,1650168001000.0,0.0,0.0,2.5,5.291609959608845,0.0,0.0,5.21,1.0,1.0,1427.7557445389837,1050.0,1427.5517196399614,1050.0,0.009265607895203188,0.0
8429,1650171601000.0,0.0,0.0,2.5,5.291609959608845,0.0,0.0,5.259,1.0,1.0,1427.7557445389837,1050.0,1427.6742196399616,1050.0,0.009265607895203188,0.0
8430,1650175201000.0,0.0,0.0,2.5,5.291609959608845,0.0,0.0,5.267,1.0,1.0,1427.7557445389837,1050.0,1427.6942196399616,1050.0,0.009265607895203188,0.0
8431,1650178801000.0,0.0,0.0,2.5,5.291609959608845,0.0,0.0,5.24,1.0,1.0,1427.7557445389837,1050.0,1427.6267196399615,1050.0,0.009265607895203188,0.0
8432,1650182401000.0,0.0,0.0,2.5,5.291609959608845,0.0,0.0,5.213,1.0,1.0,1427.7557445389837,1050.0,1427.5592196399616,1050.0,0.009265607895203188,0.0
8433,1650186001000.0,0.0,0.0,2.5,5.291609959608845,0.0,0.0,5.229,1.0,1.0,1427.7557445389837,1050.0,1427.5992196399616,1050.0,0.009265607895203188,0.0
8434,1650189601000.0,0.0,0.0,2.5,5.291609959608845,0.0,0.0,5.214,1.0,1.0,1427.7557445389837,1050.0,1427.5617196399614,1050.0,0.009265607895203188,0.0
8435,1650193201000.0,0.0,0.0,2.5,5.291609959608845,0.0,0.0,5.215,1.0,1.0,1427.7557445389837,1050.0,1427.5642196399615,1050.0,0.009265607895203188,0.0
8436,1650196801000.0,0.0,0.0,2.5,5.291609959608845,0.0,0.0,5.217,1.0,1.0,1427.7557445389837,1050.0,1427.5692196399616,1050.0,0.009265607895203188,0.0
8437,1650200401000.0,0.0,0.0,2.5,5.291609959608845,0.0,0.0,5.21,1.0,1.0,1427.7557445389837,1050.0,1427.5517196399614,1050.0,0.009265607895203188,0.0
8438,1650204001000.0,0.0,0.0,2.5,5.291609959608845,0.0,0.0,5.232,1.0,1.0,1427.7557445389837,1050.0,1427.6067196399615,1050.0,0.009265607895203188,0.0
8439,1650207601000.0,0.0,0.0,2.5,5.291609959608845,0.0,0.0,5.218,1.0,1.0,1427.7557445389837,1050.0,1427.5717196399617,1050.0,0.009265607895203188,0.0
8440,1650211201000.0,0.0,0.0,2.5,5.291609959608845,0.0,0.0,5.304,1.0,1.0,1427.7557445389837,1050.0,1427.7867196399616,1050.0,0.009265607895203188,0.0
8441,1650214801000.0,0.0,0.0,2.5,5.291609959608845,0.0,0.0,5.258,1.0,1.0,1427.7557445389837,1050.0,1427.6717196399616,1050.0,0.009265607895203188,0.0
8442,1650218401000.0,0.0,0.0,2.5,5.291609959608845,0.0,0.0,5.203,1.0,1.0,1427.7557445389837,1050.0,1427.5342196399615,1050.0,0.009265607895203188,0.0
8443,1650222001000.0,0.0,0.0,5.8,5.2150215343141575,0.0,0.0,5.167,1.0,1.0,1427.7540427289837,1050.0,1427.4755178299615,1050.0,0.02118510891498391,0.0
8444,1650225601000.0,0.0,0.0,5.8,5.2150215343141575,0.0,0.0,5.179,1.0,1.0,1427.7540427289837,1050.0,1427.5451178299616,1050.0,0.02118510891498391,0.0
8445,1650229201000.0,0.0,0.0,5.8,5.2150215343141575,0.0,0.0,5.141,1.0,1.0,1427.7540427289837,1050.0,1427.3247178299616,1050.0,0.02118510891498391,0.0
8446,1650232801000.0,0.0,0.0,5.8,5.2150215343141575,0.0,0.0,5.166,1.0,1.0,1427.7540427289837,1050.0,1427.4697178299616,1050.0,0.02118510891498391,0.0
8447,1650236401000.0,0.0,0.0,5.8,5.2150215343141575,0.0,0.0,5.174,1.0,1.0,1427.7540427289837,1050.0,1427.5161178299616,1050.0,0.02118510891498391,0.0
8448,1650240001000.0,0.0,0.0,13.5,5.133446288816453,0.0,0.0,4.99,1.0,1.0,1427.7501372889838,1050.0,1425.8136123899617,1050.0,0.048538972673896605,0.0
8449,1650243601000.0,0.0,0.0,13.5,5.133446288816453,0.0,0.0,5.015,1.0,1.0,1427.7501372889838,1050.0,1426.1511123899616,1050.0,0.048538972673896605,0.0
8450,1650247201000.0,0.0,0.0,13.5,5.133446288816453,0.0,0.0,5.026,1.0,1.0,1427.7501372889838,1050.0,1426.2996123899616,1050.0,0.048538972673896605,0.0
8451,1650250801000.0,0.0,0.0,13.5,5.133446288816453,0.0,0.0,5.042,1.0,1.0,1427.7501372889838,1050.0,1426.5156123899617,1050.0,0.048538972673896605,0.0
8452,1650254401000.0,0.0,0.0,13.5,5.133446288816453,0.0,0.0,4.996,1.0,1.0,1427.7501372889838,1050.0,1425.8946123899616,1050.0,0.048538972673896605,0.0
8453,1650258001000.0,0.0,0.0,87.5,4.904314570274538,0.0,0.0,4.853,1.0,1.0,1427.7141546889839,1050.0,1423.2241297899618,1050.0,0.300569636778942,0.0
8454,1650261601000.0,0.0,0.0,87.5,4.904314570274538,0.0,0.0,4.888,1.0,1.0,1427.7141546889839,1050.0,1426.2866297899618,1050.0,0.300569636778942,0.0
8455,1650265201000.0,0.0,0.0,87.5,4.904314570274538,0.0,0.0,4.856,1.0,1.0,1427.7141546889839,1050.0,1423.4866297899619,1050.0,0.300569636778942,0.0
8456,1650268801000.0,0.0,0.0,87.5,4.904314570274538,0.0,0.0,4.786,1.0,1.0,1427.7141546889839,1050.0,1417.3616297899616,1050.0,0.300569636778942,0.0
8457,1650272401000.0,0.0,0.0,87.5,4.904314570274538,0.0,0.0,4.775,1.0,1.0,1427.7141546889839,1050.0,1416.3991297899618,1050.0,0.300569636778942,0.0
8458,1650276001000.0,0.0,0.0,87.5,4.904314570274538,0.0,0.0,4.816,1.0,1.0,1427.7141546889839,1050.0,1419.9866297899619,1050.0,0.300569636778942,0.0
8459,1650279601000.0,0.0,0.0,87.5,4.904314570274538,0.0,0.0,4.816,1.0,1.0,1427.7141546889839,1050.0,1419.9866297899619,1050.0,0.300569636778942,0.0
8460,1650283201000.0,0.0,0.0,87.5,4.904314570274538,0.0,0.0,4.829,1.0,1.0,1427.7141546889839,1050.0,1421.1241297899617,1050.0,0.300569636778942,0.0
8461,1650286801000.0,0.0,0.0,81.4,4.904314570274538,0.0,0.0,4.914,1.0,1.0,1427.4053747603089,1050.0,1428.1937687399613,1050.0,0.2796761264033935,0.0
8462,1650290401000.0,0.0,0.0,28.2,4.904314570274538,0.0,0.0,4.89,1.0,1.0,1429.1179747817032,1050.0,1428.7143038999611,1050.0,0.09677414553747214,0.0
8463,1650294001000.0,0.0,0.0,1.4,4.904314570274538,0.0,0.0,4.972,1.0,1.0,1430.2718840183452,1050.0,1430.3666436199608,1050.0,0.004800514136580962,0.0
8464,1650297601000.0,0.0,0.0,0.2,4.951078642568635,0.0,0.0,4.914,1.0,1.0,1430.350665168476,1050.0,1430.3432494399624,1050.0,0.0006922887880763791,0.0
8465,1650301201000.0,0.0,0.0,0.2,4.951078642568635,0.0,0.0,4.919,1.0,1.0,1430.350665168476,1050.0,1430.3442494399624,1050.0,0.0006922887880763791,0.0
8466,1650304801000.0,0.0,0.0,0.2,5.02206741516054,0.0,0.0,5.047,1.0,1.0,1430.3633619329944,1050.0,1430.3683484499622,1050.0,0.0007022086203849228,0.0
8467,1650308401000.0,0.0,0.0,0.2,5.106691713447534,0.0,0.0,5.089,1.0,1.0,1430.3762793526519,1050.0,1430.3727410099623,1050.0,0.0007140347315824728,0.0
8468,1650312001000.0,0.0,0.0,0.2,5.106691713447534,0.0,0.0,5.025,1.0,1.0,1430.3762793526519,1050.0,1430.3599410099623,1050.0,0.0007140347315824728,0.0
8469,1650315601000.0,0.0,0.0,0.2,5.106691713447534,0.0,0.0,5.092,1.0,1.0,1430.3762793526519,1050.0,1430.3733410099624,1050.0,0.0007140347315824728,0.0
8470,1650319201000.0,0.0,0.0,0.2,5.124345856723767,0.0,0.0,5.14,1.0,1.0,1430.379607351307,1050.0,1430.3827381799622,1050.0,0.0007165015259428553,0.0
8471,1650322801000.0,0.0,0.0,0.2,5.142172928361884,0.0,0.0,5.163,1.0,1.0,1430.3828695856346,1050.0,1430.3870349999622,1050.0,0.0007189925211914084,0.0
8472,1650326401000.0,0.0,0.0,0.2,5.159586464180942,0.0,0.0,5.17,1.0,1.0,1430.3861487627985,1050.0,1430.3882314699622,1050.0,0.0007214256749680758,0.0
8473,1650330001000.0,0.0,0.0,0.2,5.1993966160452345,0.0,0.0,5.178,1.0,1.0,1430.3928024831714,1050.0,1430.3885231599625,1050.0,0.0007269886435416967,0.0
8474,1650333601000.0,0.0,0.0,0.2,5.1993966160452345,0.0,0.0,5.115,1.0,1.0,1430.3928024831714,1050.0,1430.3759231599624,1050.0,0.0007269886435416967,0.0
8475,1650337201000.0,0.0,0.0,0.5,5.124158646418094,0.0,0.0,5.066,1.0,1.0,1430.3926502631714,1050.0,1430.3635709399623,1050.0,0.0017911720412836724,0.0
8476,1650340801000.0,0.0,0.0,0.5,5.124158646418094,0.0,0.0,5.077,1.0,1.0,1430.3926502631714,1050.0,1430.3690709399623,1050.0,0.0017911720412836724,0.0
8477,1650344401000.0,0.0,0.0,0.5,5.124158646418094,0.0,0.0,5.117,1.0,1.0,1430.3926502631714,1050.0,1430.3890709399623,1050.0,0.0017911720412836724,0.0
8478,1650348001000.0,0.0,0.0,0.5,5.124158646418094,0.0,0.0,5.095,1.0,1.0,1430.3926502631714,1050.0,1430.3780709399623,1050.0,0.0017911720412836724,0.0
8479,1650351601000.0,0.0,0.0,0.2,5.124158646418094,0.0,0.0,5.162,1.0,1.0,1430.4054476492458,1050.0,1430.4130159199622,1050.0,0.0007164624064931002,0.0
8480,1650355201000.0,0.0,0.0,0.2,5.24125,0.0,0.0,5.256,1.0,1.0,1430.4247448399622,1050.0,1430.4276948399622,1050.0,0.0007328242913731751,0.0
8481,1650358801000.0,0.0,0.0,0.2,5.314890625,0.0,0.0,5.326,1.0,1.0,1430.4383485749622,1050.0,1430.4405704499623,1050.0,0.0007431135540087869,0.0
8482,1650362401000.0,0.0,0.0,0.2,5.314890625,0.0,0.0,5.325,1.0,1.0,1430.4383485749622,1050.0,1430.4403704499623,1050.0,0.0007431135540087869,0.0
8483,1650366001000.0,0.0,0.0,0.2,5.445124145507813,0.0,0.0,5.468,1.0,1.0,1430.4624383390637,1050.0,1430.4670135099623,1050.0,0.000761309629609044,0.0
8484,1650369601000.0,0.0,0.0,0.2,5.445124145507813,0.0,0.0,5.34,1.0,1.0,1430.4624383390637,1050.0,1430.441413509962,1050.0,0.000761309629609044,0.0
8485,1650373201000.0,0.0,0.0,0.2,5.445124145507813,0.0,0.0,5.392,1.0,1.0,1430.4624383390637,1050.0,1430.4518135099622,1050.0,0.000761309629609044,0.0
8486,1650376801000.0,0.0,0.0,0.5,5.366449658203125,0.0,0.0,5.329,1.0,1.0,1430.4622789190637,1050.0,1430.4435540899622,1050.0,0.001875774614014398,0.0
8487,1650380401000.0,0.0,0.0,0.2,5.366449658203125,0.0,0.0,5.395,1.0,1.0,1430.4727819616025,1050.0,1430.478492029962,1050.0,0.0007503043365626476,0.0
8488,1650384001000.0,0.0,0.0,0.2,5.59,0.0,0.0,5.531,1.0,1.0,1430.5107923299615,1050.0,1430.4989923299615,1050.0,0.0007815390180867103,0.0
8489,1650387601000.0,0.0,0.0,0.2,5.786375,0.0,0.0,5.667,1.0,1.0,1430.5357799899618,1050.0,1430.5119049899617,1050.0,0.0008089801151342895,0.0
8490,1650391201000.0,0.0,0.0,0.5,5.70275,0.0,0.0,5.688,1.0,1.0,1430.535610579962,1050.0,1430.528235579962,1050.0,0.001993221964494828,0.0
8491,1650394801000.0,0.0,0.0,0.2,5.76296875,0.0,0.0,5.769,1.0,1.0,1430.5576114599621,1050.0,1430.558817709962,1050.0,0.0008056954440469651,0.0
8492,1650398401000.0,0.0,0.0,0.2,5.9502518920898435,0.0,0.0,5.902,1.0,1.0,1430.59150875838,1050.0,1430.5818583799621,1050.0,0.0008318589696165759,0.0
8493,1650402001000.0,0.0,0.0,0.2,6.054789121627808,0.0,0.0,5.989,1.0,1.0,1430.6107128742876,1050.0,1430.597555049962,1050.0,0.0008464621531405884,0.0
8494,1650405601000.0,0.0,0.0,0.5,6.1854,0.0,0.0,6.123,1.0,1.0,1430.641207369962,1050.0,1430.6100073699622,1050.0,0.0021617579474629456,0.0
8495,1650409201000.0,0.0,0.0,0.5,6.1854,0.0,0.0,6.091,1.0,1.0,1430.641207369962,1050.0,1430.5940073699621,1050.0,0.0021617579474629456,0.0
8496,1650412801000.0,0.0,0.0,0.5,6.1854,0.0,0.0,6.174,1.0,1.0,1430.641207369962,1050.0,1430.6355073699622,1050.0,0.0021617579474629456,0.0
8497,1650416401000.0,0.0,0.0,0.2,6.225083333333333,0.0,0.0,6.121,1.0,1.0,1430.7199657466285,1050.0,1430.699149079962,1050.0,0.0008702029023666755,0.0
8498,1650420001000.0,0.0,0.0,0.5,6.135033333333333,0.0,0.0,6.094,1.0,1.0,1430.7197834966285,1050.0,1430.6992668299617,1050.0,0.002144037359412033,0.0
8499,1650423601000.0,0.0,0.0,0.5,6.135033333333333,0.0,0.0,6.078,1.0,1.0,1430.7197834966285,1050.0,1430.6912668299617,1050.0,0.002144037359412033,0.0
8500,1650427201000.0,0.0,0.0,0.5,6.135033333333333,0.0,0.0,6.142,1.0,1.0,1430.7197834966285,1050.0,1430.7232668299619,1050.0,0.002144037359412033,0.0
8501,1650430801000.0,0.0,0.0,0.5,6.1711004166666665,0.0,0.0,6.203,1.0,1.0,1430.7615236882946,1050.0,1430.7774734799611,1050.0,0.0021565789666884772,0.0
8502,1650434401000.0,0.0,0.0,0.5,6.1711004166666665,0.0,0.0,6.148,1.0,1.0,1430.7615236882946,1050.0,1430.7499734799612,1050.0,0.0021565789666884772,0.0
8503,1650438001000.0,0.0,0.0,0.2,6.2085502083333335,0.0,0.0,6.2,1.0,1.0,1430.7841719216276,1050.0,1430.782461879961,1050.0,0.0008678527943169632,0.0
8504,1650441601000.0,0.0,0.0,0.2,6.251637552083333,0.0,0.0,6.226,1.0,1.0,1430.7921389303774,1050.0,1430.7870114199607,1050.0,0.0008738708274923699,0.0
8505,1650445201000.0,0.0,0.0,0.5,6.188527510416667,0.0,0.0,6.145,1.0,1.0,1430.795965335169,1050.0,1430.7742015799606,1050.0,0.0021626170538463123,0.0
8506,1650448801000.0,0.0,0.0,0.5,6.188527510416667,0.0,0.0,6.194,1.0,1.0,1430.795965335169,1050.0,1430.7987015799608,1050.0,0.0021626170538463123,0.0
8507,1650452401000.0,0.0,0.0,0.2,6.622,0.0,0.0,6.614,1.0,1.0,1430.8754146299611,1050.0,1430.873814629961,1050.0,0.0009255872219612517,0.0
8508,1650456001000.0,0.0,0.0,0.0,6.984,0.0,0.0,7.03,1.0,1.0,1430.921919449961,1050.0,1430.921919449961,1050.0,0.0,0.0
8509,1650459601000.0,0.0,0.0,0.1,7.134,0.0,0.0,7.013,1.0,1.0,1430.9355207399608,1050.0,1430.9234207399609,1050.0,0.0004985549590879461,0.0
8510,1650463201000.0,0.0,0.0,1.2,6.848333333333333,0.0,0.0,6.855,1.0,1.0,1430.9347702799607,1050.0,1430.9427702799608,1050.0,0.005743098966273743,0.0
8511,1650466801000.0,0.0,0.0,2.1,6.661349206349206,0.0,0.0,6.597,1.0,1.0,1430.9696271432954,1050.0,1430.834493809962,1050.0,0.009775772363009428,0.0
8512,1650470401000.0,0.0,0.0,11.4,6.460801169590642,0.0,0.0,6.383,1.0,1.0,1430.9636607132954,1050.0,1430.0767273799622,1050.0,0.051471001923710125,0.0
8513,1650474001000.0,0.0,0.0,11.4,6.460801169590642,0.0,0.0,6.437,1.0,1.0,1430.9636607132954,1050.0,1430.692327379962,1050.0,0.051471001923710125,0.0
8514,1650477601000.0,0.0,0.0,11.4,6.460801169590642,0.0,0.0,6.381,1.0,1.0,1430.9636607132954,1050.0,1430.053927379962,1050.0,0.051471001923710125,0.0
8515,1650481201000.0,0.0,0.0,11.4,6.460801169590642,0.0,0.0,6.449,1.0,1.0,1430.9636607132954,1050.0,1430.829127379962,1050.0,0.051471001923710125,0.0
8516,1650484801000.0,0.0,0.0,10.0,6.460801169590642,0.0,0.0,6.478,1.0,1.0,1431.0218286558684,1050.0,1431.1938169599619,1050.0,0.0451481664375389,0.0
8517,1650488401000.0,0.0,0.0,0.2,6.63347514619883,0.0,0.0,6.607,1.0,1.0,1431.7408118792016,1050.0,1431.7355168499619,1050.0,0.0009266307268970284,0.0
8518,1650492001000.0,0.0,0.0,0.5,6.537790058479532,0.0,0.0,6.461,1.0,1.0,1431.7406176592017,1050.0,1431.7022226299619,1050.0,0.0022831614811516534,0.0
8519,1650495601000.0,0.0,0.0,0.2,6.7439038868329675,0.0,0.0,6.711,1.0,1.0,1431.7915046673281,1050.0,1431.7849238899616,1050.0,0.0009420231737441257,0.0
8520,1650499201000.0,0.0,0.0,0.5,6.646761554733187,0.0,0.0,6.61,1.0,1.0,1431.7913072073281,1050.0,1431.7729264299614,1050.0,0.002321134903276345,0.0
8521,1650502801000.0,0.0,0.0,1.2,6.552400647805495,0.0,0.0,6.461,1.0,1.0,1431.790853257328,1050.0,1431.6811724799616,1050.0,0.00549164059784187,0.0
8522,1650506401000.0,0.0,0.0,0.2,6.674425080975687,0.0,0.0,6.646,1.0,1.0,1431.864196056157,1050.0,1431.8585110399617,1050.0,0.0009322706859155127,0.0
8523,1650510001000.0,0.0,0.0,0.2,6.801,0.0,0.0,6.692,1.0,1.0,1431.8944618499622,1050.0,1431.8726618499622,1050.0,0.0009499303448961349,0.0
8524,1650513601000.0,0.0,0.0,0.2,6.7965,0.0,0.0,6.781,1.0,1.0,1431.919589099962,1050.0,1431.916489099962,1050.0,0.0009492851486544667,0.0
8525,1650517201000.0,0.0,0.0,0.1,6.89,0.0,0.0,6.779,1.0,1.0,1431.9326460699615,1050.0,1431.9215460699616,1050.0,0.0004811678830641988,0.0
8526,1650520801000.0,0.0,0.0,0.3,6.736800000000001,0.0,0.0,6.682,1.0,1.0,1431.9410825099615,1050.0,1431.9246425099614,1050.0,0.0014113988520096396,0.0
8527,1650524401000.0,0.0,0.0,0.2,6.7805,0.0,0.0,6.651,1.0,1.0,1431.9584673499614,1050.0,1431.9325673499613,1050.0,0.0009470246734946524,0.0
8528,1650528001000.0,0.0,0.0,0.1,6.6823999999999995,0.0,0.0,6.733,1.0,1.0,1431.9794393999614,1050.0,1431.9844993999614,1050.0,0.00046665474490332825,0.0
8529,1650531601000.0,0.0,0.0,0.2,6.7057,0.0,0.0,6.602,1.0,1.0,1431.9793721099613,1050.0,1431.9586321099614,1050.0,0.0009365637704849665,0.0
8530,1650535201000.0,0.0,0.0,1.2,6.514950000000001,0.0,0.0,6.41,1.0,1.0,1431.9787244299614,1050.0,1431.8527844299615,1050.0,0.005459536420914456,0.0
8531,1650538801000.0,0.0,0.0,2.8,6.422407142857144,0.0,0.0,6.291,1.0,1.0,1431.9777079499613,1050.0,1431.6097679499612,1050.0,0.012557974820532879,0.0
8532,1650542401000.0,0.0,0.0,2.8,6.422407142857144,0.0,0.0,6.32,1.0,1.0,1431.9777079499613,1050.0,1431.6909679499613,1050.0,0.012557974820532879,0.0
8533,1650546001000.0,0.0,0.0,2.8,6.422407142857144,0.0,0.0,6.445,1.0,1.0,1431.9777079499613,1050.0,1432.0409679499612,1050.0,0.012557974820532879,0.0
8534,1650549601000.0,0.0,0.0,0.2,6.536601785714286,0.0,0.0,6.494,1.0,1.0,1432.1435410471045,1050.0,1432.1350206899615,1050.0,0.000912841708720773,0.0
8535,1650553201000.0,0.0,0.0,0.5,6.442040714285714,0.0,0.0,6.419,1.0,1.0,1432.1433496771044,1050.0,1432.1318293199615,1050.0,0.00224909074770279,0.0
8536,1650556801000.0,0.0,0.0,1.2,6.351016964285714,0.0,0.0,6.294,1.0,1.0,1432.1429096571044,1050.0,1432.0744892999614,1050.0,0.005321550178932627,0.0
8537,1650560401000.0,0.0,0.0,1.2,6.351016964285714,0.0,0.0,6.28,1.0,1.0,1432.1429096571044,1050.0,1432.0576892999616,1050.0,0.005321550178932627,0.0
8538,1650564001000.0,0.0,0.0,1.2,6.351016964285714,0.0,0.0,6.29,1.0,1.0,1432.1429096571044,1050.0,1432.0696892999615,1050.0,0.005321550178932627,0.0
8539,1650567601000.0,0.0,0.0,1.2,6.351016964285714,0.0,0.0,6.22,1.0,1.0,1432.1429096571044,1050.0,1431.9856892999615,1050.0,0.005321550178932627,0.0
8540,1650571201000.0,0.0,0.0,2.8,6.261292984693878,0.0,0.0,6.127,1.0,1.0,1432.1419186171045,1050.0,1431.7658982599617,1050.0,0.012241538446183899,0.0
8541,1650574801000.0,0.0,0.0,15.2,6.06822502349624,0.0,0.0,6.08,1.0,1.0,1432.1344480771045,1050.0,1432.3134277199617,1050.0,0.06440528016136157,0.0
8542,1650578401000.0,0.0,0.0,5.7,6.06822502349624,0.0,0.0,6.027,1.0,1.0,1432.6780905938906,1050.0,1432.443107959962,1050.0,0.02414281537563709,0.0
8543,1650582001000.0,0.0,0.0,13.3,5.971525010069817,0.0,0.0,5.917,1.0,1.0,1432.6736073538907,1050.0,1431.948424719962,1050.0,0.05543571280036178,0.0
8544,1650585601000.0,0.0,0.0,13.3,5.971525010069817,0.0,0.0,5.866,1.0,1.0,1432.6736073538907,1050.0,1431.270124719962,1050.0,0.05543571280036178,0.0
8545,1650589201000.0,0.0,0.0,13.3,5.971525010069817,0.0,0.0,5.966,1.0,1.0,1432.6736073538907,1050.0,1432.6001247199622,1050.0,0.05543571280036178,0.0
8546,1650592801000.0,0.0,0.0,13.3,5.971525010069817,0.0,0.0,5.986,1.0,1.0,1432.6736073538907,1050.0,1432.866124719962,1050.0,0.05543571280036178,0.0
8547,1650596401000.0,0.0,0.0,1.4,5.971525010069817,0.0,0.0,5.942,1.0,1.0,1433.1362066440595,1050.0,1433.0948716299617,1050.0,0.005833454611878427,0.0
8548,1650600001000.0,0.0,0.0,1.4,5.971525010069817,0.0,0.0,5.877,1.0,1.0,1433.1362066440595,1050.0,1433.0038716299618,1050.0,0.005833454611878427,0.0
8549,1650603601000.0,0.0,0.0,1.4,5.971525010069817,0.0,0.0,5.906,1.0,1.0,1433.1362066440595,1050.0,1433.0444716299617,1050.0,0.005833454611878427,0.0
8550,1650607201000.0,0.0,0.0,1.4,5.971525010069817,0.0,0.0,5.967,1.0,1.0,1433.1362066440595,1050.0,1433.1298716299618,1050.0,0.005833454611878427,0.0
8551,1650610801000.0,0.0,0.0,0.9,5.971525010069817,0.0,0.0,5.944,1.0,1.0,1433.1556435890245,1050.0,1433.1308710799617,1050.0,0.0037500271049443704,0.0
8552,1650614401000.0,0.0,0.0,1.2,5.802769899808741,0.0,0.0,5.839,1.0,1.0,1433.372619869732,1050.0,1433.4160959899616,1050.0,0.004857999785431461,0.0
8553,1650618001000.0,0.0,0.0,1.2,5.802769899808741,0.0,0.0,5.693,1.0,1.0,1433.372619869732,1050.0,1433.2408959899615,1050.0,0.004857999785431461,0.0
8554,1650621601000.0,0.0,0.0,2.8,5.720615671346604,0.0,0.0,5.624,1.0,1.0,1433.371714429732,1050.0,1433.1011905499615,1050.0,0.011174856960354595,0.0
8555,1650625201000.0,0.0,0.0,2.8,5.720615671346604,0.0,0.0,5.677,1.0,1.0,1433.371714429732,1050.0,1433.2495905499616,1050.0,0.011174856960354595,0.0
8556,1650628801000.0,0.0,0.0,2.8,5.720615671346604,0.0,0.0,5.672,1.0,1.0,1433.371714429732,1050.0,1433.2355905499614,1050.0,0.011174856960354595,0.0
8557,1650632401000.0,0.0,0.0,6.5,5.63658828919546,0.0,0.0,5.578,1.0,1.0,1433.3696524197321,1050.0,1432.9888285399616,1050.0,0.025560624796207056,0.0
8558,1650636001000.0,0.0,0.0,6.5,5.63658828919546,0.0,0.0,5.531,1.0,1.0,1433.3696524197321,1050.0,1432.6833285399616,1050.0,0.025560624796207056,0.0
8559,1650639601000.0,0.0,0.0,15.2,5.545817360511217,0.0,0.0,5.499,1.0,1.0,1433.3648865597322,1050.0,1432.6532626799617,1050.0,0.05881016388094534,0.0
8560,1650643201000.0,0.0,0.0,2.4,5.545817360511217,0.0,0.0,5.528,1.0,1.0,1433.8336781051885,1050.0,1433.7909164399616,1050.0,0.009282779354726859,0.0
8561,1650646801000.0,0.0,0.0,0.9,5.545817360511217,0.0,0.0,5.534,1.0,1.0,1433.8886146144216,1050.0,1433.8779789899615,1050.0,0.003480908889008969,0.0
8562,1650650401000.0,0.0,0.0,0.3,5.545817360511217,0.0,0.0,5.535,1.0,1.0,1433.9105892181149,1050.0,1433.9073440099614,1050.0,0.0011602851814216497,0.0
8563,1650654001000.0,0.0,0.0,0.2,5.614,0.0,0.0,5.6,1.0,1.0,1433.9244639399615,1050.0,1433.9216639399615,1050.0,0.0007830259042480579,0.0
8564,1650657601000.0,0.0,0.0,0.2,5.614,0.0,0.0,5.556,1.0,1.0,1433.9244639399615,1050.0,1433.9128639399614,1050.0,0.0007830259042480579,0.0
8565,1650661201000.0,0.0,0.0,0.2,5.614,0.0,0.0,5.56,1.0,1.0,1433.9244639399615,1050.0,1433.9136639399615,1050.0,0.0007830259042480579,0.0
8566,1650664801000.0,0.0,0.0,0.2,5.614,0.0,0.0,5.535,1.0,1.0,1433.9244639399615,1050.0,1433.9086639399616,1050.0,0.0007830259042480579,0.0
8567,1650668401000.0,0.0,0.0,0.5,5.5329999999999995,0.0,0.0,5.456,1.0,1.0,1433.9242995699615,1050.0,1433.8857995699614,1050.0,0.001929320816189308,0.0
8568,1650672001000.0,0.0,0.0,0.5,5.5329999999999995,0.0,0.0,5.472,1.0,1.0,1433.9242995699615,1050.0,1433.8937995699614,1050.0,0.001929320816189308,0.0
8569,1650675601000.0,0.0,0.0,0.5,5.5329999999999995,0.0,0.0,5.466,1.0,1.0,1433.9242995699615,1050.0,1433.8907995699615,1050.0,0.001929320816189308,0.0
8570,1650679201000.0,0.0,0.0,0.5,5.5329999999999995,0.0,0.0,5.483,1.0,1.0,1433.9242995699615,1050.0,1433.8992995699614,1050.0,0.001929320816189308,0.0
8571,1650682801000.0,0.0,0.0,0.5,5.5329999999999995,0.0,0.0,5.451,1.0,1.0,1433.9242995699615,1050.0,1433.8832995699615,1050.0,0.001929320816189308,0.0
8572,1650686401000.0,0.0,0.0,0.5,5.5329999999999995,0.0,0.0,5.439,1.0,1.0,1433.9242995699615,1050.0,1433.8772995699615,1050.0,0.001929320816189308,0.0
8573,1650690001000.0,0.0,0.0,1.0,5.454833333333333,0.0,0.0,5.485,1.0,1.0,1433.9310451532947,1050.0,1433.9612118199614,1050.0,0.0038041113286240227,0.0
8574,1650693601000.0,0.0,0.0,0.2,5.585,0.0,0.0,5.553,1.0,1.0,1433.9993477399607,1050.0,1433.9929477399608,1050.0,0.0007789403821978272,0.0
8575,1650697201000.0,0.0,0.0,0.2,5.68553125,0.0,0.0,5.68,1.0,1.0,1434.017387579961,1050.0,1434.016281329961,1050.0,0.000792951508014121,0.0
8576,1650700801000.0,0.0,0.0,0.2,5.68553125,0.0,0.0,5.675,1.0,1.0,1434.017387579961,1050.0,1434.015281329961,1050.0,0.000792951508014121,0.0
8577,1650704401000.0,0.0,0.0,0.2,5.68553125,0.0,0.0,5.592,1.0,1.0,1434.017387579961,1050.0,1433.998681329961,1050.0,0.000792951508014121,0.0
8578,1650708001000.0,0.0,0.0,0.2,5.68553125,0.0,0.0,5.653,1.0,1.0,1434.017387579961,1050.0,1434.010881329961,1050.0,0.000792951508014121,0.0
8579,1650711601000.0,0.0,0.0,0.2,5.7261328124999995,0.0,0.0,5.669,1.0,1.0,1434.024678512461,1050.0,1434.013251949961,1050.0,0.0007986100794917726,0.0
8580,1650715201000.0,0.0,0.0,0.2,5.7261328124999995,0.0,0.0,5.709,1.0,1.0,1434.024678512461,1050.0,1434.021251949961,1050.0,0.0007986100794917726,0.0
8581,1650718801000.0,0.0,0.0,0.5,5.643253124999999,0.0,0.0,5.645,1.0,1.0,1434.024510872461,1050.0,1434.025384309961,1050.0,0.0019676278481344234,0.0
8582,1650722401000.0,0.0,0.0,0.2,5.830125,0.0,0.0,5.796,1.0,1.0,1434.0729433599608,1050.0,1434.066118359961,1050.0,0.0008130862557577177,0.0
8583,1650726001000.0,0.0,0.0,0.2,5.8500625,0.0,0.0,5.85,1.0,1.0,1434.0767134699609,1050.0,1434.076700969961,1050.0,0.0008158646528531808,0.0
8584,1650729601000.0,0.0,0.0,0.5,5.7654250000000005,0.0,0.0,5.674,1.0,1.0,1434.0765421999608,1050.0,1434.0308296999608,1050.0,0.0020101524675787135,0.0
8585,1650733201000.0,0.0,0.0,1.2,5.684093750000001,0.0,0.0,5.681,1.0,1.0,1434.0761483799608,1050.0,1434.072435879961,1050.0,0.004756311237520693,0.0
8586,1650736801000.0,0.0,0.0,0.2,5.8255,0.0,0.0,5.799,1.0,1.0,1434.1772952199608,1050.0,1434.1719952199608,1050.0,0.0008123821258942102,0.0
8587,1650740401000.0,0.0,0.0,0.2,5.8255,0.0,0.0,5.733,1.0,1.0,1434.1772952199608,1050.0,1434.158795219961,1050.0,0.0008123821258942102,0.0
8588,1650744001000.0,0.0,0.0,0.5,5.741199999999999,0.0,0.0,5.734,1.0,1.0,1434.177124669961,1050.0,1434.173524669961,1050.0,0.002001565880965083,0.0
8589,1650747601000.0,0.0,0.0,0.2,5.8605,0.0,0.0,5.855,1.0,1.0,1434.2062850799607,1050.0,1434.2051850799608,1050.0,0.0008172464534518844,0.0
8590,1650751201000.0,0.0,0.0,0.2,5.8605,0.0,0.0,5.809,1.0,1.0,1434.2062850799607,1050.0,1434.1959850799608,1050.0,0.0008172464534518844,0.0
8591,1650754801000.0,0.0,0.0,0.2,5.8605,0.0,0.0,5.738,1.0,1.0,1434.2062850799607,1050.0,1434.1817850799607,1050.0,0.0008172464534518844,0.0
8592,1650758401000.0,0.0,0.0,0.2,5.8404010416666665,0.0,0.0,5.816,1.0,1.0,1434.3164541882936,1050.0,1434.3115739799603,1050.0,0.0008143810976458271,0.0
8593,1650762001000.0,0.0,0.0,0.2,5.880100260416667,0.0,0.0,5.804,1.0,1.0,1434.3239584520436,1050.0,1434.3087383999602,1050.0,0.0008199124369033911,0.0
8594,1650765601000.0,0.0,0.0,0.2,5.940012532552084,0.0,0.0,5.902,1.0,1.0,1434.335284536471,1050.0,1434.3276820299604,1050.0,0.0008282599747201641,0.0
8595,1650769201000.0,0.0,0.0,0.2,6.100062597910563,0.0,0.0,6.106,1.0,1.0,1434.362147079543,1050.0,1434.363334559961,1050.0,0.0008505610121308203,0.0
8596,1650772801000.0,0.0,0.0,0.2,6.1653828247388205,0.0,0.0,6.144,1.0,1.0,1434.3738412649088,1050.0,1434.369564699961,1050.0,0.0008596619162131193,0.0
8597,1650776401000.0,0.0,0.0,0.2,6.1653828247388205,0.0,0.0,6.128,1.0,1.0,1434.3738412649088,1050.0,1434.366364699961,1050.0,0.0008596619162131193,0.0
8598,1650780001000.0,0.0,0.0,0.2,6.1653828247388205,0.0,0.0,6.081,1.0,1.0,1434.3738412649088,1050.0,1434.356964699961,1050.0,0.0008596619162131193,0.0
8599,1650783601000.0,0.0,0.0,0.2,6.1653828247388205,0.0,0.0,6.095,1.0,1.0,1434.3738412649088,1050.0,1434.359764699961,1050.0,0.0008596619162131193,0.0
8600,1650787201000.0,0.0,0.0,0.2,6.1653828247388205,0.0,0.0,6.125,1.0,1.0,1434.3738412649088,1050.0,1434.3657646999611,1050.0,0.0008596619162131193,0.0
8601,1650790801000.0,0.0,0.0,0.5,6.076353129895528,0.0,0.0,5.993,1.0,1.0,1434.3736607549088,1050.0,1434.331984189961,1050.0,0.0021181207157337065,0.0
8602,1650794401000.0,0.0,0.0,1.2,5.990397137456471,0.0,0.0,5.951,1.0,1.0,1434.3732457249087,1050.0,1434.3259691599608,1050.0,0.00501158020506359,0.0
8603,1650798001000.0,0.0,0.0,1.2,5.990397137456471,0.0,0.0,5.852,1.0,1.0,1434.3732457249087,1050.0,1434.2071691599608,1050.0,0.00501158020506359,0.0
8604,1650801601000.0,0.0,0.0,3.9,5.818734856145809,0.0,0.0,5.818,1.0,1.0,1434.4681489489294,1050.0,1434.4652830099608,1050.0,0.015819846509381494,0.0
8605,1650805201000.0,0.0,0.0,3.9,5.818734856145809,0.0,0.0,5.738,1.0,1.0,1434.4681489489294,1050.0,1434.1532830099607,1050.0,0.015819846509381494,0.0
8606,1650808801000.0,0.0,0.0,9.1,5.730886366919633,0.0,0.0,5.623,1.0,1.0,1434.4652031489295,1050.0,1433.4834372099608,1050.0,0.036355755318767544,0.0
8607,1650812401000.0,0.0,0.0,4.5,5.730886366919633,0.0,0.0,5.79,1.0,1.0,1434.7153643710994,1050.0,1434.981375719961,1050.0,0.017974986043620456,0.0
8608,1650816001000.0,0.0,0.0,0.2,5.807235795864954,0.0,0.0,5.839,1.0,1.0,1434.9095916591334,1050.0,1434.9159444999605,1050.0,0.0008094218380895008,0.0
8609,1650819601000.0,0.0,0.0,0.2,5.8612,0.0,0.0,5.857,1.0,1.0,1434.9429439299606,1050.0,1434.9421039299607,1050.0,0.0008169244672471222,0.0
8610,1650823201000.0,0.0,0.0,0.5,5.83816,0.0,0.0,5.773,1.0,1.0,1434.954155179961,1050.0,1434.9215751799609,1050.0,0.0020342670805632195,0.0
8611,1650826801000.0,0.0,0.0,0.2,5.88204,0.0,0.0,5.914,1.0,1.0,1434.973171249961,1050.0,1434.979563249961,1050.0,0.0008198118428759662,0.0
8612,1650830401000.0,0.0,0.0,0.2,5.946755,0.0,0.0,5.923,1.0,1.0,1434.984557609961,1050.0,1434.979806609961,1050.0,0.0008288249470648827,0.0
8613,1650834001000.0,0.0,0.0,0.2,5.946755,0.0,0.0,5.893,1.0,1.0,1434.984557609961,1050.0,1434.973806609961,1050.0,0.0008288249470648827,0.0
8614,1650837601000.0,0.0,0.0,0.2,5.946755,0.0,0.0,5.931,1.0,1.0,1434.984557609961,1050.0,1434.9814066099611,1050.0,0.0008288249470648827,0.0
8615,1650841201000.0,0.0,0.0,0.2,5.946755,0.0,0.0,5.908,1.0,1.0,1434.984557609961,1050.0,1434.976806609961,1050.0,0.0008288249470648827,0.0
8616,1650844801000.0,0.0,0.0,0.2,5.946755,0.0,0.0,5.87,1.0,1.0,1434.984557609961,1050.0,1434.969206609961,1050.0,0.0008288249470648827,0.0
8617,1650848401000.0,0.0,0.0,2.8,5.696375357142857,0.0,0.0,5.646,1.0,1.0,1434.983081559961,1050.0,1434.842030559961,1050.0,0.011115009789983738,0.0
8618,1650852001000.0,0.0,0.0,2.8,5.696375357142857,0.0,0.0,5.64,1.0,1.0,1434.983081559961,1050.0,1434.825230559961,1050.0,0.011115009789983738,0.0
8619,1650855601000.0,0.0,0.0,2.8,5.696375357142857,0.0,0.0,5.613,1.0,1.0,1434.983081559961,1050.0,1434.749630559961,1050.0,0.011115009789983738,0.0
8620,1650859201000.0,0.0,0.0,2.8,5.696375357142857,0.0,0.0,5.65,1.0,1.0,1434.983081559961,1050.0,1434.853230559961,1050.0,0.011115009789983738,0.0
8621,1650862801000.0,0.0,0.0,6.5,5.613054,0.0,0.0,5.515,1.0,1.0,1434.9810280599609,1050.0,1434.3436770599608,1050.0,0.02542531941995506,0.0
8622,1650866401000.0,0.0,0.0,15.2,5.5225888815789475,0.0,0.0,5.451,1.0,1.0,1434.9762822099608,1050.0,1433.8881312099609,1050.0,0.05849807557148021,0.0
8623,1650870001000.0,0.0,0.0,15.2,5.5225888815789475,0.0,0.0,5.365,1.0,1.0,1434.9762822099608,1050.0,1432.580931209961,1050.0,0.05849807557148021,0.0
8624,1650873601000.0,0.0,0.0,35.5,5.41703523943662,0.0,0.0,5.357,1.0,1.0,1434.9654460699608,1050.0,1432.8341950699607,1050.0,0.13401350640649803,0.0
8625,1650877201000.0,0.0,0.0,35.5,5.41703523943662,0.0,0.0,5.352,1.0,1.0,1434.9654460699608,1050.0,1432.6566950699607,1050.0,0.13401350640649803,0.0
8626,1650880801000.0,0.0,0.0,35.5,5.41703523943662,0.0,0.0,5.381,1.0,1.0,1434.9654460699608,1050.0,1433.6861950699608,1050.0,0.13401350640649803,0.0
8627,1650884401000.0,0.0,0.0,35.5,5.41703523943662,0.0,0.0,5.371,1.0,1.0,1434.9654460699608,1050.0,1433.3311950699608,1050.0,0.13401350640649803,0.0
8628,1650888001000.0,0.0,0.0,16.1,5.41703523943662,0.0,0.0,5.466,1.0,1.0,1435.65258360489,1050.0,1436.4409162499603,1050.0,0.06074886664845934,0.0
8629,1650891601000.0,0.0,0.0,0.2,5.592879404929578,0.0,0.0,5.56,1.0,1.0,1437.5321569509463,1050.0,1437.5255810699603,1050.0,0.0007781223366567691,0.0
8630,1650895201000.0,0.0,0.0,0.2,5.592879404929578,0.0,0.0,5.519,1.0,1.0,1437.5321569509463,1050.0,1437.5173810699603,1050.0,0.0007781223366567691,0.0
8631,1650898801000.0,0.0,0.0,0.2,5.551737940492958,0.0,0.0,5.502,1.0,1.0,1437.555675508059,1050.0,1437.5457279199604,1050.0,0.0007723857983491138,0.0
8632,1650902401000.0,0.0,0.0,0.2,5.551737940492958,0.0,0.0,5.52,1.0,1.0,1437.555675508059,1050.0,1437.5493279199604,1050.0,0.0007723857983491138,0.0
8633,1650906001000.0,0.0,0.0,0.2,5.6085922425616195,0.0,0.0,5.598,1.0,1.0,1437.5663099084727,1050.0,1437.5641914599603,1050.0,0.0007802898835210891,0.0
8634,1650909601000.0,0.0,0.0,0.2,5.6531480606404045,0.0,0.0,5.617,1.0,1.0,1437.5735946720886,1050.0,1437.5663650599604,1050.0,0.0007864846824666242,0.0
8635,1650913201000.0,0.0,0.0,0.2,5.772567126895012,0.0,0.0,5.738,1.0,1.0,1437.5919037653396,1050.0,1437.5849903399605,1050.0,0.0008030884302805977,0.0
8636,1650916801000.0,0.0,0.0,0.2,5.772567126895012,0.0,0.0,5.765,1.0,1.0,1437.5919037653396,1050.0,1437.5903903399605,1050.0,0.0008030884302805977,0.0
8637,1650920401000.0,0.0,0.0,0.2,5.843,0.0,0.0,5.836,1.0,1.0,1437.6024569499607,1050.0,1437.6010569499606,1050.0,0.0008128811928155157,0.0
8638,1650924001000.0,0.0,0.0,0.2,5.9230625,0.0,0.0,5.87,1.0,1.0,1437.6174964399606,1050.0,1437.6068839399607,1050.0,0.0008240109089751004,0.0
8639,1650927601000.0,0.0,0.0,1.2,5.94075,0.0,0.0,5.879,1.0,1.0,1437.6463664699602,1050.0,1437.5722664699601,1050.0,0.004958729883973146,0.0
8640,1650931201000.0,0.0,0.0,0.2,6.19728125,0.0,0.0,6.157,1.0,1.0,1437.7482419499609,1050.0,1437.7401856999609,1050.0,0.0008620815618727341,0.0
8641,1650934801000.0,0.0,0.0,0.2,6.3043837890625,0.0,0.0,6.271,1.0,1.0,1437.7681343077732,1050.0,1437.7614575499606,1050.0,0.0008769680783192215,0.0
8642,1650938401000.0,0.0,0.0,0.5,6.213553515625,0.0,0.0,6.135,1.0,1.0,1437.7679497177733,1050.0,1437.7286729599607,1050.0,0.0021608332265455944,0.0
8643,1650942001000.0,0.0,0.0,0.5,6.213553515625,0.0,0.0,6.161,1.0,1.0,1437.7679497177733,1050.0,1437.7416729599609,1050.0,0.0021608332265455944,0.0
8644,1650945601000.0,0.0,0.0,0.5,6.213553515625,0.0,0.0,6.164,1.0,1.0,1437.7679497177733,1050.0,1437.7431729599607,1050.0,0.0021608332265455944,0.0
8645,1650949201000.0,0.0,0.0,0.5,6.213553515625,0.0,0.0,6.18,1.0,1.0,1437.7679497177733,1050.0,1437.7511729599607,1050.0,0.0021608332265455944,0.0
8646,1650952801000.0,0.0,0.0,0.5,6.213553515625,0.0,0.0,6.119,1.0,1.0,1437.7679497177733,1050.0,1437.7206729599607,1050.0,0.0021608332265455944,0.0
8647,1650956401000.0,0.0,0.0,1.2,6.125730631510416,0.0,0.0,6.055,1.0,1.0,1437.7675253077732,1050.0,1437.6826485499607,1050.0,0.005112701899591832,0.0
8648,1650960001000.0,0.0,0.0,1.2,6.125730631510416,0.0,0.0,6.04,1.0,1.0,1437.7675253077732,1050.0,1437.6646485499607,1050.0,0.005112701899591832,0.0
8649,1650963601000.0,0.0,0.0,1.2,6.125730631510416,0.0,0.0,6.093,1.0,1.0,1437.7675253077732,1050.0,1437.7282485499607,1050.0,0.005112701899591832,0.0
8650,1650967201000.0,0.0,0.0,0.5,6.125730631510416,0.0,0.0,6.153,1.0,1.0,1437.7952822457157,1050.0,1437.8089169299606,1050.0,0.0021302513324228394,0.0
8651,1650970801000.0,0.0,0.0,0.2,6.1671826578776034,0.0,0.0,6.112,1.0,1.0,1437.818321071536,1050.0,1437.8072845399606,1050.0,0.0008578528410017063,0.0
8652,1650974401000.0,0.0,0.0,0.2,6.1880913289388015,0.0,0.0,6.122,1.0,1.0,1437.8222786357483,1050.0,1437.8090603699604,1050.0,0.0008607588602410947,0.0
8653,1650978001000.0,0.0,0.0,0.2,6.4239999999999995,0.0,0.0,6.379,1.0,1.0,1437.8619206899602,1050.0,1437.8529206899602,1050.0,0.0008935489434086179,0.0
8654,1650981601000.0,0.0,0.0,0.4,6.3316,0.0,0.0,6.283,1.0,1.0,1437.8658088599602,1050.0,1437.8463688599602,1050.0,0.0017613882911702678,0.0
8655,1650985201000.0,0.0,0.0,0.2,6.3316,0.0,0.0,6.269,1.0,1.0,1437.8739613999603,1050.0,1437.8614413999603,1050.0,0.0008806891521751115,0.0
8656,1650988801000.0,0.0,0.0,0.5,6.3053799999999995,0.0,0.0,6.244,1.0,1.0,1437.8859603199605,1050.0,1437.8552703199605,1050.0,0.0021925869554345312,0.0
8657,1650992401000.0,0.0,0.0,1.2,6.585583333333334,0.0,0.0,6.507,1.0,1.0,1437.9452527699605,1050.0,1437.8509527699605,1050.0,0.005495828151159979,0.0
8658,1650996001000.0,0.0,0.0,73.7,5.86604014020805,0.0,0.0,5.704,1.0,1.0,1437.9563143332948,1050.0,1426.0139559999616,1050.0,0.3006538891508542,0.0
8659,1650999601000.0,0.0,0.0,73.7,5.86604014020805,0.0,0.0,5.55,1.0,1.0,1437.9563143332948,1050.0,1414.6641559999614,1050.0,0.3006538891508542,0.0
8660,1651003201000.0,0.0,0.0,73.7,5.86604014020805,0.0,0.0,5.587,1.0,1.0,1437.9563143332948,1050.0,1417.3910559999615,1050.0,0.3006538891508542,0.0
8661,1651006801000.0,0.0,0.0,73.7,5.86604014020805,0.0,0.0,5.579,1.0,1.0,1437.9563143332948,1050.0,1416.8014559999615,1050.0,0.3006538891508542,0.0
8662,1651010401000.0,0.0,0.0,73.7,5.86604014020805,0.0,0.0,5.664,1.0,1.0,1437.9563143332948,1050.0,1423.0659559999615,1050.0,0.3006538891508542,0.0
8663,1651014001000.0,0.0,0.0,73.7,5.86604014020805,0.0,0.0,5.563,1.0,1.0,1437.9563143332948,1050.0,1415.6222559999615,1050.0,0.3006538891508542,0.0
8664,1651017601000.0,0.0,0.0,73.7,5.86604014020805,0.0,0.0,5.402,1.0,1.0,1437.9563143332948,1050.0,1403.7565559999616,1050.0,0.3006538891508542,0.0
8665,1651021201000.0,0.0,0.0,73.7,5.86604014020805,0.0,0.0,5.495,1.0,1.0,1437.9563143332948,1050.0,1410.6106559999614,1050.0,0.3006538891508542,0.0
8666,1651024801000.0,0.0,0.0,73.7,5.86604014020805,0.0,0.0,5.542,1.0,1.0,1437.9563143332948,1050.0,1414.0745559999614,1050.0,0.3006538891508542,0.0
8667,1651028401000.0,0.0,0.0,68.5,5.86604014020805,0.0,0.0,5.56,1.0,1.0,1436.5299976042131,1050.0,1415.5662479999617,1050.0,0.2797183144622089,0.0
8668,1651032001000.0,0.0,0.0,68.7,5.841629899922211,0.0,0.0,5.581,1.0,1.0,1435.191330484617,1050.0,1417.2860563599613,1050.0,0.27962820398945926,0.0
8669,1651035601000.0,0.0,0.0,68.7,5.841629899922211,0.0,0.0,5.643,1.0,1.0,1435.191330484617,1050.0,1421.5454563599612,1050.0,0.27962820398945926,0.0
8670,1651039201000.0,0.0,0.0,68.7,5.841629899922211,0.0,0.0,5.643,1.0,1.0,1435.191330484617,1050.0,1421.5454563599612,1050.0,0.27962820398945926,0.0
8671,1651042801000.0,0.0,0.0,68.7,5.841629899922211,0.0,0.0,5.732,1.0,1.0,1435.191330484617,1050.0,1427.6597563599612,1050.0,0.27962820398945926,0.0
8672,1651046401000.0,0.0,0.0,68.7,5.841629899922211,0.0,0.0,5.757,1.0,1.0,1435.191330484617,1050.0,1429.3772563599612,1050.0,0.27962820398945926,0.0
8673,1651050001000.0,0.0,0.0,74.0,5.828978028711566,0.0,0.0,5.685,1.0,1.0,1435.1883280446173,1050.0,1424.5339539199613,1050.0,0.30054897026116717,0.0
8674,1651053601000.0,0.0,0.0,68.8,5.828978028711566,0.0,0.0,5.776,1.0,1.0,1434.5908706753169,1050.0,1430.945982299961,1050.0,0.27954568551420783,0.0
8675,1651057201000.0,0.0,0.0,68.8,5.828978028711566,0.0,0.0,5.815,1.0,1.0,1434.5908706753169,1050.0,1433.6291822999613,1050.0,0.27954568551420783,0.0
8676,1651060801000.0,0.0,0.0,3.1,5.828978028711566,0.0,0.0,5.927,1.0,1.0,1437.3361394189672,1050.0,1437.6400075299614,1050.0,0.012571750889329516,0.0
8677,1651064401000.0,0.0,0.0,0.3,5.828978028711566,0.0,0.0,5.846,1.0,1.0,1437.5438478885753,1050.0,1437.5489544799618,1050.0,0.0012164452661265967,0.0
8678,1651068001000.0,0.0,0.0,0.2,5.952249999999999,0.0,0.0,5.937,1.0,1.0,1437.565971449962,1050.0,1437.562921449962,1050.0,0.0008281011262385996,0.0
8679,1651071601000.0,0.0,0.0,0.2,5.804145833333333,0.0,0.0,5.801,1.0,1.0,1437.6196757566292,1050.0,1437.6190465899626,1050.0,0.0008074661095993376,0.0
8680,1651075201000.0,0.0,0.0,0.2,5.885384114583333,0.0,0.0,5.803,1.0,1.0,1437.6347534828792,1050.0,1437.6182766599625,1050.0,0.0008187592989561687,0.0
8681,1651078801000.0,0.0,0.0,0.5,5.800553645833332,0.0,0.0,5.797,1.0,1.0,1437.6345811628792,1050.0,1437.6328043399626,1050.0,0.0020173950049049874,0.0
8682,1651082401000.0,0.0,0.0,0.2,5.940004325358073,0.0,0.0,5.955,1.0,1.0,1437.6723041050343,1050.0,1437.6753032399627,1050.0,0.0008263363366460324,0.0
8683,1651086001000.0,0.0,0.0,0.2,5.981001081339518,0.0,0.0,5.874,1.0,1.0,1437.6798638562307,1050.0,1437.6584636399627,1050.0,0.0008320351744089843,0.0
8684,1651089601000.0,0.0,0.0,0.5,5.894600432535807,0.0,0.0,5.787,1.0,1.0,1437.6796887462306,1050.0,1437.6258885299626,1050.0,0.002050039545900645,0.0
8685,1651093201000.0,0.0,0.0,0.5,5.894600432535807,0.0,0.0,5.778,1.0,1.0,1437.6796887462306,1050.0,1437.6213885299626,1050.0,0.002050039545900645,0.0
8686,1651096801000.0,0.0,0.0,0.5,5.894600432535807,0.0,0.0,5.792,1.0,1.0,1437.6796887462306,1050.0,1437.6283885299626,1050.0,0.002050039545900645,0.0
8687,1651100401000.0,0.0,0.0,0.5,5.894600432535807,0.0,0.0,5.867,1.0,1.0,1437.6796887462306,1050.0,1437.6658885299626,1050.0,0.002050039545900645,0.0
8688,1651104001000.0,0.0,0.0,0.5,5.894600432535807,0.0,0.0,5.855,1.0,1.0,1437.6796887462306,1050.0,1437.6598885299627,1050.0,0.002050039545900645,0.0
8689,1651107601000.0,0.0,0.0,1.2,5.811416846889919,0.0,0.0,5.725,1.0,1.0,1437.6792861062306,1050.0,1437.5755858899627,1050.0,0.004850664737025789,0.0
8690,1651111201000.0,0.0,0.0,1.2,5.811416846889919,0.0,0.0,5.676,1.0,1.0,1437.6792861062306,1050.0,1437.5167858899626,1050.0,0.004850664737025789,0.0
8691,1651114801000.0,0.0,0.0,2.8,5.7294643629528235,0.0,0.0,5.646,1.0,1.0,1437.6783792262306,1050.0,1437.4446790099628,1050.0,0.011158615479007272,0.0
8692,1651118401000.0,0.0,0.0,2.8,5.7294643629528235,0.0,0.0,5.694,1.0,1.0,1437.6783792262306,1050.0,1437.5790790099627,1050.0,0.011158615479007272,0.0
8693,1651122001000.0,0.0,0.0,2.8,5.7294643629528235,0.0,0.0,5.756,1.0,1.0,1437.6783792262306,1050.0,1437.7526790099628,1050.0,0.011158615479007272,0.0
8694,1651125601000.0,0.0,0.0,2.8,5.7294643629528235,0.0,0.0,5.688,1.0,1.0,1437.6783792262306,1050.0,1437.5622790099628,1050.0,0.011158615479007272,0.0
8695,1651129201000.0,0.0,0.0,2.8,5.7294643629528235,0.0,0.0,5.694,1.0,1.0,1437.6783792262306,1050.0,1437.5790790099627,1050.0,0.011158615479007272,0.0
8696,1651132801000.0,0.0,0.0,2.8,5.7294643629528235,0.0,0.0,5.691,1.0,1.0,1437.6783792262306,1050.0,1437.5706790099628,1050.0,0.011158615479007272,0.0
8697,1651136401000.0,0.0,0.0,2.8,5.7294643629528235,0.0,0.0,5.717,1.0,1.0,1437.6783792262306,1050.0,1437.6434790099627,1050.0,0.011158615479007272,0.0
8698,1651140001000.0,0.0,0.0,0.2,5.768866090738205,0.0,0.0,5.766,1.0,1.0,1437.781821698111,1050.0,1437.7812484799633,1050.0,0.0008024675237477703,0.0
8699,1651143601000.0,0.0,0.0,0.2,5.768866090738205,0.0,0.0,5.699,1.0,1.0,1437.781821698111,1050.0,1437.7678484799633,1050.0,0.0008024675237477703,0.0
8700,1651147201000.0,0.0,0.0,0.2,5.768866090738205,0.0,0.0,5.723,1.0,1.0,1437.781821698111,1050.0,1437.7726484799632,1050.0,0.0008024675237477703,0.0
8701,1651150801000.0,0.0,0.0,0.5,5.685546436295282,0.0,0.0,5.637,1.0,1.0,1437.7816527981108,1050.0,1437.757379579963,1050.0,0.0019771939728228088,0.0
8702,1651154401000.0,0.0,0.0,1.2,5.605311015123034,0.0,0.0,5.551,1.0,1.0,1437.7812644381108,1050.0,1437.7160912199631,1050.0,0.0046783007850476665,0.0
8703,1651158001000.0,0.0,0.0,1.2,5.605311015123034,0.0,0.0,5.54,1.0,1.0,1437.7812644381108,1050.0,1437.7028912199632,1050.0,0.0046783007850476665,0.0
8704,1651161601000.0,0.0,0.0,0.7,5.605311015123034,0.0,0.0,5.527,1.0,1.0,1437.799326830549,1050.0,1437.744509119963,1050.0,0.0027289745080319896,0.0
8705,1651165201000.0,0.0,0.0,0.3,5.528636069116327,0.0,0.0,5.605,1.0,1.0,1437.8723815806993,1050.0,1437.8952907599644,1050.0,0.0011535034972377425,0.0
8706,1651168801000.0,0.0,0.0,0.2,5.640863627159885,0.0,0.0,5.659,1.0,1.0,1437.8999451653967,1050.0,1437.9035724399648,1050.0,0.0007845975161381672,0.0
8707,1651172401000.0,0.0,0.0,0.2,5.659931813579943,0.0,0.0,5.619,1.0,1.0,1437.9035452326807,1050.0,1437.8953588699646,1050.0,0.0007872477722647323,0.0
8708,1651176001000.0,0.0,0.0,0.2,5.659931813579943,0.0,0.0,5.601,1.0,1.0,1437.9035452326807,1050.0,1437.8917588699646,1050.0,0.0007872477722647323,0.0
8709,1651179601000.0,0.0,0.0,0.5,5.5783727254319775,0.0,0.0,5.521,1.0,1.0,1437.9033795126807,1050.0,1437.8746931499647,1050.0,0.0019397592372731407,0.0
8710,1651183201000.0,0.0,0.0,0.5,5.5783727254319775,0.0,0.0,5.545,1.0,1.0,1437.9033795126807,1050.0,1437.8866931499647,1050.0,0.0019397592372731407,0.0
8711,1651186801000.0,0.0,0.0,0.5,5.5783727254319775,0.0,0.0,5.542,1.0,1.0,1437.9033795126807,1050.0,1437.8851931499646,1050.0,0.0019397592372731407,0.0
8712,1651190401000.0,0.0,0.0,0.5,5.5783727254319775,0.0,0.0,5.529,1.0,1.0,1437.9033795126807,1050.0,1437.8786931499646,1050.0,0.0019397592372731407,0.0
8713,1651194001000.0,0.0,0.0,0.5,5.5783727254319775,0.0,0.0,5.561,1.0,1.0,1437.9033795126807,1050.0,1437.8946931499647,1050.0,0.0019397592372731407,0.0
8714,1651197601000.0,0.0,0.0,0.5,5.5783727254319775,0.0,0.0,5.564,1.0,1.0,1437.9033795126807,1050.0,1437.8961931499646,1050.0,0.0019397592372731407,0.0
8715,1651201201000.0,0.0,0.0,0.5,5.5783727254319775,0.0,0.0,5.526,1.0,1.0,1437.9033795126807,1050.0,1437.8771931499646,1050.0,0.0019397592372731407,0.0
8716,1651204801000.0,0.0,0.0,0.5,5.5783727254319775,0.0,0.0,5.52,1.0,1.0,1437.9033795126807,1050.0,1437.8741931499646,1050.0,0.0019397592372731407,0.0
8717,1651208401000.0,0.0,0.0,0.4,5.5783727254319775,0.0,0.0,5.571,1.0,1.0,1437.9069860901375,1050.0,1437.9040369999648,1050.0,0.001551803497554546,0.0
8718,1651212001000.0,0.0,0.0,0.2,5.673960795339498,0.0,0.0,5.682,1.0,1.0,1437.9316634790325,1050.0,1437.9332713199647,1050.0,0.0007891836503010889,0.0
8719,1651215601000.0,0.0,0.0,0.2,5.673960795339498,0.0,0.0,5.66,1.0,1.0,1437.9316634790325,1050.0,1437.9288713199646,1050.0,0.0007891836503010889,0.0
8720,1651219201000.0,0.0,0.0,0.2,5.7346200994174374,0.0,0.0,5.756,1.0,1.0,1437.942651379848,1050.0,1437.9469273599645,1050.0,0.0007976145771758704,0.0
8721,1651222801000.0,0.0,0.0,0.2,5.7346200994174374,0.0,0.0,5.637,1.0,1.0,1437.942651379848,1050.0,1437.9231273599646,1050.0,0.0007976145771758704,0.0
8722,1651226401000.0,0.0,0.0,1.2,5.572103349902907,0.0,0.0,5.504,1.0,1.0,1437.9420974198479,1050.0,1437.8603733999644,1050.0,0.004650064861360804,0.0
8723,1651230001000.0,0.0,0.0,6.5,5.413634464597459,0.0,0.0,5.401,1.0,1.0,1437.939247209848,1050.0,1437.8571231899646,1050.0,0.024471565184803788,0.0
8724,1651233601000.0,0.0,0.0,0.2,5.465658616149365,0.0,0.0,5.483,1.0,1.0,1438.2688927331944,1050.0,1438.2723610099645,1050.0,0.0007600329317785322,0.0
8725,1651237201000.0,0.0,0.0,0.2,5.5417286635093355,0.0,0.0,5.513,1.0,1.0,1438.2829642326662,1050.0,1438.2772184999644,1050.0,0.0007706033932573046,0.0
8726,1651240801000.0,0.0,0.0,0.2,5.5417286635093355,0.0,0.0,5.48,1.0,1.0,1438.2829642326662,1050.0,1438.2706184999645,1050.0,0.0007706033932573046,0.0
8727,1651244401000.0,0.0,0.0,0.5,5.462091465403734,0.0,0.0,5.414,1.0,1.0,1438.2828019626663,1050.0,1438.2587562299645,1050.0,0.0018988238814891686,0.0
8728,1651248001000.0,0.0,0.0,0.5,5.462091465403734,0.0,0.0,5.4,1.0,1.0,1438.2828019626663,1050.0,1438.2517562299645,1050.0,0.0018988238814891686,0.0
8729,1651251601000.0,0.0,0.0,1.2,5.3850381105848895,0.0,0.0,5.354,1.0,1.0,1438.2824288626664,1050.0,1438.2451831299645,1050.0,0.004492890688939155,0.0
8730,1651255201000.0,0.0,0.0,2.8,5.3090163331078095,0.0,0.0,5.282,1.0,1.0,1438.2815885426664,1050.0,1438.2059428099647,1050.0,0.010335420999002025,0.0
8731,1651258801000.0,0.0,0.0,15.2,5.148259587677753,0.0,0.0,5.114,1.0,1.0,1438.2752497126664,1050.0,1437.7545039799645,1050.0,0.05440790679554213,0.0
8732,1651262401000.0,0.0,0.0,35.5,5.0514717107803335,0.0,0.0,4.975,1.0,1.0,1438.2651423426664,1050.0,1435.5503966099645,1050.0,0.12468302293735013,0.0
8733,1651266001000.0,0.0,0.0,35.5,5.0514717107803335,0.0,0.0,4.966,1.0,1.0,1438.2651423426664,1050.0,1435.2308966099647,1050.0,0.12468302293735013,0.0
8734,1651269601000.0,0.0,0.0,35.5,5.0514717107803335,0.0,0.0,4.966,1.0,1.0,1438.2651423426664,1050.0,1435.2308966099647,1050.0,0.12468302293735013,0.0
8735,1651273201000.0,0.0,0.0,35.5,5.0514717107803335,0.0,0.0,4.972,1.0,1.0,1438.2651423426664,1050.0,1435.4438966099647,1050.0,0.12468302293735013,0.0
8736,1651276801000.0,0.0,0.0,35.5,5.0514717107803335,0.0,0.0,4.982,1.0,1.0,1438.2651423426664,1050.0,1435.7988966099647,1050.0,0.12468302293735013,0.0
8737,1651280401000.0,0.0,0.0,35.5,5.0514717107803335,0.0,0.0,5.055,1.0,1.0,1438.2651423426664,1050.0,1438.3903966099647,1050.0,0.12468302293735013,0.0
8738,1651284001000.0,0.0,0.0,35.5,5.0514717107803335,0.0,0.0,5.061,1.0,1.0,1438.2651423426664,1050.0,1438.6033966099646,1050.0,0.12468302293735013,0.0
8739,1651287601000.0,0.0,0.0,10.9,5.0514717107803335,0.0,0.0,5.101,1.0,1.0,1439.0774291574703,1050.0,1439.6172875099646,1050.0,0.03826134753551236,0.0
8740,1651291201000.0,0.0,0.0,7.4,5.0514717107803335,0.0,0.0,5.098,1.0,1.0,1439.1929984197393,1050.0,1439.5373077599647,1050.0,0.02597350786226683,0.0
8741,1651294801000.0,0.0,0.0,0.6,5.0514717107803335,0.0,0.0,5.099,1.0,1.0,1439.5984148964333,1050.0,1439.6269318699651,1050.0,0.0021053670211815603,0.0
8742,1651298401000.0,0.0,0.0,0.2,5.068735855390167,0.0,0.0,5.091,1.0,1.0,1439.6175736610435,1050.0,1439.6220264899655,1050.0,0.0007041781023136629,0.0
8743,1651302001000.0,0.0,0.0,0.2,5.0863679276950835,0.0,0.0,5.085,1.0,1.0,1439.6207980155045,1050.0,1439.6205244299656,1050.0,0.0007066260691296714,0.0
8744,1651305601000.0,0.0,0.0,0.2,5.0863679276950835,0.0,0.0,5.036,1.0,1.0,1439.6207980155045,1050.0,1439.6107244299656,1050.0,0.0007066260691296714,0.0
8745,1651309201000.0,0.0,0.0,0.5,5.012947171078034,0.0,0.0,4.991,1.0,1.0,1439.6206490955046,1050.0,1439.6096755099657,1050.0,0.0017410653196130539,0.0
8746,1651312801000.0,0.0,0.0,0.5,5.012947171078034,0.0,0.0,4.998,1.0,1.0,1439.6206490955046,1050.0,1439.6131755099657,1050.0,0.0017410653196130539,0.0
8747,1651316401000.0,0.0,0.0,0.5,5.012947171078034,0.0,0.0,4.997,1.0,1.0,1439.6206490955046,1050.0,1439.6126755099656,1050.0,0.0017410653196130539,0.0
8748,1651320001000.0,0.0,0.0,0.5,5.012947171078034,0.0,0.0,4.953,1.0,1.0,1439.6206490955046,1050.0,1439.5906755099656,1050.0,0.0017410653196130539,0.0
8749,1651323601000.0,0.0,0.0,0.5,5.012947171078034,0.0,0.0,4.969,1.0,1.0,1439.6206490955046,1050.0,1439.5986755099657,1050.0,0.0017410653196130539,0.0
8750,1651327201000.0,0.0,0.0,1.2,4.942394654615848,0.0,0.0,4.912,1.0,1.0,1439.6203066555047,1050.0,1439.5838330699657,1050.0,0.004119748490709676,0.0
8751,1651330801000.0,0.0,0.0,2.8,4.873026280549649,0.0,0.0,4.783,1.0,1.0,1439.6195352955046,1050.0,1439.3674617099657,1050.0,0.009477833032279791,0.0
8752,1651334401000.0,0.0,0.0,2.5,4.802426705467541,0.0,0.0,4.796,1.0,1.0,1439.7421377436349,1050.0,1439.726070979966,1050.0,0.008339039643921771,0.0
8753,1651338001000.0,0.0,0.0,0.3,4.802426705467541,0.0,0.0,4.762,1.0,1.0,1439.8105355116068,1050.0,1439.7984074999665,1050.0,0.0010006372200411283,0.0
8754,1651341601000.0,0.0,0.0,0.7,4.736468588057518,0.0,0.0,4.658,1.0,1.0,1439.8103480316067,1050.0,1439.7554200199666,1050.0,0.0023027532870374115,0.0
8755,1651345201000.0,0.0,0.0,1.6,4.671517507275164,0.0,0.0,4.661,1.0,1.0,1439.8099321416066,1050.0,1439.7931041299664,1050.0,0.005191260210660323,0.0
8756,1651348801000.0,0.0,0.0,0.6,4.671517507275164,0.0,0.0,4.706,1.0,1.0,1439.8409443343323,1050.0,1439.8616338299673,1050.0,0.0019466806492719519,0.0
8757,1651352401000.0,0.0,0.0,0.2,4.687758753637581,0.0,0.0,4.658,1.0,1.0,1439.8564033906953,1050.0,1439.8504516399678,1050.0,0.000651142536519399,0.0
8758,1651356001000.0,0.0,0.0,0.2,4.687758753637581,0.0,0.0,4.623,1.0,1.0,1439.8564033906953,1050.0,1439.8434516399677,1050.0,0.000651142536519399,0.0
8759,1651359601000.0,0.0,0.0,1.2,4.554709792272931,0.0,0.0,4.484,1.0,1.0,1439.8559505806952,1050.0,1439.7710988299677,1050.0,0.0037959712209566622,0.0
8760,1651363201000.0,0.0,0.0,0.2,4.400362767166774,0.0,0.0,4.365,1.0,1.0,1441.5639003434,1050.0,1441.5568277899667,1050.0,0.000610498468519994,0.0
8761,1651366801000.0,0.0,0.0,0.2,4.394393138358339,0.0,0.0,4.344,1.0,1.0,1441.583082747638,1050.0,1441.5730041199663,1050.0,0.0006096621403162813,0.0
8762,1651370401000.0,0.0,0.0,0.2,4.415072328458958,0.0,0.0,4.414,1.0,1.0,1441.6097058556581,1050.0,1441.6094913899663,1050.0,0.0006125197840338375,0.0
8763,1651374001000.0,0.0,0.0,0.2,4.415072328458958,0.0,0.0,4.374,1.0,1.0,1441.6097058556581,1050.0,1441.6014913899664,1050.0,0.0006125197840338375,0.0
8764,1651377601000.0,0.0,0.0,0.2,4.445018082114739,0.0,0.0,4.443,1.0,1.0,1441.6153169263896,1050.0,1441.6149133099666,1050.0,0.0006166718721595973,0.0
8765,1651381201000.0,0.0,0.0,0.2,4.445018082114739,0.0,0.0,4.392,1.0,1.0,1441.6153169263896,1050.0,1441.6047133099667,1050.0,0.0006166718721595973,0.0
8766,1651384801000.0,0.0,0.0,0.2,4.492377260264343,0.0,0.0,4.518,1.0,1.0,1441.6239193020197,1050.0,1441.6290438499668,1050.0,0.0006232384466039359,0.0
8767,1651388401000.0,0.0,0.0,0.2,4.564,0.0,0.0,4.501,1.0,1.0,1441.6350710999668,1050.0,1441.6224710999668,1050.0,0.0006331699459167112,0.0
8768,1651392001000.0,0.0,0.0,0.2,4.564,0.0,0.0,4.481,1.0,1.0,1441.6350710999668,1050.0,1441.6184710999669,1050.0,0.0006331699459167112,0.0
8769,1651395601000.0,0.0,0.0,0.2,4.564,0.0,0.0,4.555,1.0,1.0,1441.6350710999668,1050.0,1441.6332710999668,1050.0,0.0006331699459167112,0.0
8770,1651399201000.0,0.0,0.0,0.2,4.564,0.0,0.0,4.516,1.0,1.0,1441.6350710999668,1050.0,1441.6254710999667,1050.0,0.0006331699459167112,0.0
8771,1651402801000.0,0.0,0.0,0.2,4.564,0.0,0.0,4.553,1.0,1.0,1441.6350710999668,1050.0,1441.632871099967,1050.0,0.0006331699459167112,0.0
8772,1651406401000.0,0.0,0.0,0.2,4.564,0.0,0.0,4.505,1.0,1.0,1441.6350710999668,1050.0,1441.6232710999668,1050.0,0.0006331699459167112,0.0
8773,1651410001000.0,0.0,0.0,0.2,4.564,0.0,0.0,4.555,1.0,1.0,1441.6350710999668,1050.0,1441.6332710999668,1050.0,0.0006331699459167112,0.0
8774,1651413601000.0,0.0,0.0,0.2,4.612125,0.0,0.0,4.6,1.0,1.0,1441.6439194299667,1050.0,1441.6414944299668,1050.0,0.0006398424656518036,0.0
8775,1651417201000.0,0.0,0.0,0.2,4.6280625,0.0,0.0,4.617,1.0,1.0,1441.6469140599665,1050.0,1441.6447015599665,1050.0,0.0006420521495053806,0.0
8776,1651420801000.0,0.0,0.0,0.2,4.7260322265625,0.0,0.0,4.709,1.0,1.0,1441.6648439752792,1050.0,1441.6614375299666,1050.0,0.0006556353574567071,0.0
8777,1651424401000.0,0.0,0.0,0.2,4.742016113281251,0.0,0.0,4.746,1.0,1.0,1441.6678456026227,1050.0,1441.6686423799665,1050.0,0.0006578514083872169,0.0
8778,1651428001000.0,0.0,0.0,0.2,4.866937500000001,0.0,0.0,4.772,1.0,1.0,1441.6888495599662,1050.0,1441.6698620599661,1050.0,0.0006751716920728759,0.0
8779,1651431601000.0,0.0,0.0,1.2,4.729239583333333,0.0,0.0,4.641,1.0,1.0,1441.6883793899663,1050.0,1441.5824918899661,1050.0,0.003936417592823594,0.0
8780,1651435201000.0,0.0,0.0,2.8,4.662816964285716,0.0,0.0,4.651,1.0,1.0,1441.6876413099662,1050.0,1441.6545538099663,1050.0,0.00905597518206994,0.0
8781,1651438801000.0,0.0,0.0,2.8,4.662816964285716,0.0,0.0,4.659,1.0,1.0,1441.6876413099662,1050.0,1441.6769538099663,1050.0,0.00905597518206994,0.0
8782,1651442401000.0,0.0,0.0,1.8,4.662816964285716,0.0,0.0,4.703,1.0,1.0,1441.7183549456809,1050.0,1441.7906844099666,1050.0,0.005821574308825742,0.0
8783,1651446001000.0,0.0,0.0,0.2,4.662816964285716,0.0,0.0,4.688,1.0,1.0,1441.8099925128238,1050.0,1441.8150291199665,1050.0,0.0006468004783569627,0.0
8784,1651449601000.0,0.0,0.0,0.2,4.80887464250837,0.0,0.0,4.814,1.0,1.0,1441.837347428468,1050.0,1441.8383724999665,1050.0,0.0006670481453521853,0.0
8785,1651453201000.0,0.0,0.0,0.2,4.80887464250837,0.0,0.0,4.782,1.0,1.0,1441.837347428468,1050.0,1441.8319724999665,1050.0,0.0006670481453521853,0.0
8786,1651456801000.0,0.0,0.0,0.5,4.739349857003348,0.0,0.0,4.704,1.0,1.0,1441.8372066384682,1050.0,1441.8195317099664,1050.0,0.0016435107358800845,0.0
8787,1651460401000.0,0.0,0.0,0.5,4.739349857003348,0.0,0.0,4.699,1.0,1.0,1441.8372066384682,1050.0,1441.8170317099664,1050.0,0.0016435107358800845,0.0
8788,1651464001000.0,0.0,0.0,0.5,4.739349857003348,0.0,0.0,4.695,1.0,1.0,1441.8372066384682,1050.0,1441.8150317099664,1050.0,0.0016435107358800845,0.0
8789,1651467601000.0,0.0,0.0,0.2,4.755674928501675,0.0,0.0,4.775,1.0,1.0,1441.8496281356665,1050.0,1441.8534931499662,1050.0,0.0006596630932520799,0.0
8790,1651471201000.0,0.0,0.0,0.2,4.86825,0.0,0.0,4.846,1.0,1.0,1441.8676593099663,1050.0,1441.8632093099664,1050.0,0.0006752700178225505,0.0
8791,1651474801000.0,0.0,0.0,0.2,4.86825,0.0,0.0,4.794,1.0,1.0,1441.8676593099663,1050.0,1441.8528093099662,1050.0,0.0006752700178225505,0.0
8792,1651478401000.0,0.0,0.0,0.2,4.86825,0.0,0.0,4.811,1.0,1.0,1441.8676593099663,1050.0,1441.8562093099663,1050.0,0.0006752700178225505,0.0
8793,1651482001000.0,0.0,0.0,0.5,4.7979,0.0,0.0,4.709,1.0,1.0,1441.8675167799663,1050.0,1441.8230667799662,1050.0,0.001663779766228056,0.0
8794,1651485601000.0,0.0,0.0,0.5,4.7979,0.0,0.0,4.764,1.0,1.0,1441.8675167799663,1050.0,1441.8505667799664,1050.0,0.001663779766228056,0.0
8795,1651489201000.0,0.0,0.0,2.8,4.663839285714287,0.0,0.0,4.573,1.0,1.0,1441.8664507999663,1050.0,1441.6121007999664,1050.0,0.009056837401796011,0.0
8796,1651492801000.0,0.0,0.0,15.2,4.524536184210525,0.0,0.0,4.478,1.0,1.0,1441.8608793799665,1050.0,1441.1535293799666,1050.0,0.04769735484436886,0.0
8797,1651496401000.0,0.0,0.0,1.4,4.524536184210525,0.0,0.0,4.531,1.0,1.0,1442.4477768578615,1050.0,1442.4568261999668,1050.0,0.004391389941127082,0.0
8798,1651500001000.0,0.0,0.0,0.2,4.589283511513158,0.0,0.0,4.585,1.0,1.0,1442.5170677322678,1050.0,1442.5162110299652,1050.0,0.0006362882788940328,0.0
8799,1651503601000.0,0.0,0.0,0.2,4.605141755756579,0.0,0.0,4.605,1.0,1.0,1442.5200469711165,1050.0,1442.5200186199652,1050.0,0.0006384856509170977,0.0
8800,1651507201000.0,0.0,0.0,0.2,4.605141755756579,0.0,0.0,4.583,1.0,1.0,1442.5200469711165,1050.0,1442.5156186199652,1050.0,0.0006384856509170977,0.0
8801,1651510801000.0,0.0,0.0,0.2,4.605141755756579,0.0,0.0,4.518,1.0,1.0,1442.5200469711165,1050.0,1442.5026186199652,1050.0,0.0006384856509170977,0.0
8802,1651514401000.0,0.0,0.0,1.2,4.474606959292764,0.0,0.0,4.434,1.0,1.0,1442.5196021211163,1050.0,1442.470873769965,1050.0,0.0037223260905819445,0.0
8803,1651518001000.0,0.0,0.0,1.2,4.474606959292764,0.0,0.0,4.443,1.0,1.0,1442.5196021211163,1050.0,1442.481673769965,1050.0,0.0037223260905819445,0.0
8804,1651521601000.0,0.0,0.0,0.2,4.58313448373895,0.0,0.0,4.603,1.0,1.0,1442.5810017967124,1050.0,1442.5849748999647,1050.0,0.000635407575454096,0.0
8805,1651525201000.0,0.0,0.0,0.2,4.647070905233685,0.0,0.0,4.615,1.0,1.0,1442.5929179910115,1050.0,1442.5865038099648,1050.0,0.0006442664243361605,0.0
8806,1651528801000.0,0.0,0.0,0.2,4.712566931577106,0.0,0.0,4.717,1.0,1.0,1442.60484091628,1050.0,1442.6057275299645,1050.0,0.0006533413444784905,0.0
8807,1651532401000.0,0.0,0.0,0.2,4.744891732894276,0.0,0.0,4.709,1.0,1.0,1442.6109157765436,1050.0,1442.6037374299647,1050.0,0.0006578200235425428,0.0
8808,1651536001000.0,0.0,0.0,0.2,4.744891732894276,0.0,0.0,4.719,1.0,1.0,1442.6109157765436,1050.0,1442.6057374299648,1050.0,0.0006578200235425428,0.0
8809,1651539601000.0,0.0,0.0,0.5,4.6765566931577105,0.0,0.0,4.619,1.0,1.0,1442.6107768465436,1050.0,1442.5819984999648,1050.0,0.0016208657138207332,0.0
8810,1651543201000.0,0.0,0.0,0.2,4.801,0.0,0.0,4.759,1.0,1.0,1442.6412655699648,1050.0,1442.632865569965,1050.0,0.0006655847319192275,0.0
8811,1651546801000.0,0.0,0.0,0.5,4.732,0.0,0.0,4.71,1.0,1.0,1442.6411249899647,1050.0,1442.6301249899648,1050.0,0.0016400475204922905,0.0
8812,1651550401000.0,0.0,0.0,0.5,4.732,0.0,0.0,4.685,1.0,1.0,1442.6411249899647,1050.0,1442.6176249899647,1050.0,0.0016400475204922905,0.0
8813,1651554001000.0,0.0,0.0,0.2,4.82925,0.0,0.0,4.835,1.0,1.0,1442.6734502199654,1050.0,1442.6746002199654,1050.0,0.0006694862235474954,0.0
8814,1651557601000.0,0.0,0.0,0.2,4.82925,0.0,0.0,4.839,1.0,1.0,1442.6734502199654,1050.0,1442.6754002199655,1050.0,0.0006694862235474954,0.0
8815,1651561201000.0,0.0,0.0,0.2,4.9131640625,0.0,0.0,4.871,1.0,1.0,1442.689143472465,1050.0,1442.6807106599651,1050.0,0.00068111194774424,0.0
8816,1651564801000.0,0.0,0.0,0.2,4.9131640625,0.0,0.0,4.894,1.0,1.0,1442.689143472465,1050.0,1442.6853106599651,1050.0,0.00068111194774424,0.0
8817,1651568401000.0,0.0,0.0,0.2,4.9131640625,0.0,0.0,4.853,1.0,1.0,1442.689143472465,1050.0,1442.6771106599651,1050.0,0.00068111194774424,0.0
8818,1651572001000.0,0.0,0.0,0.2,4.9131640625,0.0,0.0,4.824,1.0,1.0,1442.689143472465,1050.0,1442.671310659965,1050.0,0.00068111194774424,0.0
8819,1651575601000.0,0.0,0.0,0.5,4.842265625,0.0,0.0,4.79,1.0,1.0,1442.688999622465,1050.0,1442.662866809965,1050.0,0.001678208410221179,0.0
8820,1651579201000.0,0.0,0.0,0.2,4.940008300781249,0.0,0.0,4.89,1.0,1.0,1442.7194294901205,1050.0,1442.7094278299644,1050.0,0.0006848189883360932,0.0
8821,1651582801000.0,0.0,0.0,0.2,4.940008300781249,0.0,0.0,4.849,1.0,1.0,1442.7194294901205,1050.0,1442.7012278299644,1050.0,0.0006848189883360932,0.0
8822,1651586401000.0,0.0,0.0,1.2,4.800001383463542,0.0,0.0,4.747,1.0,1.0,1442.7189522901206,1050.0,1442.6553506299642,1050.0,0.0039924627392001946,0.0
8823,1651590001000.0,0.0,0.0,1.2,4.800001383463542,0.0,0.0,4.781,1.0,1.0,1442.7189522901206,1050.0,1442.6961506299642,1050.0,0.0039924627392001946,0.0
8824,1651593601000.0,0.0,0.0,1.2,4.800001383463542,0.0,0.0,4.743,1.0,1.0,1442.7189522901206,1050.0,1442.6505506299643,1050.0,0.0039924627392001946,0.0
8825,1651597201000.0,0.0,0.0,1.2,4.800001383463542,0.0,0.0,4.723,1.0,1.0,1442.7189522901206,1050.0,1442.6265506299644,1050.0,0.0039924627392001946,0.0
8826,1651600801000.0,0.0,0.0,1.2,4.800001383463542,0.0,0.0,4.692,1.0,1.0,1442.7189522901206,1050.0,1442.5893506299644,1050.0,0.0039924627392001946,0.0
8827,1651604401000.0,0.0,0.0,6.5,4.663938716947116,0.0,0.0,4.652,1.0,1.0,1442.7164967301208,1050.0,1442.6388950699645,1050.0,0.021012861313269637,0.0
8828,1651608001000.0,0.0,0.0,6.5,4.663938716947116,0.0,0.0,4.603,1.0,1.0,1442.7164967301208,1050.0,1442.3203950699644,1050.0,0.021012861313269637,0.0
8829,1651611601000.0,0.0,0.0,15.2,4.590710635536595,0.0,0.0,4.559,1.0,1.0,1442.7125504101207,1050.0,1442.2305487499643,1050.0,0.04836639262638991,0.0
8830,1651615201000.0,0.0,0.0,15.2,4.590710635536595,0.0,0.0,4.585,1.0,1.0,1442.7125504101207,1050.0,1442.6257487499645,1050.0,0.04836639262638991,0.0
8831,1651618801000.0,0.0,0.0,1.5,4.590710635536595,0.0,0.0,4.615,1.0,1.0,1443.121183933269,1050.0,1443.1576179799642,1050.0,0.004771647752087401,0.0
8832,1651622401000.0,0.0,0.0,0.2,4.619855317768298,0.0,0.0,4.635,1.0,1.0,1443.175394363518,1050.0,1443.1784232999644,1050.0,0.0006402347678337168,0.0
8833,1651626001000.0,0.0,0.0,0.2,4.652213829442074,0.0,0.0,4.659,1.0,1.0,1443.181379675853,1050.0,1443.1827369099644,1050.0,0.0006447164431247011,0.0
8834,1651629601000.0,0.0,0.0,0.2,4.652213829442074,0.0,0.0,4.612,1.0,1.0,1443.181379675853,1050.0,1443.1733369099645,1050.0,0.0006447164431247011,0.0
8835,1651633201000.0,0.0,0.0,0.2,4.690803457360518,0.0,0.0,4.678,1.0,1.0,1443.1874096714364,1050.0,1443.1848489799643,1050.0,0.000650061582567222,0.0
8836,1651636801000.0,0.0,0.0,0.2,4.690803457360518,0.0,0.0,4.689,1.0,1.0,1443.1874096714364,1050.0,1443.1870489799644,1050.0,0.000650061582567222,0.0
8837,1651640401000.0,0.0,0.0,0.2,4.690803457360518,0.0,0.0,4.651,1.0,1.0,1443.1874096714364,1050.0,1443.1794489799643,1050.0,0.000650061582567222,0.0
8838,1651644001000.0,0.0,0.0,0.2,4.690803457360518,0.0,0.0,4.617,1.0,1.0,1443.1874096714364,1050.0,1443.1726489799644,1050.0,0.000650061582567222,0.0
8839,1651647601000.0,0.0,0.0,0.2,4.690803457360518,0.0,0.0,4.667,1.0,1.0,1443.1874096714364,1050.0,1443.1826489799644,1050.0,0.000650061582567222,0.0
8840,1651651201000.0,0.0,0.0,0.2,4.690803457360518,0.0,0.0,4.701,1.0,1.0,1443.1874096714364,1050.0,1443.1894489799643,1050.0,0.000650061582567222,0.0
8841,1651654801000.0,0.0,0.0,0.2,4.953,0.0,0.0,4.934,1.0,1.0,1443.226990689965,1050.0,1443.2231906899651,1050.0,0.0006863785159162128,0.0
8842,1651658401000.0,0.0,0.0,0.5,4.881600000000001,0.0,0.0,4.842,1.0,1.0,1443.226845669965,1050.0,1443.207045669965,1050.0,0.0016912102261144877,0.0
8843,1651662001000.0,0.0,0.0,0.2,4.881600000000001,0.0,0.0,4.867,1.0,1.0,1443.2364182499648,1050.0,1443.233498249965,1050.0,0.0006764796035176713,0.0
8844,1651665601000.0,0.0,0.0,0.2,4.881600000000001,0.0,0.0,4.829,1.0,1.0,1443.2364182499648,1050.0,1443.2258982499648,1050.0,0.0006764796035176713,0.0
8845,1651669201000.0,0.0,0.0,0.5,4.81104,0.0,0.0,4.753,1.0,1.0,1443.2362753299649,1050.0,1443.207255329965,1050.0,0.001666754114429413,0.0
8846,1651672801000.0,0.0,0.0,0.5,4.81104,0.0,0.0,4.703,1.0,1.0,1443.2362753299649,1050.0,1443.1822553299648,1050.0,0.001666754114429413,0.0
8847,1651676401000.0,0.0,0.0,1.2,4.743350000000001,0.0,0.0,4.678,1.0,1.0,1443.2359466799649,1050.0,1443.1575266799648,1050.0,0.003943928927971884,0.0
8848,1651680001000.0,0.0,0.0,1.0,4.743350000000001,0.0,0.0,4.752,1.0,1.0,1443.242181179965,1050.0,1443.250831179965,1050.0,0.003286593242529772,0.0
8849,1651683601000.0,0.0,0.0,0.2,4.877584375,0.0,0.0,4.881,1.0,1.0,1443.323172514965,1050.0,1443.3238556399651,1050.0,0.0006758825005907576,0.0
8850,1651687201000.0,0.0,0.0,0.2,4.877584375,0.0,0.0,4.844,1.0,1.0,1443.323172514965,1050.0,1443.3164556399652,1050.0,0.0006758825005907576,0.0
8851,1651690801000.0,0.0,0.0,0.2,5.0320030944824214,0.0,0.0,5.022,1.0,1.0,1443.3517598588614,1050.0,1443.349759239965,1050.0,0.0006972663538338675,0.0
8852,1651694401000.0,0.0,0.0,0.2,5.0320030944824214,0.0,0.0,4.997,1.0,1.0,1443.3517598588614,1050.0,1443.344759239965,1050.0,0.0006972663538338675,0.0
8853,1651698001000.0,0.0,0.0,0.2,5.0320030944824214,0.0,0.0,5.041,1.0,1.0,1443.3517598588614,1050.0,1443.3535592399649,1050.0,0.0006972663538338675,0.0
8854,1651701601000.0,0.0,0.0,0.2,5.0320030944824214,0.0,0.0,5.019,1.0,1.0,1443.3517598588614,1050.0,1443.349159239965,1050.0,0.0006972663538338675,0.0
8855,1651705201000.0,0.0,0.0,0.2,5.0320030944824214,0.0,0.0,5.035,1.0,1.0,1443.3517598588614,1050.0,1443.352359239965,1050.0,0.0006972663538338675,0.0
8856,1651708801000.0,0.0,0.0,0.2,5.067000773620606,0.0,0.0,5.071,1.0,1.0,1443.3581564146891,1050.0,1443.358956259965,1050.0,0.0007021127432718527,0.0
8857,1651712401000.0,0.0,0.0,0.2,5.084500386810303,0.0,0.0,5.033,1.0,1.0,1443.361454307327,1050.0,1443.351154229965,1050.0,0.0007045359804554804,0.0
8858,1651716001000.0,0.0,0.0,0.2,5.084500386810303,0.0,0.0,5.009,1.0,1.0,1443.361454307327,1050.0,1443.3463542299648,1050.0,0.0007045359804554804,0.0
8859,1651719601000.0,0.0,0.0,0.2,5.084500386810303,0.0,0.0,5.071,1.0,1.0,1443.361454307327,1050.0,1443.358754229965,1050.0,0.0007045359804554804,0.0
8860,1651723201000.0,0.0,0.0,0.2,5.084500386810303,0.0,0.0,5.047,1.0,1.0,1443.361454307327,1050.0,1443.353954229965,1050.0,0.0007045359804554804,0.0
8861,1651726801000.0,0.0,0.0,0.2,5.084500386810303,0.0,0.0,5.071,1.0,1.0,1443.361454307327,1050.0,1443.358754229965,1050.0,0.0007045359804554804,0.0
8862,1651730401000.0,0.0,0.0,0.2,5.120375096702576,0.0,0.0,5.031,1.0,1.0,1443.3680241293055,1050.0,1443.350149109965,1050.0,0.000709503745559471,0.0
8863,1651734001000.0,0.0,0.0,0.5,5.04635003868103,0.0,0.0,4.997,1.0,1.0,1443.3678742193056,1050.0,1443.343199199965,1050.0,0.001748116377264708,0.0
8864,1651737601000.0,0.0,0.0,0.5,5.04635003868103,0.0,0.0,5.006,1.0,1.0,1443.3678742193056,1050.0,1443.347699199965,1050.0,0.001748116377264708,0.0
8865,1651741201000.0,0.0,0.0,0.5,5.04635003868103,0.0,0.0,4.934,1.0,1.0,1443.3678742193056,1050.0,1443.311699199965,1050.0,0.001748116377264708,0.0
8866,1651744801000.0,0.0,0.0,1.2,4.974979182783763,0.0,0.0,4.924,1.0,1.0,1443.3675295393057,1050.0,1443.3063545199652,1050.0,0.0041361433572265635,0.0
8867,1651748401000.0,0.0,0.0,0.6,4.974979182783763,0.0,0.0,5.046,1.0,1.0,1443.3924410096354,1050.0,1443.435053499965,1050.0,0.002068035985821219,0.0
8868,1651752001000.0,0.0,0.0,0.2,5.198,0.0,0.0,5.108,1.0,1.0,1443.4687333799648,1050.0,1443.4507333799647,1050.0,0.0007202095729262642,0.0
8869,1651755601000.0,0.0,0.0,0.2,5.1405,0.0,0.0,5.148,1.0,1.0,1443.4819233299645,1050.0,1443.4834233299646,1050.0,0.0007122361446884482,0.0
8870,1651759201000.0,0.0,0.0,0.5,5.0664,0.0,0.0,4.971,1.0,1.0,1443.4817728199646,1050.0,1443.4340728199645,1050.0,0.0017549234411538,0.0
8871,1651762801000.0,0.0,0.0,2.8,4.924714285714287,0.0,0.0,4.899,1.0,1.0,1443.4806472199646,1050.0,1443.4086472199647,1050.0,0.009552743243601476,0.0
8872,1651766401000.0,0.0,0.0,31.1,4.688912676056338,0.0,0.0,4.551,1.0,1.0,1443.6000879253168,1050.0,1439.3110036999647,1050.0,0.10101494551370259,0.0
8873,1651770001000.0,0.0,0.0,95.1,4.561096574399076,0.0,0.0,4.502,1.0,1.0,1443.5712944153167,1050.0,1437.9512101899645,1050.0,0.3004772164031123,0.0
8874,1651773601000.0,0.0,0.0,95.1,4.561096574399076,0.0,0.0,4.489,1.0,1.0,1443.5712944153167,1050.0,1436.7149101899647,1050.0,0.3004772164031123,0.0
8875,1651777201000.0,0.0,0.0,95.1,4.561096574399076,0.0,0.0,4.437,1.0,1.0,1443.5712944153167,1050.0,1431.7697101899646,1050.0,0.3004772164031123,0.0
8876,1651780801000.0,0.0,0.0,95.1,4.561096574399076,0.0,0.0,4.493,1.0,1.0,1443.5712944153167,1050.0,1437.0953101899647,1050.0,0.3004772164031123,0.0
8877,1651784401000.0,0.0,0.0,95.1,4.561096574399076,0.0,0.0,4.54,1.0,1.0,1443.5712944153167,1050.0,1441.5650101899646,1050.0,0.3004772164031123,0.0
8878,1651788001000.0,0.0,0.0,95.1,4.561096574399076,0.0,0.0,4.514,1.0,1.0,1443.5712944153167,1050.0,1439.0924101899645,1050.0,0.3004772164031123,0.0
8879,1651791601000.0,0.0,0.0,95.1,4.561096574399076,0.0,0.0,4.457,1.0,1.0,1443.5712944153167,1050.0,1433.6717101899646,1050.0,0.3004772164031123,0.0
8880,1651795201000.0,0.0,0.0,95.1,4.561096574399076,0.0,0.0,4.529,1.0,1.0,1443.5712944153167,1050.0,1440.5189101899646,1050.0,0.3004772164031123,0.0
8881,1651798801000.0,0.0,0.0,67.9,4.561096574399076,0.0,0.0,4.55,1.0,1.0,1444.0992073716618,1050.0,1443.3457499699646,1050.0,0.2144578819936929,0.0
8882,1651802401000.0,0.0,0.0,67.9,4.561096574399076,0.0,0.0,4.528,1.0,1.0,1444.0992073716618,1050.0,1441.8519499699646,1050.0,0.2144578819936929,0.0
8883,1651806001000.0,0.0,0.0,23.6,4.561096574399076,0.0,0.0,4.583,1.0,1.0,1445.4035909957827,1050.0,1445.9205118399645,1050.0,0.07447184981854128,0.0
8884,1651809601000.0,0.0,0.0,12.3,4.561096574399076,0.0,0.0,4.588,1.0,1.0,1445.7363118750732,1050.0,1446.0672240099645,1050.0,0.03880478577199657,0.0
8885,1651813201000.0,0.0,0.0,8.4,4.561096574399076,0.0,0.0,4.538,1.0,1.0,1445.8511447449166,1050.0,1445.6571335199644,1050.0,0.026498724550037704,0.0
8886,1651816801000.0,0.0,0.0,8.4,4.561096574399076,0.0,0.0,4.56,1.0,1.0,1445.8511447449166,1050.0,1445.8419335199644,1050.0,0.026498724550037704,0.0
8887,1651820401000.0,0.0,0.0,8.4,4.561096574399076,0.0,0.0,4.527,1.0,1.0,1445.8511447449166,1050.0,1445.5647335199644,1050.0,0.026498724550037704,0.0
8888,1651824001000.0,0.0,0.0,19.6,4.4873271033138895,0.0,0.0,4.43,1.0,1.0,1445.8461809049165,1050.0,1444.7225696799644,1050.0,0.060830545037581854,0.0
8889,1651827601000.0,0.0,0.0,19.6,4.4873271033138895,0.0,0.0,4.436,1.0,1.0,1445.8461809049165,1050.0,1444.8401696799642,1050.0,0.060830545037581854,0.0
8890,1651831201000.0,0.0,0.0,19.6,4.4873271033138895,0.0,0.0,4.479,1.0,1.0,1445.8461809049165,1050.0,1445.6829696799643,1050.0,0.060830545037581854,0.0
8891,1651834801000.0,0.0,0.0,19.6,4.4873271033138895,0.0,0.0,4.402,1.0,1.0,1445.8461809049165,1050.0,1444.1737696799644,1050.0,0.060830545037581854,0.0
8892,1651838401000.0,0.0,0.0,40.0,4.400330661377511,0.0,0.0,4.433,1.0,1.0,1446.0014566850648,1050.0,1447.3082302299642,1050.0,0.12172410037442696,0.0
8893,1651842001000.0,0.0,0.0,0.2,4.563520666336094,0.0,0.0,4.481,1.0,1.0,1449.1329438032308,1050.0,1449.1164396699635,1050.0,0.0006298277443557653,0.0
8894,1651845601000.0,0.0,0.0,1.2,4.481010847215336,0.0,0.0,4.468,1.0,1.0,1449.1414305566218,1050.0,1449.1258175399635,1050.0,0.003710619890698309,0.0
8895,1651849201000.0,0.0,0.0,0.2,4.585,0.0,0.0,4.586,1.0,1.0,1449.1936828299647,1050.0,1449.1938828299647,1050.0,0.0006327656619433336,0.0
8896,1651852801000.0,0.0,0.0,0.2,4.71401171875,0.0,0.0,4.643,1.0,1.0,1449.2174375437141,1050.0,1449.2032351999642,1050.0,0.0006505596188160421,0.0
8897,1651856401000.0,0.0,0.0,0.2,4.71401171875,0.0,0.0,4.724,1.0,1.0,1449.2174375437141,1050.0,1449.2194351999642,1050.0,0.0006505596188160421,0.0
8898,1651860001000.0,0.0,0.0,0.5,4.6788011718749996,0.0,0.0,4.654,1.0,1.0,1449.2233066259018,1050.0,1449.2109060399644,1050.0,0.001614244385417813,0.0
8899,1651863601000.0,0.0,0.0,1.2,4.61300048828125,0.0,0.0,4.584,1.0,1.0,1449.2229870059018,1050.0,1449.1881864199643,1050.0,0.003819702444393366,0.0
8900,1651867201000.0,0.0,0.0,1.2,4.61300048828125,0.0,0.0,4.59,1.0,1.0,1449.2229870059018,1050.0,1449.1953864199643,1050.0,0.003819702444393366,0.0
8901,1651870801000.0,0.0,0.0,1.2,4.61300048828125,0.0,0.0,4.589,1.0,1.0,1449.2229870059018,1050.0,1449.1941864199644,1050.0,0.003819702444393366,0.0
8902,1651874401000.0,0.0,0.0,1.2,4.61300048828125,0.0,0.0,4.594,1.0,1.0,1449.2229870059018,1050.0,1449.2001864199642,1050.0,0.003819702444393366,0.0
8903,1651878001000.0,0.0,0.0,1.1,4.61300048828125,0.0,0.0,4.6,1.0,1.0,1449.2260405170737,1050.0,1449.2117399799642,1050.0,0.0035013865299431826,0.0
8904,1651881601000.0,0.0,0.0,1.0,4.61300048828125,0.0,0.0,4.589,1.0,1.0,1449.2290940282455,1050.0,1449.2050935399643,1050.0,0.0031830719568698793,0.0
8905,1651885201000.0,0.0,0.0,0.2,4.61300048828125,0.0,0.0,4.622,1.0,1.0,1449.2560218676203,1050.0,1449.257821769964,1050.0,0.000636602562787573,0.0
8906,1651888801000.0,0.0,0.0,0.2,4.703,0.0,0.0,4.684,1.0,1.0,1449.2705478399641,1050.0,1449.2667478399642,1050.0,0.0006490161560254559,0.0
8907,1651892401000.0,0.0,0.0,0.5,4.6352,0.0,0.0,4.575,1.0,1.0,1449.270410139964,1050.0,1449.240310139964,1050.0,0.0015991494642991963,0.0
8908,1651896001000.0,0.0,0.0,1.2,4.56975,0.0,0.0,4.529,1.0,1.0,1449.270093529964,1050.0,1449.221193529964,1050.0,0.0037837667557490537,0.0
8909,1651899601000.0,0.0,0.0,2.8,4.505892857142857,0.0,0.0,4.456,1.0,1.0,1449.2693802499641,1050.0,1449.1296802499642,1050.0,0.008705420932735056,0.0
8910,1651903201000.0,0.0,0.0,0.5,4.505892857142857,0.0,0.0,4.562,1.0,1.0,1449.3519819585354,1050.0,1449.3800355299638,1050.0,0.0015544508557037895,0.0
8911,1651906801000.0,0.0,0.0,0.2,4.552361607142856,0.0,0.0,4.519,1.0,1.0,1449.3719984213922,1050.0,1449.3653260999636,1050.0,0.0006281840151598261,0.0
8912,1651910401000.0,0.0,0.0,0.2,4.611,0.0,0.0,4.611,1.0,1.0,1449.3803419799635,1050.0,1449.3803419799635,1050.0,0.0006362719110293747,0.0
8913,1651914001000.0,0.0,0.0,0.2,4.709484375000001,0.0,0.0,4.671,1.0,1.0,1449.3983768249636,1050.0,1449.3906799499637,1050.0,0.0006498536841632936,0.0
8914,1651917601000.0,0.0,0.0,0.2,4.709484375000001,0.0,0.0,4.705,1.0,1.0,1449.3983768249636,1050.0,1449.3974799499636,1050.0,0.0006498536841632936,0.0
8915,1651921201000.0,0.0,0.0,0.2,4.709484375000001,0.0,0.0,4.706,1.0,1.0,1449.3983768249636,1050.0,1449.3976799499637,1050.0,0.0006498536841632936,0.0
8916,1651924801000.0,0.0,0.0,0.2,4.7262421875000005,0.0,0.0,4.706,1.0,1.0,1449.4014335474637,1050.0,1449.3973851099638,1050.0,0.00065216469062437,0.0
8917,1651928401000.0,0.0,0.0,0.5,4.6582968750000004,0.0,0.0,4.655,1.0,1.0,1449.4012951574637,1050.0,1449.3996467199636,1050.0,0.0016069727861302624,0.0
8918,1651932001000.0,0.0,0.0,0.5,4.6582968750000004,0.0,0.0,4.596,1.0,1.0,1449.4012951574637,1050.0,1449.3701467199637,1050.0,0.0016069727861302624,0.0
8919,1651935601000.0,0.0,0.0,0.5,4.6582968750000004,0.0,0.0,4.619,1.0,1.0,1449.4012951574637,1050.0,1449.3816467199636,1050.0,0.0016069727861302624,0.0
8920,1651939201000.0,0.0,0.0,0.5,4.6582968750000004,0.0,0.0,4.592,1.0,1.0,1449.4012951574637,1050.0,1449.3681467199638,1050.0,0.0016069727861302624,0.0
8921,1651942801000.0,0.0,0.0,0.5,4.6582968750000004,0.0,0.0,4.656,1.0,1.0,1449.4012951574637,1050.0,1449.4001467199637,1050.0,0.0016069727861302624,0.0
8922,1651946401000.0,0.0,0.0,0.4,4.6582968750000004,0.0,0.0,4.601,1.0,1.0,1449.4043185799637,1050.0,1449.3813998299638,1050.0,0.0012855755472189873,0.0
8923,1651950001000.0,0.0,0.0,0.4,4.6582968750000004,0.0,0.0,4.635,1.0,1.0,1449.4043185799637,1050.0,1449.3949998299638,1050.0,0.0012855755472189873,0.0
8924,1651953601000.0,0.0,0.0,0.4,4.6582968750000004,0.0,0.0,4.609,1.0,1.0,1449.4043185799637,1050.0,1449.3845998299637,1050.0,0.0012855755472189873,0.0
8925,1651957201000.0,0.0,0.0,0.9,4.595909722222223,0.0,0.0,4.511,1.0,1.0,1449.4040912799637,1050.0,1449.3276725299638,1050.0,0.0028538064538973615,0.0
8926,1651960801000.0,0.0,0.0,4.9,4.467411989795918,0.0,0.0,4.396,1.0,1.0,1449.4023158799637,1050.0,1449.0523971299638,1050.0,0.015102996945820329,0.0
8927,1651964401000.0,0.0,0.0,26.6,4.325669877819548,0.0,0.0,4.251,1.0,1.0,1449.3929986299636,1050.0,1447.4067798799636,1050.0,0.07938690117777783,0.0
8928,1651968001000.0,0.0,0.0,7.2,4.325669877819548,0.0,0.0,4.317,1.0,1.0,1449.934156240264,1050.0,1449.8717331199632,1050.0,0.021480163762098336,0.0
8929,1651971601000.0,0.0,0.0,1.2,4.325669877819548,0.0,0.0,4.327,1.0,1.0,1450.101524573346,1050.0,1450.1031207199626,1050.0,0.003579614092820649,0.0
8930,1651975201000.0,0.0,0.0,1.0,4.325669877819548,0.0,0.0,4.273,1.0,1.0,1450.107103517782,1050.0,1450.0544336399623,1050.0,0.002983000267584376,0.0
8931,1651978801000.0,0.0,0.0,2.3,4.265943425138934,0.0,0.0,4.25,1.0,1.0,1450.106554917782,1050.0,1450.0698850399624,1050.0,0.006766171661347913,0.0
8932,1651982401000.0,0.0,0.0,2.3,4.265943425138934,0.0,0.0,4.282,1.0,1.0,1450.106554917782,1050.0,1450.1434850399623,1050.0,0.006766171661347913,0.0
8933,1651986001000.0,0.0,0.0,0.3,4.265943425138934,0.0,0.0,4.281,1.0,1.0,1450.1894065075041,1050.0,1450.1939234799625,1050.0,0.0008824937086140946,0.0
8934,1651989601000.0,0.0,0.0,0.2,4.280471712569467,0.0,0.0,4.226,1.0,1.0,1450.1948889924763,1050.0,1450.1839946499624,1050.0,0.000590330547302277,0.0
8935,1651993201000.0,0.0,0.0,0.2,4.295235856284734,0.0,0.0,4.307,1.0,1.0,1450.1976556312193,1050.0,1450.2000084599624,1050.0,0.0005923655771481951,0.0
8936,1651996801000.0,0.0,0.0,0.2,4.295235856284734,0.0,0.0,4.262,1.0,1.0,1450.1976556312193,1050.0,1450.1910084599624,1050.0,0.0005923655771481951,0.0
8937,1652000401000.0,0.0,0.0,0.2,4.295235856284734,0.0,0.0,4.268,1.0,1.0,1450.1976556312193,1050.0,1450.1922084599623,1050.0,0.0005923655771481951,0.0
8938,1652004001000.0,0.0,0.0,0.2,4.295235856284734,0.0,0.0,4.244,1.0,1.0,1450.1976556312193,1050.0,1450.1874084599624,1050.0,0.0005923655771481951,0.0
8939,1652007601000.0,0.0,0.0,0.2,4.295235856284734,0.0,0.0,4.313,1.0,1.0,1450.1976556312193,1050.0,1450.2012084599623,1050.0,0.0005923655771481951,0.0
8940,1652011201000.0,0.0,0.0,0.2,4.3260589640711835,0.0,0.0,4.338,1.0,1.0,1450.2032469527765,1050.0,1450.2056351599622,1050.0,0.000596614160554566,0.0
8941,1652014801000.0,0.0,0.0,0.2,4.341029482035592,0.0,0.0,4.284,1.0,1.0,1450.2060539463691,1050.0,1450.194648049962,1050.0,0.000598677611394957,0.0
8942,1652018401000.0,0.0,0.0,0.5,4.278611792814237,0.0,0.0,4.243,1.0,1.0,1450.2059268363691,1050.0,1450.1881209399621,1050.0,0.0014751738748399852,0.0
8943,1652022001000.0,0.0,0.0,0.5,4.278611792814237,0.0,0.0,4.261,1.0,1.0,1450.2059268363691,1050.0,1450.1971209399621,1050.0,0.0014751738748399852,0.0
8944,1652025601000.0,0.0,0.0,0.2,4.294305896407119,0.0,0.0,4.27,1.0,1.0,1450.2170667392436,1050.0,1450.212205559962,1050.0,0.0005922293972257129,0.0
8945,1652029201000.0,0.0,0.0,0.2,4.34103823705089,0.0,0.0,4.337,1.0,1.0,1450.2254528573724,1050.0,1450.224645209962,1050.0,0.0005986708105967611,0.0
8946,1652032801000.0,0.0,0.0,1.2,4.218173039508482,0.0,0.0,4.24,1.0,1.0,1450.2250334973724,1050.0,1450.251225849962,1050.0,0.0034903601375595407,0.0
8947,1652036401000.0,0.0,0.0,0.2,4.29422415748464,0.0,0.0,4.296,1.0,1.0,1450.2684181414577,1050.0,1450.2687733099608,1050.0,0.0005921971551980367,0.0
8948,1652040001000.0,0.0,0.0,0.2,4.35701400984279,0.0,0.0,4.328,1.0,1.0,1450.279628371929,1050.0,1450.2738255699605,1050.0,0.0006008515771174328,0.0
8949,1652043601000.0,0.0,0.0,0.2,4.35701400984279,0.0,0.0,4.3,1.0,1.0,1450.279628371929,1050.0,1450.2682255699604,1050.0,0.0006008515771174328,0.0
8950,1652047201000.0,0.0,0.0,0.2,4.35701400984279,0.0,0.0,4.332,1.0,1.0,1450.279628371929,1050.0,1450.2746255699603,1050.0,0.0006008515771174328,0.0
8951,1652050801000.0,0.0,0.0,0.5,4.294005603937116,0.0,0.0,4.256,1.0,1.0,1450.279500811929,1050.0,1450.2604980099604,1050.0,0.0014804062256734466,0.0
8952,1652054401000.0,0.0,0.0,1.2,4.233335668307133,0.0,0.0,4.214,1.0,1.0,1450.279207511929,1050.0,1450.2560047099603,1050.0,0.003502775724602515,0.0
8953,1652058001000.0,0.0,0.0,0.2,4.348000000000001,0.0,0.0,4.326,1.0,1.0,1450.3491160299593,1050.0,1450.3447160299593,1050.0,0.0005995797773024168,0.0
8954,1652061601000.0,0.0,0.0,0.5,4.285,0.0,0.0,4.2,1.0,1.0,1450.3489887399594,1050.0,1450.3064887399594,1050.0,0.00147723066422887,0.0
8955,1652065201000.0,0.0,0.0,6.5,4.105353846153847,0.0,0.0,4.068,1.0,1.0,1450.3465345099594,1050.0,1450.1037345099594,1050.0,0.018398913201124183,0.0
8956,1652068801000.0,0.0,0.0,0.3,4.12211794871795,0.0,0.0,4.098,1.0,1.0,1450.5581384245738,1050.0,1450.5509030399585,1050.0,0.0008525238333145841,0.0
8957,1652072401000.0,0.0,0.0,0.3,4.128705982905984,0.0,0.0,4.095,1.0,1.0,1450.56354919483,1050.0,1450.5534373999583,1050.0,0.0008538831653113827,0.0
8958,1652076001000.0,0.0,0.0,0.7,4.071731135531136,0.0,0.0,4.025,1.0,1.0,1450.56338803483,1050.0,1450.5306762399582,1050.0,0.001964899857794672,0.0
8959,1652079601000.0,0.0,0.0,1.6,4.0161948717948714,0.0,0.0,4.02,1.0,1.0,1450.56303046483,1050.0,1450.5691186699582,1050.0,0.004429943173729323,0.0
8960,1652083201000.0,0.0,0.0,0.3,4.034975498575499,0.0,0.0,3.997,1.0,1.0,1450.6025237995311,1050.0,1450.5911311499585,1050.0,0.0008344757641824813,0.0
8961,1652086801000.0,0.0,0.0,0.3,3.998471523538191,0.0,0.0,4.019,1.0,1.0,1450.6178943870204,1050.0,1450.624052929959,1050.0,0.0008269175926361648,0.0
8962,1652090401000.0,0.0,0.0,0.3,4.007647682358794,0.0,0.0,3.988,1.0,1.0,1450.6204667246666,1050.0,1450.614572419959,1050.0,0.0008288138298656987,0.0
8963,1652094001000.0,0.0,0.0,3.7,3.8444038661371995,0.0,0.0,3.802,1.0,1.0,1450.6191645246668,1050.0,1450.462270219959,1050.0,0.009805671021428012,0.0
8964,1652097601000.0,0.0,0.0,3.7,3.8444038661371995,0.0,0.0,3.862,1.0,1.0,1450.6191645246668,1050.0,1450.6842702199592,1050.0,0.009805671021428012,0.0
8965,1652101201000.0,0.0,0.0,1.9,3.8444038661371995,0.0,0.0,3.823,1.0,1.0,1450.6645409656198,1050.0,1450.623873619959,1050.0,0.0050351870741933225,0.0
8966,1652104801000.0,0.0,0.0,0.3,3.8859715158925043,0.0,0.0,3.895,1.0,1.0,1450.7481086347268,1050.0,1450.750817179959,1050.0,0.0008035795103430167,0.0
8967,1652108401000.0,0.0,0.0,0.7,3.832273506811074,0.0,0.0,3.793,1.0,1.0,1450.7479569547268,1050.0,1450.7204654999591,1050.0,0.001849109241827777,0.0
8968,1652112001000.0,0.0,0.0,3.7,3.7271328256129057,0.0,0.0,3.669,1.0,1.0,1450.746846174727,1050.0,1450.531754719959,1050.0,0.009505718720760774,0.0
8969,1652115601000.0,0.0,0.0,126.2,3.453404052731915,0.0,0.0,3.45,1.0,1.0,1450.7046432547268,1050.0,1450.275051799959,1050.0,0.30041924349051863,0.0
8970,1652119201000.0,0.0,0.0,0.7,3.483270961934095,0.0,0.0,3.462,1.0,1.0,1456.1430854533141,1050.0,1456.1281957799604,1050.0,0.001674484944310812,0.0
8971,1652122801000.0,0.0,0.0,0.3,3.431518200740424,0.0,0.0,3.391,1.0,1.0,1457.0010018401829,1050.0,1456.9888463799607,1050.0,0.0007065578259190841,0.0
8972,1652126401000.0,0.0,0.0,0.6,3.3641249999999996,0.0,0.0,3.419,1.0,1.0,1457.0678007699605,1050.0,1457.1007257699605,1050.0,0.0013852992969396302,0.0
8973,1652130001000.0,0.0,0.0,0.7,3.5115966409878907,0.0,0.0,3.484,1.0,1.0,1457.1403426186532,1050.0,1457.1210249699618,1050.0,0.0016869463954817115,0.0
8974,1652133601000.0,0.0,0.0,0.7,3.5115966409878907,0.0,0.0,3.444,1.0,1.0,1457.1403426186532,1050.0,1457.0930249699618,1050.0,0.0016869463954817115,0.0
8975,1652137201000.0,0.0,0.0,0.3,3.4716323536214686,0.0,0.0,3.415,1.0,1.0,1457.1724832760467,1050.0,1457.1554935699603,1050.0,0.0007147333057957153,0.0
8976,1652140801000.0,0.0,0.0,20.1,3.231138791347584,0.0,0.0,3.23,1.0,1.0,1457.1660928360468,1050.0,1457.1432031299603,1050.0,0.04456999790578701,0.0
8977,1652144401000.0,0.0,0.0,1.6,3.3873124999999997,0.0,0.0,3.338,1.0,1.0,1458.3406673299587,1050.0,1458.2617673299587,1050.0,0.0037163470246789456,0.0
8978,1652148001000.0,0.0,0.0,0.3,3.412092592592593,0.0,0.0,3.345,1.0,1.0,1458.4019440877366,1050.0,1458.3818163099588,1050.0,0.0007018831687159332,0.0
8979,1652151601000.0,0.0,0.0,0.3,3.397903718380781,0.0,0.0,3.347,1.0,1.0,1458.4769128954742,1050.0,1458.46164177996,1050.0,0.000698928523654519,0.0
8980,1652155201000.0,0.0,0.0,1.6,3.3054819471963963,0.0,0.0,3.277,1.0,1.0,1458.4764859554743,1050.0,1458.4309148399602,1050.0,0.0036262299505291406,0.0
8981,1652158801000.0,0.0,0.0,0.3,3.46401999890447,0.0,0.0,3.456,1.0,1.0,1458.5689255196312,1050.0,1458.56651951996,1050.0,0.000712483298861665,0.0
8982,1652162401000.0,0.0,0.0,0.3,3.648454895058131,0.0,0.0,3.634,1.0,1.0,1458.6167270184767,1050.0,1458.6123905499592,1050.0,0.000750393470911824,0.0
8983,1652166001000.0,0.0,0.0,0.3,3.7468994203970665,0.0,0.0,3.665,1.0,1.0,1458.6429422860788,1050.0,1458.6183724599596,1050.0,0.0007706271312411835,0.0
8984,1652169601000.0,0.0,0.0,1.6,3.64516864132445,0.0,0.0,3.599,1.0,1.0,1458.6424714660786,1050.0,1458.5686016399595,1050.0,0.003998423150435979,0.0
8985,1652173201000.0,0.0,0.0,0.3,3.7154694283443637,0.0,0.0,3.635,1.0,1.0,1458.7062665884632,1050.0,1458.68212575996,1050.0,0.0007641297319645893,0.0
8986,1652176801000.0,0.0,0.0,1.6,3.6140880178145682,0.0,0.0,3.56,1.0,1.0,1458.7057997984632,1050.0,1458.61925896996,1050.0,0.0039641583856746395,0.0
8987,1652180401000.0,0.0,0.0,1.6,3.6140880178145682,0.0,0.0,3.596,1.0,1.0,1458.7057997984632,1050.0,1458.67685896996,1050.0,0.0039641583856746395,0.0
8988,1652184001000.0,0.0,0.0,0.3,3.708133315216891,0.0,0.0,3.714,1.0,1.0,1458.7874862645258,1050.0,1458.7892462699608,1050.0,0.0007625785147181784,0.0
8989,1652187601000.0,0.0,0.0,0.3,3.7617785077831023,0.0,0.0,3.756,1.0,1.0,1458.8020290522957,1050.0,1458.8002954999608,1050.0,0.0007736029494475529,0.0
8990,1652191201000.0,0.0,0.0,0.7,3.709905074764187,0.0,0.0,3.696,1.0,1.0,1458.8018822122956,1050.0,1458.7921486599607,1050.0,0.001780182479883177,0.0
8991,1652194801000.0,0.0,0.0,8.6,3.555608552597085,0.0,0.0,3.499,1.0,1.0,1458.7990840822956,1050.0,1458.3122505299607,1050.0,0.020961237147726308,0.0
8992,1652198401000.0,0.0,0.0,0.3,3.5635166868947383,0.0,0.0,3.564,1.0,1.0,1461.1324355760287,1050.0,1461.1325805699603,1050.0,0.0007316619493475026,0.0
8993,1652202001000.0,0.0,0.0,0.7,3.530765083218046,0.0,0.0,3.526,1.0,1.0,1461.136832708213,1050.0,1461.1334971499602,1050.0,0.0016915154713276564,0.0
8994,1652205601000.0,0.0,0.0,0.3,3.607647498989365,0.0,0.0,3.595,1.0,1.0,1461.1667030696576,1050.0,1461.1629088199609,1050.0,0.0007407055248542806,0.0
8995,1652209201000.0,0.0,0.0,0.7,3.5581346424240134,0.0,0.0,3.509,1.0,1.0,1461.1665622296575,1050.0,1461.1321679799607,1050.0,0.001704592969809103,0.0
8996,1652212801000.0,0.0,0.0,20.1,3.357636529835662,0.0,0.0,3.329,1.0,1.0,1461.1600624496575,1050.0,1460.5844681999606,1050.0,0.04618829653511834,0.0
8997,1652216401000.0,0.0,0.0,46.9,3.297272798500998,0.0,0.0,3.249,1.0,1.0,1461.1513470896575,1050.0,1458.8873528399606,1050.0,0.1058357811856487,0.0
8998,1652220001000.0,0.0,0.0,136.8,3.2077199872053863,0.0,0.0,3.135,1.0,1.0,1461.1229296896574,1050.0,1451.1748354399606,1050.0,0.30032797742959344,0.0
8999,1652223601000.0,0.0,0.0,29.3,3.2077199872053863,0.0,0.0,3.172,1.0,1.0,1464.1587410150785,1050.0,1463.1121453899607,1050.0,0.06419126081913676,0.0
9000,1652227201000.0,0.0,0.0,0.7,3.2862661936352664,0.0,0.0,3.279,1.0,1.0,1465.1281092955048,1050.0,1465.12302295996,1050.0,0.0015700922813164841,0.0
9001,1652230801000.0,0.0,0.0,0.7,3.350911689105987,0.0,0.0,3.296,1.0,1.0,1465.1671217723356,1050.0,1465.1286835899614,1050.0,0.001600935584424523,0.0
9002,1652234401000.0,0.0,0.0,8.6,3.212364904927232,0.0,0.0,3.16,1.0,1.0,1465.1645937023357,1050.0,1464.7142555199614,1050.0,0.0188554503030714,0.0
9003,1652238001000.0,0.0,0.0,0.3,3.2864924977681964,0.0,0.0,3.289,1.0,1.0,1465.6225635492924,1050.0,1465.623315799962,1050.0,0.0006727160005934905,0.0
9004,1652241601000.0,0.0,0.0,0.7,3.256141428146324,0.0,0.0,3.211,1.0,1.0,1465.6266534196643,1050.0,1465.5950544199618,1050.0,0.0015551702709446957,0.0
9005,1652245201000.0,0.0,0.0,3.7,3.1669997296493047,0.0,0.0,3.154,1.0,1.0,1465.6257095596643,1050.0,1465.5776105599618,1050.0,0.007995151097085339,0.0
9006,1652248801000.0,0.0,0.0,0.7,3.2013491834623755,0.0,0.0,3.146,1.0,1.0,1465.8301718783848,1050.0,1465.7914274499612,1050.0,0.0015287885809800253,0.0
9007,1652252401000.0,0.0,0.0,46.9,2.9680478556167094,0.0,0.0,2.919,1.0,1.0,1465.8164758283851,1050.0,1463.5161313999615,1050.0,0.09496512470959638,0.0
9008,1652256001000.0,0.0,0.0,152.5,2.8869937339568765,0.0,0.0,2.884,1.0,1.0,1465.7863693183851,1050.0,1465.3298248899614,1050.0,0.30036201293995857,0.0
9009,1652259601000.0,0.0,0.0,0.3,3.0647962511566527,0.0,0.0,3.073,1.0,1.0,1470.707325665309,1050.0,1470.7097867899622,1050.0,0.0006251678082388458,0.0
9010,1652263201000.0,0.0,0.0,0.3,3.1915511568001964,0.0,0.0,3.197,1.0,1.0,1470.739409837001,1050.0,1470.7410444899608,1050.0,0.0006510095130626662,0.0
9011,1652266801000.0,0.0,0.0,1.6,3.1213375964000165,0.0,0.0,3.076,1.0,1.0,1470.7431527042008,1050.0,1470.6706125499609,1050.0,0.0033956575932769,0.0
9012,1652270401000.0,0.0,0.0,20.1,2.986897520111444,0.0,0.0,2.94,1.0,1.0,1470.7376484542008,1050.0,1469.7950082999607,1050.0,0.04082076787613396,0.0
9013,1652274001000.0,0.0,0.0,182.1,2.4420079439525693,0.0,0.0,2.444,1.0,1.0,1480.343641703723,1050.0,1480.70639510996,1050.0,0.3003962283257223,0.0
9014,1652277601000.0,0.0,0.0,4.9,2.808082538589397,0.0,0.0,2.795,1.0,1.0,1487.5162739890477,1050.0,1487.4521695499598,1050.0,0.00925005304458898,0.0
9015,1652281201000.0,0.0,0.0,0.9,2.79938382960054,0.0,0.0,2.772,1.0,1.0,1487.7983189465992,1050.0,1487.7736734999587,1050.0,0.0016934052247244912,0.0
9016,1652284801000.0,0.0,0.0,0.9,2.6862162156071143,0.0,0.0,2.679,1.0,1.0,1488.1980134340058,1050.0,1488.1915188399594,1050.0,0.001624511370276474,0.0
9017,1652288401000.0,0.0,0.0,1.4,2.5821765029963544,0.0,0.0,2.585,1.0,1.0,1488.2423337741536,1050.0,1488.2462866699586,1050.0,0.002429071544435379,0.0
9018,1652292001000.0,0.0,0.0,0.4,2.5460653428279763,0.0,0.0,2.529,1.0,1.0,1488.5789080570908,1050.0,1488.5720819199596,1050.0,0.0006841599942192189,0.0
9019,1652295601000.0,0.0,0.0,3.4,2.4503121587672827,0.0,0.0,2.458,1.0,1.0,1488.634762189768,1050.0,1488.6609008499593,1050.0,0.005596444172480459,0.0
9020,1652299201000.0,0.0,0.0,0.4,2.4420606090217167,0.0,0.0,2.446,1.0,1.0,1488.842895053568,1050.0,1488.8444708099594,1050.0,0.0006560962522332088,0.0
9021,1652302801000.0,0.0,0.0,4.9,2.349990524781341,0.0,0.0,2.352,1.0,1.0,1488.8959936213873,1050.0,1488.9058400499587,1050.0,0.0077338871356763955,0.0
9022,1652306401000.0,0.0,0.0,0.4,2.563,0.0,0.0,2.563,1.0,1.0,1489.418521649958,1050.0,1489.418521649958,1050.0,0.0006883223117598251,0.0
9023,1652310001000.0,0.0,0.0,0.5,2.425765625,0.0,0.0,2.449,1.0,1.0,1489.7466076424582,1050.0,1489.7582248299582,1050.0,0.0008141537670083381,0.0
9024,1652313601000.0,0.0,0.0,0.4,2.495618122704514,0.0,0.0,2.503,1.0,1.0,1489.8292751890403,1050.0,1489.8322279399586,1050.0,0.0006700413703141528,0.0
9025,1652317201000.0,0.0,0.0,0.4,2.5557210253877276,0.0,0.0,2.515,1.0,1.0,1489.9701150801125,1050.0,1489.9538266699574,1050.0,0.0006861133655020489,0.0
9026,1652320801000.0,0.0,0.0,4.9,2.461267802186171,0.0,0.0,2.432,1.0,1.0,1489.9723324306694,1050.0,1489.828920199957,1050.0,0.008094252469129938,0.0
9027,1652324401000.0,0.0,0.0,0.9,2.466724264243772,0.0,0.0,2.443,1.0,1.0,1490.3260220777765,1050.0,1490.3046702399572,1050.0,0.0014896417327023871,0.0
9028,1652328001000.0,0.0,0.0,2.1,2.351760637335089,0.0,0.0,2.332,1.0,1.0,1490.5133576383614,1050.0,1490.4718602999578,1050.0,0.0033134203817057964,0.0
9029,1652331601000.0,0.0,0.0,0.5,2.360695948040674,0.0,0.0,2.38,1.0,1.0,1491.1481167139796,1050.0,1491.1577687399592,1050.0,0.0007915699056251045,0.0
9030,1652335201000.0,0.0,0.0,0.5,2.2596180898833054,0.0,0.0,2.255,1.0,1.0,1492.508211754902,1050.0,1492.5059027099603,1050.0,0.000756986819933952,0.0
9031,1652338801000.0,0.0,0.0,4.9,2.3197745991624785,0.0,0.0,2.276,1.0,1.0,1492.596377835857,1050.0,1492.381882299961,1050.0,0.007615518638988804,0.0
9032,1652342401000.0,0.0,0.0,2.1,2.477337210336044,0.0,0.0,2.463,1.0,1.0,1493.345809061666,1050.0,1493.3157009199601,1050.0,0.0034837263480014665,0.0
9033,1652346001000.0,0.0,0.0,0.7,2.4084088753678445,0.0,0.0,2.417,1.0,1.0,1493.4581178227172,1050.0,1493.4641316099596,1050.0,0.0011288473326693024,0.0
9034,1652349601000.0,0.0,0.0,2.1,2.3913662365747834,0.0,0.0,2.356,1.0,1.0,1493.498303496767,1050.0,1493.42403439996,1050.0,0.003362487312539432,0.0
9035,1652353201000.0,0.0,0.0,0.4,2.5382137993265697,0.0,0.0,2.517,1.0,1.0,1493.5844197396902,1050.0,1493.5759342199597,1050.0,0.0006797644018726287,0.0
9036,1652356801000.0,0.0,0.0,2.8,2.3995689052395286,0.0,0.0,2.411,1.0,1.0,1493.7847090446303,1050.0,1493.8167161099595,1050.0,0.004497832180226141,0.0
9037,1652360401000.0,0.0,0.0,0.4,2.507888597930553,0.0,0.0,2.517,1.0,1.0,1493.9654237991317,1050.0,1493.9690683599595,1050.0,0.0006714716573702302,0.0
9038,1652364001000.0,0.0,0.0,26.6,2.3606681441930926,0.0,0.0,2.316,1.0,1.0,1493.9691585554956,1050.0,1492.7809859199592,1050.0,0.0420315053198628,0.0
9039,1652367601000.0,0.0,0.0,2.1,2.5244214599173187,0.0,0.0,2.523,1.0,1.0,1494.912821685785,1050.0,1494.9098366199587,1050.0,0.003546216868919627,0.0
9040,1652371201000.0,0.0,0.0,11.4,2.4217670098259285,0.0,0.0,2.387,1.0,1.0,1494.9836298619741,1050.0,1494.5872859499586,1050.0,0.01846718810865142,0.0
9041,1652374801000.0,0.0,0.0,0.4,2.550312006740339,0.0,0.0,2.553,1.0,1.0,1495.3315622026541,1050.0,1495.332637399958,1050.0,0.0006822064273113254,0.0
9042,1652378401000.0,0.0,0.0,0.4,2.4700585767627405,0.0,0.0,2.425,1.0,1.0,1495.443403620663,1050.0,1495.4253801899579,1050.0,0.000660689283401139,0.0
9043,1652382001000.0,0.0,0.0,1.6,2.3844135939444744,0.0,0.0,2.368,1.0,1.0,1495.4601706702683,1050.0,1495.4339089199573,1050.0,0.002551095525734557,0.0
9044,1652385601000.0,0.0,0.0,0.4,2.469157425826432,0.0,0.0,2.437,1.0,1.0,1495.5175034002884,1050.0,1495.5046404299578,1050.0,0.0006604155204368852,0.0
9045,1652389201000.0,0.0,0.0,0.4,2.4410516191361267,0.0,0.0,2.409,1.0,1.0,1495.5762972076127,1050.0,1495.5634765599582,1050.0,0.0006528725077266359,0.0
9046,1652392801000.0,0.0,0.0,0.7,2.3418409485009084,0.0,0.0,2.344,1.0,1.0,1495.6918200339085,1050.0,1495.6933313699578,1050.0,0.0010960069728224307,0.0
9047,1652396401000.0,0.0,0.0,0.4,2.408687249198677,0.0,0.0,2.418,1.0,1.0,1495.7481743496394,1050.0,1495.7518994499599,1050.0,0.0006441424540587494,0.0
9048,1652400001000.0,0.0,0.0,0.9,2.504072569098536,0.0,0.0,2.488,1.0,1.0,1495.7913456821489,1050.0,1495.7768803699603,1050.0,0.001506670912821005,0.0
9049,1652403601000.0,0.0,0.0,0.4,2.5187131009857646,0.0,0.0,2.513,1.0,1.0,1495.8614941703538,1050.0,1495.8592089299596,1050.0,0.0006735150575910005,0.0
9050,1652407201000.0,0.0,0.0,3.9,2.4023345766015467,0.0,0.0,2.438,1.0,1.0,1496.0942975887053,1050.0,1496.2333927399593,1050.0,0.006262375883556582,0.0
9051,1652410801000.0,0.0,0.0,0.4,2.603148187276638,0.0,0.0,2.614,1.0,1.0,1496.293728224869,1050.0,1496.2980689499584,1050.0,0.0006958922939187584,0.0
9052,1652414401000.0,0.0,0.0,0.4,2.78475,0.0,0.0,2.74,1.0,1.0,1496.3872513799595,1050.0,1496.3693513799594,1050.0,0.0007443928695414692,0.0
9053,1652418001000.0,0.0,0.0,0.4,2.8245,0.0,0.0,2.779,1.0,1.0,1496.43717629996,1050.0,1496.41897629996,1050.0,0.0007549932719484459,0.0
9054,1652421601000.0,0.0,0.0,0.4,2.837666666666667,0.0,0.0,2.788,1.0,1.0,1496.4778706266259,1050.0,1496.4580039599591,1050.0,0.0007584921160186458,0.0
9055,1652425201000.0,0.0,0.0,0.9,2.844724806010723,0.0,0.0,2.832,1.0,1.0,1496.522889545369,1050.0,1496.5114372199594,1050.0,0.0017108006454798921,0.0
9056,1652428801000.0,0.0,0.0,0.9,2.79536932734638,0.0,0.0,2.767,1.0,1.0,1496.5773891245715,1050.0,1496.5518567299598,1050.0,0.001681057333148263,0.0
9057,1652432401000.0,0.0,0.0,0.9,2.79536932734638,0.0,0.0,2.776,1.0,1.0,1496.5773891245715,1050.0,1496.5599567299598,1050.0,0.001681057333148263,0.0
9058,1652436001000.0,0.0,0.0,2.1,2.801567356545621,0.0,0.0,2.782,1.0,1.0,1496.6156207687052,1050.0,1496.5745293199593,1050.0,0.003931063772890446,0.0
9059,1652439601000.0,0.0,0.0,0.4,2.891285687294072,0.0,0.0,2.833,1.0,1.0,1496.8212876648788,1050.0,1496.7979733899613,1050.0,0.0007726468646914108,0.0
9060,1652443201000.0,0.0,0.0,0.4,2.901895698569736,0.0,0.0,2.914,1.0,1.0,1496.8485838093889,1050.0,1496.853425529961,1050.0,0.0007754680680352016,0.0
9061,1652446801000.0,0.0,0.0,0.4,2.9123788304454763,0.0,0.0,2.914,1.0,1.0,1496.852360072139,1050.0,1496.8530085399607,1050.0,0.0007782674920070588,0.0
9062,1652450401000.0,0.0,0.0,0.4,2.9554700910519323,0.0,0.0,2.964,1.0,1.0,1496.8899883863814,1050.0,1496.8934003499608,1050.0,0.0007897628052781279,0.0
9063,1652454001000.0,0.0,0.0,0.9,2.914592907131686,0.0,0.0,2.888,1.0,1.0,1496.9144799663793,1050.0,1496.8905463499607,1050.0,0.0017523603729702937,0.0
9064,1652457601000.0,0.0,0.0,10.0,2.7927611132775434,0.0,0.0,2.764,1.0,1.0,1496.9232858427363,1050.0,1496.6356747099608,1050.0,0.018656674925764668,0.0
9065,1652461201000.0,0.0,0.0,54.3,2.7006944959995476,0.0,0.0,2.67,1.0,1.0,1496.9114138327363,1050.0,1495.244702699961,1050.0,0.09796686014791901,0.0
9066,1652464801000.0,0.0,0.0,47.6,2.7006944959995476,0.0,0.0,2.627,1.0,1.0,1497.0322389795392,1050.0,1493.5243809699607,1050.0,0.08587193693116951,0.0
9067,1652468401000.0,0.0,0.0,47.6,2.7006944959995476,0.0,0.0,2.682,1.0,1.0,1497.0322389795392,1050.0,1496.1423809699606,1050.0,0.08587193693116951,0.0
9068,1652472001000.0,0.0,0.0,47.6,2.7006944959995476,0.0,0.0,2.66,1.0,1.0,1497.0322389795392,1050.0,1495.0951809699607,1050.0,0.08587193693116951,0.0
9069,1652475601000.0,0.0,0.0,47.6,2.7006944959995476,0.0,0.0,2.656,1.0,1.0,1497.0322389795392,1050.0,1494.9047809699607,1050.0,0.08587193693116951,0.0
9070,1652479201000.0,0.0,0.0,47.6,2.7006944959995476,0.0,0.0,2.691,1.0,1.0,1497.0322389795392,1050.0,1496.5707809699607,1050.0,0.08587193693116951,0.0
9071,1652482801000.0,0.0,0.0,47.6,2.7006944959995476,0.0,0.0,2.658,1.0,1.0,1497.0322389795392,1050.0,1494.9999809699607,1050.0,0.08587193693116951,0.0
9072,1652486401000.0,0.0,0.0,171.2,2.6265499883737067,0.0,0.0,2.606,1.0,1.0,1497.0001277495394,1050.0,1493.4819697399607,1050.0,0.30037763502770476,0.0
9073,1652490001000.0,0.0,0.0,0.6,2.6265499883737067,0.0,0.0,2.674,1.0,1.0,1500.8439018929855,1050.0,1500.8723718999613,1050.0,0.0010500292475696732,0.0
9074,1652493601000.0,0.0,0.0,0.4,2.7165348343128213,0.0,0.0,2.71,1.0,1.0,1500.8820239436864,1050.0,1500.8794100099612,1050.0,0.0007239835752512808,0.0
9075,1652497201000.0,0.0,0.0,0.4,2.721401125734616,0.0,0.0,2.723,1.0,1.0,1500.883815750255,1050.0,1500.8844552999612,1050.0,0.000725279624492254,0.0
9076,1652500801000.0,0.0,0.0,0.4,2.731225633225721,0.0,0.0,2.689,1.0,1.0,1500.8874358332514,1050.0,1500.8705455799611,1050.0,0.0007278961947494537,0.0
9077,1652504401000.0,0.0,0.0,4.9,2.6198755618959773,0.0,0.0,2.608,1.0,1.0,1500.8862613432514,1050.0,1500.828071089961,1050.0,0.00855320658462233,0.0
9078,1652508001000.0,0.0,0.0,4.9,2.6198755618959773,0.0,0.0,2.622,1.0,1.0,1500.8862613432514,1050.0,1500.896671089961,1050.0,0.00855320658462233,0.0
9079,1652511601000.0,0.0,0.0,0.4,2.653992503566487,0.0,0.0,2.698,1.0,1.0,1501.035967511388,1050.0,1501.0535705099614,1050.0,0.0007072428805198106,0.0
9080,1652515201000.0,0.0,0.0,0.4,2.69449524782714,0.0,0.0,2.683,1.0,1.0,1501.050844469092,1050.0,1501.0462463699612,1050.0,0.0007180290415226163,0.0
9081,1652518801000.0,0.0,0.0,0.4,2.69449524782714,0.0,0.0,2.705,1.0,1.0,1501.050844469092,1050.0,1501.0550463699612,1050.0,0.0007180290415226163,0.0
9082,1652522401000.0,0.0,0.0,0.9,2.7093820408392735,0.0,0.0,2.697,1.0,1.0,1501.0681634567168,1050.0,1501.0570196199615,1050.0,0.0016244724231176853,0.0
9083,1652526001000.0,0.0,0.0,11.4,2.5959248979609955,0.0,0.0,2.582,1.0,1.0,1501.0654479467169,1050.0,1500.9067041099615,1050.0,0.019715025668758067,0.0
9084,1652529601000.0,0.0,0.0,62.0,2.509492642528312,0.0,0.0,2.5,1.0,1.0,1501.0528484467168,1050.0,1500.4643046099613,1050.0,0.10365294199851639,0.0
9085,1652533201000.0,0.0,0.0,24.5,2.509492642528312,0.0,0.0,2.516,1.0,1.0,1501.6624018519058,1050.0,1501.821832109962,1050.0,0.040943004010835636,0.0
9086,1652536801000.0,0.0,0.0,16.2,2.509492642528312,0.0,0.0,2.469,1.0,1.0,1501.8351125589209,1050.0,1501.1791317499622,1050.0,0.027069403604294613,0.0
9087,1652540401000.0,0.0,0.0,37.8,2.4686397039407053,0.0,0.0,2.451,1.0,1.0,1501.829846478921,1050.0,1501.1630656699622,1050.0,0.062133923511865946,0.0
9088,1652544001000.0,0.0,0.0,33.1,2.4686397039407053,0.0,0.0,2.445,1.0,1.0,1501.9055719203996,1050.0,1501.1230977199623,1050.0,0.05440553369540869,0.0
9089,1652547601000.0,0.0,0.0,0.4,2.567838480962304,0.0,0.0,2.553,1.0,1.0,1502.6538763823462,1050.0,1502.6479409899612,1050.0,0.0006835475611041979,0.0
9090,1652551201000.0,0.0,0.0,0.4,2.567838480962304,0.0,0.0,2.57,1.0,1.0,1502.6538763823462,1050.0,1502.6547409899613,1050.0,0.0006835475611041979,0.0
9091,1652554801000.0,0.0,0.0,0.4,2.614147980056337,0.0,0.0,2.583,1.0,1.0,1502.6687827619837,1050.0,1502.6563235699612,1050.0,0.0006958680475816891,0.0
9092,1652558401000.0,0.0,0.0,0.9,2.579065768913928,0.0,0.0,2.549,1.0,1.0,1502.6686552119838,1050.0,1502.6415960199613,1050.0,0.0015446912956969118,0.0
9093,1652562001000.0,0.0,0.0,0.4,2.6024247869590664,0.0,0.0,2.609,1.0,1.0,1502.685375484746,1050.0,1502.6880055699623,1050.0,0.0006927397655998508,0.0
9094,1652565601000.0,0.0,0.0,0.4,2.6599780818435184,0.0,0.0,2.652,1.0,1.0,1502.7037198026999,1050.0,1502.7005285699624,1050.0,0.0007080512403849682,0.0
9095,1652569201000.0,0.0,0.0,0.4,2.7209350978563793,0.0,0.0,2.72,1.0,1.0,1502.7244070991046,1050.0,1502.724033059962,1050.0,0.0007242672269119361,0.0
9096,1652572801000.0,0.0,0.0,0.4,2.755265445496331,0.0,0.0,2.753,1.0,1.0,1502.7369535981609,1050.0,1502.7360474199625,1050.0,0.0007333992656263918,0.0
9097,1652576401000.0,0.0,0.0,0.4,2.770783859818764,0.0,0.0,2.756,1.0,1.0,1502.7422941538898,1050.0,1502.7363806099622,1050.0,0.0007375273513224269,0.0
9098,1652580001000.0,0.0,0.0,2.1,2.6955778780607167,0.0,0.0,2.674,1.0,1.0,1502.74183891389,1050.0,1502.6965253699625,1050.0,0.0037669234976639757,0.0
9099,1652583601000.0,0.0,0.0,2.3,2.658512120895964,0.0,0.0,2.633,1.0,1.0,1502.7656623880227,1050.0,1502.706984509962,1050.0,0.004068883147319277,0.0
9100,1652587201000.0,0.0,0.0,3.2,2.6209033107519843,0.0,0.0,2.656,1.0,1.0,1502.8110899943683,1050.0,1502.923399399962,1050.0,0.005580801639171947,0.0
9101,1652590801000.0,0.0,0.0,0.4,2.6987912568805212,0.0,0.0,2.703,1.0,1.0,1502.973829622714,1050.0,1502.9755131199618,1050.0,0.0007182536924300242,0.0
9102,1652594401000.0,0.0,0.0,0.4,2.7365333824361757,0.0,0.0,2.727,1.0,1.0,1502.985997832936,1050.0,1502.9821844799615,1050.0,0.0007282924488669401,0.0
9103,1652598001000.0,0.0,0.0,0.4,2.7564187655364454,0.0,0.0,2.764,1.0,1.0,1502.9932309361764,1050.0,1502.9962634299618,1050.0,0.0007335811522769247,0.0
9104,1652601601000.0,0.0,0.0,0.4,2.7737093827682227,0.0,0.0,2.729,1.0,1.0,1502.9983357130689,1050.0,1502.9804519599616,1050.0,0.0007381802938463773,0.0
9105,1652605201000.0,0.0,0.0,0.9,2.736648614563655,0.0,0.0,2.68,1.0,1.0,1502.998200363069,1050.0,1502.9472166099615,1050.0,0.0016387137073832312,0.0
9106,1652608801000.0,0.0,0.0,2.1,2.6985636919558518,0.0,0.0,2.696,1.0,1.0,1502.997879963069,1050.0,1502.9924962099617,1050.0,0.0037704535905576497,0.0
9107,1652612401000.0,0.0,0.0,0.6,2.6985636919558518,0.0,0.0,2.745,1.0,1.0,1503.039225465136,1050.0,1503.0670872499625,1050.0,0.0010772428209067176,0.0
9108,1652616001000.0,0.0,0.0,0.4,2.842905504043462,0.0,0.0,2.803,1.0,1.0,1503.1001197815801,1050.0,1503.0841575799627,1050.0,0.0007565445485977535,0.0
9109,1652619601000.0,0.0,0.0,0.9,2.8164763760108658,0.0,0.0,2.78,1.0,1.0,1503.1037323183727,1050.0,1503.070903579963,1050.0,0.001686396410246473,0.0
9110,1652623201000.0,0.0,0.0,2.1,2.777347018290371,0.0,0.0,2.75,1.0,1.0,1503.1034025583726,1050.0,1503.045973819963,1050.0,0.003880257824233937,0.0
9111,1652626801000.0,0.0,0.0,4.9,2.738291579267302,0.0,0.0,2.733,1.0,1.0,1503.1026440383725,1050.0,1503.0767152999629,1050.0,0.008926621739125383,0.0
9112,1652630401000.0,0.0,0.0,2.3,2.7008224257683926,0.0,0.0,2.692,1.0,1.0,1503.1816835392303,1050.0,1503.161391959963,1050.0,0.004132495524188033,0.0
9113,1652634001000.0,0.0,0.0,0.5,2.7008224257683926,0.0,0.0,2.736,1.0,1.0,1503.2349116528474,1050.0,1503.2525004399631,1050.0,0.0008983367818402931,0.0
9114,1652637601000.0,0.0,0.0,0.4,2.7673124205930684,0.0,0.0,2.779,1.0,1.0,1503.2627367082005,1050.0,1503.2674117399633,1050.0,0.0007363483050615212,0.0
9115,1652641201000.0,0.0,0.0,0.4,2.907078124999999,0.0,0.0,2.842,1.0,1.0,1503.2919156799628,1050.0,1503.2658844299629,1050.0,0.0007735232511205468,0.0
9116,1652644801000.0,0.0,0.0,0.9,2.868145833333333,0.0,0.0,2.862,1.0,1.0,1503.2917738299627,1050.0,1503.2862425799626,1050.0,0.0017171192545167044,0.0
9117,1652648401000.0,0.0,0.0,0.4,2.899398864746092,0.0,0.0,2.877,1.0,1.0,1503.3199663858618,1050.0,1503.3110068399633,1050.0,0.0007714655374973965,0.0
9118,1652652001000.0,0.0,0.0,0.4,2.910661861419676,0.0,0.0,2.929,1.0,1.0,1503.3237546445314,1050.0,1503.3310898999634,1050.0,0.0007744604187693201,0.0
9119,1652655601000.0,0.0,0.0,0.4,3.008176934980301,0.0,0.0,2.985,1.0,1.0,1503.3578487639552,1050.0,1503.3485779899631,1050.0,0.0008003887929819483,0.0
9120,1652659201000.0,0.0,0.0,0.4,3.0472582984376033,0.0,0.0,3.054,1.0,1.0,1503.3714548493376,1050.0,1503.3741515299625,1050.0,0.00081077987442378,0.0
9121,1652662801000.0,0.0,0.0,2.1,2.9650968187500197,0.0,0.0,2.922,1.0,1.0,1503.3709540693376,1050.0,1503.2804507499625,1050.0,0.004141827605835105,0.0
9122,1652666401000.0,0.0,0.0,1.1,2.9650968187500197,0.0,0.0,2.983,1.0,1.0,1503.3905587505878,1050.0,1503.410252249963,1050.0,0.002169500454582888,0.0
9123,1652670001000.0,0.0,0.0,0.3,3.0818094531066436,0.0,0.0,3.07,1.0,1.0,1503.4482014858959,1050.0,1503.444658649964,1050.0,0.0006149482469820004,0.0
9124,1652673601000.0,0.0,0.0,4.9,2.949620986924897,0.0,0.0,2.939,1.0,1.0,1503.4468486258959,1050.0,1503.3948057899638,1050.0,0.009613338076528427,0.0
9125,1652677201000.0,0.0,0.0,4.9,2.949620986924897,0.0,0.0,2.89,1.0,1.0,1503.4468486258959,1050.0,1503.1547057899638,1050.0,0.009613338076528427,0.0
9126,1652680801000.0,0.0,0.0,4.3,2.949620986924897,0.0,0.0,2.885,1.0,1.0,1503.458297893741,1050.0,1503.180427649964,1050.0,0.008436130394534874,0.0
9127,1652684401000.0,0.0,0.0,8.3,2.810594295465507,0.0,0.0,2.843,1.0,1.0,1504.3243490723278,1050.0,1504.5933164199641,1050.0,0.015507249262268043,0.0
9128,1652688001000.0,0.0,0.0,0.4,2.856355872849724,0.0,0.0,2.852,1.0,1.0,1504.6888166691049,1050.0,1504.687074319965,1050.0,0.0007593213536796993,0.0
9129,1652691601000.0,0.0,0.0,0.4,2.890489129429238,0.0,0.0,2.848,1.0,1.0,1504.699780751737,1050.0,1504.6827850999655,1050.0,0.0007683895927691758,0.0
9130,1652695201000.0,0.0,0.0,11.4,2.732429443137868,0.0,0.0,2.673,1.0,1.0,1504.6967814017373,1050.0,1504.0192857499655,1050.0,0.020701643039837854,0.0
9131,1652698801000.0,0.0,0.0,0.4,2.803268501060443,0.0,0.0,2.819,1.0,1.0,1505.6788953603914,1050.0,1505.6851879599672,1050.0,0.0007447188134730326,0.0
9132,1652702401000.0,0.0,0.0,0.4,2.803268501060443,0.0,0.0,2.782,1.0,1.0,1505.6788953603914,1050.0,1505.6703879599672,1050.0,0.0007447188134730326,0.0
9133,1652706001000.0,0.0,0.0,0.4,2.813588531846499,0.0,0.0,2.769,1.0,1.0,1505.6825103527058,1050.0,1505.6646749399672,1050.0,0.0007474586474906763,0.0
9134,1652709601000.0,0.0,0.0,1.9,2.7377311489231424,0.0,0.0,2.696,1.0,1.0,1505.685646622921,1050.0,1505.606357439967,1050.0,0.003454697993980854,0.0
9135,1652713201000.0,0.0,0.0,0.3,2.809401742273693,0.0,0.0,2.832,1.0,1.0,1505.7691624126487,1050.0,1505.7759418899666,1050.0,0.0005597275755944436,0.0
9136,1652716801000.0,0.0,0.0,0.4,2.8868194522188366,0.0,0.0,2.864,1.0,1.0,1505.7928520208538,1050.0,1505.7837242399662,1050.0,0.0007668569945313719,0.0
9137,1652720401000.0,0.0,0.0,2.1,2.819540179404399,0.0,0.0,2.774,1.0,1.0,1505.7960660267154,1050.0,1505.700431649966,1050.0,0.003932162203327332,0.0
9138,1652724001000.0,0.0,0.0,3.8,2.7798029340304566,0.0,0.0,2.79,1.0,1.0,1505.815005019282,1050.0,1505.853753869966,1050.0,0.0070149726985755945,0.0
9139,1652727601000.0,0.0,0.0,0.4,2.7894516503921314,0.0,0.0,2.779,1.0,1.0,1505.9082682901226,1050.0,1505.9040876299657,1050.0,0.0007409353435742544,0.0
9140,1652731201000.0,0.0,0.0,0.4,2.7894516503921314,0.0,0.0,2.739,1.0,1.0,1505.9082682901226,1050.0,1505.8880876299656,1050.0,0.0007409353435742544,0.0
9141,1652734801000.0,0.0,0.0,0.4,2.811794368897049,0.0,0.0,2.807,1.0,1.0,1505.9152360575247,1050.0,1505.913318309966,1050.0,0.000746866570327904,0.0
9142,1652738401000.0,0.0,0.0,0.4,2.811794368897049,0.0,0.0,2.803,1.0,1.0,1505.9152360575247,1050.0,1505.9117183099659,1050.0,0.000746866570327904,0.0
9143,1652742001000.0,0.0,0.0,0.4,2.811794368897049,0.0,0.0,2.772,1.0,1.0,1505.9152360575247,1050.0,1505.8993183099658,1050.0,0.000746866570327904,0.0
9144,1652745601000.0,0.0,0.0,4.3,2.69704443827731,0.0,0.0,2.723,1.0,1.0,1505.9246374145582,1050.0,1506.0362463299657,1050.0,0.007701109867292698,0.0
9145,1652749201000.0,0.0,0.0,0.4,2.788122099149846,0.0,0.0,2.782,1.0,1.0,1506.106363059625,1050.0,1506.103914219965,1050.0,0.0007404847805000523,0.0
9146,1652752801000.0,0.0,0.0,0.4,2.793341574362384,0.0,0.0,2.811,1.0,1.0,1506.10819468971,1050.0,1506.115258059965,1050.0,0.000741870095179416,0.0
9147,1652756401000.0,0.0,0.0,0.4,2.8180810571973227,0.0,0.0,2.784,1.0,1.0,1506.117308232844,1050.0,1506.103675809965,1050.0,0.0007484360060914062,0.0
9148,1652760001000.0,0.0,0.0,0.4,2.8441247040028794,0.0,0.0,2.847,1.0,1.0,1506.126440831566,1050.0,1506.1275909499648,1050.0,0.0007553481904036091,0.0
9149,1652763601000.0,0.0,0.0,0.4,2.879159645805199,0.0,0.0,2.865,1.0,1.0,1506.137509228287,1050.0,1506.1318453699648,1050.0,0.0007646472193048084,0.0
9150,1652767201000.0,0.0,0.0,0.4,2.879159645805199,0.0,0.0,2.847,1.0,1.0,1506.137509228287,1050.0,1506.1246453699648,1050.0,0.0007646472193048084,0.0
9151,1652770801000.0,0.0,0.0,0.4,2.879159645805199,0.0,0.0,2.876,1.0,1.0,1506.137509228287,1050.0,1506.1362453699649,1050.0,0.0007646472193048084,0.0
9152,1652774401000.0,0.0,0.0,0.9,2.8407376203578663,0.0,0.0,2.776,1.0,1.0,1506.137368728287,1050.0,1506.0791048699648,1050.0,0.0016974971283534443,0.0
9153,1652778001000.0,0.0,0.0,1.9,2.801458980153371,0.0,0.0,2.804,1.0,1.0,1506.1406878922564,1050.0,1506.145515829965,1050.0,0.003534047054887196,0.0
9154,1652781601000.0,0.0,0.0,0.4,2.810094235115028,0.0,0.0,2.837,1.0,1.0,1506.188172134011,1050.0,1506.198934439965,1050.0,0.0007462797244340607,0.0
9155,1652785201000.0,0.0,0.0,0.4,2.823865507252203,0.0,0.0,2.81,1.0,1.0,1506.1933669828659,1050.0,1506.187820779965,1050.0,0.0007499343893430721,0.0
9156,1652788801000.0,0.0,0.0,0.4,2.823865507252203,0.0,0.0,2.788,1.0,1.0,1506.1933669828659,1050.0,1506.179020779965,1050.0,0.0007499343893430721,0.0
9157,1652792401000.0,0.0,0.0,0.4,2.9033231491160265,0.0,0.0,2.915,1.0,1.0,1506.2209432996112,1050.0,1506.2256140399647,1050.0,0.0007710218509525823,0.0
9158,1652796001000.0,0.0,0.0,0.9,2.927881458433187,0.0,0.0,2.877,1.0,1.0,1506.2436537725548,1050.0,1506.1978604599649,1050.0,0.0017494469145081437,0.0
9159,1652799601000.0,0.0,0.0,4.9,2.846590471957116,0.0,0.0,2.792,1.0,1.0,1506.2425224525548,1050.0,1505.9750291399648,1050.0,0.009260323689360741,0.0
9160,1652803201000.0,0.0,0.0,11.4,2.805201167771041,0.0,0.0,2.759,1.0,1.0,1506.2407193525548,1050.0,1505.714026039965,1050.0,0.021231196914086814,0.0
9161,1652806801000.0,0.0,0.0,28.0,2.710791827622417,0.0,0.0,2.734,1.0,1.0,1506.8369096333927,1050.0,1507.486738459965,1050.0,0.05037185556590486,0.0
9162,1652810401000.0,0.0,0.0,0.4,2.7526372579586544,0.0,0.0,2.709,1.0,1.0,1507.7800963131479,1050.0,1507.7626414099643,1050.0,0.0007302489971022843,0.0
9163,1652814001000.0,0.0,0.0,0.4,2.686591036851236,0.0,0.0,2.711,1.0,1.0,1507.8188123747057,1050.0,1507.828575959965,1050.0,0.0007127092498919148,0.0
9164,1652817601000.0,0.0,0.0,0.4,2.7708613288724484,0.0,0.0,2.768,1.0,1.0,1507.8464518015144,1050.0,1507.8453072699654,1050.0,0.0007350513245064005,0.0
9165,1652821201000.0,0.0,0.0,0.4,2.7916319048385474,0.0,0.0,2.784,1.0,1.0,1507.8536361819008,1050.0,1507.8505834199655,1050.0,0.0007405577936350255,0.0
9166,1652824801000.0,0.0,0.0,0.4,2.845544890621395,0.0,0.0,2.859,1.0,1.0,1507.8714906162138,1050.0,1507.8768726599653,1050.0,0.0007548507703288486,0.0
9167,1652828401000.0,0.0,0.0,0.4,2.8833862226553486,0.0,0.0,2.877,1.0,1.0,1507.8816538690273,1050.0,1507.8790993799653,1050.0,0.0007648839589650703,0.0
9168,1652832001000.0,0.0,0.0,0.4,2.893904750243633,0.0,0.0,2.883,1.0,1.0,1507.8854450300626,1050.0,1507.8810831299652,1050.0,0.0007676723082066589,0.0
9169,1652835601000.0,0.0,0.0,0.4,2.9089598165090322,0.0,0.0,2.886,1.0,1.0,1507.8909919465684,1050.0,1507.8818080199649,1050.0,0.0007716631592191674,0.0
9170,1652839201000.0,0.0,0.0,2.1,2.8300399650493393,0.0,0.0,2.804,1.0,1.0,1507.8905139965684,1050.0,1507.835830069965,1050.0,0.003941323240274153,0.0
9171,1652842801000.0,0.0,0.0,1.7,2.8300399650493393,0.0,0.0,2.842,1.0,1.0,1507.8979840505488,1050.0,1507.918316109965,1050.0,0.0031905791979774923,0.0
9172,1652846401000.0,0.0,0.0,9.3,2.750254617267083,0.0,0.0,2.724,1.0,1.0,1507.8959074205488,1050.0,1507.651739479965,1050.0,0.016962290178462833,0.0
9173,1652850001000.0,0.0,0.0,4.3,2.750254617267083,0.0,0.0,2.746,1.0,1.0,1507.9882498342135,1050.0,1507.969954979965,1050.0,0.007842299073317452,0.0
9174,1652853601000.0,0.0,0.0,0.6,2.750254617267083,0.0,0.0,2.781,1.0,1.0,1508.0715817203243,1050.0,1508.090028949964,1050.0,0.0010942138227138045,0.0
9175,1652857201000.0,0.0,0.0,0.9,2.7752947821170544,0.0,0.0,2.74,1.0,1.0,1508.101306823869,1050.0,1508.0695415199636,1050.0,0.0016562317747510996,0.0
9176,1652860801000.0,0.0,0.0,0.7,2.7752947821170544,0.0,0.0,2.794,1.0,1.0,1508.1049919874454,1050.0,1508.1180856399635,1050.0,0.001288177121489238,0.0
9177,1652864401000.0,0.0,0.0,0.4,2.8081314766156673,0.0,0.0,2.822,1.0,1.0,1508.1256724806099,1050.0,1508.1312198899636,1050.0,0.0007448003910700012,0.0
9178,1652868001000.0,0.0,0.0,0.9,2.78036620248725,0.0,0.0,2.776,1.0,1.0,1508.1291987622023,1050.0,1508.1252691799639,1050.0,0.001659227594222241,0.0
9179,1652871601000.0,0.0,0.0,0.4,2.7852746518654374,0.0,0.0,2.766,1.0,1.0,1508.14018310071,1050.0,1508.1324732399637,1050.0,0.0007387309702574097,0.0
9180,1652875201000.0,0.0,0.0,0.4,2.7852746518654374,0.0,0.0,2.736,1.0,1.0,1508.14018310071,1050.0,1508.1204732399638,1050.0,0.0007387309702574097,0.0
9181,1652878801000.0,0.0,0.0,4.9,2.671573440968607,0.0,0.0,2.648,1.0,1.0,1508.1389854407098,1050.0,1508.0234755799636,1050.0,0.008680042083071538,0.0
9182,1652882401000.0,0.0,0.0,1.5,2.671573440968607,0.0,0.0,2.632,1.0,1.0,1508.2287183414167,1050.0,1508.1693581799636,1050.0,0.0026569976507672933,0.0
9183,1652886001000.0,0.0,0.0,1.2,2.671573440968607,0.0,0.0,2.62,1.0,1.0,1508.2341656091262,1050.0,1508.172277479964,1050.0,0.0021255904436215814,0.0
9184,1652889601000.0,0.0,0.0,15.2,2.5587755348133108,0.0,0.0,2.55,1.0,1.0,1508.230596859126,1050.0,1508.0972087299638,1050.0,0.025787428136093634,0.0
9185,1652893201000.0,0.0,0.0,15.2,2.5587755348133108,0.0,0.0,2.547,1.0,1.0,1508.230596859126,1050.0,1508.0516087299638,1050.0,0.025787428136093634,0.0
9186,1652896801000.0,0.0,0.0,15.2,2.5587755348133108,0.0,0.0,2.516,1.0,1.0,1508.230596859126,1050.0,1507.5804087299637,1050.0,0.025787428136093634,0.0
9187,1652900401000.0,0.0,0.0,5.7,2.517160228990488,0.0,0.0,2.542,1.0,1.0,1508.7198241352091,1050.0,1508.8614108299635,1050.0,0.009509925617547895,0.0
9188,1652904001000.0,0.0,0.0,0.4,2.6133261020019862,0.0,0.0,2.596,1.0,1.0,1509.0219602607644,1050.0,1509.0150298199637,1050.0,0.000692720496009321,0.0
9189,1652907601000.0,0.0,0.0,0.9,2.5933597552364835,0.0,0.0,2.561,1.0,1.0,1509.0269671196768,1050.0,1508.997843339964,1050.0,0.0015467077995086156,0.0
9190,1652911201000.0,0.0,0.0,2.1,2.5571541808156355,0.0,0.0,2.537,1.0,1.0,1509.0266635196767,1050.0,1508.9843397399638,1050.0,0.0035586009906463214,0.0
9191,1652914801000.0,0.0,0.0,2.1,2.5571541808156355,0.0,0.0,2.53,1.0,1.0,1509.0266635196767,1050.0,1508.969639739964,1050.0,0.0035586009906463214,0.0
9192,1652918401000.0,0.0,0.0,4.9,2.5210660774924154,0.0,0.0,2.492,1.0,1.0,1509.0259651996766,1050.0,1508.8835414199639,1050.0,0.008186223474344419,0.0
9193,1652922001000.0,0.0,0.0,4.9,2.5210660774924154,0.0,0.0,2.48,1.0,1.0,1509.0259651996766,1050.0,1508.8247414199639,1050.0,0.008186223474344419,0.0
9194,1652925601000.0,0.0,0.0,62.0,2.4025826416082716,0.0,0.0,2.379,1.0,1.0,1509.0123045096766,1050.0,1507.5501807299638,1050.0,0.0987136574927495,0.0
9195,1652929201000.0,0.0,0.0,6.3,2.4025826416082716,0.0,0.0,2.446,1.0,1.0,1510.8738814720953,1050.0,1511.147410829963,1050.0,0.01001822245241564,0.0
9196,1652932801000.0,0.0,0.0,0.4,2.49055331368804,0.0,0.0,2.502,1.0,1.0,1511.2345821154383,1050.0,1511.239160789963,1050.0,0.0006592102491994971,0.0
9197,1652936401000.0,0.0,0.0,0.9,2.475852115292936,0.0,0.0,2.454,1.0,1.0,1511.2410040037269,1050.0,1511.2213370999632,1050.0,0.0014744616496378145,0.0
9198,1652940001000.0,0.0,0.0,0.9,2.475852115292936,0.0,0.0,2.429,1.0,1.0,1511.2410040037269,1050.0,1511.1988370999632,1050.0,0.0014744616496378145,0.0
9199,1652943601000.0,0.0,0.0,0.4,2.475852115292936,0.0,0.0,2.525,1.0,1.0,1511.25855238608,1050.0,1511.278211539963,1050.0,0.0006553086793477896,0.0
9200,1652947201000.0,0.0,0.0,0.4,2.5138047708544047,0.0,0.0,2.473,1.0,1.0,1511.2731309083044,1050.0,1511.2568089999627,1050.0,0.0006653475720417419,0.0
9201,1652950801000.0,0.0,0.0,0.9,2.4800243426019577,0.0,0.0,2.44,1.0,1.0,1511.2730082583043,1050.0,1511.2369863499625,1050.0,0.001476915088236836,0.0
9202,1652954401000.0,0.0,0.0,2.1,2.4457247182579818,0.0,0.0,2.44,1.0,1.0,1511.2727178583043,1050.0,1511.2606959499626,1050.0,0.003398474575535421,0.0
9203,1652958001000.0,0.0,0.0,0.4,2.450293538693486,0.0,0.0,2.458,1.0,1.0,1511.3067450454405,1050.0,1511.3098276299631,1050.0,0.0006485231530200874,0.0
9204,1652961601000.0,0.0,0.0,0.4,2.603474395378174,0.0,0.0,2.596,1.0,1.0,1511.3561943981142,1050.0,1511.353204639963,1050.0,0.0006890432328336703,0.0
9205,1652965201000.0,0.0,0.0,0.4,2.631578816950851,0.0,0.0,2.614,1.0,1.0,1511.3664201767428,1050.0,1511.3593886499625,1050.0,0.0006964767198263167,0.0
9206,1652968801000.0,0.0,0.0,0.9,2.624639643832158,0.0,0.0,2.597,1.0,1.0,1511.3766150794115,1050.0,1511.3517393999625,1050.0,0.0015629298851661984,0.0
9207,1652972401000.0,0.0,0.0,0.4,2.6608806885629006,0.0,0.0,2.662,1.0,1.0,1511.4013393953876,1050.0,1511.4017871199624,1050.0,0.0007042155168731938,0.0
9208,1652976001000.0,0.0,0.0,0.4,2.7173330245793235,0.0,0.0,2.696,1.0,1.0,1511.4204787397946,1050.0,1511.4119455299628,1050.0,0.0007191468060152276,0.0
9209,1652979601000.0,0.0,0.0,0.4,2.7173330245793235,0.0,0.0,2.687,1.0,1.0,1511.4204787397946,1050.0,1511.4083455299628,1050.0,0.0007191468060152276,0.0
9210,1652983201000.0,0.0,0.0,0.4,2.7173330245793235,0.0,0.0,2.703,1.0,1.0,1511.4204787397946,1050.0,1511.4147455299628,1050.0,0.0007191468060152276,0.0
9211,1652986801000.0,0.0,0.0,0.4,2.7173330245793235,0.0,0.0,2.676,1.0,1.0,1511.4204787397946,1050.0,1511.4039455299628,1050.0,0.0007191468060152276,0.0
9212,1652990401000.0,0.0,0.0,0.9,2.6810368998130327,0.0,0.0,2.62,1.0,1.0,1511.4203461397947,1050.0,1511.365412929963,1050.0,0.0015964673335213603,0.0
9213,1652994001000.0,0.0,0.0,0.8,2.643872957062728,0.0,0.0,2.672,1.0,1.0,1511.4530503356123,1050.0,1511.475551969962,1050.0,0.0013993807913388599,0.0
9214,1652997601000.0,0.0,0.0,0.4,2.662698084070628,0.0,0.0,2.632,1.0,1.0,1511.467111183591,1050.0,1511.4548319499627,1050.0,0.0007046658347691173,0.0
9215,1653001201000.0,0.0,0.0,0.9,2.6267547040313906,0.0,0.0,2.633,1.0,1.0,1511.466981283591,1050.0,1511.4726020499627,1050.0,0.001564095850523041,0.0
9216,1653004801000.0,0.0,0.0,0.4,2.6944550626649932,0.0,0.0,2.676,1.0,1.0,1511.5042020150277,1050.0,1511.4968199899618,1050.0,0.0007130526158175257,0.0
9217,1653008401000.0,0.0,0.0,0.4,2.726689739780897,0.0,0.0,2.709,1.0,1.0,1511.514523195874,1050.0,1511.5074472999618,1050.0,0.000721578178161521,0.0
9218,1653012001000.0,0.0,0.0,0.4,2.763254666803028,0.0,0.0,2.751,1.0,1.0,1511.5269624666832,1050.0,1511.522060599962,1050.0,0.0007312485282548005,0.0
9219,1653015601000.0,0.0,0.0,0.9,2.726446518579124,0.0,0.0,2.691,1.0,1.0,1511.5268276166832,1050.0,1511.494925749962,1050.0,0.001623392864677282,0.0
9220,1653019201000.0,0.0,0.0,2.1,2.688477079391053,0.0,0.0,2.686,1.0,1.0,1511.5265084166833,1050.0,1511.5213065499622,1050.0,0.0037351656324143214,0.0
9221,1653022801000.0,0.0,0.0,1.7,2.688477079391053,0.0,0.0,2.67,1.0,1.0,1511.533809304927,1050.0,1511.5023982699622,1050.0,0.0030236909070968624,0.0
9222,1653026401000.0,0.0,0.0,0.8,2.688477079391053,0.0,0.0,2.72,1.0,1.0,1511.5600353234752,1050.0,1511.5852536599623,1050.0,0.0014228886800732156,0.0
9223,1653030001000.0,0.0,0.0,2.1,2.6287773061252317,0.0,0.0,2.632,1.0,1.0,1511.5774244428255,1050.0,1511.5841920999626,1050.0,0.0036521002851692126,0.0
9224,1653033601000.0,0.0,0.0,1.0,2.6287773061252317,0.0,0.0,2.644,1.0,1.0,1511.5960783460882,1050.0,1511.611301039963,1050.0,0.001739073912523977,0.0
9225,1653037201000.0,0.0,0.0,0.4,2.671673011759104,0.0,0.0,2.65,1.0,1.0,1511.6238901046663,1050.0,1511.6152208999627,1050.0,0.0007069676602092112,0.0
9226,1653040801000.0,0.0,0.0,0.4,2.695663615095177,0.0,0.0,2.677,1.0,1.0,1511.6326163660008,1050.0,1511.6251509199626,1050.0,0.0007133118420203486,0.0
9227,1653044401000.0,0.0,0.0,0.4,2.7204211508477805,0.0,0.0,2.729,1.0,1.0,1511.6414469003016,1050.0,1511.6448784399624,1050.0,0.0007198588412420534,0.0
9228,1653048001000.0,0.0,0.0,0.4,2.74023872351043,0.0,0.0,2.722,1.0,1.0,1511.6486541593665,1050.0,1511.6413586699623,1050.0,0.0007250993717278271,0.0
9229,1653051601000.0,0.0,0.0,2.1,2.6660454711448436,0.0,0.0,2.662,1.0,1.0,1511.6482038993663,1050.0,1511.6397084099622,1050.0,0.003703702670344911,0.0
9230,1653055201000.0,0.0,0.0,1.9,2.6660454711448436,0.0,0.0,2.667,1.0,1.0,1511.6517411251373,1050.0,1511.653554729962,1050.0,0.003350961241512487,0.0
9231,1653058801000.0,0.0,0.0,4.4,2.629087817085273,0.0,0.0,2.601,1.0,1.0,1511.6510908751372,1050.0,1511.527504479962,1050.0,0.007652550555484448,0.0
9232,1653062401000.0,0.0,0.0,24.0,2.5511410997989667,0.0,0.0,2.537,1.0,1.0,1511.646124935137,1050.0,1511.306738539962,1050.0,0.04050378285314785,0.0
9233,1653066001000.0,0.0,0.0,56.0,2.5064890427709856,0.0,0.0,2.495,1.0,1.0,1511.6382113351372,1050.0,1510.994824939962,1050.0,0.09285514572379117,0.0
9234,1653069601000.0,0.0,0.0,37.6,2.5064890427709856,0.0,0.0,2.519,1.0,1.0,1511.937370628151,1050.0,1512.407782619962,1050.0,0.06233326183943344,0.0
9235,1653073201000.0,0.0,0.0,37.6,2.5064890427709856,0.0,0.0,2.504,1.0,1.0,1511.937370628151,1050.0,1511.843782619962,1050.0,0.06233326183943344,0.0
9236,1653076801000.0,0.0,0.0,0.9,2.5064890427709856,0.0,0.0,2.558,1.0,1.0,1513.0520115484567,1050.0,1513.0983714099627,1050.0,0.0014909204186479097,0.0
9237,1653080401000.0,0.0,0.0,0.4,2.5670999785595816,0.0,0.0,2.534,1.0,1.0,1513.0989744213869,1050.0,1513.085734429963,1050.0,0.0006786337237565699,0.0
9238,1653084001000.0,0.0,0.0,0.4,2.5670999785595816,0.0,0.0,2.522,1.0,1.0,1513.0989744213869,1050.0,1513.080934429963,1050.0,0.0006786337237565699,0.0
9239,1653087601000.0,0.0,0.0,0.4,2.571574983919686,0.0,0.0,2.546,1.0,1.0,1513.1006127335309,1050.0,1513.090382739963,1050.0,0.0006798159916871466,0.0
9240,1653091201000.0,0.0,0.0,0.4,2.5764312379397643,0.0,0.0,2.528,1.0,1.0,1513.102303435139,1050.0,1513.082930939963,1050.0,0.0006810990194359204,0.0
9241,1653094801000.0,0.0,0.0,0.4,2.581073428454823,0.0,0.0,2.549,1.0,1.0,1513.104008421345,1050.0,1513.091179049963,1050.0,0.0006823254486379199,0.0
9242,1653098401000.0,0.0,0.0,1.2,2.511394938753299,0.0,0.0,2.547,1.0,1.0,1513.1281003264671,1050.0,1513.170826399963,1050.0,0.0019916845942215596,0.0
9243,1653102001000.0,0.0,0.0,0.4,2.5705082233308993,0.0,0.0,2.571,1.0,1.0,1513.1679666192952,1050.0,1513.168163329963,1050.0,0.0006795037378629958,0.0
9244,1653105601000.0,0.0,0.0,0.4,2.5751311674981743,0.0,0.0,2.576,1.0,1.0,1513.169664026962,1050.0,1513.1700115599626,1050.0,0.0006807250313610014,0.0
9245,1653109201000.0,0.0,0.0,0.4,2.5751311674981743,0.0,0.0,2.543,1.0,1.0,1513.169664026962,1050.0,1513.1568115599628,1050.0,0.0006807250313610014,0.0
9246,1653112801000.0,0.0,0.0,0.9,2.540613852221411,0.0,0.0,2.536,1.0,1.0,1513.169538376962,1050.0,1513.1653859099627,1050.0,0.001511101306897735,0.0
9247,1653116401000.0,0.0,0.0,0.4,2.540613852221411,0.0,0.0,2.551,1.0,1.0,1513.1781035508511,1050.0,1513.1822580099627,1050.0,0.0006715967793241419,0.0
9248,1653120001000.0,0.0,0.0,0.4,2.5683536372728035,0.0,0.0,2.558,1.0,1.0,1513.1880910648715,1050.0,1513.1839496099624,1050.0,0.0006789251521178398,0.0
9249,1653123601000.0,0.0,0.0,0.4,2.5683536372728035,0.0,0.0,2.556,1.0,1.0,1513.1880910648715,1050.0,1513.1831496099624,1050.0,0.0006789251521178398,0.0
9250,1653127201000.0,0.0,0.0,0.4,2.5683536372728035,0.0,0.0,2.547,1.0,1.0,1513.1880910648715,1050.0,1513.1795496099624,1050.0,0.0006789251521178398,0.0
9251,1653130801000.0,0.0,0.0,0.4,2.5683536372728035,0.0,0.0,2.542,1.0,1.0,1513.1880910648715,1050.0,1513.1775496099624,1050.0,0.0006789251521178398,0.0
9252,1653134401000.0,0.0,0.0,0.4,2.5683536372728035,0.0,0.0,2.53,1.0,1.0,1513.1880910648715,1050.0,1513.1727496099625,1050.0,0.0006789251521178398,0.0
9253,1653138001000.0,0.0,0.0,0.4,2.5683536372728035,0.0,0.0,2.539,1.0,1.0,1513.1880910648715,1050.0,1513.1763496099625,1050.0,0.0006789251521178398,0.0
9254,1653141601000.0,0.0,0.0,0.4,2.5683536372728035,0.0,0.0,2.555,1.0,1.0,1513.1880910648715,1050.0,1513.1827496099625,1050.0,0.0006789251521178398,0.0
9255,1653145201000.0,0.0,0.0,0.4,2.5775114209659518,0.0,0.0,2.588,1.0,1.0,1513.191450638349,1050.0,1513.1956460699625,1050.0,0.0006813444313020968,0.0
9256,1653148801000.0,0.0,0.0,0.4,2.6190134021716025,0.0,0.0,2.622,1.0,1.0,1513.2066809408311,1050.0,1513.2078755799625,1050.0,0.0006923081784289348,0.0
9257,1653152401000.0,0.0,0.0,0.4,2.632990029041144,0.0,0.0,2.618,1.0,1.0,1513.2118130815793,1050.0,1513.205817069963,1050.0,0.000696000389708614,0.0
9258,1653156001000.0,0.0,0.0,0.4,2.632990029041144,0.0,0.0,2.598,1.0,1.0,1513.2118130815793,1050.0,1513.1978170699629,1050.0,0.000696000389708614,0.0
9259,1653159601000.0,0.0,0.0,0.4,2.647980168501732,0.0,0.0,2.642,1.0,1.0,1513.2169497273635,1050.0,1513.2145576599628,1050.0,0.0006999604832549144,0.0
9260,1653163201000.0,0.0,0.0,0.9,2.6124356304452148,0.0,0.0,2.592,1.0,1.0,1513.2168205273636,1050.0,1513.1984284599628,1050.0,0.0015537707719778659,0.0
9261,1653166801000.0,0.0,0.0,0.9,2.6124356304452148,0.0,0.0,2.573,1.0,1.0,1513.2168205273636,1050.0,1513.181328459963,1050.0,0.0015537707719778659,0.0
9262,1653170401000.0,0.0,0.0,2.1,2.5761866987622346,0.0,0.0,2.523,1.0,1.0,1513.2165146473635,1050.0,1513.1048225799627,1050.0,0.0035751606032805062,0.0
9263,1653174001000.0,0.0,0.0,2.6,2.5400800137552433,0.0,0.0,2.582,1.0,1.0,1513.2653377457268,1050.0,1513.3743297099631,1050.0,0.004364210208899488,0.0
9264,1653177601000.0,0.0,0.0,0.4,2.5823402767016828,0.0,0.0,2.591,1.0,1.0,1513.364839140644,1050.0,1513.3683030299635,1050.0,0.0006825426916005398,0.0
9265,1653181201000.0,0.0,0.0,0.4,2.610288345145391,0.0,0.0,2.623,1.0,1.0,1513.375004938022,1050.0,1513.3800895999636,1050.0,0.0006899250580003578,0.0
9266,1653184801000.0,0.0,0.0,0.4,2.620412194144282,0.0,0.0,2.627,1.0,1.0,1513.3784492076215,1050.0,1513.3810843299639,1050.0,0.0006925993152648061,0.0
9267,1653188401000.0,0.0,0.0,0.4,2.629794359206158,0.0,0.0,2.605,1.0,1.0,1513.3818964336463,1050.0,1513.3719786899637,1050.0,0.0006950775254820715,0.0
9268,1653192001000.0,0.0,0.0,0.4,2.629794359206158,0.0,0.0,2.591,1.0,1.0,1513.3818964336463,1050.0,1513.3663786899638,1050.0,0.0006950775254820715,0.0
9269,1653195601000.0,0.0,0.0,0.4,2.629794359206158,0.0,0.0,2.59,1.0,1.0,1513.3818964336463,1050.0,1513.3659786899639,1050.0,0.0006950775254820715,0.0
9270,1653199201000.0,0.0,0.0,0.4,2.634845769404618,0.0,0.0,2.63,1.0,1.0,1513.3835640277255,1050.0,1513.3816257199637,1050.0,0.0006964118897636839,0.0
9271,1653202801000.0,0.0,0.0,0.4,2.6879321360564195,0.0,0.0,2.687,1.0,1.0,1513.4002696243863,1050.0,1513.3998967699638,1050.0,0.0007104352206104847,0.0
9272,1653206401000.0,0.0,0.0,0.4,2.6975243265317355,0.0,0.0,2.702,1.0,1.0,1513.4037981405763,1050.0,1513.4055884099637,1050.0,0.0007129688269174462,0.0
9273,1653210001000.0,0.0,0.0,0.4,2.7723881894542277,0.0,0.0,2.774,1.0,1.0,1513.4305181457455,1050.0,1513.4311628699638,1050.0,0.0007327427737748957,0.0
9274,1653213601000.0,0.0,0.0,0.4,2.7939353255695014,0.0,0.0,2.771,1.0,1.0,1513.4378129501918,1050.0,1513.428638819964,1050.0,0.0007384341270351098,0.0
9275,1653217201000.0,0.0,0.0,0.4,2.7939353255695014,0.0,0.0,2.765,1.0,1.0,1513.4378129501918,1050.0,1513.426238819964,1050.0,0.0007384341270351098,0.0
9276,1653220801000.0,0.0,0.0,0.9,2.756749033586445,0.0,0.0,2.699,1.0,1.0,1513.4376766001917,1050.0,1513.385702469964,1050.0,0.0016393632645655561,0.0
9277,1653224401000.0,0.0,0.0,0.9,2.756749033586445,0.0,0.0,2.738,1.0,1.0,1513.4376766001917,1050.0,1513.420802469964,1050.0,0.0016393632645655561,0.0
9278,1653228001000.0,0.0,0.0,0.9,2.756749033586445,0.0,0.0,2.727,1.0,1.0,1513.4376766001917,1050.0,1513.410902469964,1050.0,0.0016393632645655561,0.0
9279,1653231601000.0,0.0,0.0,0.9,2.756749033586445,0.0,0.0,2.741,1.0,1.0,1513.4376766001917,1050.0,1513.423502469964,1050.0,0.0016393632645655561,0.0
9280,1653235201000.0,0.0,0.0,2.1,2.7186067286799047,0.0,0.0,2.685,1.0,1.0,1513.4373538001917,1050.0,1513.3667796699638,1050.0,0.00377225665528375,0.0
9281,1653238801000.0,0.0,0.0,3.0,2.680545740862816,0.0,0.0,2.699,1.0,1.0,1513.4711615225524,1050.0,1513.526524299964,1050.0,0.0053133732753114105,0.0
9282,1653242401000.0,0.0,0.0,0.4,2.6974319792353336,0.0,0.0,2.67,1.0,1.0,1513.5472843916582,1050.0,1513.5363115999642,1050.0,0.0007128768310187324,0.0
9283,1653246001000.0,0.0,0.0,0.4,2.6974319792353336,0.0,0.0,2.694,1.0,1.0,1513.5472843916582,1050.0,1513.545911599964,1050.0,0.0007128768310187324,0.0
9284,1653249601000.0,0.0,0.0,0.4,2.6974319792353336,0.0,0.0,2.672,1.0,1.0,1513.5472843916582,1050.0,1513.537111599964,1050.0,0.0007128768310187324,0.0
9285,1653253201000.0,0.0,0.0,0.4,2.717570274679929,0.0,0.0,2.703,1.0,1.0,1513.554421759836,1050.0,1513.548593649964,1050.0,0.000718195589299039,0.0
9286,1653256801000.0,0.0,0.0,0.4,2.717570274679929,0.0,0.0,2.679,1.0,1.0,1513.554421759836,1050.0,1513.5389936499641,1050.0,0.000718195589299039,0.0
9287,1653260401000.0,0.0,0.0,0.4,2.722427706009946,0.0,0.0,2.715,1.0,1.0,1513.5562100023678,1050.0,1513.5532389199639,1050.0,0.0007194784542572587,0.0
9288,1653264001000.0,0.0,0.0,0.4,2.7373210634729457,0.0,0.0,2.724,1.0,1.0,1513.5616025453528,1050.0,1513.5562741199635,1050.0,0.0007234118674442056,0.0
9289,1653267601000.0,0.0,0.0,0.4,2.7650902991017654,0.0,0.0,2.772,1.0,1.0,1513.5703885896044,1050.0,1513.5731524699636,1050.0,0.0007307464046461346,0.0
9290,1653271201000.0,0.0,0.0,0.4,2.7754882932447424,0.0,0.0,2.742,1.0,1.0,1513.5740362872616,1050.0,1513.5606409699637,1050.0,0.000733492574979129,0.0
9291,1653274801000.0,0.0,0.0,0.9,2.738550352553219,0.0,0.0,2.716,1.0,1.0,1513.5739008372616,1050.0,1513.5536055199636,1050.0,0.0016283944351408973,0.0
9292,1653278401000.0,0.0,0.0,0.4,2.747662764414914,0.0,0.0,2.73,1.0,1.0,1513.5877771557296,1050.0,1513.5807120499635,1050.0,0.0007261323871360025,0.0
9293,1653282001000.0,0.0,0.0,0.4,2.7624671037375412,0.0,0.0,2.734,1.0,1.0,1513.5931325914587,1050.0,1513.5817457499636,1050.0,0.0007300421874953558,0.0
9294,1653285601000.0,0.0,0.0,0.4,2.7624671037375412,0.0,0.0,2.755,1.0,1.0,1513.5931325914587,1050.0,1513.5901457499638,1050.0,0.0007300421874953558,0.0
9295,1653289201000.0,0.0,0.0,0.4,2.818171444660613,0.0,0.0,2.82,1.0,1.0,1513.6129967478284,1050.0,1513.6137281699641,1050.0,0.0007447535005885331,0.0
9296,1653292801000.0,0.0,0.0,0.4,2.8564503753340302,0.0,0.0,2.827,1.0,1.0,1513.6259086000975,1050.0,1513.614128449964,1050.0,0.000754862970858068,0.0
9297,1653296401000.0,0.0,0.0,0.9,2.8184223890373468,0.0,0.0,2.797,1.0,1.0,1513.6257692000975,1050.0,1513.6064890499638,1050.0,0.0016758304474917291,0.0
9298,1653300001000.0,0.0,0.0,0.4,2.8356848415357514,0.0,0.0,2.812,1.0,1.0,1513.6941270165796,1050.0,1513.6846530799653,1050.0,0.0007493415719659965,0.0
9299,1653303601000.0,0.0,0.0,0.4,2.8356848415357514,0.0,0.0,2.811,1.0,1.0,1513.6941270165796,1050.0,1513.6842530799654,1050.0,0.0007493415719659965,0.0
9300,1653307201000.0,0.0,0.0,0.4,2.84582272336386,0.0,0.0,2.835,1.0,1.0,1513.697867849311,1050.0,1513.6935387599656,1050.0,0.0007520186911294936,0.0
9301,1653310801000.0,0.0,0.0,0.4,2.84582272336386,0.0,0.0,2.795,1.0,1.0,1513.697867849311,1050.0,1513.6775387599655,1050.0,0.0007520186911294936,0.0
9302,1653314401000.0,0.0,0.0,0.4,2.837104629484836,0.0,0.0,2.813,1.0,1.0,1513.7192596217596,1050.0,1513.7096177699657,1050.0,0.0007497043091580291,0.0
9303,1653318001000.0,0.0,0.0,0.4,2.8095886573712088,0.0,0.0,2.8,1.0,1.0,1513.7319610229133,1050.0,1513.7281255599648,1050.0,0.0007424269896428989,0.0
9304,1653321601000.0,0.0,0.0,0.4,2.8598551708499067,0.0,0.0,2.87,1.0,1.0,1513.7502973283044,1050.0,1513.7543552599645,1050.0,0.0007557006399000977,0.0
9305,1653325201000.0,0.0,0.0,0.4,2.8983323522124467,0.0,0.0,2.872,1.0,1.0,1513.7634825608493,1050.0,1513.7529496199643,1050.0,0.0007658613477210609,0.0
9306,1653328801000.0,0.0,0.0,0.9,2.859258823205532,0.0,0.0,2.834,1.0,1.0,1513.7633411608492,1050.0,1513.7406082199643,1050.0,0.0016999572330187256,0.0
9307,1653332401000.0,0.0,0.0,0.9,2.859258823205532,0.0,0.0,2.807,1.0,1.0,1513.7633411608492,1050.0,1513.7163082199643,1050.0,0.0016999572330187256,0.0
9308,1653336001000.0,0.0,0.0,11.4,2.739459029902191,0.0,0.0,2.688,1.0,1.0,1513.7604755108491,1050.0,1513.173842569964,1050.0,0.020630630437319247,0.0
9309,1653339601000.0,0.0,0.0,11.4,2.739459029902191,0.0,0.0,2.734,1.0,1.0,1513.7604755108491,1050.0,1513.6982425699641,1050.0,0.020630630437319247,0.0
9310,1653343201000.0,0.0,0.0,5.3,2.739459029902191,0.0,0.0,2.724,1.0,1.0,1513.8718930484458,1050.0,1513.7899601899642,1050.0,0.009590727541182365,0.0
9311,1653346801000.0,0.0,0.0,28.9,2.6568004449301594,0.0,0.0,2.612,1.0,1.0,1513.865666808446,1050.0,1512.5709339499642,1050.0,0.05071885474511987,0.0
9312,1653350401000.0,0.0,0.0,67.4,2.607789805021982,0.0,0.0,2.587,1.0,1.0,1513.855768458446,1050.0,1512.4545355999644,1050.0,0.11610421317577864,0.0
9313,1653354001000.0,0.0,0.0,0.4,2.6460780494339264,0.0,0.0,2.647,1.0,1.0,1515.7369405097375,1050.0,1515.7373092899638,1050.0,0.0006982947973924971,0.0
9314,1653357601000.0,0.0,0.0,0.4,2.6696777011840265,0.0,0.0,2.679,1.0,1.0,1515.7456129804375,1050.0,1515.7493418999638,1050.0,0.0007045186681252118,0.0
9315,1653361201000.0,0.0,0.0,0.4,2.693477227917693,0.0,0.0,2.703,1.0,1.0,1515.7543630211308,1050.0,1515.7581721299637,1050.0,0.0007107951772737582,0.0
9316,1653364801000.0,0.0,0.0,0.4,2.750291131137355,0.0,0.0,2.765,1.0,1.0,1515.7739861724192,1050.0,1515.7798697199642,1050.0,0.0007257786863283745,0.0
9317,1653368401000.0,0.0,0.0,2.1,2.6914787516092513,0.0,0.0,2.638,1.0,1.0,1515.7789540183435,1050.0,1515.666648639964,1050.0,0.003728845398859541,0.0
9318,1653372001000.0,0.0,0.0,0.4,2.7090130638100436,0.0,0.0,2.67,1.0,1.0,1515.8875976354896,1050.0,1515.8719924099655,1050.0,0.0007148321730544175,0.0
9319,1653375601000.0,0.0,0.0,0.9,2.6728946950266863,0.0,0.0,2.662,1.0,1.0,1515.8874654354895,1050.0,1515.8776602099656,1050.0,0.0015869286344635926,0.0
9320,1653379201000.0,0.0,0.0,0.4,2.6825032659525103,0.0,0.0,2.68,1.0,1.0,1515.899919206346,1050.0,1515.898917899965,1050.0,0.0007078312313274463,0.0
9321,1653382801000.0,0.0,0.0,2.1,2.6097149078004778,0.0,0.0,2.576,1.0,1.0,1515.8994784663462,1050.0,1515.828677159965,1050.0,0.003615280158236872,0.0
9322,1653386401000.0,0.0,0.0,0.4,2.591736452341247,0.0,0.0,2.6,1.0,1.0,1515.9973842709016,1050.0,1516.0006896899652,1050.0,0.0006838366554537844,0.0
9323,1653390001000.0,0.0,0.0,0.4,2.624342689286517,0.0,0.0,2.637,1.0,1.0,1516.00925942568,1050.0,1516.0143223499654,1050.0,0.0006924344750455455,0.0
9324,1653393601000.0,0.0,0.0,0.4,2.624342689286517,0.0,0.0,2.608,1.0,1.0,1516.00925942568,1050.0,1516.0027223499656,1050.0,0.0006924344750455455,0.0
9325,1653397201000.0,0.0,0.0,0.4,2.624342689286517,0.0,0.0,2.592,1.0,1.0,1516.00925942568,1050.0,1515.9963223499653,1050.0,0.0006924344750455455,0.0
9326,1653400801000.0,0.0,0.0,4.9,2.517027974635634,0.0,0.0,2.498,1.0,1.0,1516.00813105568,1050.0,1515.9148939799654,1050.0,0.00813546894839288,0.0
9327,1653404401000.0,0.0,0.0,0.4,2.535743226349555,0.0,0.0,2.514,1.0,1.0,1516.0955470405045,1050.0,1516.0868497499646,1050.0,0.0006690193718461756,0.0
9328,1653408001000.0,0.0,0.0,0.4,2.6139786730249464,0.0,0.0,2.597,1.0,1.0,1516.1219644891748,1050.0,1516.115173019965,1050.0,0.0006896486520873461,0.0
9329,1653411601000.0,0.0,0.0,0.9,2.578990521344421,0.0,0.0,2.551,1.0,1.0,1516.121836939175,1050.0,1516.0966454699649,1050.0,0.0015309399367902504,0.0
9330,1653415201000.0,0.0,0.0,2.1,2.542995937719038,0.0,0.0,2.536,1.0,1.0,1516.1215350191749,1050.0,1516.1068435499649,1050.0,0.0035223373231371186,0.0
9331,1653418801000.0,0.0,0.0,0.4,2.570498476644639,0.0,0.0,2.542,1.0,1.0,1516.1787507106226,1050.0,1516.1673513199648,1050.0,0.000678151827530854,0.0
9332,1653422401000.0,0.0,0.0,0.4,2.570498476644639,0.0,0.0,2.546,1.0,1.0,1516.1787507106226,1050.0,1516.1689513199647,1050.0,0.000678151827530854,0.0
9333,1653426001000.0,0.0,0.0,0.4,2.570498476644639,0.0,0.0,2.577,1.0,1.0,1516.1787507106226,1050.0,1516.1813513199647,1050.0,0.000678151827530854,0.0
9334,1653429601000.0,0.0,0.0,0.4,2.5888960023758423,0.0,0.0,2.601,1.0,1.0,1516.1855021009148,1050.0,1516.1903436999646,1050.0,0.0006830024423234537,0.0
9335,1653433201000.0,0.0,0.0,0.4,2.6120915318137974,0.0,0.0,2.615,1.0,1.0,1516.1939186926902,1050.0,1516.1950820799648,1050.0,0.0006891180605884568,0.0
9336,1653436801000.0,0.0,0.0,0.4,2.6213639866452603,0.0,0.0,2.621,1.0,1.0,1516.197322374623,1050.0,1516.1971767799648,1050.0,0.0006915627532014787,0.0
9337,1653440401000.0,0.0,0.0,0.4,2.6213639866452603,0.0,0.0,2.612,1.0,1.0,1516.197322374623,1050.0,1516.1935767799648,1050.0,0.0006915627532014787,0.0
9338,1653444001000.0,0.0,0.0,0.4,2.6353254318659687,0.0,0.0,2.647,1.0,1.0,1516.202448302711,1050.0,1516.2071181299646,1050.0,0.0006952436819544889,0.0
9339,1653447601000.0,0.0,0.0,0.4,2.655934999926341,0.0,0.0,2.672,1.0,1.0,1516.2093791599355,1050.0,1516.215805159965,1050.0,0.0007006776336914304,0.0
9340,1653451201000.0,0.0,0.0,0.4,2.7167017727928036,0.0,0.0,2.684,1.0,1.0,1516.2286913090818,1050.0,1516.2156105999647,1050.0,0.00071669974018161,0.0
9341,1653454801000.0,0.0,0.0,2.1,2.6429431948176765,0.0,0.0,2.63,1.0,1.0,1516.2282449590818,1050.0,1516.2010642499647,1050.0,0.0036605179514162807,0.0
9342,1653458401000.0,0.0,0.0,2.1,2.6429431948176765,0.0,0.0,2.609,1.0,1.0,1516.2282449590818,1050.0,1516.1569642499646,1050.0,0.0036605179514162807,0.0
9343,1653462001000.0,0.0,0.0,0.7,2.605832797779004,0.0,0.0,2.627,1.0,1.0,1516.2985237084092,1050.0,1516.313340749964,1050.0,0.0012029840627847776,0.0
9344,1653465601000.0,0.0,0.0,0.6,2.605832797779004,0.0,0.0,2.588,1.0,1.0,1516.3002141986312,1050.0,1516.2895145199639,1050.0,0.0010311280470890894,0.0
9345,1653469201000.0,0.0,0.0,0.4,2.6352722435500224,0.0,0.0,2.642,1.0,1.0,1516.3138545773834,1050.0,1516.3165456799634,1050.0,0.0006951785702134886,0.0
9346,1653472801000.0,0.0,0.0,0.4,2.6352722435500224,0.0,0.0,2.62,1.0,1.0,1516.3138545773834,1050.0,1516.3077456799633,1050.0,0.0006951785702134886,0.0
9347,1653476401000.0,0.0,0.0,0.4,2.6352722435500224,0.0,0.0,2.578,1.0,1.0,1516.3138545773834,1050.0,1516.2909456799634,1050.0,0.0006951785702134886,0.0
9348,1653480001000.0,0.0,0.0,2.1,2.5640518559142897,0.0,0.0,2.565,1.0,1.0,1516.3134215373834,1050.0,1516.3154126399634,1050.0,0.0035510527183494024,0.0
9349,1653483601000.0,0.0,0.0,0.8,2.5640518559142897,0.0,0.0,2.566,1.0,1.0,1516.335118594696,1050.0,1516.3366771099645,1050.0,0.0013527626311474435,0.0
9350,1653487201000.0,0.0,0.0,0.4,2.588266211901535,0.0,0.0,2.578,1.0,1.0,1516.3501211447262,1050.0,1516.3460146599657,1050.0,0.0006827621604824605,0.0
9351,1653490801000.0,0.0,0.0,0.4,2.588266211901535,0.0,0.0,2.566,1.0,1.0,1516.3501211447262,1050.0,1516.3412146599655,1050.0,0.0006827621604824605,0.0
9352,1653494401000.0,0.0,0.0,0.4,2.588266211901535,0.0,0.0,2.581,1.0,1.0,1516.3501211447262,1050.0,1516.3472146599656,1050.0,0.0006827621604824605,0.0
9353,1653498001000.0,0.0,0.0,0.4,2.588266211901535,0.0,0.0,2.571,1.0,1.0,1516.3501211447262,1050.0,1516.3432146599657,1050.0,0.0006827621604824605,0.0
9354,1653501601000.0,0.0,0.0,0.9,2.5536738719562377,0.0,0.0,2.53,1.0,1.0,1516.3499948447263,1050.0,1516.3286883599658,1050.0,0.001515683379545868,0.0
9355,1653505201000.0,0.0,0.0,0.9,2.5536738719562377,0.0,0.0,2.558,1.0,1.0,1516.3499948447263,1050.0,1516.3538883599658,1050.0,0.001515683379545868,0.0
9356,1653508801000.0,0.0,0.0,0.4,2.5649415529753834,0.0,0.0,2.556,1.0,1.0,1516.3646330811553,1050.0,1516.361056459965,1050.0,0.0006766028426193473,0.0
9357,1653512401000.0,0.0,0.0,0.4,2.579256592661489,0.0,0.0,2.59,1.0,1.0,1516.3697038270298,1050.0,1516.3740011899652,1050.0,0.0006803767145048953,0.0
9358,1653516001000.0,0.0,0.0,0.4,2.579256592661489,0.0,0.0,2.593,1.0,1.0,1516.3697038270298,1050.0,1516.375201189965,1050.0,0.0006803767145048953,0.0
9359,1653519601000.0,0.0,0.0,0.4,2.579256592661489,0.0,0.0,2.583,1.0,1.0,1516.3697038270298,1050.0,1516.3712011899652,1050.0,0.0006803767145048953,0.0
9360,1653523201000.0,0.0,0.0,0.4,2.579256592661489,0.0,0.0,2.55,1.0,1.0,1516.3697038270298,1050.0,1516.358001189965,1050.0,0.0006803767145048953,0.0
9361,1653526801000.0,0.0,0.0,0.4,2.598069468771799,0.0,0.0,2.582,1.0,1.0,1516.3765206274738,1050.0,1516.370092839965,1050.0,0.0006853362429264529,0.0
9362,1653530401000.0,0.0,0.0,0.4,2.602802101578849,0.0,0.0,2.597,1.0,1.0,1516.3782613505966,1050.0,1516.3759405099652,1050.0,0.0006865838604836247,0.0
9363,1653534001000.0,0.0,0.0,0.4,2.6406596799409745,0.0,0.0,2.654,1.0,1.0,1516.3903350319417,1050.0,1516.3956711599653,1050.0,0.000696564629551098,0.0
9364,1653537601000.0,0.0,0.0,0.4,2.6454947599557306,0.0,0.0,2.636,1.0,1.0,1516.3920158839478,1050.0,1516.3882179799655,1050.0,0.0006978392743418916,0.0
9365,1653541201000.0,0.0,0.0,0.9,2.610219893313658,0.0,0.0,2.585,1.0,1.0,1516.3918867839477,1050.0,1516.3691888799653,1050.0,0.001549202369424838,0.0
9366,1653544801000.0,0.0,0.0,4.9,2.538040388567815,0.0,0.0,2.505,1.0,1.0,1516.3908780639476,1050.0,1516.2289801599654,1050.0,0.008201314109631461,0.0
9367,1653548401000.0,0.0,0.0,7.7,2.5015261319282716,0.0,0.0,2.508,1.0,1.0,1516.4492916158129,1050.0,1516.4991403999652,1050.0,0.012701876233081185,0.0
9368,1653552001000.0,0.0,0.0,7.7,2.5015261319282716,0.0,0.0,2.491,1.0,1.0,1516.4492916158129,1050.0,1516.368240399965,1050.0,0.012701876233081185,0.0
9369,1653555601000.0,0.0,0.0,42.4,2.3751892981208944,0.0,0.0,2.401,1.0,1.0,1517.4913022402911,1050.0,1518.5856759999651,1050.0,0.06636481282736147,0.0
9370,1653559201000.0,0.0,0.0,32.5,2.3751892981208944,0.0,0.0,2.386,1.0,1.0,1517.6454610988944,1050.0,1517.9968089099655,1050.0,0.05086408793594968,0.0
9371,1653562801000.0,0.0,0.0,5.3,2.3751892981208944,0.0,0.0,2.39,1.0,1.0,1518.0690086700063,1050.0,1518.1475053899655,1050.0,0.008292444683440077,0.0
9372,1653566401000.0,0.0,0.0,0.4,2.4402916663042813,0.0,0.0,2.43,1.0,1.0,1518.299043346487,1050.0,1518.2949266799653,1050.0,0.0006429014565999141,0.0
9373,1653570001000.0,0.0,0.0,0.4,2.462422729406191,0.0,0.0,2.462,1.0,1.0,1518.3070491517276,1050.0,1518.3068800599651,1050.0,0.0006487285245186571,0.0
9374,1653573601000.0,0.0,0.0,0.4,2.4472335709574287,0.0,0.0,2.453,1.0,1.0,1518.3534674183475,1050.0,1518.3557739899645,1050.0,0.0006447072104016606,0.0
9375,1653577201000.0,0.0,0.0,0.4,2.510732317684771,0.0,0.0,2.494,1.0,1.0,1518.3760685470381,1050.0,1518.3693756199643,1050.0,0.0006614256822652209,0.0
9376,1653580801000.0,0.0,0.0,0.4,2.515549238263578,0.0,0.0,2.491,1.0,1.0,1518.3777447352695,1050.0,1518.3679250399641,1050.0,0.0006626939171061589,0.0
9377,1653584401000.0,0.0,0.0,0.4,2.5344081574193345,0.0,0.0,2.512,1.0,1.0,1518.3842850629317,1050.0,1518.375321799964,1050.0,0.0006676592170642209,0.0
9378,1653588001000.0,0.0,0.0,0.4,2.5344081574193345,0.0,0.0,2.487,1.0,1.0,1518.3842850629317,1050.0,1518.365321799964,1050.0,0.0006676592170642209,0.0
9379,1653591601000.0,0.0,0.0,4.9,2.431074135299537,0.0,0.0,2.408,1.0,1.0,1518.3831952129317,1050.0,1518.270131949964,1050.0,0.007845360315185262,0.0
9380,1653595201000.0,0.0,0.0,4.9,2.431074135299537,0.0,0.0,2.391,1.0,1.0,1518.3831952129317,1050.0,1518.186831949964,1050.0,0.007845360315185262,0.0
9381,1653598801000.0,0.0,0.0,4.9,2.431074135299537,0.0,0.0,2.399,1.0,1.0,1518.3831952129317,1050.0,1518.226031949964,1050.0,0.007845360315185262,0.0
9382,1653602401000.0,0.0,0.0,4.9,2.431074135299537,0.0,0.0,2.412,1.0,1.0,1518.3831952129317,1050.0,1518.2897319499639,1050.0,0.007845360315185262,0.0
9383,1653606001000.0,0.0,0.0,3.8,2.431074135299537,0.0,0.0,2.412,1.0,1.0,1518.400444494102,1050.0,1518.3279627799636,1050.0,0.006084087862089746,0.0
9384,1653609601000.0,0.0,0.0,8.9,2.3960765970941846,0.0,0.0,2.387,1.0,1.0,1518.399235794102,1050.0,1518.3184540799637,1050.0,0.01404444971482452,0.0
9385,1653613201000.0,0.0,0.0,1.9,2.3960765970941846,0.0,0.0,2.392,1.0,1.0,1518.5090112144421,1050.0,1518.5012656799631,1050.0,0.002998036561428113,0.0
9386,1653616801000.0,0.0,0.0,1.1,2.362510348745216,0.0,0.0,2.368,1.0,1.0,1518.5743565135836,1050.0,1518.5803951299638,1050.0,0.0017113165203092853,0.0
9387,1653620401000.0,0.0,0.0,0.4,2.362510348745216,0.0,0.0,2.351,1.0,1.0,1518.5928320294615,1050.0,1518.5882278899635,1050.0,0.0006222893454825374,0.0
9388,1653624001000.0,0.0,0.0,0.4,2.3821037255482773,0.0,0.0,2.386,1.0,1.0,1518.600178170183,1050.0,1518.6017366799636,1050.0,0.0006274472398438835,0.0
9389,1653627601000.0,0.0,0.0,0.5,2.3888622353289666,0.0,0.0,2.348,1.0,1.0,1518.601695837628,1050.0,1518.5812647199637,1050.0,0.0007865335070666181,0.0
9390,1653631201000.0,0.0,0.0,1.2,2.3551092647204026,0.0,0.0,2.329,1.0,1.0,1518.6015326676281,1050.0,1518.5702015499637,1050.0,0.0018610089986541784,0.0
9391,1653634801000.0,0.0,0.0,0.5,2.3857756011796067,0.0,0.0,2.389,1.0,1.0,1518.628235990553,1050.0,1518.6298481899632,1050.0,0.0007855035039643659,0.0
9392,1653638401000.0,0.0,0.0,0.4,2.403768842560734,0.0,0.0,2.391,1.0,1.0,1518.6361389369881,1050.0,1518.6310313999638,1050.0,0.000633138848978879,0.0
9393,1653642001000.0,0.0,0.0,0.4,2.4127449739404128,0.0,0.0,2.392,1.0,1.0,1518.6393324595401,1050.0,1518.6310344699639,1050.0,0.0006355017738234943,0.0
9394,1653645601000.0,0.0,0.0,0.4,2.4173087304553094,0.0,0.0,2.423,1.0,1.0,1518.640909362146,1050.0,1518.6431858699639,1050.0,0.0006367031773088791,0.0
9395,1653649201000.0,0.0,0.0,0.4,2.4316146206608327,0.0,0.0,2.389,1.0,1.0,1518.6456853382283,1050.0,1518.628639489964,1050.0,0.0006404692402281499,0.0
9396,1653652801000.0,0.0,0.0,0.4,2.4316146206608327,0.0,0.0,2.432,1.0,1.0,1518.6456853382283,1050.0,1518.645839489964,1050.0,0.0006404692402281499,0.0
9397,1653656401000.0,0.0,0.0,0.4,2.4810919411674024,0.0,0.0,2.495,1.0,1.0,1518.663332606431,1050.0,1518.668895829964,1050.0,0.0006534936053033395,0.0
9398,1653660001000.0,0.0,0.0,0.4,2.4855689558755514,0.0,0.0,2.49,1.0,1.0,1518.6649734423142,1050.0,1518.666745859964,1050.0,0.0006546720967012451,0.0
9399,1653663601000.0,0.0,0.0,0.9,2.4566340964029614,0.0,0.0,2.422,1.0,1.0,1518.6664449967268,1050.0,1518.6352743099642,1050.0,0.0014558632634880076,0.0
9400,1653667201000.0,0.0,0.0,0.4,2.4723170482014805,0.0,0.0,2.452,1.0,1.0,1518.6789781292457,1050.0,1518.6708513099652,1050.0,0.0006511756819724876,0.0
9401,1653670801000.0,0.0,0.0,0.4,2.4723170482014805,0.0,0.0,2.449,1.0,1.0,1518.6789781292457,1050.0,1518.669651309965,1050.0,0.0006511756819724876,0.0
9402,1653674401000.0,0.0,0.0,0.9,2.439363132533991,0.0,0.0,2.413,1.0,1.0,1518.6788574792456,1050.0,1518.655130659965,1050.0,0.001445616239712875,0.0
9403,1653678001000.0,0.0,0.0,2.1,2.4054413425145675,0.0,0.0,2.381,1.0,1.0,1518.6785718792455,1050.0,1518.627245059965,1050.0,0.0033261987841376123,0.0
9404,1653681601000.0,0.0,0.0,0.4,2.4551751390006245,0.0,0.0,2.446,1.0,1.0,1518.7229111255654,1050.0,1518.7192410699652,1050.0,0.0006466420229825939,0.0
9405,1653685201000.0,0.0,0.0,0.4,2.4917950300137788,0.0,0.0,2.482,1.0,1.0,1518.7358608519708,1050.0,1518.7319428399653,1050.0,0.0006562813440425244,0.0
9406,1653688801000.0,0.0,0.0,0.4,2.4917950300137788,0.0,0.0,2.465,1.0,1.0,1518.7358608519708,1050.0,1518.7251428399652,1050.0,0.0006562813440425244,0.0
9407,1653692401000.0,0.0,0.0,0.4,2.4917950300137788,0.0,0.0,2.45,1.0,1.0,1518.7358608519708,1050.0,1518.7191428399653,1050.0,0.0006562813440425244,0.0
9408,1653696001000.0,0.0,0.0,0.4,2.4917950300137788,0.0,0.0,2.456,1.0,1.0,1518.7358608519708,1050.0,1518.7215428399652,1050.0,0.0006562813440425244,0.0
9409,1653699601000.0,0.0,0.0,0.4,2.4917950300137788,0.0,0.0,2.502,1.0,1.0,1518.7358608519708,1050.0,1518.7399428399654,1050.0,0.0006562813440425244,0.0
9410,1653703201000.0,0.0,0.0,0.4,2.5053197782870624,0.0,0.0,2.483,1.0,1.0,1518.74081992128,1050.0,1518.7318920099651,1050.0,0.0006598412962698715,0.0
9411,1653706801000.0,0.0,0.0,0.9,2.4718087903498054,0.0,0.0,2.44,1.0,1.0,1518.74069767128,1050.0,1518.7120697599653,1050.0,0.0014647845512574319,0.0
9412,1653710401000.0,0.0,0.0,0.4,2.4548761428980668,0.0,0.0,2.464,1.0,1.0,1518.7843645771259,1050.0,1518.7880141199666,1050.0,0.0006465371122204241,0.0
9413,1653714001000.0,0.0,0.0,0.4,2.5006043361301296,0.0,0.0,2.505,1.0,1.0,1518.8004572244188,1050.0,1518.8022154899668,1050.0,0.0006585735010114337,0.0
9414,1653717601000.0,0.0,0.0,0.4,2.5236492711715046,0.0,0.0,2.514,1.0,1.0,1518.8086224584351,1050.0,1518.8047627499666,1050.0,0.0006646391741143986,0.0
9415,1653721201000.0,0.0,0.0,0.4,2.5236492711715046,0.0,0.0,2.48,1.0,1.0,1518.8086224584351,1050.0,1518.7911627499666,1050.0,0.0006646391741143986,0.0
9416,1653724801000.0,0.0,0.0,2.1,2.4556950992707627,0.0,0.0,2.43,1.0,1.0,1518.808207708435,1050.0,1518.7542479999663,1050.0,0.003395398893879681,0.0
9417,1653728401000.0,0.0,0.0,2.1,2.4556950992707627,0.0,0.0,2.417,1.0,1.0,1518.808207708435,1050.0,1518.7269479999663,1050.0,0.003395398893879681,0.0
9418,1653732001000.0,0.0,0.0,4.9,2.4210121854017554,0.0,0.0,2.397,1.0,1.0,1518.807537108435,1050.0,1518.6898773999665,1050.0,0.007810706372351673,0.0
9419,1653735601000.0,0.0,0.0,4.9,2.4210121854017554,0.0,0.0,2.405,1.0,1.0,1518.807537108435,1050.0,1518.7290773999664,1050.0,0.007810706372351673,0.0
9420,1653739201000.0,0.0,0.0,4.9,2.4210121854017554,0.0,0.0,2.413,1.0,1.0,1518.807537108435,1050.0,1518.7682773999666,1050.0,0.007810706372351673,0.0
9421,1653742801000.0,0.0,0.0,1.9,2.4210121854017554,0.0,0.0,2.432,1.0,1.0,1518.8547694522301,1050.0,1518.8756462999668,1050.0,0.0030285470637342643,0.0
9422,1653746401000.0,0.0,0.0,0.4,2.453513646518637,0.0,0.0,2.455,1.0,1.0,1518.9090895685742,1050.0,1518.9096841099667,1050.0,0.0006461252127250156,0.0
9423,1653750001000.0,0.0,0.0,0.4,2.466951069625049,0.0,0.0,2.471,1.0,1.0,1518.9139160178167,1050.0,1518.9155355899668,1050.0,0.0006496618520930352,0.0
9424,1653753601000.0,0.0,0.0,0.4,2.502797317013701,0.0,0.0,2.498,1.0,1.0,1518.926954506772,1050.0,1518.9250355799666,1050.0,0.0006590961624817337,0.0
9425,1653757201000.0,0.0,0.0,0.4,2.502797317013701,0.0,0.0,2.491,1.0,1.0,1518.926954506772,1050.0,1518.9222355799666,1050.0,0.0006590961624817337,0.0
9426,1653760801000.0,0.0,0.0,0.4,2.502797317013701,0.0,0.0,2.459,1.0,1.0,1518.926954506772,1050.0,1518.9094355799666,1050.0,0.0006590961624817337,0.0
9427,1653764401000.0,0.0,0.0,0.4,2.502797317013701,0.0,0.0,2.463,1.0,1.0,1518.926954506772,1050.0,1518.9110355799667,1050.0,0.0006590961624817337,0.0
9428,1653768001000.0,0.0,0.0,0.9,2.4690210297838675,0.0,0.0,2.459,1.0,1.0,1518.926832406772,1050.0,1518.9178134799665,1050.0,0.0014629532373751576,0.0
9429,1653771601000.0,0.0,0.0,0.9,2.4690210297838675,0.0,0.0,2.466,1.0,1.0,1518.926832406772,1050.0,1518.9241134799665,1050.0,0.0014629532373751576,0.0
9430,1653775201000.0,0.0,0.0,0.9,2.4690210297838675,0.0,0.0,2.465,1.0,1.0,1518.926832406772,1050.0,1518.9232134799665,1050.0,0.0014629532373751576,0.0
9431,1653778801000.0,0.0,0.0,0.9,2.4690210297838675,0.0,0.0,2.445,1.0,1.0,1518.926832406772,1050.0,1518.9052134799665,1050.0,0.0014629532373751576,0.0
9432,1653782401000.0,0.0,0.0,0.4,2.4918887795287876,0.0,0.0,2.478,1.0,1.0,1518.9432950917785,1050.0,1518.937739579967,1050.0,0.0006562164071775231,0.0
9433,1653786001000.0,0.0,0.0,0.4,2.4918887795287876,0.0,0.0,2.471,1.0,1.0,1518.9432950917785,1050.0,1518.934939579967,1050.0,0.0006562164071775231,0.0
9434,1653789601000.0,0.0,0.0,0.4,2.4918887795287876,0.0,0.0,2.466,1.0,1.0,1518.9432950917785,1050.0,1518.932939579967,1050.0,0.0006562164071775231,0.0
9435,1653793201000.0,0.0,0.0,0.9,2.4586172353461277,0.0,0.0,2.435,1.0,1.0,1518.9431734917785,1050.0,1518.921917979967,1050.0,0.0014567730711905346,0.0
9436,1653796801000.0,0.0,0.0,0.9,2.4586172353461277,0.0,0.0,2.449,1.0,1.0,1518.9431734917785,1050.0,1518.934517979967,1050.0,0.0014567730711905346,0.0
9437,1653800401000.0,0.0,0.0,0.4,2.471994771161647,0.0,0.0,2.477,1.0,1.0,1518.9560433184322,1050.0,1518.9580454099676,1050.0,0.0006509720362311817,0.0
9438,1653804001000.0,0.0,0.0,0.4,2.480872058778426,0.0,0.0,2.484,1.0,1.0,1518.9592945734787,1050.0,1518.9605457499674,1050.0,0.0006533083717625366,0.0
9439,1653807601000.0,0.0,0.0,0.4,2.489803033062864,0.0,0.0,2.475,1.0,1.0,1518.9625669431925,1050.0,1518.9566457299675,1050.0,0.0006556588258981053,0.0
9440,1653811201000.0,0.0,0.0,0.4,2.489803033062864,0.0,0.0,2.451,1.0,1.0,1518.9625669431925,1050.0,1518.9470457299674,1050.0,0.0006556588258981053,0.0
9441,1653814801000.0,0.0,0.0,0.4,2.489803033062864,0.0,0.0,2.445,1.0,1.0,1518.9625669431925,1050.0,1518.9446457299673,1050.0,0.0006556588258981053,0.0
9442,1653818401000.0,0.0,0.0,0.9,2.4565791258057175,0.0,0.0,2.437,1.0,1.0,1518.9624454431926,1050.0,1518.9448242299675,1050.0,0.001455546988576178,0.0
9443,1653822001000.0,0.0,0.0,0.4,2.472978693699287,0.0,0.0,2.483,1.0,1.0,1518.9779428574473,1050.0,1518.9819513799675,1050.0,0.0006512217521861332,0.0
9444,1653825601000.0,0.0,0.0,0.4,2.566610292326191,0.0,0.0,2.582,1.0,1.0,1519.0085320168978,1050.0,1519.0146878999674,1050.0,0.0006758646151692951,0.0
9445,1653829201000.0,0.0,0.0,0.4,2.6253777377774354,0.0,0.0,2.623,1.0,1.0,1519.0282638350784,1050.0,1519.0273127399673,1050.0,0.0006913308462474992,0.0
9446,1653832801000.0,0.0,0.0,0.4,2.6253777377774354,0.0,0.0,2.639,1.0,1.0,1519.0282638350784,1050.0,1519.0337127399675,1050.0,0.0006913308462474992,0.0
9447,1653836401000.0,0.0,0.0,0.4,2.6253777377774354,0.0,0.0,2.62,1.0,1.0,1519.0282638350784,1050.0,1519.0261127399674,1050.0,0.0006913308462474992,0.0
9448,1653840001000.0,0.0,0.0,0.4,2.6253777377774354,0.0,0.0,2.613,1.0,1.0,1519.0282638350784,1050.0,1519.0233127399674,1050.0,0.0006913308462474992,0.0
9449,1653843601000.0,0.0,0.0,0.4,2.6402374831248547,0.0,0.0,2.638,1.0,1.0,1519.0333487832174,1050.0,1519.0324537899676,1050.0,0.0006952414797844298,0.0
9450,1653847201000.0,0.0,0.0,0.4,2.6402374831248547,0.0,0.0,2.592,1.0,1.0,1519.0333487832174,1050.0,1519.0140537899674,1050.0,0.0006952414797844298,0.0
9451,1653850801000.0,0.0,0.0,0.9,2.6051055480554908,0.0,0.0,2.578,1.0,1.0,1519.0332199332174,1050.0,1519.0088249399676,1050.0,0.0015434784193547914,0.0
9452,1653854401000.0,0.0,0.0,0.9,2.6051055480554908,0.0,0.0,2.568,1.0,1.0,1519.0332199332174,1050.0,1518.9998249399675,1050.0,0.0015434784193547914,0.0
9453,1653858001000.0,0.0,0.0,0.9,2.6051055480554908,0.0,0.0,2.593,1.0,1.0,1519.0332199332174,1050.0,1519.0223249399676,1050.0,0.0015434784193547914,0.0
9454,1653861601000.0,0.0,0.0,0.9,2.6051055480554908,0.0,0.0,2.556,1.0,1.0,1519.0332199332174,1050.0,1518.9890249399675,1050.0,0.0015434784193547914,0.0
9455,1653865201000.0,0.0,0.0,0.9,2.6051055480554908,0.0,0.0,2.58,1.0,1.0,1519.0332199332174,1050.0,1519.0106249399676,1050.0,0.0015434784193547914,0.0
9456,1653868801000.0,0.0,0.0,0.9,2.6051055480554908,0.0,0.0,2.604,1.0,1.0,1519.0332199332174,1050.0,1519.0322249399676,1050.0,0.0015434784193547914,0.0
9457,1653872401000.0,0.0,0.0,0.9,2.6051055480554908,0.0,0.0,2.602,1.0,1.0,1519.0332199332174,1050.0,1519.0304249399676,1050.0,0.0015434784193547914,0.0
9458,1653876001000.0,0.0,0.0,0.4,2.7583148133713347,0.0,0.0,2.769,1.0,1.0,1519.0969173053168,1050.0,1519.1011913799682,1050.0,0.0007263038406434875,0.0
9459,1653879601000.0,0.0,0.0,0.4,2.890866134711983,0.0,0.0,2.869,1.0,1.0,1519.1421299038527,1050.0,1519.1333834499678,1050.0,0.0007611838491754415,0.0
9460,1653883201000.0,0.0,0.0,0.4,2.890866134711983,0.0,0.0,2.891,1.0,1.0,1519.1421299038527,1050.0,1519.142183449968,1050.0,0.0007611838491754415,0.0
9461,1653886801000.0,0.0,0.0,0.4,2.890866134711983,0.0,0.0,2.883,1.0,1.0,1519.1421299038527,1050.0,1519.138983449968,1050.0,0.0007611838491754415,0.0
9462,1653890401000.0,0.0,0.0,0.4,2.929806947093106,0.0,0.0,2.907,1.0,1.0,1519.1549545488053,1050.0,1519.145831769968,1050.0,0.0007714307058198075,0.0
9463,1653894001000.0,0.0,0.0,0.4,2.9535526051599144,0.0,0.0,2.897,1.0,1.0,1519.162174962032,1050.0,1519.139553919968,1050.0,0.0007776793429532912,0.0
9464,1653897601000.0,0.0,0.0,0.9,2.9138011578488507,0.0,0.0,2.877,1.0,1.0,1519.162030862032,1050.0,1519.128909819968,1050.0,0.0017262286634269692,0.0
9465,1653901201000.0,0.0,0.0,0.9,2.9138011578488507,0.0,0.0,2.87,1.0,1.0,1519.162030862032,1050.0,1519.122609819968,1050.0,0.0017262286634269692,0.0
9466,1653904801000.0,0.0,0.0,2.1,2.873343353363793,0.0,0.0,2.828,1.0,1.0,1519.161689702032,1050.0,1519.066468659968,1050.0,0.003971941290362237,0.0
9467,1653908401000.0,0.0,0.0,0.4,2.895193136267133,0.0,0.0,2.912,1.0,1.0,1519.216535834473,1050.0,1519.2232585799661,1050.0,0.0007622858408862343,0.0
9468,1653912001000.0,0.0,0.0,0.9,2.9468309252002056,0.0,0.0,2.915,1.0,1.0,1519.2444910726465,1050.0,1519.2158432399663,1050.0,0.0017457017934010505,0.0
9469,1653915601000.0,0.0,0.0,0.4,2.9704971860557055,0.0,0.0,2.951,1.0,1.0,1519.3323396943886,1050.0,1519.3245408199664,1050.0,0.0007820533028746605,0.0
9470,1653919201000.0,0.0,0.0,0.4,2.9704971860557055,0.0,0.0,2.96,1.0,1.0,1519.3323396943886,1050.0,1519.3281408199664,1050.0,0.0007820533028746605,0.0
9471,1653922801000.0,0.0,0.0,2.1,3.007743221590279,0.0,0.0,2.973,1.0,1.0,1519.373216435305,1050.0,1519.3002556699655,1050.0,0.004157148946036152,0.0
9472,1653926401000.0,0.0,0.0,0.4,3.0418679724562985,0.0,0.0,3.005,1.0,1.0,1519.4328423889476,1050.0,1519.4180951999651,1050.0,0.0008007903706158366,0.0
9473,1653930001000.0,0.0,0.0,0.4,3.066950489671112,0.0,0.0,3.061,1.0,1.0,1519.4403908658335,1050.0,1519.438010669965,1050.0,0.0008073894857891595,0.0
9474,1653933601000.0,0.0,0.0,0.3,3.1399100352119014,0.0,0.0,3.15,1.0,1.0,1519.4597156405284,1050.0,1519.4627426299649,1050.0,0.0006199394435188969,0.0
9475,1653937201000.0,0.0,0.0,0.4,3.1261825264089254,0.0,0.0,3.077,1.0,1.0,1519.4596847905284,1050.0,1519.4400117799648,1050.0,0.000822972154562929,0.0
9476,1653940801000.0,0.0,0.0,0.4,3.1261825264089254,0.0,0.0,3.094,1.0,1.0,1519.4596847905284,1050.0,1519.4468117799647,1050.0,0.000822972154562929,0.0
9477,1653944401000.0,0.0,0.0,0.3,3.133455017605951,0.0,0.0,3.144,1.0,1.0,1519.4637538652466,1050.0,1519.4669173599648,1050.0,0.0006186633296717338,0.0
9478,1653948001000.0,0.0,0.0,0.3,3.269444444444445,0.0,0.0,3.255,1.0,1.0,1519.4910703032979,1050.0,1519.4867369699646,1050.0,0.0006455012158364013,0.0
9479,1653951601000.0,0.0,0.0,0.3,3.354800928042813,0.0,0.0,3.335,1.0,1.0,1519.5121782983772,1050.0,1519.5062380199643,1050.0,0.0006623443318104262,0.0
9480,1653955201000.0,0.0,0.0,0.3,3.372173100850122,0.0,0.0,3.346,1.0,1.0,1519.5357217702197,1050.0,1519.5278698399645,1050.0,0.0006657638354671178,0.0
9481,1653958801000.0,0.0,0.0,1.6,3.2803449564093983,0.0,0.0,3.238,1.0,1.0,1519.5352980802195,1050.0,1519.4675461499644,1050.0,0.0034540506804192415,0.0
9482,1653962401000.0,0.0,0.0,1.6,3.2803449564093983,0.0,0.0,3.289,1.0,1.0,1519.5352980802195,1050.0,1519.5491461499644,1050.0,0.0034540506804192415,0.0
9483,1653966001000.0,0.0,0.0,1.6,3.2803449564093983,0.0,0.0,3.242,1.0,1.0,1519.5352980802195,1050.0,1519.4739461499644,1050.0,0.0034540506804192415,0.0
9484,1653969601000.0,0.0,0.0,3.7,3.234743764933794,0.0,0.0,3.195,1.0,1.0,1519.5346260802196,1050.0,1519.3875741499646,1050.0,0.007876458834721673,0.0
9485,1653973201000.0,0.0,0.0,3.7,3.234743764933794,0.0,0.0,3.194,1.0,1.0,1519.5346260802196,1050.0,1519.3838741499646,1050.0,0.007876458834721673,0.0
9486,1653976801000.0,0.0,0.0,4.1,3.188168829099423,0.0,0.0,3.173,1.0,1.0,1519.6253773292722,1050.0,1519.5631851299645,1050.0,0.008601785936400102,0.0
9487,1653980401000.0,0.0,0.0,4.1,3.188168829099423,0.0,0.0,3.174,1.0,1.0,1519.6253773292722,1050.0,1519.5672851299646,1050.0,0.008601785936400102,0.0
9488,1653984001000.0,0.0,0.0,2.0,3.188168829099423,0.0,0.0,3.173,1.0,1.0,1519.6684488981632,1050.0,1519.6381112399645,1050.0,0.0041958742137615706,0.0
9489,1653987601000.0,0.0,0.0,0.3,3.224206188464085,0.0,0.0,3.217,1.0,1.0,1519.7367668165027,1050.0,1519.7346049599635,1050.0,0.0006364667076953172,0.0
9490,1653991201000.0,0.0,0.0,0.7,3.180088366484608,0.0,0.0,3.185,1.0,1.0,1519.7366409365027,1050.0,1519.7400790799634,1050.0,0.0014647681687581515,0.0
9491,1653994801000.0,0.0,0.0,0.3,3.317310939204545,0.0,0.0,3.306,1.0,1.0,1519.7819970217238,1050.0,1519.7786037399624,1050.0,0.0006548263393773693,0.0
9492,1653998401000.0,0.0,0.0,0.7,3.2714189739448054,0.0,0.0,3.235,1.0,1.0,1519.7818675417238,1050.0,1519.7563742599625,1050.0,0.0015067907642992684,0.0
9493,1654002001000.0,0.0,0.0,8.6,3.1364410792745776,0.0,0.0,3.125,1.0,1.0,1519.7793992017237,1050.0,1519.6810059199622,1050.0,0.017748229312707725,0.0
9494,1654005601000.0,0.0,0.0,8.7,3.041145163554178,0.0,0.0,3.063,1.0,1.0,1520.2419794828838,1050.0,1520.4321165599624,1050.0,0.017403783923873175,0.0
9495,1654009201000.0,0.0,0.0,0.4,3.098645103596318,0.0,0.0,3.103,1.0,1.0,1520.5805385514013,1050.0,1520.5822805099629,1050.0,0.0008151215999511024,0.0
9496,1654012801000.0,0.0,0.0,0.3,3.394,0.0,0.0,3.36,1.0,1.0,1520.6407236399627,1050.0,1520.6305236399628,1050.0,0.0006695861712572917,0.0
9497,1654016401000.0,0.0,0.0,0.7,3.3723041783700234,0.0,0.0,3.345,1.0,1.0,1520.7099636748217,1050.0,1520.6908507499627,1050.0,0.0015523097640226901,0.0
9498,1654020001000.0,0.0,0.0,3.7,3.28027376347541,0.0,0.0,3.257,1.0,1.0,1520.7089860348217,1050.0,1520.6228731099627,1050.0,0.007981154209199301,0.0
9499,1654023601000.0,0.0,0.0,46.9,3.1270642414682097,0.0,0.0,3.075,1.0,1.0,1520.6955338048215,1050.0,1518.2537208799624,1050.0,0.09644225925877052,0.0
9500,1654027201000.0,0.0,0.0,46.9,3.1270642414682097,0.0,0.0,3.1,1.0,1.0,1520.6955338048215,1050.0,1519.4262208799626,1050.0,0.09644225925877052,0.0
9501,1654030801000.0,0.0,0.0,12.6,3.1270642414682097,0.0,0.0,3.158,1.0,1.0,1521.4028326824616,1050.0,1521.7926232399623,1050.0,0.025897815224275315,0.0
9502,1654034401000.0,0.0,0.0,11.1,3.1270642414682097,0.0,0.0,3.109,1.0,1.0,1521.4337641202592,1050.0,1521.233251039962,1050.0,0.022814278149248107,0.0
9503,1654038001000.0,0.0,0.0,0.8,3.1270642414682097,0.0,0.0,3.17,1.0,1.0,1521.702254383137,1050.0,1521.7366029899624,1050.0,0.0016439821824333694,0.0
9504,1654041601000.0,0.0,0.0,0.3,3.1428063295414272,0.0,0.0,3.122,1.0,1.0,1521.7166613588254,1050.0,1521.7104194599628,1050.0,0.0006195909677564496,0.0
9505,1654045201000.0,0.0,0.0,0.3,3.1401576654026986,0.0,0.0,3.133,1.0,1.0,1521.722778549584,1050.0,1521.7206312499632,1050.0,0.0006190663062287293,0.0
9506,1654048801000.0,0.0,0.0,0.3,3.1401576654026986,0.0,0.0,3.141,1.0,1.0,1521.722778549584,1050.0,1521.7230312499632,1050.0,0.0006190663062287293,0.0
9507,1654052401000.0,0.0,0.0,0.4,3.1233682490520236,0.0,0.0,3.096,1.0,1.0,1521.7227478195841,1050.0,1521.7118005199634,1050.0,0.0008210084927828998,0.0
9508,1654056001000.0,0.0,0.0,0.4,3.1233682490520236,0.0,0.0,3.067,1.0,1.0,1521.7227478195841,1050.0,1521.7002005199633,1050.0,0.0008210084927828998,0.0
9509,1654059601000.0,0.0,0.0,0.3,3.1035546665418314,0.0,0.0,3.12,1.0,1.0,1521.7492409299257,1050.0,1521.7541745299632,1050.0,0.0006118395691747374,0.0
9510,1654063201000.0,0.0,0.0,0.3,3.136264658423885,0.0,0.0,3.144,1.0,1.0,1521.7612780874906,1050.0,1521.7635986899634,1050.0,0.0006182831769182863,0.0
9511,1654066801000.0,0.0,0.0,0.3,3.222172941232154,0.0,0.0,3.211,1.0,1.0,1521.7839470723334,1050.0,1521.7805951899638,1050.0,0.0006352096723252524,0.0
9512,1654070401000.0,0.0,0.0,0.3,3.222172941232154,0.0,0.0,3.154,1.0,1.0,1521.7839470723334,1050.0,1521.7634951899638,1050.0,0.0006352096723252524,0.0
9513,1654074001000.0,0.0,0.0,0.3,3.222172941232154,0.0,0.0,3.217,1.0,1.0,1521.7839470723334,1050.0,1521.7823951899638,1050.0,0.0006352096723252524,0.0
9514,1654077601000.0,0.0,0.0,0.3,3.240076862769847,0.0,0.0,3.214,1.0,1.0,1521.7881881887947,1050.0,1521.7803651299637,1050.0,0.0006387374185022678,0.0
9515,1654081201000.0,0.0,0.0,0.3,3.240076862769847,0.0,0.0,3.179,1.0,1.0,1521.7881881887947,1050.0,1521.7698651299638,1050.0,0.0006387374185022678,0.0
9516,1654084801000.0,0.0,0.0,0.3,3.3256099433675574,0.0,0.0,3.292,1.0,1.0,1521.8091544629744,1050.0,1521.7990714799641,1050.0,0.0006555900784828277,0.0
9517,1654088401000.0,0.0,0.0,0.3,3.3256099433675574,0.0,0.0,3.267,1.0,1.0,1521.8091544629744,1050.0,1521.7915714799642,1050.0,0.0006555900784828277,0.0
9518,1654092001000.0,0.0,0.0,1.6,3.2356143643814175,0.0,0.0,3.197,1.0,1.0,1521.8087365329745,1050.0,1521.7469535499642,1050.0,0.003401861783764371,0.0
9519,1654095601000.0,0.0,0.0,3.7,3.1904278332460185,0.0,0.0,3.17,1.0,1.0,1521.8080737729745,1050.0,1521.7324907899642,1050.0,0.007756945955572117,0.0
9520,1654099201000.0,0.0,0.0,20.1,3.0961981583587197,0.0,0.0,3.053,1.0,1.0,1521.8030308729744,1050.0,1520.9347478899642,1050.0,0.04089463729567571,0.0
9521,1654102801000.0,0.0,0.0,20.1,3.0961981583587197,0.0,0.0,3.079,1.0,1.0,1521.8030308729744,1050.0,1521.4573478899642,1050.0,0.04089463729567571,0.0
9522,1654106401000.0,0.0,0.0,46.9,3.041799210725166,0.0,0.0,3.042,1.0,1.0,1521.7949881929744,1050.0,1521.8044052099642,1050.0,0.09374481062814481,0.0
9523,1654110001000.0,0.0,0.0,21.2,3.041799210725166,0.0,0.0,2.986,1.0,1.0,1522.3062791373375,1050.0,1521.123335869964,1050.0,0.04236082065162118,0.0
9524,1654113601000.0,0.0,0.0,49.4,2.9882539122950105,0.0,0.0,2.92,1.0,1.0,1522.2979657773374,1050.0,1518.9262225099637,1050.0,0.09697164851165903,0.0
9525,1654117201000.0,0.0,0.0,157.3,2.9064484632382297,0.0,0.0,2.846,1.0,1.0,1522.2670093173374,1050.0,1512.7584660499638,1050.0,0.3003312431190363,0.0
9526,1654120801000.0,0.0,0.0,157.3,2.9064484632382297,0.0,0.0,2.849,1.0,1.0,1522.2670093173374,1050.0,1513.230366049964,1050.0,0.3003312431190363,0.0
9527,1654124401000.0,0.0,0.0,157.3,2.9064484632382297,0.0,0.0,2.86,1.0,1.0,1522.2670093173374,1050.0,1514.960666049964,1050.0,0.3003312431190363,0.0
9528,1654128001000.0,0.0,0.0,157.3,2.9064484632382297,0.0,0.0,2.851,1.0,1.0,1522.2670093173374,1050.0,1513.544966049964,1050.0,0.3003312431190363,0.0
9529,1654131601000.0,0.0,0.0,157.3,2.9064484632382297,0.0,0.0,2.802,1.0,1.0,1522.2670093173374,1050.0,1505.8372660499638,1050.0,0.3003312431190363,0.0
9530,1654135201000.0,0.0,0.0,157.3,2.9064484632382297,0.0,0.0,2.854,1.0,1.0,1522.2670093173374,1050.0,1514.016866049964,1050.0,0.3003312431190363,0.0
9531,1654138801000.0,0.0,0.0,157.3,2.9064484632382297,0.0,0.0,2.851,1.0,1.0,1522.2670093173374,1050.0,1513.544966049964,1050.0,0.3003312431190363,0.0
9532,1654142401000.0,0.0,0.0,157.3,2.9064484632382297,0.0,0.0,2.785,1.0,1.0,1522.2670093173374,1050.0,1503.1631660499638,1050.0,0.3003312431190363,0.0
9533,1654146001000.0,0.0,0.0,157.3,2.9064484632382297,0.0,0.0,2.779,1.0,1.0,1522.2670093173374,1050.0,1502.2193660499638,1050.0,0.3003312431190363,0.0
9534,1654149601000.0,0.0,0.0,157.3,2.9064484632382297,0.0,0.0,2.806,1.0,1.0,1522.2670093173374,1050.0,1506.4664660499639,1050.0,0.3003312431190363,0.0
9535,1654153201000.0,0.0,0.0,146.4,2.9064484632382297,0.0,0.0,2.83,1.0,1.0,1521.4246369680407,1050.0,1510.2325819499638,1050.0,0.27967475001984937,0.0
9536,1654156801000.0,0.0,0.0,157.6,2.8998055521451573,0.0,0.0,2.817,1.0,1.0,1521.4214864380408,1050.0,1508.371331419964,1050.0,0.3003831345172003,0.0
9537,1654160401000.0,0.0,0.0,146.6,2.8998055521451573,0.0,0.0,2.826,1.0,1.0,1520.630214394444,1050.0,1509.810320449964,1050.0,0.27956270362138697,0.0
9538,1654164001000.0,0.0,0.0,158.0,2.8898871348671142,0.0,0.0,2.829,1.0,1.0,1520.0456550489678,1050.0,1510.4254877399637,1050.0,0.3003871402101372,0.0
9539,1654167601000.0,0.0,0.0,147.9,2.8805536398118963,0.0,0.0,2.834,1.0,1.0,1518.2468828281424,1050.0,1511.361599499963,1050.0,0.28060909470439815,0.0
9540,1654171201000.0,0.0,0.0,147.4,2.8805536398118963,0.0,0.0,2.851,1.0,1.0,1518.2233643182365,1050.0,1513.867157809963,1050.0,0.2796647821968797,0.0
9541,1654174801000.0,0.0,0.0,147.7,2.876934974783787,0.0,0.0,2.838,1.0,1.0,1517.8926539755275,1050.0,1512.1419581999621,1050.0,0.2799429160307513,0.0
9542,1654178401000.0,0.0,0.0,149.1,2.8692568987422984,0.0,0.0,2.825,1.0,1.0,1516.9981160724387,1050.0,1510.399412469962,1050.0,0.282008394783035,0.0
9543,1654182001000.0,0.0,0.0,148.3,2.8628512018673926,0.0,0.0,2.838,1.0,1.0,1516.1989301368958,1050.0,1512.5134968999614,1050.0,0.2800165761880608,0.0
9544,1654185601000.0,0.0,0.0,76.1,2.8628512018673926,0.0,0.0,2.862,1.0,1.0,1517.5519661920703,1050.0,1517.4871897299618,1050.0,0.1435621193314276,0.0
9545,1654189201000.0,0.0,0.0,1.9,2.8628512018673926,0.0,0.0,2.911,1.0,1.0,1519.3697807335102,1050.0,1519.4612634499622,1050.0,0.0035800483546026855,0.0
9546,1654192801000.0,0.0,0.0,0.4,2.9017362124417296,0.0,0.0,2.919,1.0,1.0,1519.4716707949383,1050.0,1519.4785763099617,1050.0,0.0007638803060865584,0.0
9547,1654196401000.0,0.0,0.0,0.9,2.912436832620986,0.0,0.0,2.882,1.0,1.0,1519.4882544493203,1050.0,1519.4608612999614,1050.0,0.0017250499578944343,0.0
9548,1654200001000.0,0.0,0.0,0.9,2.912436832620986,0.0,0.0,2.906,1.0,1.0,1519.4882544493203,1050.0,1519.4824612999614,1050.0,0.0017250499578944343,0.0
9549,1654203601000.0,0.0,0.0,0.5,2.912436832620986,0.0,0.0,2.876,1.0,1.0,1519.4959624362718,1050.0,1519.4777440199614,1050.0,0.000958356226215749,0.0
9550,1654207201000.0,0.0,0.0,0.4,2.988,0.0,0.0,2.97,1.0,1.0,1519.5149769499612,1050.0,1519.5077769499612,1050.0,0.0007865667783012308,0.0
9551,1654210801000.0,0.0,0.0,0.4,3.0650092184357334,0.0,0.0,3.066,1.0,1.0,1519.542328237336,1050.0,1519.5427245499618,1050.0,0.0008068243079457047,0.0
9552,1654214401000.0,0.0,0.0,0.9,3.0429636458100546,0.0,0.0,3.018,1.0,1.0,1519.5522321411906,1050.0,1519.5297648599617,1050.0,0.0018022857150293624,0.0
9553,1654218001000.0,0.0,0.0,2.1,3.0006987053471663,0.0,0.0,2.932,1.0,1.0,1519.5518758611906,1050.0,1519.4076085799616,1050.0,0.004146924748888719,0.0
9554,1654221601000.0,0.0,0.0,4.9,2.9585851594344996,0.0,0.0,2.943,1.0,1.0,1519.5510563011906,1050.0,1519.4746890199615,1050.0,0.009540362083336001,0.0
9555,1654225201000.0,0.0,0.0,4.9,2.9585851594344996,0.0,0.0,2.915,1.0,1.0,1519.5510563011906,1050.0,1519.3374890199616,1050.0,0.009540362083336001,0.0
9556,1654228801000.0,0.0,0.0,11.4,2.9154883580025484,0.0,0.0,2.899,1.0,1.0,1519.5491823511907,1050.0,1519.3612150699616,1050.0,0.021872649906469154,0.0
9557,1654232401000.0,0.0,0.0,11.4,2.9154883580025484,0.0,0.0,2.85,1.0,1.0,1519.5491823511907,1050.0,1518.8026150699616,1050.0,0.021872649906469154,0.0
9558,1654236001000.0,0.0,0.0,11.4,2.9154883580025484,0.0,0.0,2.905,1.0,1.0,1519.5491823511907,1050.0,1519.4296150699615,1050.0,0.021872649906469154,0.0
9559,1654239601000.0,0.0,0.0,11.4,2.9154883580025484,0.0,0.0,2.902,1.0,1.0,1519.5491823511907,1050.0,1519.3954150699617,1050.0,0.021872649906469154,0.0
9560,1654243201000.0,0.0,0.0,3.7,2.9154883580025484,0.0,0.0,2.89,1.0,1.0,1519.6971620445706,1050.0,1519.6028551199613,1050.0,0.007098326689046652,0.0
9561,1654246801000.0,0.0,0.0,8.6,2.8736170842569106,0.0,0.0,2.858,1.0,1.0,1519.6957694645707,1050.0,1519.5614625399612,1050.0,0.016261877818687695,0.0
9562,1654250401000.0,0.0,0.0,20.1,2.829781439035295,0.0,0.0,2.771,1.0,1.0,1519.6925529145708,1050.0,1518.5110459899613,1050.0,0.03742770655520008,0.0
9563,1654254001000.0,0.0,0.0,46.9,2.7807634738722697,0.0,0.0,2.695,1.0,1.0,1519.6851989945708,1050.0,1515.6628920699613,1050.0,0.0858189623817448,0.0
9564,1654257601000.0,0.0,0.0,30.3,2.7043910362832304,0.0,0.0,2.739,1.0,1.0,1522.936944099343,1050.0,1523.985595699961,1050.0,0.053805936428866774,0.0
9565,1654261201000.0,0.0,0.0,0.4,2.7264462184319873,0.0,0.0,2.703,1.0,1.0,1523.890028177335,1050.0,1523.8806496899622,1050.0,0.0007156543236109978,0.0
9566,1654264801000.0,0.0,0.0,0.4,2.7264462184319873,0.0,0.0,2.735,1.0,1.0,1523.890028177335,1050.0,1523.8934496899622,1050.0,0.0007156543236109978,0.0
9567,1654268401000.0,0.0,0.0,0.4,2.7264462184319873,0.0,0.0,2.705,1.0,1.0,1523.890028177335,1050.0,1523.8814496899622,1050.0,0.0007156543236109978,0.0
9568,1654272001000.0,0.0,0.0,0.4,2.7367509978679925,0.0,0.0,2.741,1.0,1.0,1523.8936401491094,1050.0,1523.8953397499622,1050.0,0.0007183574826390661,0.0
9569,1654275601000.0,0.0,0.0,0.4,2.7367509978679925,0.0,0.0,2.724,1.0,1.0,1523.8936401491094,1050.0,1523.888539749962,1050.0,0.0007183574826390661,0.0
9570,1654279201000.0,0.0,0.0,0.4,2.7367509978679925,0.0,0.0,2.705,1.0,1.0,1523.8936401491094,1050.0,1523.8809397499622,1050.0,0.0007183574826390661,0.0
9571,1654282801000.0,0.0,0.0,0.4,2.7367509978679925,0.0,0.0,2.679,1.0,1.0,1523.8936401491094,1050.0,1523.8705397499623,1050.0,0.0007183574826390661,0.0
9572,1654286401000.0,0.0,0.0,0.4,2.7367509978679925,0.0,0.0,2.685,1.0,1.0,1523.8936401491094,1050.0,1523.8729397499621,1050.0,0.0007183574826390661,0.0
9573,1654290001000.0,0.0,0.0,0.4,2.7367509978679925,0.0,0.0,2.705,1.0,1.0,1523.8936401491094,1050.0,1523.8809397499622,1050.0,0.0007183574826390661,0.0
9574,1654293601000.0,0.0,0.0,0.4,2.7367509978679925,0.0,0.0,2.726,1.0,1.0,1523.8936401491094,1050.0,1523.8893397499621,1050.0,0.0007183574826390661,0.0
9575,1654297201000.0,0.0,0.0,0.4,2.7367509978679925,0.0,0.0,2.708,1.0,1.0,1523.8936401491094,1050.0,1523.882139749962,1050.0,0.0007183574826390661,0.0
9576,1654300801000.0,0.0,0.0,0.4,2.7367509978679925,0.0,0.0,2.72,1.0,1.0,1523.8936401491094,1050.0,1523.8869397499623,1050.0,0.0007183574826390661,0.0
9577,1654304401000.0,0.0,0.0,0.4,2.7367509978679925,0.0,0.0,2.691,1.0,1.0,1523.8936401491094,1050.0,1523.8753397499622,1050.0,0.0007183574826390661,0.0
9578,1654308001000.0,0.0,0.0,2.1,2.6629525710224744,0.0,0.0,2.649,1.0,1.0,1523.8931903991092,1050.0,1523.863889999962,1050.0,0.0036696800237571723,0.0
9579,1654311601000.0,0.0,0.0,4.9,2.6252653875810603,0.0,0.0,2.608,1.0,1.0,1523.8924632391092,1050.0,1523.8078628399621,1050.0,0.00844140955445409,0.0
9580,1654315201000.0,0.0,0.0,4.9,2.6252653875810603,0.0,0.0,2.603,1.0,1.0,1523.8924632391092,1050.0,1523.7833628399621,1050.0,0.00844140955445409,0.0
9581,1654318801000.0,0.0,0.0,0.4,2.6430650853857593,0.0,0.0,2.652,1.0,1.0,1524.0098369841155,1050.0,1524.013410949961,1050.0,0.0006937133924584524,0.0
9582,1654322401000.0,0.0,0.0,0.4,2.6477988140393194,0.0,0.0,2.654,1.0,1.0,1524.011577245577,1050.0,1524.0140577199613,1050.0,0.0006949550393376459,0.0
9583,1654326001000.0,0.0,0.0,0.4,2.6477988140393194,0.0,0.0,2.658,1.0,1.0,1524.011577245577,1050.0,1524.0156577199612,1050.0,0.0006949550393376459,0.0
9584,1654329601000.0,0.0,0.0,0.4,2.6528491105294894,0.0,0.0,2.667,1.0,1.0,1524.013344024173,1050.0,1524.0190043799612,1050.0,0.0006962797592111927,0.0
9585,1654333201000.0,0.0,0.0,0.4,2.6689207185046278,0.0,0.0,2.674,1.0,1.0,1524.0185119973632,1050.0,1524.0205437099614,1050.0,0.0007004956166855919,0.0
9586,1654336801000.0,0.0,0.0,0.4,2.6689207185046278,0.0,0.0,2.662,1.0,1.0,1524.0185119973632,1050.0,1524.0157437099615,1050.0,0.0007004956166855919,0.0
9587,1654340401000.0,0.0,0.0,0.4,2.6689207185046278,0.0,0.0,2.673,1.0,1.0,1524.0185119973632,1050.0,1524.0201437099613,1050.0,0.0007004956166855919,0.0
9588,1654344001000.0,0.0,0.0,0.4,2.6689207185046278,0.0,0.0,2.649,1.0,1.0,1524.0185119973632,1050.0,1524.0105437099614,1050.0,0.0007004956166855919,0.0
9589,1654347601000.0,0.0,0.0,0.4,2.6689207185046278,0.0,0.0,2.616,1.0,1.0,1524.0185119973632,1050.0,1523.9973437099613,1050.0,0.0007004956166855919,0.0
9590,1654351201000.0,0.0,0.0,0.4,2.6689207185046278,0.0,0.0,2.64,1.0,1.0,1524.0185119973632,1050.0,1524.0069437099614,1050.0,0.0007004956166855919,0.0
9591,1654354801000.0,0.0,0.0,0.4,2.6689207185046278,0.0,0.0,2.673,1.0,1.0,1524.0185119973632,1050.0,1524.0201437099613,1050.0,0.0007004956166855919,0.0
9592,1654358401000.0,0.0,0.0,0.4,2.673690538878471,0.0,0.0,2.65,1.0,1.0,1524.0202661755127,1050.0,1524.0107899599614,1050.0,0.0007017467151110856,0.0
9593,1654362001000.0,0.0,0.0,0.4,2.673690538878471,0.0,0.0,2.648,1.0,1.0,1524.0202661755127,1050.0,1524.0099899599613,1050.0,0.0007017467151110856,0.0
9594,1654365601000.0,0.0,0.0,0.4,2.6889631960893547,0.0,0.0,2.695,1.0,1.0,1524.025513348397,1050.0,1524.0279280699613,1050.0,0.0007057528033586534,0.0
9595,1654369201000.0,0.0,0.0,0.4,2.693722397067016,0.0,0.0,2.682,1.0,1.0,1524.027262878788,1050.0,1524.0225739199611,1050.0,0.0007070011049484116,0.0
9596,1654372801000.0,0.0,0.0,0.4,2.693722397067016,0.0,0.0,2.69,1.0,1.0,1524.027262878788,1050.0,1524.0257739199612,1050.0,0.0007070011049484116,0.0
9597,1654376401000.0,0.0,0.0,0.4,2.698541797800262,0.0,0.0,2.703,1.0,1.0,1524.0290363890813,1050.0,1524.0308196699611,1050.0,0.0007082651926879247,0.0
9598,1654380001000.0,0.0,0.0,0.4,2.698541797800262,0.0,0.0,2.707,1.0,1.0,1524.0290363890813,1050.0,1524.0324196699612,1050.0,0.0007082651926879247,0.0
9599,1654383601000.0,0.0,0.0,0.4,2.713416070946985,0.0,0.0,2.687,1.0,1.0,1524.0344227383403,1050.0,1524.0238563099615,1050.0,0.0007121666100091358,0.0
9600,1654387201000.0,0.0,0.0,0.4,2.713416070946985,0.0,0.0,2.682,1.0,1.0,1524.0344227383403,1050.0,1524.0218563099615,1050.0,0.0007121666100091358,0.0
9601,1654390801000.0,0.0,0.0,0.9,2.7005220516435857,0.0,0.0,2.653,1.0,1.0,1524.04147316644,1050.0,1523.998703319961,1050.0,0.0015947530885951136,0.0
9602,1654394401000.0,0.0,0.0,2.1,2.6630808792758223,0.0,0.0,2.635,1.0,1.0,1524.04115696644,1050.0,1523.9821871199608,1050.0,0.0036695005386933755,0.0
9603,1654398001000.0,0.0,0.0,2.1,2.6630808792758223,0.0,0.0,2.649,1.0,1.0,1524.04115696644,1050.0,1524.0115871199607,1050.0,0.0036695005386933755,0.0
9604,1654401601000.0,0.0,0.0,2.1,2.6630808792758223,0.0,0.0,2.616,1.0,1.0,1524.04115696644,1050.0,1523.9422871199608,1050.0,0.0036695005386933755,0.0
9605,1654405201000.0,0.0,0.0,4.9,2.6258918054039233,0.0,0.0,2.603,1.0,1.0,1524.04042952644,1050.0,1523.9282596799608,1050.0,0.008442604013121427,0.0
9606,1654408801000.0,0.0,0.0,4.9,2.6258918054039233,0.0,0.0,2.621,1.0,1.0,1524.04042952644,1050.0,1524.0164596799607,1050.0,0.008442604013121427,0.0
9607,1654412401000.0,0.0,0.0,4.9,2.6258918054039233,0.0,0.0,2.616,1.0,1.0,1524.04042952644,1050.0,1523.9919596799607,1050.0,0.008442604013121427,0.0
9608,1654416001000.0,0.0,0.0,4.9,2.6258918054039233,0.0,0.0,2.594,1.0,1.0,1524.04042952644,1050.0,1523.8841596799607,1050.0,0.008442604013121427,0.0
9609,1654419601000.0,0.0,0.0,4.9,2.6258918054039233,0.0,0.0,2.598,1.0,1.0,1524.04042952644,1050.0,1523.9037596799608,1050.0,0.008442604013121427,0.0
9610,1654423201000.0,0.0,0.0,11.4,2.5877517409192303,0.0,0.0,2.569,1.0,1.0,1524.03876617644,1050.0,1523.8249963299609,1050.0,0.01935670568307836,0.0
9611,1654426801000.0,0.0,0.0,11.4,2.5877517409192303,0.0,0.0,2.57,1.0,1.0,1524.03876617644,1050.0,1523.8363963299607,1050.0,0.01935670568307836,0.0
9612,1654430401000.0,0.0,0.0,11.4,2.5877517409192303,0.0,0.0,2.577,1.0,1.0,1524.03876617644,1050.0,1523.9161963299607,1050.0,0.01935670568307836,0.0
9613,1654434001000.0,0.0,0.0,11.4,2.5877517409192303,0.0,0.0,2.583,1.0,1.0,1524.03876617644,1050.0,1523.9845963299608,1050.0,0.01935670568307836,0.0
9614,1654437601000.0,0.0,0.0,11.4,2.5877517409192303,0.0,0.0,2.557,1.0,1.0,1524.03876617644,1050.0,1523.6881963299609,1050.0,0.01935670568307836,0.0
9615,1654441201000.0,0.0,0.0,11.4,2.5877517409192303,0.0,0.0,2.572,1.0,1.0,1524.03876617644,1050.0,1523.859196329961,1050.0,0.01935670568307836,0.0
9616,1654444801000.0,0.0,0.0,11.4,2.5877517409192303,0.0,0.0,2.591,1.0,1.0,1524.03876617644,1050.0,1524.075796329961,1050.0,0.01935670568307836,0.0
9617,1654448401000.0,0.0,0.0,2.9,2.5877517409192303,0.0,0.0,2.591,1.0,1.0,1524.2377566686262,1050.0,1524.2471766199603,1050.0,0.004923431410771216,0.0
9618,1654452001000.0,0.0,0.0,0.4,2.6003603542670666,0.0,0.0,2.618,1.0,1.0,1524.3031630316686,1050.0,1524.3102188899618,1050.0,0.0006823735375829675,0.0
9619,1654455601000.0,0.0,0.0,0.4,2.626913849637612,0.0,0.0,2.64,1.0,1.0,1524.3114737198168,1050.0,1524.3167081799618,1050.0,0.0006893378144630994,0.0
9620,1654459201000.0,0.0,0.0,0.4,2.650720767052675,0.0,0.0,2.657,1.0,1.0,1524.3201310067827,1050.0,1524.3226426999618,1050.0,0.0006955811218741637,0.0
9621,1654462801000.0,0.0,0.0,0.4,2.650720767052675,0.0,0.0,2.62,1.0,1.0,1524.3201310067827,1050.0,1524.3078426999616,1050.0,0.0006955811218741637,0.0
9622,1654466401000.0,0.0,0.0,0.4,2.650720767052675,0.0,0.0,2.641,1.0,1.0,1524.3201310067827,1050.0,1524.3162426999615,1050.0,0.0006955811218741637,0.0
9623,1654470001000.0,0.0,0.0,0.4,2.650720767052675,0.0,0.0,2.638,1.0,1.0,1524.3201310067827,1050.0,1524.3150426999616,1050.0,0.0006955811218741637,0.0
9624,1654473601000.0,0.0,0.0,0.4,2.650720767052675,0.0,0.0,2.606,1.0,1.0,1524.3201310067827,1050.0,1524.3022426999617,1050.0,0.0006955811218741637,0.0
9625,1654477201000.0,0.0,0.0,0.4,2.650720767052675,0.0,0.0,2.637,1.0,1.0,1524.3201310067827,1050.0,1524.3146426999617,1050.0,0.0006955811218741637,0.0
9626,1654480801000.0,0.0,0.0,0.4,2.695140132361975,0.0,0.0,2.707,1.0,1.0,1524.3358147329063,1050.0,1524.3405586799615,1050.0,0.0007072300227582638,0.0
9627,1654484401000.0,0.0,0.0,0.4,2.695140132361975,0.0,0.0,2.687,1.0,1.0,1524.3358147329063,1050.0,1524.3325586799615,1050.0,0.0007072300227582638,0.0
9628,1654488001000.0,0.0,0.0,0.4,2.699855099271481,0.0,0.0,2.706,1.0,1.0,1524.33754644967,1050.0,1524.3400044099615,1050.0,0.0007084664694010079,0.0
9629,1654491601000.0,0.0,0.0,0.4,2.7101059933402074,0.0,0.0,2.696,1.0,1.0,1524.3410379372976,1050.0,1524.3353955399616,1050.0,0.0007111547680976848,0.0
9630,1654495201000.0,0.0,0.0,0.4,2.7101059933402074,0.0,0.0,2.704,1.0,1.0,1524.3410379372976,1050.0,1524.3385955399615,1050.0,0.0007111547680976848,0.0
9631,1654498801000.0,0.0,0.0,0.4,2.781428018975524,0.0,0.0,2.774,1.0,1.0,1524.365949037552,1050.0,1524.3629778299617,1050.0,0.0007298583442464458,0.0
9632,1654502401000.0,0.0,0.0,0.4,2.781428018975524,0.0,0.0,2.784,1.0,1.0,1524.365949037552,1050.0,1524.3669778299618,1050.0,0.0007298583442464458,0.0
9633,1654506001000.0,0.0,0.0,0.4,2.801240896628973,0.0,0.0,2.817,1.0,1.0,1524.3731495386135,1050.0,1524.379453179962,1050.0,0.0007350538540978193,0.0
9634,1654509601000.0,0.0,0.0,0.4,2.823715336235865,0.0,0.0,2.839,1.0,1.0,1524.380069424456,1050.0,1524.3861832899618,1050.0,0.0007409478496532654,0.0
9635,1654513201000.0,0.0,0.0,0.4,2.891845017582379,0.0,0.0,2.877,1.0,1.0,1524.4039737769942,1050.0,1524.3980357699613,1050.0,0.0007588132981357417,0.0
9636,1654516801000.0,0.0,0.0,0.9,2.853042230036613,0.0,0.0,2.829,1.0,1.0,1524.4038326769942,1050.0,1524.382194669961,1050.0,0.0016844211172860712,0.0
9637,1654520401000.0,0.0,0.0,0.9,2.853042230036613,0.0,0.0,2.845,1.0,1.0,1524.4038326769942,1050.0,1524.3965946699611,1050.0,0.0016844211172860712,0.0
9638,1654524001000.0,0.0,0.0,0.9,2.853042230036613,0.0,0.0,2.838,1.0,1.0,1524.4038326769942,1050.0,1524.3902946699611,1050.0,0.0016844211172860712,0.0
9639,1654527601000.0,0.0,0.0,0.9,2.853042230036613,0.0,0.0,2.835,1.0,1.0,1524.4038326769942,1050.0,1524.3875946699611,1050.0,0.0016844211172860712,0.0
9640,1654531201000.0,0.0,0.0,2.1,2.8135895271585483,0.0,0.0,2.801,1.0,1.0,1524.4034985969943,1050.0,1524.3770605899613,1050.0,0.003875967230769908,0.0
9641,1654534801000.0,0.0,0.0,4.9,2.7738240830679493,0.0,0.0,2.732,1.0,1.0,1524.4027302769944,1050.0,1524.1977922699614,1050.0,0.008916107100230162,0.0
9642,1654538401000.0,0.0,0.0,11.4,2.7334419304414865,0.0,0.0,2.713,1.0,1.0,1524.4009733269943,1050.0,1524.1679353199613,1050.0,0.020441628254161872,0.0
9643,1654542001000.0,0.0,0.0,11.4,2.7334419304414865,0.0,0.0,2.685,1.0,1.0,1524.4009733269943,1050.0,1523.8487353199614,1050.0,0.020441628254161872,0.0
9644,1654545601000.0,0.0,0.0,11.4,2.7334419304414865,0.0,0.0,2.723,1.0,1.0,1524.4009733269943,1050.0,1524.2819353199613,1050.0,0.020441628254161872,0.0
9645,1654549201000.0,0.0,0.0,11.4,2.7334419304414865,0.0,0.0,2.708,1.0,1.0,1524.4009733269943,1050.0,1524.1109353199613,1050.0,0.020441628254161872,0.0
9646,1654552801000.0,0.0,0.0,11.4,2.7334419304414865,0.0,0.0,2.737,1.0,1.0,1524.4009733269943,1050.0,1524.4415353199613,1050.0,0.020441628254161872,0.0
9647,1654556401000.0,0.0,0.0,8.8,2.7334419304414865,0.0,0.0,2.718,1.0,1.0,1524.4485087878465,1050.0,1524.3126197999616,1050.0,0.015779010474425054,0.0
9648,1654560001000.0,0.0,0.0,2.3,2.7334419304414865,0.0,0.0,2.775,1.0,1.0,1524.6243417399762,1050.0,1524.7199252999608,1050.0,0.004123583933364517,0.0
9649,1654563601000.0,0.0,0.0,8.6,2.6206406222452374,0.0,0.0,2.573,1.0,1.0,1524.651531921269,1050.0,1524.24182256996,1050.0,0.014782072414218285,0.0
9650,1654567201000.0,0.0,0.0,5.8,2.583862337174671,0.0,0.0,2.541,1.0,1.0,1524.781568805573,1050.0,1524.53296724996,1050.0,0.00982855634027147,0.0
9651,1654570801000.0,0.0,0.0,13.5,2.546296411526896,0.0,0.0,2.529,1.0,1.0,1524.7796299455729,1050.0,1524.5461283899597,1050.0,0.022544242381333568,0.0
9652,1654574401000.0,0.0,0.0,7.1,2.546296411526896,0.0,0.0,2.553,1.0,1.0,1524.8848925918007,1050.0,1524.9324880699598,1050.0,0.011855783088724247,0.0
9653,1654578001000.0,0.0,0.0,1.7,2.546296411526896,0.0,0.0,2.543,1.0,1.0,1524.9737079495558,1050.0,1524.96810404996,1050.0,0.0028385432988323436,0.0
9654,1654581601000.0,0.0,0.0,1.7,2.546296411526896,0.0,0.0,2.534,1.0,1.0,1524.9737079495558,1050.0,1524.9528040499602,1050.0,0.0028385432988323436,0.0
9655,1654585201000.0,0.0,0.0,1.7,2.546296411526896,0.0,0.0,2.547,1.0,1.0,1524.9737079495558,1050.0,1524.97490404996,1050.0,0.0028385432988323436,0.0
9656,1654588801000.0,0.0,0.0,0.4,2.586114615741939,0.0,0.0,2.594,1.0,1.0,1525.0199077362565,1050.0,1525.0230618899598,1050.0,0.0006783162901999815,0.0
9657,1654592401000.0,0.0,0.0,0.4,2.6134910660403223,0.0,0.0,2.602,1.0,1.0,1525.028496606376,1050.0,1525.0239001799598,1050.0,0.0006854930440594617,0.0
9658,1654596001000.0,0.0,0.0,0.4,2.6134910660403223,0.0,0.0,2.565,1.0,1.0,1525.028496606376,1050.0,1525.00910017996,1050.0,0.0006854930440594617,0.0
9659,1654599601000.0,0.0,0.0,0.4,2.6134910660403223,0.0,0.0,2.587,1.0,1.0,1525.028496606376,1050.0,1525.0179001799597,1050.0,0.0006854930440594617,0.0
9660,1654603201000.0,0.0,0.0,0.9,2.578218251573477,0.0,0.0,2.578,1.0,1.0,1525.028369106376,1050.0,1525.0281726799599,1050.0,0.001521543122358974,0.0
9661,1654606801000.0,0.0,0.0,0.9,2.578218251573477,0.0,0.0,2.562,1.0,1.0,1525.028369106376,1050.0,1525.0137726799599,1050.0,0.001521543122358974,0.0
9662,1654610401000.0,0.0,0.0,0.7,2.578218251573477,0.0,0.0,2.579,1.0,1.0,1525.0318735360615,1050.0,1525.0324207599601,1050.0,0.0011834197090692857,0.0
9663,1654614001000.0,0.0,0.0,0.4,2.60842884994128,0.0,0.0,2.601,1.0,1.0,1525.047053109937,1050.0,1525.0440815699606,1050.0,0.0006841569496815374,0.0
9664,1654617601000.0,0.0,0.0,0.4,2.60842884994128,0.0,0.0,2.611,1.0,1.0,1525.047053109937,1050.0,1525.0480815699605,1050.0,0.0006841569496815374,0.0
9665,1654621201000.0,0.0,0.0,0.4,2.61332163745596,0.0,0.0,2.625,1.0,1.0,1525.048757684943,1050.0,1525.0534290299606,1050.0,0.000685439498058551,0.0
9666,1654624801000.0,0.0,0.0,0.4,2.6182412280919696,0.0,0.0,2.612,1.0,1.0,1525.0504728811973,1050.0,1525.0479763899605,1050.0,0.0006867290688800522,0.0
9667,1654628401000.0,0.0,0.0,0.4,2.638158357325974,0.0,0.0,2.617,1.0,1.0,1525.057428172891,1050.0,1525.0489648299606,1050.0,0.0006919499052535075,0.0
9668,1654632001000.0,0.0,0.0,0.4,2.6632524226857526,0.0,0.0,2.659,1.0,1.0,1525.066099089035,1050.0,1525.0643981199607,1050.0,0.0006985277357556078,0.0
9669,1654635601000.0,0.0,0.0,0.4,2.7073643014363227,0.0,0.0,2.719,1.0,1.0,1525.082057540535,1050.0,1525.0867118199606,1050.0,0.0007100901326719239,0.0
9670,1654639201000.0,0.0,0.0,0.4,2.7557969452816256,0.0,0.0,2.766,1.0,1.0,1525.097890908073,1050.0,1525.1019721299604,1050.0,0.0007227855894917723,0.0
9671,1654642801000.0,0.0,0.0,0.7,2.695602730722035,0.0,0.0,2.756,1.0,1.0,1525.1598888614647,1050.0,1525.2021669499593,1050.0,0.0012371961295900692,0.0
9672,1654646401000.0,0.0,0.0,0.4,2.743120340533453,0.0,0.0,2.718,1.0,1.0,1525.1870402661727,1050.0,1525.1769921299594,1050.0,0.0007194187383220169,0.0
9673,1654650001000.0,0.0,0.0,0.4,2.768634026122684,0.0,0.0,2.767,1.0,1.0,1525.1961684604084,1050.0,1525.1955148499594,1050.0,0.0007261056861734579,0.0
9674,1654653601000.0,0.0,0.0,0.9,2.731615122721193,0.0,0.0,2.726,1.0,1.0,1525.1960333604084,1050.0,1525.1909797499593,1050.0,0.001611893524947382,0.0
9675,1654657201000.0,0.0,0.0,0.4,2.7462595048980027,0.0,0.0,2.713,1.0,1.0,1525.2104807219182,1050.0,1525.197176919959,1050.0,0.0007202309555591653,0.0
9676,1654660801000.0,0.0,0.0,11.4,2.5959301580665968,0.0,0.0,2.565,1.0,1.0,1525.2076312119184,1050.0,1524.8550274099591,1050.0,0.019403000087564702,0.0
9677,1654664401000.0,0.0,0.0,11.4,2.5959301580665968,0.0,0.0,2.602,1.0,1.0,1525.2076312119184,1050.0,1525.2768274099592,1050.0,0.019403000087564702,0.0
9678,1654668001000.0,0.0,0.0,0.8,2.5959301580665968,0.0,0.0,2.657,1.0,1.0,1525.5532850064124,1050.0,1525.602140879959,1050.0,0.001361305532139802,0.0
9679,1654671601000.0,0.0,0.0,0.4,2.6508525546686785,0.0,0.0,2.666,1.0,1.0,1525.597703671827,1050.0,1525.6037626499597,1050.0,0.0006950331790061231,0.0
9680,1654675201000.0,0.0,0.0,0.4,2.6798328887581695,0.0,0.0,2.694,1.0,1.0,1525.6081739854626,1050.0,1525.6138408299594,1050.0,0.0007026267778200055,0.0
9681,1654678801000.0,0.0,0.0,0.4,2.694351374944852,0.0,0.0,2.689,1.0,1.0,1525.613519169937,1050.0,1525.6113786199592,1050.0,0.0007064309121777598,0.0
9682,1654682401000.0,0.0,0.0,0.4,2.709398236304859,0.0,0.0,2.727,1.0,1.0,1525.6186748244813,1050.0,1525.6257155299593,1050.0,0.000710373642120386,0.0
9683,1654686001000.0,0.0,0.0,0.4,2.746365736602917,0.0,0.0,2.707,1.0,1.0,1525.6309321446004,1050.0,1525.6151858499593,1050.0,0.0007200603183214994,0.0
9684,1654689601000.0,0.0,0.0,0.9,2.70949588293463,0.0,0.0,2.684,1.0,1.0,1525.6307981446005,1050.0,1525.6078518499594,1050.0,0.0015983855973586867,0.0
9685,1654693201000.0,0.0,0.0,2.1,2.6720696641148414,0.0,0.0,2.667,1.0,1.0,1525.6304808646005,1050.0,1525.6198345699593,1050.0,0.003678050723961101,0.0
9686,1654696801000.0,0.0,0.0,0.4,2.707350515996002,0.0,0.0,2.713,1.0,1.0,1525.678245426358,1050.0,1525.6805052199595,1050.0,0.0007098090371576138,0.0
9687,1654700401000.0,0.0,0.0,0.4,2.7367996890041706,0.0,0.0,2.702,1.0,1.0,1525.6888964955615,1050.0,1525.6749766199598,1050.0,0.0007175249673220998,0.0
9688,1654704001000.0,0.0,0.0,0.4,2.7367996890041706,0.0,0.0,2.713,1.0,1.0,1525.6888964955615,1050.0,1525.6793766199598,1050.0,0.0007175249673220998,0.0
9689,1654707601000.0,0.0,0.0,0.9,2.700244306224076,0.0,0.0,2.676,1.0,1.0,1525.6887629455614,1050.0,1525.6669430699596,1050.0,0.001592867388568675,0.0
9690,1654711201000.0,0.0,0.0,0.9,2.700244306224076,0.0,0.0,2.68,1.0,1.0,1525.6887629455614,1050.0,1525.6705430699596,1050.0,0.001592867388568675,0.0
9691,1654714801000.0,0.0,0.0,0.9,2.700244306224076,0.0,0.0,2.668,1.0,1.0,1525.6887629455614,1050.0,1525.6597430699596,1050.0,0.001592867388568675,0.0
9692,1654718401000.0,0.0,0.0,0.9,2.700244306224076,0.0,0.0,2.645,1.0,1.0,1525.6887629455614,1050.0,1525.6390430699598,1050.0,0.001592867388568675,0.0
9693,1654722001000.0,0.0,0.0,2.1,2.662961845524604,0.0,0.0,2.633,1.0,1.0,1525.6884467455614,1050.0,1525.6255268699597,1050.0,0.0036653747280648323,0.0
9694,1654725601000.0,0.0,0.0,2.1,2.662961845524604,0.0,0.0,2.673,1.0,1.0,1525.6884467455614,1050.0,1525.7095268699597,1050.0,0.0036653747280648323,0.0
9695,1654729201000.0,0.0,0.0,2.1,2.662961845524604,0.0,0.0,2.656,1.0,1.0,1525.6884467455614,1050.0,1525.6738268699596,1050.0,0.0036653747280648323,0.0
9696,1654732801000.0,0.0,0.0,2.1,2.662961845524604,0.0,0.0,2.634,1.0,1.0,1525.6884467455614,1050.0,1525.6276268699596,1050.0,0.0036653747280648323,0.0
9697,1654736401000.0,0.0,0.0,4.9,2.6252693623676873,0.0,0.0,2.629,1.0,1.0,1525.6877195855614,1050.0,1525.7059997099598,1050.0,0.008431489426352598,0.0
9698,1654740001000.0,0.0,0.0,4.9,2.6252693623676873,0.0,0.0,2.609,1.0,1.0,1525.6877195855614,1050.0,1525.6079997099596,1050.0,0.008431489426352598,0.0
9699,1654743601000.0,0.0,0.0,4.9,2.6252693623676873,0.0,0.0,2.615,1.0,1.0,1525.6877195855614,1050.0,1525.6373997099597,1050.0,0.008431489426352598,0.0
9700,1654747201000.0,0.0,0.0,2.4,2.6252693623676873,0.0,0.0,2.642,1.0,1.0,1525.7313854296422,1050.0,1525.7715389599598,1050.0,0.0041295909161023145,0.0
9701,1654750801000.0,0.0,0.0,0.4,2.6299520217757655,0.0,0.0,2.638,1.0,1.0,1525.7680382986712,1050.0,1525.7712574899608,1050.0,0.0006894762390509451,0.0
9702,1654754401000.0,0.0,0.0,0.4,2.6299520217757655,0.0,0.0,2.637,1.0,1.0,1525.7680382986712,1050.0,1525.770857489961,1050.0,0.0006894762390509451,0.0
9703,1654758001000.0,0.0,0.0,0.4,2.6299520217757655,0.0,0.0,2.639,1.0,1.0,1525.7680382986712,1050.0,1525.771657489961,1050.0,0.0006894762390509451,0.0
9704,1654761601000.0,0.0,0.0,0.4,2.6594067441099924,0.0,0.0,2.673,1.0,1.0,1525.7784008976048,1050.0,1525.7838381999609,1050.0,0.0006971934436994212,0.0
9705,1654765201000.0,0.0,0.0,0.4,2.66879129356187,0.0,0.0,2.676,1.0,1.0,1525.7818475173856,1050.0,1525.7847309999609,1050.0,0.0006996521286196415,0.0
9706,1654768801000.0,0.0,0.0,0.4,2.7271703680659414,0.0,0.0,2.729,1.0,1.0,1525.8031477271873,1050.0,1525.803879579961,1050.0,0.0007149468454376417,0.0
9707,1654772401000.0,0.0,0.0,0.4,2.7271703680659414,0.0,0.0,2.687,1.0,1.0,1525.8031477271873,1050.0,1525.7870795799608,1050.0,0.0007149468454376417,0.0
9708,1654776001000.0,0.0,0.0,0.4,2.7271703680659414,0.0,0.0,2.67,1.0,1.0,1525.8031477271873,1050.0,1525.780279579961,1050.0,0.0007149468454376417,0.0
9709,1654779601000.0,0.0,0.0,0.9,2.6904090524737523,0.0,0.0,2.652,1.0,1.0,1525.8030146771873,1050.0,1525.768446529961,1050.0,0.0015869467578281484,0.0
9710,1654783201000.0,0.0,0.0,0.9,2.6904090524737523,0.0,0.0,2.672,1.0,1.0,1525.8030146771873,1050.0,1525.786446529961,1050.0,0.0015869467578281484,0.0
9711,1654786801000.0,0.0,0.0,0.9,2.6904090524737523,0.0,0.0,2.653,1.0,1.0,1525.8030146771873,1050.0,1525.769346529961,1050.0,0.0015869467578281484,0.0
9712,1654790401000.0,0.0,0.0,0.4,2.770310182933655,0.0,0.0,2.767,1.0,1.0,1525.8376207131332,1050.0,1525.8362966399598,1050.0,0.0007262398423860832,0.0
9713,1654794001000.0,0.0,0.0,0.4,2.770310182933655,0.0,0.0,2.73,1.0,1.0,1525.8376207131332,1050.0,1525.8214966399598,1050.0,0.0007262398423860832,0.0
9714,1654797601000.0,0.0,0.0,0.4,2.770310182933655,0.0,0.0,2.732,1.0,1.0,1525.8376207131332,1050.0,1525.8222966399599,1050.0,0.0007262398423860832,0.0
9715,1654801201000.0,0.0,0.0,0.9,2.7329156368594023,0.0,0.0,2.693,1.0,1.0,1525.8374855631332,1050.0,1525.8015614899598,1050.0,0.0016119829906169208,0.0
9716,1654804801000.0,0.0,0.0,0.9,2.7329156368594023,0.0,0.0,2.67,1.0,1.0,1525.8374855631332,1050.0,1525.7808614899598,1050.0,0.0016119829906169208,0.0
9717,1654808401000.0,0.0,0.0,2.1,2.6952495586540293,0.0,0.0,2.695,1.0,1.0,1525.8371655231333,1050.0,1525.8366414499599,1050.0,0.0037094548494844945,0.0
9718,1654812001000.0,0.0,0.0,1.2,2.6952495586540293,0.0,0.0,2.684,1.0,1.0,1525.852896750344,1050.0,1525.839397279959,1050.0,0.002119666631870623,0.0
9719,1654815601000.0,0.0,0.0,1.2,2.6952495586540293,0.0,0.0,2.692,1.0,1.0,1525.852896750344,1050.0,1525.8489972799591,1050.0,0.002119666631870623,0.0
9720,1654819201000.0,0.0,0.0,1.2,2.6952495586540293,0.0,0.0,2.693,1.0,1.0,1525.852896750344,1050.0,1525.850197279959,1050.0,0.002119666631870623,0.0
9721,1654822801000.0,0.0,0.0,2.8,2.6579640965660127,0.0,0.0,2.649,1.0,1.0,1525.852475950344,1050.0,1525.827376479959,1050.0,0.0048774698653286,0.0
9722,1654826401000.0,0.0,0.0,1.8,2.6579640965660127,0.0,0.0,2.669,1.0,1.0,1525.8702442537779,1050.0,1525.8901088799591,1050.0,0.003135479829845288,0.0
9723,1654830001000.0,0.0,0.0,0.3,2.692719108679089,0.0,0.0,2.719,1.0,1.0,1525.9270045425621,1050.0,1525.9348888099585,1050.0,0.000529393431139841,0.0
9724,1654833601000.0,0.0,0.0,0.4,2.7215498608952764,0.0,0.0,2.719,1.0,1.0,1525.9358090443163,1050.0,1525.9347890999582,1050.0,0.0007134113623297865,0.0
9725,1654837201000.0,0.0,0.0,0.4,2.7215498608952764,0.0,0.0,2.726,1.0,1.0,1525.9358090443163,1050.0,1525.9375890999581,1050.0,0.0007134113623297865,0.0
9726,1654840801000.0,0.0,0.0,0.4,2.7215498608952764,0.0,0.0,2.715,1.0,1.0,1525.9358090443163,1050.0,1525.9331890999583,1050.0,0.0007134113623297865,0.0
9727,1654844401000.0,0.0,0.0,0.4,2.7215498608952764,0.0,0.0,2.687,1.0,1.0,1525.9358090443163,1050.0,1525.9219890999582,1050.0,0.0007134113623297865,0.0
9728,1654848001000.0,0.0,0.0,0.4,2.7215498608952764,0.0,0.0,2.682,1.0,1.0,1525.9358090443163,1050.0,1525.9199890999582,1050.0,0.0007134113623297865,0.0
9729,1654851601000.0,0.0,0.0,0.4,2.7215498608952764,0.0,0.0,2.683,1.0,1.0,1525.9358090443163,1050.0,1525.9203890999581,1050.0,0.0007134113623297865,0.0
9730,1654855201000.0,0.0,0.0,0.9,2.685133271509012,0.0,0.0,2.629,1.0,1.0,1525.9356762443163,1050.0,1525.8851562999582,1050.0,0.0015836971256258828,0.0
9731,1654858801000.0,0.0,0.0,0.9,2.685133271509012,0.0,0.0,2.657,1.0,1.0,1525.9356762443163,1050.0,1525.910356299958,1050.0,0.0015836971256258828,0.0
9732,1654862401000.0,0.0,0.0,0.9,2.685133271509012,0.0,0.0,2.675,1.0,1.0,1525.9356762443163,1050.0,1525.926556299958,1050.0,0.0015836971256258828,0.0
9733,1654866001000.0,0.0,0.0,11.4,2.573291223189308,0.0,0.0,2.537,1.0,1.0,1525.9329843543162,1050.0,1525.5192644099582,1050.0,0.019224645017271946,0.0
9734,1654869601000.0,0.0,0.0,11.4,2.573291223189308,0.0,0.0,2.551,1.0,1.0,1525.9329843543162,1050.0,1525.6788644099581,1050.0,0.019224645017271946,0.0
9735,1654873201000.0,0.0,0.0,11.4,2.573291223189308,0.0,0.0,2.561,1.0,1.0,1525.9329843543162,1050.0,1525.7928644099582,1050.0,0.019224645017271946,0.0
9736,1654876801000.0,0.0,0.0,11.4,2.573291223189308,0.0,0.0,2.551,1.0,1.0,1525.9329843543162,1050.0,1525.6788644099581,1050.0,0.019224645017271946,0.0
9737,1654880401000.0,0.0,0.0,62.0,2.487947095876744,0.0,0.0,2.469,1.0,1.0,1525.9204926343164,1050.0,1524.7457726899581,1050.0,0.10108830747666252,0.0
9738,1654884001000.0,0.0,0.0,62.0,2.487947095876744,0.0,0.0,2.477,1.0,1.0,1525.9204926343164,1050.0,1525.2417726899582,1050.0,0.10108830747666252,0.0
9739,1654887601000.0,0.0,0.0,62.0,2.487947095876744,0.0,0.0,2.481,1.0,1.0,1525.9204926343164,1050.0,1525.4897726899583,1050.0,0.10108830747666252,0.0
9740,1654891201000.0,0.0,0.0,28.0,2.487947095876744,0.0,0.0,2.484,1.0,1.0,1526.4917743745073,1050.0,1526.3812556899584,1050.0,0.04563569870076347,0.0
9741,1654894801000.0,0.0,0.0,14.6,2.487947095876744,0.0,0.0,2.495,1.0,1.0,1526.7169265897587,1050.0,1526.8198989899583,1050.0,0.02379224790605929,0.0
9742,1654898401000.0,0.0,0.0,11.2,2.487947095876744,0.0,0.0,2.499,1.0,1.0,1526.7740547637777,1050.0,1526.8978472899582,1050.0,0.0182509045047473,0.0
9743,1654902001000.0,0.0,0.0,9.8,2.487947095876744,0.0,0.0,2.495,1.0,1.0,1526.7975781295504,1050.0,1526.8666965899583,1050.0,0.015969295398976107,0.0
9744,1654905601000.0,0.0,0.0,9.8,2.487947095876744,0.0,0.0,2.447,1.0,1.0,1526.7975781295504,1050.0,1526.3962965899584,1050.0,0.015969295398976107,0.0
9745,1654909201000.0,0.0,0.0,9.8,2.487947095876744,0.0,0.0,2.494,1.0,1.0,1526.7975781295504,1050.0,1526.8568965899583,1050.0,0.015969295398976107,0.0
9746,1654912801000.0,0.0,0.0,9.8,2.487947095876744,0.0,0.0,2.489,1.0,1.0,1526.7975781295504,1050.0,1526.8078965899583,1050.0,0.015969295398976107,0.0
9747,1654916401000.0,0.0,0.0,9.8,2.487947095876744,0.0,0.0,2.493,1.0,1.0,1526.7975781295504,1050.0,1526.8470965899583,1050.0,0.015969295398976107,0.0
9748,1654920001000.0,0.0,0.0,9.8,2.487947095876744,0.0,0.0,2.492,1.0,1.0,1526.7975781295504,1050.0,1526.8372965899582,1050.0,0.015969295398976107,0.0
9749,1654923601000.0,0.0,0.0,8.6,2.487947095876744,0.0,0.0,2.501,1.0,1.0,1526.8177410144983,1050.0,1526.9299959899583,1050.0,0.014013686407863676,0.0
9750,1654927201000.0,0.0,0.0,2.1,2.487947095876744,0.0,0.0,2.501,1.0,1.0,1526.9600533312994,1050.0,1526.9874644299582,1050.0,0.0034216277563664465,0.0
9751,1654930801000.0,0.0,0.0,0.4,2.492460321907558,0.0,0.0,2.506,1.0,1.0,1526.9902725987208,1050.0,1526.9956884699577,1050.0,0.0006529079763332727,0.0
9752,1654934401000.0,0.0,0.0,0.4,2.510590961228562,0.0,0.0,2.519,1.0,1.0,1526.9968235244494,1050.0,1527.000187139958,1050.0,0.0006576545340635056,0.0
9753,1654938001000.0,0.0,0.0,0.4,2.510590961228562,0.0,0.0,2.454,1.0,1.0,1526.9968235244494,1050.0,1526.9741871399578,1050.0,0.0006576545340635056,0.0
9754,1654941601000.0,0.0,0.0,0.9,2.4769293161015833,0.0,0.0,2.455,1.0,1.0,1526.9967010244493,1050.0,1526.976964639958,1050.0,0.0014598829080611957,0.0
9755,1654945201000.0,0.0,0.0,2.1,2.442683992614964,0.0,0.0,2.418,1.0,1.0,1526.9964109844493,1050.0,1526.9445745999578,1050.0,0.003359298258719787,0.0
9756,1654948801000.0,0.0,0.0,4.9,2.4085788539778417,0.0,0.0,2.381,1.0,1.0,1526.9957437444493,1050.0,1526.8606073599578,1050.0,0.0077289255276840885,0.0
9757,1654952401000.0,0.0,0.0,11.4,2.374038279341353,0.0,0.0,2.329,1.0,1.0,1526.9942175444494,1050.0,1526.480781159958,1050.0,0.017723732070192736,0.0
9758,1654956001000.0,0.0,0.0,3.3,2.374038279341353,0.0,0.0,2.379,1.0,1.0,1527.1215715817846,1050.0,1527.137945259958,1050.0,0.005130126158660511,0.0
9759,1654959601000.0,0.0,0.0,7.7,2.3403021197177227,0.0,0.0,2.314,1.0,1.0,1527.1205529817846,1050.0,1526.918026659958,1050.0,0.01180019893428899,0.0
9760,1654963201000.0,0.0,0.0,18.0,2.305795906768137,0.0,0.0,2.294,1.0,1.0,1527.1182045817845,1050.0,1526.9058782599582,1050.0,0.02717820152840939,0.0
9761,1654966801000.0,0.0,0.0,12.2,2.305795906768137,0.0,0.0,2.322,1.0,1.0,1527.2050421425295,1050.0,1527.4027320799582,1050.0,0.01841973362208551,0.0
9762,1654970401000.0,0.0,0.0,6.4,2.305795906768137,0.0,0.0,2.312,1.0,1.0,1527.2918797032742,1050.0,1527.331585899958,1050.0,0.009662261679924023,0.0
9763,1654974001000.0,0.0,0.0,1.3,2.305795906768137,0.0,0.0,2.331,1.0,1.0,1527.4439292987558,1050.0,1527.4766946199572,1050.0,0.001962451531804991,0.0
9764,1654977601000.0,0.0,0.0,0.5,2.3240865264365294,0.0,0.0,2.305,1.0,1.0,1527.4748644431754,1050.0,1527.465321179957,1050.0,0.0007607609724182762,0.0
9765,1654981201000.0,0.0,0.0,0.5,2.3240865264365294,0.0,0.0,2.307,1.0,1.0,1527.4748644431754,1050.0,1527.466321179957,1050.0,0.0007607609724182762,0.0
9766,1654984801000.0,0.0,0.0,0.5,2.3240865264365294,0.0,0.0,2.334,1.0,1.0,1527.4748644431754,1050.0,1527.479821179957,1050.0,0.0007607609724182762,0.0
9767,1654988401000.0,0.0,0.0,0.5,2.330851915861918,0.0,0.0,2.342,1.0,1.0,1527.4779535178884,1050.0,1527.4835275599573,1050.0,0.0007629739959564729,0.0
9768,1654992001000.0,0.0,0.0,0.5,2.330851915861918,0.0,0.0,2.33,1.0,1.0,1527.4779535178884,1050.0,1527.4775275599575,1050.0,0.0007629739959564729,0.0
9769,1654995601000.0,0.0,0.0,0.5,2.330851915861918,0.0,0.0,2.327,1.0,1.0,1527.4779535178884,1050.0,1527.4760275599574,1050.0,0.0007629739959564729,0.0
9770,1654999201000.0,0.0,0.0,0.5,2.330851915861918,0.0,0.0,2.297,1.0,1.0,1527.4779535178884,1050.0,1527.4610275599575,1050.0,0.0007629739959564729,0.0
9771,1655002801000.0,0.0,0.0,0.9,2.2982716316091327,0.0,0.0,2.287,1.0,1.0,1527.482443358406,1050.0,1527.4722988899578,1050.0,0.0013541526957916617,0.0
9772,1655006401000.0,0.0,0.0,0.9,2.2982716316091327,0.0,0.0,2.268,1.0,1.0,1527.482443358406,1050.0,1527.4551988899577,1050.0,0.0013541526957916617,0.0
9773,1655010001000.0,0.0,0.0,2.1,2.2666878421181993,0.0,0.0,2.242,1.0,1.0,1527.482174198406,1050.0,1527.4303297299577,1050.0,0.0031162684245046595,0.0
9774,1655013601000.0,0.0,0.0,0.6,2.2666878421181993,0.0,0.0,2.271,1.0,1.0,1527.5048001352295,1050.0,1527.5073874299585,1050.0,0.0008903492186410923,0.0
9775,1655017201000.0,0.0,0.0,0.5,2.2803276231625516,0.0,0.0,2.258,1.0,1.0,1527.5123455215398,1050.0,1527.5011817099585,1050.0,0.0007464187212130116,0.0
9776,1655020801000.0,0.0,0.0,0.5,2.2803276231625516,0.0,0.0,2.282,1.0,1.0,1527.5123455215398,1050.0,1527.5131817099586,1050.0,0.0007464187212130116,0.0
9777,1655024401000.0,0.0,0.0,0.4,2.2945979443385185,0.0,0.0,2.266,1.0,1.0,1527.5198137676937,1050.0,1527.5083745899583,1050.0,0.0006008689180086754,0.0
9778,1655028001000.0,0.0,0.0,0.4,2.2945979443385185,0.0,0.0,2.246,1.0,1.0,1527.5198137676937,1050.0,1527.5003745899583,1050.0,0.0006008689180086754,0.0
9779,1655031601000.0,0.0,0.0,0.9,2.2637101974837863,0.0,0.0,2.246,1.0,1.0,1527.5197018176937,1050.0,1527.5037626399583,1050.0,0.001333756399548266,0.0
9780,1655035201000.0,0.0,0.0,0.9,2.2637101974837863,0.0,0.0,2.25,1.0,1.0,1527.5197018176937,1050.0,1527.5073626399583,1050.0,0.001333756399548266,0.0
9781,1655038801000.0,0.0,0.0,0.4,2.2637101974837863,0.0,0.0,2.267,1.0,1.0,1527.5272327689515,1050.0,1527.528548689958,1050.0,0.0005927776995190729,0.0
9782,1655042401000.0,0.0,0.0,0.4,2.2637101974837863,0.0,0.0,2.253,1.0,1.0,1527.5272327689515,1050.0,1527.522948689958,1050.0,0.0005927776995190729,0.0
9783,1655046001000.0,0.0,0.0,0.4,2.3012648415938988,0.0,0.0,2.29,1.0,1.0,1527.541786516595,1050.0,1527.5372805799575,1050.0,0.0006026060594628187,0.0
9784,1655049601000.0,0.0,0.0,0.5,2.315175342973804,0.0,0.0,2.286,1.0,1.0,1527.5464057214442,1050.0,1527.5318180499573,1050.0,0.0007578085138043223,0.0
9785,1655053201000.0,0.0,0.0,1.2,2.2824063929057514,0.0,0.0,2.263,1.0,1.0,1527.5462475914442,1050.0,1527.5229599199572,1050.0,0.0017929981994361467,0.0
9786,1655056801000.0,0.0,0.0,1.2,2.2824063929057514,0.0,0.0,2.273,1.0,1.0,1527.5462475914442,1050.0,1527.5349599199574,1050.0,0.0017929981994361467,0.0
9787,1655060401000.0,0.0,0.0,1.2,2.2824063929057514,0.0,0.0,2.269,1.0,1.0,1527.5462475914442,1050.0,1527.5301599199572,1050.0,0.0017929981994361467,0.0
9788,1655064001000.0,0.0,0.0,1.2,2.2824063929057514,0.0,0.0,2.262,1.0,1.0,1527.5462475914442,1050.0,1527.5217599199573,1050.0,0.0017929981994361467,0.0
9789,1655067601000.0,0.0,0.0,1.2,2.2824063929057514,0.0,0.0,2.256,1.0,1.0,1527.5462475914442,1050.0,1527.5145599199573,1050.0,0.0017929981994361467,0.0
9790,1655071201000.0,0.0,0.0,1.2,2.2824063929057514,0.0,0.0,2.256,1.0,1.0,1527.5462475914442,1050.0,1527.5145599199573,1050.0,0.0017929981994361467,0.0
9791,1655074801000.0,0.0,0.0,2.5,2.250745596959608,0.0,0.0,2.257,1.0,1.0,1527.5503996123562,1050.0,1527.5660356199571,1050.0,0.0036835864753313147,0.0
9792,1655078401000.0,0.0,0.0,5.8,2.219028274551555,0.0,0.0,2.215,1.0,1.0,1527.5496752623562,1050.0,1527.5263112699572,1050.0,0.008425496205345032,0.0
9793,1655082001000.0,0.0,0.0,7.9,2.126859589382725,0.0,0.0,2.125,1.0,1.0,1527.7231118660807,1050.0,1527.708421109957,1050.0,0.01099819111566625,0.0
9794,1655085601000.0,0.0,0.0,20.8,2.0653493480603053,0.0,0.0,2.072,1.0,1.0,1527.7767220196117,1050.0,1527.9150555799574,1050.0,0.028118812009954745,0.0
9795,1655089201000.0,0.0,0.0,46.9,1.9733068782051841,0.0,0.0,1.953,1.0,1.0,1528.0521970377808,1050.0,1527.0998044499577,1050.0,0.06056605446282075,0.0
9796,1655092801000.0,0.0,0.0,4.0,1.9733068782051841,0.0,0.0,1.995,1.0,1.0,1528.902880552778,1050.0,1528.9896530399574,1050.0,0.00516267423733738,0.0
9797,1655096401000.0,0.0,0.0,2.8,2.020357142857143,0.0,0.0,1.996,1.0,1.0,1529.0566369199566,1050.0,1528.9884369199567,1050.0,0.003699666750994348,0.0
9798,1655100001000.0,0.0,0.0,35.5,1.9329042253521127,0.0,0.0,1.908,1.0,1.0,1529.0503408099567,1050.0,1528.1662408099567,1050.0,0.04487628573670907,0.0
9799,1655103601000.0,0.0,0.0,0.6,1.9503014084507044,0.0,0.0,1.96,1.0,1.0,1529.609324385027,1050.0,1529.6151435399568,1050.0,0.0007650194245127845,0.0
9800,1655107201000.0,0.0,0.0,0.6,1.9140701095461665,0.0,0.0,1.917,1.0,1.0,1529.7054143956846,1050.0,1529.7071723299568,1050.0,0.0007507602803258665,0.0
9801,1655110801000.0,0.0,0.0,3.3,1.8614066865841519,0.0,0.0,1.839,1.0,1.0,1529.7049149756845,1050.0,1529.6309729099567,1050.0,0.0040155732034275,0.0
9802,1655114401000.0,0.0,0.0,0.5,1.8332080736463037,0.0,0.0,1.844,1.0,1.0,1529.9016260467793,1050.0,1529.907022009956,1050.0,0.000599126127600524,0.0
9803,1655118001000.0,0.0,0.0,1.4,1.8535306633490198,0.0,0.0,1.817,1.0,1.0,1529.920313718645,1050.0,1529.8691707899563,1050.0,0.0016961294685873696,0.0
9804,1655121601000.0,0.0,0.0,7.7,1.8014211595699519,0.0,0.0,1.797,1.0,1.0,1529.9191861186453,1050.0,1529.8851431899566,1050.0,0.00906645465626113,0.0
9805,1655125201000.0,0.0,0.0,1.4,1.810898087582642,0.0,0.0,1.785,1.0,1.0,1530.0646701825717,1050.0,1530.028412859956,1050.0,0.0016569608932367444,0.0
9806,1655128801000.0,0.0,0.0,0.6,1.7943881915980744,0.0,0.0,1.794,1.0,1.0,1530.115479194916,1050.0,1530.115246279957,1050.0,0.000703628536275788,0.0
9807,1655132401000.0,0.0,0.0,1.2,1.7690784131658643,0.0,0.0,1.759,1.0,1.0,1530.1165997357562,1050.0,1530.104505639957,1050.0,0.0013874067480645926,0.0
9808,1655136001000.0,0.0,0.0,0.6,1.8192120178601296,0.0,0.0,1.82,1.0,1.0,1530.153875190673,1050.0,1530.154347979957,1050.0,0.0007133447350712112,0.0
9809,1655139601000.0,0.0,0.0,0.6,1.8960712813377971,0.0,0.0,1.872,1.0,1.0,1530.1880300387593,1050.0,1530.1735872699567,1050.0,0.0007434659966421656,0.0
9810,1655143201000.0,0.0,0.0,1.4,1.8697448348590562,0.0,0.0,1.858,1.0,1.0,1530.1878820387592,1050.0,1530.1714392699564,1050.0,0.001710667558885017,0.0
9811,1655146801000.0,0.0,0.0,0.8,1.8697448348590562,0.0,0.0,1.846,1.0,1.0,1530.195122217844,1050.0,1530.1761263499568,1050.0,0.0009775196941676685,0.0
9812,1655150401000.0,0.0,0.0,0.8,1.8697448348590562,0.0,0.0,1.859,1.0,1.0,1530.195122217844,1050.0,1530.186526349957,1050.0,0.0009775196941676685,0.0
9813,1655154001000.0,0.0,0.0,0.5,1.9154831593191497,0.0,0.0,1.883,1.0,1.0,1530.220964189617,1050.0,1530.2047226099573,1050.0,0.0006258844977769475,0.0
9814,1655157601000.0,0.0,0.0,2.8,1.8618719927355627,0.0,0.0,1.836,1.0,1.0,1530.220538639617,1050.0,1530.1480970599573,1050.0,0.003406856363524048,0.0
9815,1655161201000.0,0.0,0.0,6.5,1.83576024302455,0.0,0.0,1.808,1.0,1.0,1530.219866719617,1050.0,1530.0394251399573,1050.0,0.007797860842860149,0.0
9816,1655164801000.0,0.0,0.0,0.4,1.89050340648883,0.0,0.0,1.906,1.0,1.0,1530.364914902554,1050.0,1530.3711135399583,1050.0,0.0004941314030606113,0.0
9817,1655168401000.0,0.0,0.0,3.3,1.8564658911421357,0.0,0.0,1.838,1.0,1.0,1530.3719851907276,1050.0,1530.3110477499586,1050.0,0.00400316883741539,0.0
9818,1655172001000.0,0.0,0.0,98.0,1.7425911983751943,0.0,0.0,1.715,1.0,1.0,1530.3555204307277,1050.0,1527.6515829899586,1050.0,0.1115910225832385,0.0
9819,1655175601000.0,0.0,0.0,6.1,1.7425911983751943,0.0,0.0,1.771,1.0,1.0,1531.8308257400467,1050.0,1532.004119429958,1050.0,0.006939282152749009,0.0
9820,1655179201000.0,0.0,0.0,0.6,1.8579431315503938,0.0,0.0,1.85,1.0,1.0,1532.0247241188872,1050.0,1532.019958239957,1050.0,0.0007276422249460569,0.0
9821,1655182801000.0,0.0,0.0,1.2,1.8317263048126642,0.0,0.0,1.819,1.0,1.0,1532.0258841857321,1050.0,1532.0106126199569,1050.0,0.0014347483214642073,0.0
9822,1655186401000.0,0.0,0.0,0.6,1.9050125114910874,0.0,0.0,1.902,1.0,1.0,1532.0673308968517,1050.0,1532.065523389957,1050.0,0.0007460556620742974,0.0
9823,1655190001000.0,0.0,0.0,0.5,1.9100083409940583,0.0,0.0,1.918,1.0,1.0,1532.0711315704539,1050.0,1532.075127399957,1050.0,0.0006233419263752456,0.0
9824,1655193601000.0,0.0,0.0,0.5,1.9146722273293726,0.0,0.0,1.922,1.0,1.0,1532.0736865236213,1050.0,1532.0773504099566,1050.0,0.0006248629697680838,0.0
9825,1655197201000.0,0.0,0.0,0.6,1.9194481515529151,0.0,0.0,1.888,1.0,1.0,1532.0749614408883,1050.0,1532.0560925499565,1050.0,0.0007517053146333163,0.0
9826,1655200801000.0,0.0,0.0,0.5,1.9135139336291274,0.0,0.0,1.889,1.0,1.0,1532.0986735267704,1050.0,1532.0864165599558,1050.0,0.0006244747700304345,0.0
9827,1655204401000.0,0.0,0.0,2.8,1.8598774881480589,0.0,0.0,1.832,1.0,1.0,1532.0982484367703,1050.0,1532.0201914699558,1050.0,0.0033990359117817923,0.0
9828,1655208001000.0,0.0,0.0,15.2,1.8069971688693791,0.0,0.0,1.797,1.0,1.0,1532.0960225667704,1050.0,1531.9440655999558,1050.0,0.017927307794193787,0.0
9829,1655211601000.0,0.0,0.0,1.1,1.7789790694877343,0.0,0.0,1.798,1.0,1.0,1532.8261801563917,1050.0,1532.8471031799552,1050.0,0.001276646368498776,0.0
9830,1655215201000.0,0.0,0.0,0.6,1.846035404247362,0.0,0.0,1.827,1.0,1.0,1532.871756002503,1050.0,1532.8603347599544,1050.0,0.000722579196994878,0.0
9831,1655218801000.0,0.0,0.0,1.4,1.820300887534584,0.0,0.0,1.825,1.0,1.0,1532.871611922503,1050.0,1532.8781906799545,1050.0,0.001662514474615541,0.0
9832,1655222401000.0,0.0,0.0,0.6,1.8642918412447256,0.0,0.0,1.866,1.0,1.0,1532.9032893146996,1050.0,1532.9043142099526,1050.0,0.000729710160154269,0.0
9833,1655226001000.0,0.0,0.0,1.4,1.8432262403556363,0.0,0.0,1.827,1.0,1.0,1532.9056099264508,1050.0,1532.882893189953,1050.0,0.0016834152864909303,0.0
9834,1655229601000.0,0.0,0.0,1.1,1.8432262403556363,0.0,0.0,1.827,1.0,1.0,1532.9093863743444,1050.0,1532.8915375099532,1050.0,0.001322680180846686,0.0
9835,1655233201000.0,0.0,0.0,1.1,1.8432262403556363,0.0,0.0,1.823,1.0,1.0,1532.9093863743444,1050.0,1532.8871375099532,1050.0,0.001322680180846686,0.0
9836,1655236801000.0,0.0,0.0,1.1,1.8432262403556363,0.0,0.0,1.835,1.0,1.0,1532.9093863743444,1050.0,1532.9003375099533,1050.0,0.001322680180846686,0.0
9837,1655240401000.0,0.0,0.0,2.3,1.8171341786119999,0.0,0.0,1.806,1.0,1.0,1532.9126215507608,1050.0,1532.8870129399531,1050.0,0.002726449343589805,0.0
9838,1655244001000.0,0.0,0.0,5.4,1.791797890890296,0.0,0.0,1.769,1.0,1.0,1532.9120719207608,1050.0,1532.7889633099533,1050.0,0.006311978872137003,0.0
9839,1655247601000.0,0.0,0.0,2.6,1.791797890890296,0.0,0.0,1.806,1.0,1.0,1532.9457327062682,1050.0,1532.9826581899536,1050.0,0.0030390342051380566,0.0
9840,1655251201000.0,0.0,0.0,0.6,1.8570361423615247,0.0,0.0,1.854,1.0,1.0,1533.01631764537,1050.0,1533.0144959599531,1050.0,0.0007268165854413727,0.0
9841,1655254801000.0,0.0,0.0,0.6,1.8570361423615247,0.0,0.0,1.822,1.0,1.0,1533.01631764537,1050.0,1532.9952959599532,1050.0,0.0007268165854413727,0.0
9842,1655258401000.0,0.0,0.0,0.6,1.8570361423615247,0.0,0.0,1.853,1.0,1.0,1533.01631764537,1050.0,1533.013895959953,1050.0,0.0007268165854413727,0.0
9843,1655262001000.0,0.0,0.0,1.4,1.8313012038692251,0.0,0.0,1.824,1.0,1.0,1533.01617268537,1050.0,1533.0059509999533,1050.0,0.0016724035473976069,0.0
9844,1655265601000.0,0.0,0.0,3.3,1.805794450126338,0.0,0.0,1.764,1.0,1.0,1533.01583315537,1050.0,1532.8779114699532,1050.0,0.003887188609886303,0.0
9845,1655269201000.0,0.0,0.0,18.0,1.7543345380787176,0.0,0.0,1.741,1.0,1.0,1533.01327126537,1050.0,1532.773249579953,1050.0,0.020598661653693312,0.0
9846,1655272801000.0,0.0,0.0,2.9,1.726714802033736,0.0,0.0,1.732,1.0,1.0,1533.4436325258505,1050.0,1533.4589595999525,1050.0,0.003265508310631313,0.0
9847,1655276401000.0,0.0,0.0,0.6,1.7387621342372164,0.0,0.0,1.745,1.0,1.0,1533.482676620495,1050.0,1533.4864193399528,1050.0,0.0006803189213988846,0.0
9848,1655280001000.0,0.0,0.0,1.4,1.714898057530236,0.0,0.0,1.7,1.0,1.0,1533.4825408604952,1050.0,1533.461683579953,1050.0,0.0015656241375888885,0.0
9849,1655283601000.0,0.0,0.0,3.3,1.6907749334976758,0.0,0.0,1.658,1.0,1.0,1533.4822229904953,1050.0,1533.374065709953,1050.0,0.003638488400381615,0.0
9850,1655287201000.0,0.0,0.0,7.7,1.6669035429275754,0.0,0.0,1.65,1.0,1.0,1533.4814974304952,1050.0,1533.3513401499529,1050.0,0.00836994597068758,0.0
9851,1655290801000.0,0.0,0.0,0.6,1.6703596735196968,0.0,0.0,1.679,1.0,1.0,1533.5612973940652,1050.0,1533.5664815899534,1050.0,0.0006535218421427649,0.0
9852,1655294401000.0,0.0,0.0,0.5,1.7135758385034365,0.0,0.0,1.724,1.0,1.0,1533.5847063292056,1050.0,1533.589918409954,1050.0,0.0005586831400415627,0.0
9853,1655298001000.0,0.0,0.0,0.6,1.7251448171126387,0.0,0.0,1.71,1.0,1.0,1533.5889840502211,1050.0,1533.5798971599536,1050.0,0.0006749441349884441,0.0
9854,1655301601000.0,0.0,0.0,0.5,1.7423866305407687,0.0,0.0,1.739,1.0,1.0,1533.5991939152234,1050.0,1533.597500599953,1050.0,0.0005680710571099475,0.0
9855,1655305201000.0,0.0,0.0,3.3,1.6979256521867598,0.0,0.0,1.683,1.0,1.0,1533.5998470921693,1050.0,1533.5505924399529,1050.0,0.003653596251225733,0.0
9856,1655308801000.0,0.0,0.0,2.3,1.6979256521867598,0.0,0.0,1.71,1.0,1.0,1533.6117504399826,1050.0,1533.6395214399531,1050.0,0.002546426107461138,0.0
9857,1655312401000.0,0.0,0.0,1.4,1.6788359006247888,0.0,0.0,1.65,1.0,1.0,1533.6404990508272,1050.0,1533.6001287899526,1050.0,0.0015325431627094827,0.0
9858,1655316001000.0,0.0,0.0,0.6,1.7212847289861524,0.0,0.0,1.73,1.0,1.0,1533.7290242573442,1050.0,1533.7342534199524,1050.0,0.0006733724282826135,0.0
9859,1655319601000.0,0.0,0.0,0.5,1.7872399405991422,0.0,0.0,1.777,1.0,1.0,1533.8401422102515,1050.0,1533.835022239952,1050.0,0.0005826030664524608,0.0
9860,1655323201000.0,0.0,0.0,0.6,1.8441768075442035,0.0,0.0,1.817,1.0,1.0,1533.8650160544792,1050.0,1533.8487099699526,1050.0,0.0007213842632468134,0.0
9861,1655326801000.0,0.0,0.0,1.4,1.8189329175189446,0.0,0.0,1.82,1.0,1.0,1533.864872054479,1050.0,1533.8663659699525,1050.0,0.0016601893236629756,0.0
9862,1655330401000.0,0.0,0.0,0.4,1.894900932840754,0.0,0.0,1.918,1.0,1.0,1533.9309485130898,1050.0,1533.9401881399535,1050.0,0.0004941293960272642,0.0
9863,1655334001000.0,0.0,0.0,0.6,1.97,0.0,0.0,1.922,1.0,1.0,1533.9634466199523,1050.0,1533.9346466199522,1050.0,0.0007705529115472116,0.0
9864,1655337601000.0,0.0,0.0,1.4,1.9425714285714286,0.0,0.0,1.95,1.0,1.0,1533.9632928599522,1050.0,1533.973692859952,1050.0,0.0017729237802878077,0.0
9865,1655341201000.0,0.0,0.0,0.5,1.981338285714286,0.0,0.0,1.982,1.0,1.0,1534.010666362809,1050.0,1534.0109972199518,1050.0,0.0006458032949705969,0.0
9866,1655344801000.0,0.0,0.0,1.2,1.9743504952380955,0.0,0.0,1.948,1.0,1.0,1534.0181806642372,1050.0,1533.9865600699516,1050.0,0.0015444540515548717,0.0
9867,1655348401000.0,0.0,0.0,2.8,1.9467216408163268,0.0,0.0,1.943,1.0,1.0,1534.0178725042372,1050.0,1534.0074519099514,1050.0,0.0035532966675201885,0.0
9868,1655352001000.0,0.0,0.0,2.8,1.9467216408163268,0.0,0.0,1.926,1.0,1.0,1534.0178725042372,1050.0,1533.9598519099516,1050.0,0.0035532966675201885,0.0
9869,1655355601000.0,0.0,0.0,0.6,1.9518144272108846,0.0,0.0,1.938,1.0,1.0,1534.050230826277,1050.0,1534.0419421699503,1050.0,0.0007633965516864163,0.0
9870,1655359201000.0,0.0,0.0,1.4,1.925063325947522,0.0,0.0,1.89,1.0,1.0,1534.050078426277,1050.0,1534.0009897699504,1050.0,0.0017568452909251296,0.0
9871,1655362801000.0,0.0,0.0,1.4,1.925063325947522,0.0,0.0,1.889,1.0,1.0,1534.050078426277,1050.0,1533.9995897699505,1050.0,0.0017568452909251296,0.0
9872,1655366401000.0,0.0,0.0,7.7,1.8711283969255237,0.0,0.0,1.862,1.0,1.0,1534.0489071662769,1050.0,1533.9786185099504,1050.0,0.009391935673642033,0.0
9873,1655370001000.0,0.0,0.0,7.7,1.8711283969255237,0.0,0.0,1.88,1.0,1.0,1534.0489071662769,1050.0,1534.1172185099504,1050.0,0.009391935673642033,0.0
9874,1655373601000.0,0.0,0.0,42.0,1.8146806822934887,0.0,0.0,1.802,1.0,1.0,1534.0427262762769,1050.0,1533.5101376199505,1050.0,0.04968348491918088,0.0
9875,1655377201000.0,0.0,0.0,24.7,1.8146806822934887,0.0,0.0,1.827,1.0,1.0,1534.2526897625994,1050.0,1534.5569769099502,1050.0,0.029214622305524355,0.0
9876,1655380801000.0,0.0,0.0,14.7,1.8146806822934887,0.0,0.0,1.796,1.0,1.0,1534.3740559396647,1050.0,1534.0994499099504,1050.0,0.01738546472840208,0.0
9877,1655384401000.0,0.0,0.0,1.6,1.8146806822934887,0.0,0.0,1.806,1.0,1.0,1534.61803713162,1050.0,1534.6041480399504,1050.0,0.0018919946341153019,0.0
9878,1655388001000.0,0.0,0.0,1.9,1.7893918662288373,0.0,0.0,1.768,1.0,1.0,1534.627551615785,1050.0,1534.5869070699503,1050.0,0.0022154199839923036,0.0
9879,1655391601000.0,0.0,0.0,1.9,1.7893918662288373,0.0,0.0,1.772,1.0,1.0,1534.627551615785,1050.0,1534.5945070699502,1050.0,0.0022154199839923036,0.0
9880,1655395201000.0,0.0,0.0,0.6,1.8269146907805,0.0,0.0,1.813,1.0,1.0,1534.6628477744184,1050.0,1534.6544989599502,1050.0,0.0007142603445818374,0.0
9881,1655398801000.0,0.0,0.0,0.6,1.8269146907805,0.0,0.0,1.828,1.0,1.0,1534.6628477744184,1050.0,1534.6634989599502,1050.0,0.0007142603445818374,0.0
9882,1655402401000.0,0.0,0.0,0.6,1.8269146907805,0.0,0.0,1.798,1.0,1.0,1534.6628477744184,1050.0,1534.6454989599501,1050.0,0.0007142603445818374,0.0
9883,1655406001000.0,0.0,0.0,3.3,1.776590549838879,0.0,0.0,1.772,1.0,1.0,1534.6623711144184,1050.0,1534.64722229995,1050.0,0.0038202206067064616,0.0
9884,1655409601000.0,0.0,0.0,3.3,1.776590549838879,0.0,0.0,1.739,1.0,1.0,1534.6623711144184,1050.0,1534.53832229995,1050.0,0.0038202206067064616,0.0
9885,1655413201000.0,0.0,0.0,1.9,1.7516816642166626,0.0,0.0,1.764,1.0,1.0,1534.7320318219618,1050.0,1534.7554366599502,1050.0,0.0021685838915218194,0.0
9886,1655416801000.0,0.0,0.0,0.6,1.7634140729851837,0.0,0.0,1.771,1.0,1.0,1534.7579136237403,1050.0,1534.7624651799492,1050.0,0.0006893910983608718,0.0
9887,1655420401000.0,0.0,0.0,0.6,1.7797152808844994,0.0,0.0,1.752,1.0,1.0,1534.76588042848,1050.0,1534.7492512599492,1050.0,0.0006957602994357551,0.0
9888,1655424001000.0,0.0,0.0,1.7,1.7309482328880912,0.0,0.0,1.743,1.0,1.0,1534.7844199458596,1050.0,1534.80490794995,1050.0,0.00191728034091821,0.0
9889,1655427601000.0,0.0,0.0,0.6,1.753243920855731,0.0,0.0,1.734,1.0,1.0,1534.8081515424628,1050.0,1534.7966051899493,1050.0,0.0006853927322813903,0.0
9890,1655431201000.0,0.0,0.0,0.6,1.7736097601901628,0.0,0.0,1.775,1.0,1.0,1534.817222716063,1050.0,1534.818056859949,1050.0,0.0006933502181001818,0.0
9891,1655434801000.0,0.0,0.0,0.6,1.7736097601901628,0.0,0.0,1.757,1.0,1.0,1534.817222716063,1050.0,1534.807256859949,1050.0,0.0006933502181001818,0.0
9892,1655438401000.0,0.0,0.0,1.4,1.7492613257957843,0.0,0.0,1.727,1.0,1.0,1534.817084236063,1050.0,1534.785918379949,1050.0,0.001595607633813277,0.0
9893,1655442001000.0,0.0,0.0,1.4,1.7492613257957843,0.0,0.0,1.731,1.0,1.0,1534.817084236063,1050.0,1534.791518379949,1050.0,0.001595607633813277,0.0
9894,1655445601000.0,0.0,0.0,1.4,1.7492613257957843,0.0,0.0,1.758,1.0,1.0,1534.817084236063,1050.0,1534.829318379949,1050.0,0.001595607633813277,0.0
9895,1655449201000.0,0.0,0.0,0.5,1.7492613257957843,0.0,0.0,1.779,1.0,1.0,1534.8334899528465,1050.0,1534.8483592899486,1050.0,0.0005698537780308421,0.0
9896,1655452801000.0,0.0,0.0,0.6,1.795498079470161,0.0,0.0,1.788,1.0,1.0,1534.8548032176298,1050.0,1534.8503043699477,1050.0,0.0007018897458076655,0.0
9897,1655456401000.0,0.0,0.0,0.6,1.795498079470161,0.0,0.0,1.769,1.0,1.0,1534.8548032176298,1050.0,1534.8389043699476,1050.0,0.0007018897458076655,0.0
9898,1655460001000.0,0.0,0.0,3.3,1.7455148023279083,0.0,0.0,1.736,1.0,1.0,1534.8543349276297,1050.0,1534.8229360799476,1050.0,0.0037529286764230283,0.0
9899,1655463601000.0,0.0,0.0,0.6,1.7541176899235151,0.0,0.0,1.763,1.0,1.0,1534.8894915039014,1050.0,1534.8948208899471,1050.0,0.0006856979735543612,0.0
9900,1655467201000.0,0.0,0.0,0.6,1.7626078621882293,0.0,0.0,1.752,1.0,1.0,1534.8940441272605,1050.0,1534.8876794099476,1050.0,0.0006890148029170755,0.0
9901,1655470801000.0,0.0,0.0,0.6,1.7626078621882293,0.0,0.0,1.727,1.0,1.0,1534.8940441272605,1050.0,1534.8726794099475,1050.0,0.0006890148029170755,0.0
9902,1655474401000.0,0.0,0.0,0.6,1.7544845962567068,0.0,0.0,1.759,1.0,1.0,1534.9109815377012,1050.0,1534.9136907799473,1050.0,0.0006858317976847229,0.0
9903,1655478001000.0,0.0,0.0,0.6,1.7544845962567068,0.0,0.0,1.742,1.0,1.0,1534.9109815377012,1050.0,1534.903490779947,1050.0,0.0006858317976847229,0.0
9904,1655481601000.0,0.0,0.0,0.6,1.7544845962567068,0.0,0.0,1.742,1.0,1.0,1534.9109815377012,1050.0,1534.903490779947,1050.0,0.0006858317976847229,0.0
9905,1655485201000.0,0.0,0.0,1.4,1.7302076841100176,0.0,0.0,1.716,1.0,1.0,1534.9108445777013,1050.0,1534.8909538199473,1050.0,0.001578131242157239,0.0
9906,1655488801000.0,0.0,0.0,1.4,1.7302076841100176,0.0,0.0,1.72,1.0,1.0,1534.9108445777013,1050.0,1534.8965538199473,1050.0,0.001578131242157239,0.0
9907,1655492401000.0,0.0,0.0,1.4,1.7302076841100176,0.0,0.0,1.72,1.0,1.0,1534.9108445777013,1050.0,1534.8965538199473,1050.0,0.001578131242157239,0.0
9908,1655496001000.0,0.0,0.0,1.4,1.7302076841100176,0.0,0.0,1.713,1.0,1.0,1534.9108445777013,1050.0,1534.8867538199472,1050.0,0.001578131242157239,0.0
9909,1655499601000.0,0.0,0.0,1.4,1.7302076841100176,0.0,0.0,1.732,1.0,1.0,1534.9108445777013,1050.0,1534.9133538199471,1050.0,0.001578131242157239,0.0
9910,1655503201000.0,0.0,0.0,1.4,1.7302076841100176,0.0,0.0,1.728,1.0,1.0,1534.9108445777013,1050.0,1534.9077538199472,1050.0,0.001578131242157239,0.0
9911,1655506801000.0,0.0,0.0,0.9,1.7302076841100176,0.0,0.0,1.72,1.0,1.0,1534.9166536356468,1050.0,1534.9074667199477,1050.0,0.0010145091018529371,0.0
9912,1655510401000.0,0.0,0.0,0.9,1.7302076841100176,0.0,0.0,1.714,1.0,1.0,1534.9166536356468,1050.0,1534.9020667199477,1050.0,0.0010145091018529371,0.0
9913,1655514001000.0,0.0,0.0,0.6,1.7344717894066788,0.0,0.0,1.733,1.0,1.0,1534.9224278335923,1050.0,1534.9215447599483,1050.0,0.0006780036924164563,0.0
9914,1655517601000.0,0.0,0.0,3.3,1.686479719286063,0.0,0.0,1.672,1.0,1.0,1534.9219753635923,1050.0,1534.8741922899483,1050.0,0.0036258410283856153,0.0
9915,1655521201000.0,0.0,0.0,3.3,1.686479719286063,0.0,0.0,1.677,1.0,1.0,1534.9219753635923,1050.0,1534.8906922899482,1050.0,0.0036258410283856153,0.0
9916,1655524801000.0,0.0,0.0,3.3,1.686479719286063,0.0,0.0,1.677,1.0,1.0,1534.9219753635923,1050.0,1534.8906922899482,1050.0,0.0036258410283856153,0.0
9917,1655528401000.0,0.0,0.0,3.3,1.686479719286063,0.0,0.0,1.686,1.0,1.0,1534.9219753635923,1050.0,1534.9203922899483,1050.0,0.0036258410283856153,0.0
9918,1655532001000.0,0.0,0.0,3.3,1.686479719286063,0.0,0.0,1.676,1.0,1.0,1534.9219753635923,1050.0,1534.8873922899484,1050.0,0.0036258410283856153,0.0
9919,1655535601000.0,0.0,0.0,18.0,1.6382990596468896,0.0,0.0,1.619,1.0,1.0,1534.9195829635923,1050.0,1534.5721998899483,1050.0,0.019212330991768636,0.0
9920,1655539201000.0,0.0,0.0,42.0,1.6129853112772383,0.0,0.0,1.577,1.0,1.0,1534.9157573635923,1050.0,1533.4043742899482,1050.0,0.04413622229665886,0.0
9921,1655542801000.0,0.0,0.0,98.0,1.583850847690245,0.0,0.0,1.556,1.0,1.0,1534.9070101635923,1050.0,1532.1776270899484,1050.0,0.10112494245309411,0.0
9922,1655546401000.0,0.0,0.0,98.0,1.583850847690245,0.0,0.0,1.558,1.0,1.0,1534.9070101635923,1050.0,1532.3736270899483,1050.0,0.10112494245309411,0.0
9923,1655550001000.0,0.0,0.0,19.2,1.583850847690245,0.0,0.0,1.589,1.0,1.0,1535.9545766056015,1050.0,1536.0534403299487,1050.0,0.01979872109425101,0.0
9924,1655553601000.0,0.0,0.0,0.7,1.602241890798169,0.0,0.0,1.585,1.0,1.0,1536.206498023507,1050.0,1536.1944286999483,1050.0,0.0007300902092275592,0.0
9925,1655557201000.0,0.0,0.0,1.6,1.5801683272241989,0.0,0.0,1.562,1.0,1.0,1536.206357353507,1050.0,1536.1772880299482,1050.0,0.0016457875671822397,0.0
9926,1655560801000.0,0.0,0.0,1.6,1.5801683272241989,0.0,0.0,1.563,1.0,1.0,1536.206357353507,1050.0,1536.1788880299482,1050.0,0.0016457875671822397,0.0
9927,1655564401000.0,0.0,0.0,3.7,1.5585052225834373,0.0,0.0,1.547,1.0,1.0,1536.206033533507,1050.0,1536.1634642099484,1050.0,0.0037537082902187042,0.0
9928,1655568001000.0,0.0,0.0,1.2,1.5585052225834373,0.0,0.0,1.573,1.0,1.0,1536.2476766470475,1050.0,1536.2650703799472,1050.0,0.0012173859043236842,0.0
9929,1655571601000.0,0.0,0.0,0.7,1.5948205673708982,0.0,0.0,1.574,1.0,1.0,1536.278819707107,1050.0,1536.2642453099475,1050.0,0.0007266743398652508,0.0
9930,1655575201000.0,0.0,0.0,3.7,1.5514255127458456,0.0,0.0,1.53,1.0,1.0,1536.278357317107,1050.0,1536.1990829199474,1050.0,0.003736480677358631,0.0
9931,1655578801000.0,0.0,0.0,8.6,1.5295319066464685,0.0,0.0,1.512,1.0,1.0,1536.277615947107,1050.0,1536.1268415499474,1050.0,0.008562237879805515,0.0
9932,1655582401000.0,0.0,0.0,46.9,1.483534635333894,0.0,0.0,1.463,1.0,1.0,1536.271973567107,1050.0,1535.3088991699474,1050.0,0.04529001087978278,0.0
9933,1655586001000.0,0.0,0.0,15.2,1.4569494917473458,0.0,0.0,1.457,1.0,1.0,1537.5606945745064,1050.0,1537.5614622999467,1050.0,0.014403094689337178,0.0
9934,1655589601000.0,0.0,0.0,0.6,1.5140764492218808,0.0,0.0,1.511,1.0,1.0,1537.9208739394794,1050.0,1537.9190280699463,1050.0,0.0005906974051311809,0.0
9935,1655593201000.0,0.0,0.0,0.7,1.5678425391905286,0.0,0.0,1.565,1.0,1.0,1537.9482491273798,1050.0,1537.9462593499463,1050.0,0.0007136064416056115,0.0
9936,1655596801000.0,0.0,0.0,0.7,1.5678425391905286,0.0,0.0,1.552,1.0,1.0,1537.9482491273798,1050.0,1537.9371593499463,1050.0,0.0007136064416056115,0.0
9937,1655600401000.0,0.0,0.0,0.7,1.5678425391905286,0.0,0.0,1.544,1.0,1.0,1537.9482491273798,1050.0,1537.9315593499464,1050.0,0.0007136064416056115,0.0
9938,1655604001000.0,0.0,0.0,3.7,1.5252404803873971,0.0,0.0,1.506,1.0,1.0,1537.9477945373797,1050.0,1537.8766047599463,1050.0,0.0036694287006867627,0.0
9939,1655607601000.0,0.0,0.0,8.6,1.503452299701555,0.0,0.0,1.502,1.0,1.0,1537.9470659073797,1050.0,1537.9345761299464,1050.0,0.00840710975302972,0.0
9940,1655611201000.0,0.0,0.0,0.7,1.5404548553192539,0.0,0.0,1.519,1.0,1.0,1538.129059148671,1050.0,1538.1140407499477,1050.0,0.0007010584660043475,0.0
9941,1655614801000.0,0.0,0.0,0.7,1.547456558836354,0.0,0.0,1.551,1.0,1.0,1538.1332360411332,1050.0,1538.1357164499477,1050.0,0.0007042430173171811,0.0
9942,1655618401000.0,0.0,0.0,3.7,1.525334315581326,0.0,0.0,1.519,1.0,1.0,1538.1418726475981,1050.0,1538.1184356799472,1050.0,0.0036691914237640265,0.0
9943,1655622001000.0,0.0,0.0,0.7,1.5309530825580902,0.0,0.0,1.536,1.0,1.0,1538.1874792177382,1050.0,1538.1910120599475,1050.0,0.0006967077630456796,0.0
9944,1655625601000.0,0.0,0.0,0.6,1.549998199333114,0.0,0.0,1.535,1.0,1.0,1538.1992469695474,1050.0,1538.1902480499475,1050.0,0.0006046023760784483,0.0
9945,1655629201000.0,0.0,0.0,0.6,1.549998199333114,0.0,0.0,1.551,1.0,1.0,1538.1992469695474,1050.0,1538.1998480499476,1050.0,0.0006046023760784483,0.0
9946,1655632801000.0,0.0,0.0,0.6,1.6009923372267072,0.0,0.0,1.59,1.0,1.0,1538.227638132283,1050.0,1538.221042729947,1050.0,0.0006244819547660579,0.0
9947,1655636401000.0,0.0,0.0,0.6,1.678952305837583,0.0,0.0,1.682,1.0,1.0,1538.26831943345,1050.0,1538.2701480499475,1050.0,0.0006548736464088192,0.0
9948,1655640001000.0,0.0,0.0,0.6,1.7018227346305743,0.0,0.0,1.666,1.0,1.0,1538.2787033407258,1050.0,1538.2572096999475,1050.0,0.0006637897531577374,0.0
9949,1655643601000.0,0.0,0.0,0.6,1.6826636384658789,0.0,0.0,1.661,1.0,1.0,1538.2916720030273,1050.0,1538.2786738199477,1050.0,0.0006563112844295112,0.0
9950,1655647201000.0,0.0,0.0,0.6,1.6826636384658789,0.0,0.0,1.646,1.0,1.0,1538.2916720030273,1050.0,1538.2696738199477,1050.0,0.0006563112844295112,0.0
9951,1655650801000.0,0.0,0.0,0.6,1.6730606064896354,0.0,0.0,1.69,1.0,1.0,1538.3078104738415,1050.0,1538.3179741099477,1050.0,0.0006525588422934495,0.0
9952,1655654401000.0,0.0,0.0,0.6,1.7723184974783663,0.0,0.0,1.779,1.0,1.0,1538.3568124684334,1050.0,1538.3608213699465,1050.0,0.0006912512688007096,0.0
9953,1655658001000.0,0.0,0.0,0.6,1.7998777278969618,0.0,0.0,1.806,1.0,1.0,1538.3690599266843,1050.0,1538.3727332899462,1050.0,0.0007019945115053499,0.0
9954,1655661601000.0,0.0,0.0,0.6,1.8827480728561277,0.0,0.0,1.88,1.0,1.0,1538.4078785236609,1050.0,1538.4062296799473,1050.0,0.0007342973599418565,0.0
9955,1655665201000.0,0.0,0.0,0.0,1.936,0.0,0.0,1.972,1.0,1.0,1538.453606109946,1050.0,1538.453606109946,1050.0,0.0,0.0
9956,1655668801000.0,0.0,0.0,0.6,1.9746666666666668,0.0,0.0,1.951,1.0,1.0,1538.4722757399456,1050.0,1538.4580757399456,1050.0,0.0007701146251921615,0.0
9957,1655672401000.0,0.0,0.0,1.2,1.9934166666666666,0.0,0.0,1.995,1.0,1.0,1538.5025552099455,1050.0,1538.5044552099455,1050.0,0.00155482354702594,0.0
9958,1655676001000.0,0.0,0.0,0.5,2.095,0.0,0.0,2.088,1.0,1.0,1538.572338329946,1050.0,1538.568838329946,1050.0,0.0006808259669720932,0.0
9959,1655679601000.0,0.0,0.0,1.2,2.09025,0.0,0.0,2.064,1.0,1.0,1538.6106552599458,1050.0,1538.5791552599458,1050.0,0.001630236987781829,0.0
9960,1655683201000.0,0.0,0.0,0.5,2.0737871428571433,0.0,0.0,2.085,1.0,1.0,1538.657478031376,1050.0,1538.6630844599474,1050.0,0.0006738949936767066,0.0
9961,1655686801000.0,0.0,0.0,2.8,2.0224057653061225,0.0,0.0,2.0,1.0,1.0,1538.6597747828048,1050.0,1538.5970386399476,1050.0,0.0036803042723700806,0.0
9962,1655690401000.0,0.0,0.0,0.9,1.9942824835164834,0.0,0.0,2.012,1.0,1.0,1538.7347383851113,1050.0,1538.7506841499464,1050.0,0.0011664481150588171,0.0
9963,1655694001000.0,0.0,0.0,0.5,2.041171674479585,0.0,0.0,2.039,1.0,1.0,1538.7883728471852,1050.0,1538.7872870099454,1050.0,0.000663239893963733,0.0
9964,1655697601000.0,0.0,0.0,0.5,2.1060703270578083,0.0,0.0,2.114,1.0,1.0,1538.8119952334746,1050.0,1538.8159600699457,1050.0,0.0006843169710079713,0.0
9965,1655701201000.0,0.0,0.0,0.5,2.24244,0.0,0.0,2.243,1.0,1.0,1538.870824879945,1050.0,1538.871104879945,1050.0,0.0007285991662669101,0.0
9966,1655704801000.0,0.0,0.0,0.0,2.277,0.0,0.0,2.914,1.0,1.0,1538.9059979699462,1050.0,1538.9059979699462,1050.0,0.0,0.0
9967,1655708401000.0,0.0,0.0,0.0,2.277,0.0,0.0,2.802,1.0,1.0,1538.9059979699462,1050.0,1538.9059979699462,1050.0,0.0,0.0
9968,1655712001000.0,0.0,0.0,0.0,2.277,0.0,0.0,2.804,1.0,1.0,1538.9059979699462,1050.0,1538.9059979699462,1050.0,0.0,0.0
9969,1655715601000.0,0.0,0.0,0.0,2.7802499999999997,0.0,0.0,2.849,1.0,1.0,1538.9505369599462,1050.0,1538.9505369599462,1050.0,0.0,0.0
9970,1655719201000.0,0.0,0.0,0.4,2.7883969184027775,0.0,0.0,2.792,1.0,1.0,1538.9754091573059,1050.0,1538.9768503899447,1050.0,0.0007247411236881595,0.0
9971,1655722801000.0,0.0,0.0,0.0,2.9186587193335827,0.0,0.0,2.949,1.0,1.0,1539.0517006799453,1050.0,1539.0517006799453,1050.0,0.0,0.0
9972,1655726401000.0,0.0,0.0,0.9,2.900398690450759,0.0,0.0,2.875,1.0,1.0,1539.1176197913512,1050.0,1539.0947609699456,1050.0,0.0016960099656058473,0.0
9973,1655730001000.0,0.0,0.0,2.1,2.820073228858303,0.0,0.0,2.816,1.0,1.0,1539.1686990305482,1050.0,1539.1601452499458,1050.0,0.0038476313768156336,0.0
9974,1655733601000.0,0.0,0.0,62.0,2.648592802912942,0.0,0.0,2.625,1.0,1.0,1539.1528699705482,1050.0,1537.6901161899457,1050.0,0.10669034699830994,0.0
9975,1655737201000.0,0.0,0.0,21.5,2.648592802912942,0.0,0.0,2.672,1.0,1.0,1539.8470641525744,1050.0,1540.350318889946,1050.0,0.03698077983735789,0.0
9976,1655740801000.0,0.0,0.0,0.4,2.737218767504502,0.0,0.0,2.727,1.0,1.0,1540.732126266948,1050.0,1540.7280387599462,1050.0,0.0007106280763124038,0.0
9977,1655744401000.0,0.0,0.0,0.4,2.927139638531952,0.0,0.0,2.937,1.0,1.0,1540.7847313653588,1050.0,1540.788675509946,1050.0,0.0007599087864631373,0.0
9978,1655748001000.0,0.0,0.0,2.1,2.8853235811460305,0.0,0.0,2.859,1.0,1.0,1540.866102670353,1050.0,1540.8108231499464,1050.0,0.00393232060196923,0.0
9979,1655751601000.0,0.0,0.0,0.9,3.0459480696301027,0.0,0.0,3.02,1.0,1.0,1540.9715454026134,1050.0,1540.9481921399463,1050.0,0.001778977211387023,0.0
9980,1655755201000.0,0.0,0.0,0.4,3.000690430872715,0.0,0.0,3.027,1.0,1.0,1541.1338765122948,1050.0,1541.1444003399458,1050.0,0.0007788266747243295,0.0
9981,1655758801000.0,0.0,0.0,2.1,3.016844655956285,0.0,0.0,2.979,1.0,1.0,1541.166242667454,1050.0,1541.086768889946,1050.0,0.0041107659914370554,0.0
9982,1655762401000.0,0.0,0.0,3.1,2.930699454167386,0.0,0.0,2.969,1.0,1.0,1541.4316701978646,1050.0,1541.5504018899458,1050.0,0.0058939805659713,0.0
9983,1655766001000.0,0.0,0.0,0.4,2.930699454167386,0.0,0.0,2.915,1.0,1.0,1541.4909843716123,1050.0,1541.4847045899453,1050.0,0.0007604843580352392,0.0
9984,1655769601000.0,0.0,0.0,0.3,3.258,0.0,0.0,3.263,1.0,1.0,1541.5819875199447,1050.0,1541.5834875199448,1050.0,0.0006340240142351524,0.0
9985,1655773201000.0,0.0,0.0,1.1,3.1499106566884345,0.0,0.0,3.183,1.0,1.0,1541.6665833923018,1050.0,1541.7029816699446,1050.0,0.0022475039413081565,0.0
9986,1655776801000.0,0.0,0.0,0.3,3.2453348669933195,0.0,0.0,3.245,1.0,1.0,1541.7216554100423,1050.0,1541.7215549499444,1050.0,0.0006315020981131988,0.0
9987,1655780401000.0,0.0,0.0,2.6,3.069268243878149,0.0,0.0,3.052,1.0,1.0,1541.7732274440273,1050.0,1541.728330009944,1050.0,0.005175921654387982,0.0
9988,1655784001000.0,0.0,0.0,0.9,3.062317235684253,0.0,0.0,3.06,1.0,1.0,1541.8504329120597,1050.0,1541.8483473999438,1050.0,0.001787518071328403,0.0
9989,1655787601000.0,0.0,0.0,2.1,3.0198502438646795,0.0,0.0,2.98,1.0,1.0,1541.8500743520597,1050.0,1541.7663888399438,1050.0,0.004113036421378926,0.0
9990,1655791201000.0,0.0,0.0,0.9,3.0429365486992594,0.0,0.0,3.008,1.0,1.0,1541.9180490437727,1050.0,1541.8866061499434,1050.0,0.0017761273989416722,0.0
9991,1655794801000.0,0.0,0.0,0.4,3.0539018086433325,0.0,0.0,3.026,1.0,1.0,1541.9386903733998,1050.0,1541.9275296499425,1050.0,0.000792223926336213,0.0
9992,1655798401000.0,0.0,0.0,2.6,3.202506493506494,0.0,0.0,3.177,1.0,1.0,1542.0155193830594,1050.0,1541.9492024999424,1050.0,0.005399762050675221,0.0
9993,1655802001000.0,0.0,0.0,0.3,3.2039967042559647,0.0,0.0,3.217,1.0,1.0,1542.1741190512191,1050.0,1542.1780200399423,1050.0,0.0006232752835121764,0.0
9994,1655805601000.0,0.0,0.0,0.7,3.159998587538271,0.0,0.0,3.138,1.0,1.0,1542.173993971219,1050.0,1542.1585949599423,1050.0,0.0014343381615330695,0.0
9995,1655809201000.0,0.0,0.0,0.4,3.159998587538271,0.0,0.0,3.105,1.0,1.0,1542.1801989649575,1050.0,1542.1581995299423,1050.0,0.0008196185088251348,0.0
9996,1655812801000.0,0.0,0.0,1.7,3.0313468234725116,0.0,0.0,3.038,1.0,1.0,1542.2535525698456,1050.0,1542.2648629699424,1050.0,0.0033414023208546877,0.0
9997,1655816401000.0,0.0,0.0,0.4,3.125773337380987,0.0,0.0,3.092,1.0,1.0,1542.3191076848943,1050.0,1542.3055983499419,1050.0,0.0008106683816095476,0.0
9998,1655820001000.0,0.0,0.0,0.4,3.166112839805999,0.0,0.0,3.14,1.0,1.0,1542.3349632158638,1050.0,1542.3245180799413,1050.0,0.000821121978121914,0.0
9999,1655823601000.0,0.0,0.0,0.5,3.036784721616816,0.0,0.0,3.033,1.0,1.0,1542.4634997507496,1050.0,1542.4616073899413,1050.0,0.0009843943542610692,0.0
10000,1655827201000.0,0.0,0.0,2.1,2.986641604448412,0.0,0.0,2.96,1.0,1.0,1542.476851169282,1050.0,1542.4209037999403,1050.0,0.00406615331995886,0.0
10001,1655830801000.0,0.0,0.0,0.4,2.9919812033363087,0.0,0.0,2.972,1.0,1.0,1542.5305231812754,1050.0,1542.522530699941,1050.0,0.0007758630791086644,0.0
10002,1655834401000.0,0.0,0.0,0.4,2.9674328008340765,0.0,0.0,2.928,1.0,1.0,1542.5488894602743,1050.0,1542.5331163399405,1050.0,0.0007694881688637715,0.0
10003,1655838001000.0,0.0,0.0,0.4,2.972574600625557,0.0,0.0,2.955,1.0,1.0,1542.5507864301908,1050.0,1542.5437565899406,1050.0,0.0007708205465324777,0.0
10004,1655841601000.0,0.0,0.0,0.9,2.969377242067276,0.0,0.0,2.928,1.0,1.0,1542.5641279778013,1050.0,1542.5268884599407,1050.0,0.0017324657493260514,0.0
10005,1655845201000.0,0.0,0.0,0.4,3.085,0.0,0.0,3.037,1.0,1.0,1542.692830489941,1050.0,1542.673630489941,1050.0,0.0007999000031704926,0.0
10006,1655848801000.0,0.0,0.0,4.9,2.9595714285714285,0.0,0.0,2.935,1.0,1.0,1542.6915036999408,1050.0,1542.5711036999407,1050.0,0.009400388843277556,0.0
10007,1655852401000.0,0.0,0.0,0.4,3.0214470040457577,0.0,0.0,3.036,1.0,1.0,1542.855212521559,1050.0,1542.8610337199407,1050.0,0.0007833390922295731,0.0
10008,1655856001000.0,0.0,0.0,0.4,3.145093763331257,0.0,0.0,3.124,1.0,1.0,1542.8928616852738,1050.0,1542.8844241799413,1050.0,0.0008153758025417081,0.0
10009,1655859601000.0,0.0,0.0,0.3,3.401,0.0,0.0,3.365,1.0,1.0,1542.9884411799414,1050.0,1542.9776411799414,1050.0,0.0006612492827358866,0.0
10010,1655863201000.0,0.0,0.0,8.6,3.2468488372093023,0.0,0.0,3.199,1.0,1.0,1542.9946777399416,1050.0,1542.5831777399417,1050.0,0.01809656274440252,0.0
10011,1655866801000.0,0.0,0.0,8.6,3.2468488372093023,0.0,0.0,3.209,1.0,1.0,1542.9946777399416,1050.0,1542.6691777399417,1050.0,0.01809656274440252,0.0
10012,1655870401000.0,0.0,0.0,11.9,3.196587064676616,0.0,0.0,3.219,1.0,1.0,1543.1639921995932,1050.0,1543.4307061299414,1050.0,0.0246502551005167,0.0
10013,1655874001000.0,0.0,0.0,0.3,3.520222222222223,0.0,0.0,3.535,1.0,1.0,1543.8510145766077,1050.0,1543.855447909941,1050.0,0.000684047007577533,0.0
10014,1655877601000.0,0.0,0.0,0.7,3.553285714285715,0.0,0.0,3.498,1.0,1.0,1543.9042409499407,1050.0,1543.8655409499406,1050.0,0.0016110455130750872,0.0
10015,1655881201000.0,0.0,0.0,8.6,3.40646511627907,0.0,0.0,3.37,1.0,1.0,1543.9015601199405,1050.0,1543.5879601199406,1050.0,0.018975043977366098,0.0
10016,1655884801000.0,0.0,0.0,8.1,3.353562189054726,0.0,0.0,3.325,1.0,1.0,1544.162951551284,1050.0,1543.9315978199409,1050.0,0.017591312953114276,0.0
10017,1655888401000.0,0.0,0.0,0.3,3.3774999078680676,0.0,0.0,3.37,1.0,1.0,1544.4193036922995,1050.0,1544.417053719939,1050.0,0.000656071812841245,0.0
10018,1655892001000.0,0.0,0.0,0.3,3.513396314060971,0.0,0.0,3.484,1.0,1.0,1544.452301334158,1050.0,1544.4434824399395,1050.0,0.0006824548050514663,0.0
10019,1655895601000.0,0.0,0.0,8.6,3.4136504694964813,0.0,0.0,3.376,1.0,1.0,1544.4693479976092,1050.0,1544.1455539599394,1050.0,0.01900807813099777,0.0
10020,1655899201000.0,0.0,0.0,20.1,3.3606414944114293,0.0,0.0,3.317,1.0,1.0,1544.4655288476092,1050.0,1543.5883348099394,1050.0,0.04373609690600917,0.0
10021,1655902801000.0,0.0,0.0,46.9,3.3008463547477556,0.0,0.0,3.26,1.0,1.0,1544.4568027676091,1050.0,1542.5411087299394,1050.0,0.10023569047723221,0.0
10022,1655906401000.0,0.0,0.0,0.2,3.3343761576656696,0.0,0.0,3.358,1.0,1.0,1546.683510991473,1050.0,1546.6882357599397,1050.0,0.00043116463503619165,0.0
10023,1655910001000.0,0.0,0.0,3.7,3.2064797923062525,0.0,0.0,3.192,1.0,1.0,1546.682391281473,1050.0,1546.6288160499398,1050.0,0.0076705956558433906,0.0
10024,1655913601000.0,0.0,0.0,1.1,3.2064797923062525,0.0,0.0,3.184,1.0,1.0,1546.737504541477,1050.0,1546.71277676994,1050.0,0.0022803661003762098,0.0
10025,1655917201000.0,0.0,0.0,0.3,3.199718089093354,0.0,0.0,3.214,1.0,1.0,1546.8232683666681,1050.0,1546.82755293994,1050.0,0.0006205721405662628,0.0
10026,1655920801000.0,0.0,0.0,0.3,3.2414026798656828,0.0,0.0,3.183,1.0,1.0,1546.8332142938998,1050.0,1546.81569348994,1050.0,0.0006286526530293032,0.0
10027,1655924401000.0,0.0,0.0,0.7,3.1966011485138646,0.0,0.0,3.146,1.0,1.0,1546.8330877738997,1050.0,1546.79766696994,1050.0,0.0014465819367621244,0.0
10028,1655928001000.0,0.0,0.0,3.7,3.1092758929620823,0.0,0.0,3.056,1.0,1.0,1546.8321611038998,1050.0,1546.63504029994,1050.0,0.007437342649864239,0.0
10029,1655931601000.0,0.0,0.0,8.6,3.064676837669733,0.0,0.0,3.041,1.0,1.0,1546.8306759138998,1050.0,1546.62705510994,1050.0,0.017038853194702712,0.0
10030,1655935201000.0,0.0,0.0,8.6,3.064676837669733,0.0,0.0,3.038,1.0,1.0,1546.8306759138998,1050.0,1546.60125510994,1050.0,0.017038853194702712,0.0
10031,1655938801000.0,0.0,0.0,8.6,3.064676837669733,0.0,0.0,3.022,1.0,1.0,1546.8306759138998,1050.0,1546.46365510994,1050.0,0.017038853194702712,0.0
10032,1655942401000.0,0.0,0.0,20.1,3.0179463086547114,0.0,0.0,2.968,1.0,1.0,1546.8272454638998,1050.0,1545.82332465994,1050.0,0.03921622209710129,0.0
10033,1655946001000.0,0.0,0.0,0.4,3.1059189108909373,0.0,0.0,3.085,1.0,1.0,1547.4323138642967,1050.0,1547.4239462999403,1050.0,0.0008028574518092462,0.0
10034,1655949601000.0,0.0,0.0,0.9,3.086512902399593,0.0,0.0,3.064,1.0,1.0,1547.4403043820998,1050.0,1547.4200427699402,1050.0,0.0017951332948309415,0.0
10035,1655953201000.0,0.0,0.0,0.4,3.091884676799695,0.0,0.0,3.105,1.0,1.0,1547.4523791406596,1050.0,1547.4576252699396,1050.0,0.0007992193410220994,0.0
10036,1655956801000.0,0.0,0.0,0.4,3.091884676799695,0.0,0.0,3.021,1.0,1.0,1547.4523791406596,1050.0,1547.4240252699396,1050.0,0.0007992193410220994,0.0
10037,1655960401000.0,0.0,0.0,0.8,3.0502820785776423,0.0,0.0,3.067,1.0,1.0,1547.454269372802,1050.0,1547.46764370994,1050.0,0.0015769290964903026,0.0
10038,1655964001000.0,0.0,0.0,0.4,3.067087751899942,0.0,0.0,3.057,1.0,1.0,1547.4683713307002,1050.0,1547.4643362299403,1050.0,0.0007928014061476397,0.0
10039,1655967601000.0,0.0,0.0,0.4,3.0725658139249563,0.0,0.0,3.062,1.0,1.0,1547.4704007855103,1050.0,1547.4661744599402,1050.0,0.0007942163707597364,0.0
10040,1655971201000.0,0.0,0.0,0.9,3.0311403617444252,0.0,0.0,2.977,1.0,1.0,1547.4702508855103,1050.0,1547.4215245599403,1050.0,0.0017628941971639983,0.0
10041,1655974801000.0,0.0,0.0,0.9,3.0311403617444252,0.0,0.0,2.994,1.0,1.0,1547.4702508855103,1050.0,1547.4368245599403,1050.0,0.0017628941971639983,0.0
10042,1655978401000.0,0.0,0.0,0.9,3.0311403617444252,0.0,0.0,3.042,1.0,1.0,1547.4702508855103,1050.0,1547.4800245599404,1050.0,0.0017628941971639983,0.0
10043,1655982001000.0,0.0,0.0,0.7,3.190428571428572,0.0,0.0,3.154,1.0,1.0,1547.5281467699403,1050.0,1547.5026467699404,1050.0,0.0014431401487988629,0.0
10044,1655985601000.0,0.0,0.0,1.6,3.1468749999999996,0.0,0.0,3.097,1.0,1.0,1547.5278665999404,1050.0,1547.4480665999404,1050.0,0.003253576306229854,0.0
10045,1655989201000.0,0.0,0.0,3.7,3.1032432432432433,0.0,0.0,3.047,1.0,1.0,1547.5272218999403,1050.0,1547.3191218999402,1050.0,0.007419578691419234,0.0
10046,1655992801000.0,0.0,0.0,3.7,3.1032432432432433,0.0,0.0,3.035,1.0,1.0,1547.5272218999403,1050.0,1547.2747218999402,1050.0,0.007419578691419234,0.0
10047,1655996401000.0,0.0,0.0,8.6,3.0586627906976744,0.0,0.0,3.07,1.0,1.0,1547.5257396499403,1050.0,1547.6232396499404,1050.0,0.016997778664379588,0.0
10048,1656000001000.0,0.0,0.0,20.1,3.0119402985074624,0.0,0.0,2.975,1.0,1.0,1547.5223160999403,1050.0,1546.7798160999403,1050.0,0.03912059901828923,0.0
10049,1656003601000.0,0.0,0.0,20.1,3.0119402985074624,0.0,0.0,2.98,1.0,1.0,1547.5223160999403,1050.0,1546.8803160999403,1050.0,0.03912059901828923,0.0
10050,1656007201000.0,0.0,0.0,5.7,3.0119402985074624,0.0,0.0,3.013,1.0,1.0,1547.921998201433,1050.0,1547.9280384999406,1050.0,0.0110910367069145,0.0
10051,1656010801000.0,0.0,0.0,5.7,3.0119402985074624,0.0,0.0,3.005,1.0,1.0,1547.921998201433,1050.0,1547.8824384999405,1050.0,0.0110910367069145,0.0
10052,1656014401000.0,0.0,0.0,0.4,3.0254552238805967,0.0,0.0,3.068,1.0,1.0,1548.0964458694918,1050.0,1548.1134637799396,1050.0,0.0007817226715952683,0.0
10053,1656018001000.0,0.0,0.0,0.4,3.0671609847794703,0.0,0.0,3.038,1.0,1.0,1548.1117986238517,1050.0,1548.1001342299398,1050.0,0.0007924908233387105,0.0
10054,1656021601000.0,0.0,0.0,0.4,3.091935369292301,0.0,0.0,3.054,1.0,1.0,1548.119422347657,1050.0,1548.1042481999402,1050.0,0.0007988880766326187,0.0
10055,1656025201000.0,0.0,0.0,0.4,3.091935369292301,0.0,0.0,3.063,1.0,1.0,1548.119422347657,1050.0,1548.1078481999402,1050.0,0.0007988880766326187,0.0
10056,1656028801000.0,0.0,0.0,0.4,3.150716836329914,0.0,0.0,3.109,1.0,1.0,1548.136557494472,1050.0,1548.11987075994,1050.0,0.0008140669041312693,0.0
10057,1656032401000.0,0.0,0.0,6.7,3.135441860465116,0.0,0.0,3.06,1.0,1.0,1548.2100220350562,1050.0,1547.7045615699399,1050.0,0.0135688699634581,0.0
10058,1656036001000.0,0.0,0.0,36.4,3.0373175951955025,0.0,0.0,2.994,1.0,1.0,1548.201066945056,1050.0,1546.6243064799398,1050.0,0.07141085407160482,0.0
10059,1656039601000.0,0.0,0.0,0.5,3.0373175951955025,0.0,0.0,3.071,1.0,1.0,1549.416838627537,1050.0,1549.4336798299391,1050.0,0.0009801486338195274,0.0
10060,1656043201000.0,0.0,0.0,0.4,3.1026997247525796,0.0,0.0,3.059,1.0,1.0,1549.4416719398403,1050.0,1549.4241920499392,1050.0,0.0008009852273737086,0.0
10061,1656046801000.0,0.0,0.0,0.4,3.1026997247525796,0.0,0.0,3.063,1.0,1.0,1549.4416719398403,1050.0,1549.4257920499392,1050.0,0.0008009852273737086,0.0
10062,1656050401000.0,0.0,0.0,0.9,3.0611998776678133,0.0,0.0,3.01,1.0,1.0,1549.4415205398402,1050.0,1549.3954406499392,1050.0,0.0017781115668961396,0.0
10063,1656054001000.0,0.0,0.0,0.9,3.0611998776678133,0.0,0.0,3.018,1.0,1.0,1549.4415205398402,1050.0,1549.4026406499393,1050.0,0.0017781115668961396,0.0
10064,1656057601000.0,0.0,0.0,2.1,3.01879994757192,0.0,0.0,2.966,1.0,1.0,1549.4411620998403,1050.0,1549.3302822099392,1050.0,0.004091462163887279,0.0
10065,1656061201000.0,0.0,0.0,2.1,3.01879994757192,0.0,0.0,3.016,1.0,1.0,1549.4411620998403,1050.0,1549.4352822099393,1050.0,0.004091462163887279,0.0
10066,1656064801000.0,0.0,0.0,2.1,3.01879994757192,0.0,0.0,2.972,1.0,1.0,1549.4411620998403,1050.0,1549.3428822099393,1050.0,0.004091462163887279,0.0
10067,1656068401000.0,0.0,0.0,2.1,3.01879994757192,0.0,0.0,2.991,1.0,1.0,1549.4411620998403,1050.0,1549.3827822099393,1050.0,0.004091462163887279,0.0
10068,1656072001000.0,0.0,0.0,2.1,3.01879994757192,0.0,0.0,3.006,1.0,1.0,1549.4411620998403,1050.0,1549.4142822099393,1050.0,0.004091462163887279,0.0
10069,1656075601000.0,0.0,0.0,0.4,3.0335749705092043,0.0,0.0,3.024,1.0,1.0,1549.4934721781433,1050.0,1549.4896421899396,1050.0,0.0007831139723989591,0.0
10070,1656079201000.0,0.0,0.0,0.4,3.039181227881903,0.0,0.0,3.021,1.0,1.0,1549.4954535810925,1050.0,1549.4881810899399,1050.0,0.0007845602181943668,0.0
10071,1656082801000.0,0.0,0.0,0.4,3.056060830512677,0.0,0.0,3.031,1.0,1.0,1549.501421442145,1050.0,1549.49139710994,1050.0,0.0007889146245941106,0.0
10072,1656086401000.0,0.0,0.0,0.4,3.041320868843133,0.0,0.0,3.037,1.0,1.0,1549.5209199974763,1050.0,1549.519191649939,1050.0,0.0007850996600544345,0.0
10073,1656090001000.0,0.0,0.0,0.4,3.041320868843133,0.0,0.0,3.035,1.0,1.0,1549.5209199974763,1050.0,1549.518391649939,1050.0,0.0007850996600544345,0.0
10074,1656093601000.0,0.0,0.0,0.4,3.041320868843133,0.0,0.0,2.989,1.0,1.0,1549.5209199974763,1050.0,1549.4999916499391,1050.0,0.0007850996600544345,0.0
10075,1656097201000.0,0.0,0.0,0.4,3.041320868843133,0.0,0.0,3.035,1.0,1.0,1549.5209199974763,1050.0,1549.518391649939,1050.0,0.0007850996600544345,0.0
10076,1656100801000.0,0.0,0.0,0.4,3.041320868843133,0.0,0.0,3.057,1.0,1.0,1549.5209199974763,1050.0,1549.5271916499391,1050.0,0.0007850996600544345,0.0
10077,1656104401000.0,0.0,0.0,0.4,3.103483060385799,0.0,0.0,3.056,1.0,1.0,1549.5381521340937,1050.0,1549.5191589099393,1050.0,0.000801137566341698,0.0
10078,1656108001000.0,0.0,0.0,0.4,3.103483060385799,0.0,0.0,3.069,1.0,1.0,1549.5381521340937,1050.0,1549.5243589099393,1050.0,0.000801137566341698,0.0
10079,1656111601000.0,0.0,0.0,0.4,3.103483060385799,0.0,0.0,3.048,1.0,1.0,1549.5381521340937,1050.0,1549.5159589099394,1050.0,0.000801137566341698,0.0
10080,1656115201000.0,0.0,0.0,0.9,3.0621035823936884,0.0,0.0,3.026,1.0,1.0,1549.5380006840937,1050.0,1549.5055074599395,1050.0,0.0017785257431167491,0.0
10081,1656118801000.0,0.0,0.0,1.2,3.0197586781687233,0.0,0.0,3.043,1.0,1.0,1549.5555857137417,1050.0,1549.5834752999392,1050.0,0.00233854819227627,0.0
10082,1656122401000.0,0.0,0.0,0.4,3.049716613014321,0.0,0.0,3.041,1.0,1.0,1549.584273605145,1050.0,1549.5807869599391,1050.0,0.0007872347867648612,0.0
10083,1656126001000.0,0.0,0.0,0.9,3.008762939117476,0.0,0.0,2.98,1.0,1.0,1549.584124805145,1050.0,1549.5582381599393,1050.0,0.0017474925058013461,0.0
10084,1656129601000.0,0.0,0.0,0.9,3.008762939117476,0.0,0.0,3.003,1.0,1.0,1549.584124805145,1050.0,1549.5789381599393,1050.0,0.0017474925058013461,0.0
10085,1656133201000.0,0.0,0.0,2.1,2.9671841167646322,0.0,0.0,2.933,1.0,1.0,1549.583772485145,1050.0,1549.5119858399391,1050.0,0.004021135711309511,0.0
10086,1656136801000.0,0.0,0.0,4.9,2.925364621470557,0.0,0.0,2.882,1.0,1.0,1549.5829621651449,1050.0,1549.3704755199392,1050.0,0.009250415753911775,0.0
10087,1656140401000.0,0.0,0.0,4.9,2.925364621470557,0.0,0.0,2.885,1.0,1.0,1549.5829621651449,1050.0,1549.3851755199391,1050.0,0.009250415753911775,0.0
10088,1656144001000.0,0.0,0.0,4.9,2.925364621470557,0.0,0.0,2.937,1.0,1.0,1549.5829621651449,1050.0,1549.639975519939,1050.0,0.009250415753911775,0.0
10089,1656147601000.0,0.0,0.0,4.9,2.925364621470557,0.0,0.0,2.906,1.0,1.0,1549.5829621651449,1050.0,1549.4880755199392,1050.0,0.009250415753911775,0.0
10090,1656151201000.0,0.0,0.0,4.9,2.925364621470557,0.0,0.0,2.901,1.0,1.0,1549.5829621651449,1050.0,1549.4635755199392,1050.0,0.009250415753911775,0.0
10091,1656154801000.0,0.0,0.0,4.9,2.925364621470557,0.0,0.0,2.879,1.0,1.0,1549.5829621651449,1050.0,1549.3557755199392,1050.0,0.009250415753911775,0.0
10092,1656158401000.0,0.0,0.0,11.4,2.8829637408075204,0.0,0.0,2.841,1.0,1.0,1549.5811090151449,1050.0,1549.102722369939,1050.0,0.02120946522514977,0.0
10093,1656162001000.0,0.0,0.0,26.6,2.8378416032032225,0.0,0.0,2.805,1.0,1.0,1549.5768469351449,1050.0,1548.7032602899392,1050.0,0.04871432274850264,0.0
10094,1656165601000.0,0.0,0.0,26.6,2.8378416032032225,0.0,0.0,2.8,1.0,1.0,1549.5768469351449,1050.0,1548.5702602899391,1050.0,0.04871432274850264,0.0
10095,1656169201000.0,0.0,0.0,26.6,2.8378416032032225,0.0,0.0,2.82,1.0,1.0,1549.5768469351449,1050.0,1549.102260289939,1050.0,0.04871432274850264,0.0
10096,1656172801000.0,0.0,0.0,26.6,2.8378416032032225,0.0,0.0,2.8,1.0,1.0,1549.5768469351449,1050.0,1548.5702602899391,1050.0,0.04871432274850264,0.0
10097,1656176401000.0,0.0,0.0,26.6,2.8378416032032225,0.0,0.0,2.851,1.0,1.0,1549.5768469351449,1050.0,1549.9268602899392,1050.0,0.04871432274850264,0.0
10098,1656180001000.0,0.0,0.0,1.8,2.8378416032032225,0.0,0.0,2.864,1.0,1.0,1550.3673575657056,1050.0,1550.4144426799398,1050.0,0.0032947771125588316,0.0
10099,1656183601000.0,0.0,0.0,0.4,2.8604406012012085,0.0,0.0,2.872,1.0,1.0,1550.4008468404197,1050.0,1550.4054705999392,1050.0,0.0007379873681133583,0.0
10100,1656187201000.0,0.0,0.0,0.4,2.8604406012012085,0.0,0.0,2.838,1.0,1.0,1550.4008468404197,1050.0,1550.3918705999392,1050.0,0.0007379873681133583,0.0
10101,1656190801000.0,0.0,0.0,0.4,2.8604406012012085,0.0,0.0,2.853,1.0,1.0,1550.4008468404197,1050.0,1550.3978705999393,1050.0,0.0007379873681133583,0.0
10102,1656194401000.0,0.0,0.0,0.4,2.9050127275839315,0.0,0.0,2.915,1.0,1.0,1550.415369160973,1050.0,1550.4193640699393,1050.0,0.0007494798582023904,0.0
10103,1656198001000.0,0.0,0.0,0.4,2.9050127275839315,0.0,0.0,2.871,1.0,1.0,1550.415369160973,1050.0,1550.4017640699394,1050.0,0.0007494798582023904,0.0
10104,1656201601000.0,0.0,0.0,0.4,2.9050127275839315,0.0,0.0,2.853,1.0,1.0,1550.415369160973,1050.0,1550.3945640699394,1050.0,0.0007494798582023904,0.0
10105,1656205201000.0,0.0,0.0,0.4,2.915257159265961,0.0,0.0,2.932,1.0,1.0,1550.4191498336456,1050.0,1550.4258469699394,1050.0,0.0007521210401919397,0.0
10106,1656208801000.0,0.0,0.0,0.4,2.9255821520871024,0.0,0.0,2.907,1.0,1.0,1550.422962310774,1050.0,1550.4155294499392,1050.0,0.0007547829781176022,0.0
10107,1656212401000.0,0.0,0.0,0.4,2.9255821520871024,0.0,0.0,2.882,1.0,1.0,1550.422962310774,1050.0,1550.4055294499392,1050.0,0.0007547829781176022,0.0
10108,1656216001000.0,0.0,0.0,0.4,2.9255821520871024,0.0,0.0,2.879,1.0,1.0,1550.422962310774,1050.0,1550.404329449939,1050.0,0.0007547829781176022,0.0
10109,1656219601000.0,0.0,0.0,0.9,2.8863698453720454,0.0,0.0,2.901,1.0,1.0,1550.422819560774,1050.0,1550.4359866999393,1050.0,0.001675499630204594,0.0
10110,1656223201000.0,0.0,0.0,0.9,2.8863698453720454,0.0,0.0,2.862,1.0,1.0,1550.422819560774,1050.0,1550.4008866999393,1050.0,0.001675499630204594,0.0
10111,1656226801000.0,0.0,0.0,0.9,2.8863698453720454,0.0,0.0,2.884,1.0,1.0,1550.422819560774,1050.0,1550.4206866999393,1050.0,0.001675499630204594,0.0
10112,1656230401000.0,0.0,0.0,0.4,2.914822769010887,0.0,0.0,2.916,1.0,1.0,1550.4524357675432,1050.0,1550.452906659939,1050.0,0.0007519928252601749,0.0
10113,1656234001000.0,0.0,0.0,0.4,2.966562353345817,0.0,0.0,2.973,1.0,1.0,1550.469158051277,1050.0,1550.4717331099387,1050.0,0.0007653328253428457,0.0
10114,1656237601000.0,0.0,0.0,0.9,2.926805490375919,0.0,0.0,2.896,1.0,1.0,1550.469013301277,1050.0,1550.4412883599387,1050.0,0.001698921370721055,0.0
10115,1656241201000.0,0.0,0.0,0.9,2.926805490375919,0.0,0.0,2.911,1.0,1.0,1550.469013301277,1050.0,1550.4547883599387,1050.0,0.001698921370721055,0.0
10116,1656244801000.0,0.0,0.0,0.6,2.926805490375919,0.0,0.0,2.937,1.0,1.0,1550.476283114164,1050.0,1550.4823998199386,1050.0,0.0011326089365897435,0.0
10117,1656248401000.0,0.0,0.0,0.9,2.92464471048861,0.0,0.0,2.893,1.0,1.0,1550.493261629378,1050.0,1550.4647813899383,1050.0,0.0016976405538671293,0.0
10118,1656252001000.0,0.0,0.0,0.9,2.92464471048861,0.0,0.0,2.883,1.0,1.0,1550.493261629378,1050.0,1550.4557813899382,1050.0,0.0016976405538671293,0.0
10119,1656255601000.0,0.0,0.0,0.9,2.92464471048861,0.0,0.0,2.907,1.0,1.0,1550.493261629378,1050.0,1550.4773813899383,1050.0,0.0016976405538671293,0.0
10120,1656259201000.0,0.0,0.0,4.9,2.843546987640765,0.0,0.0,2.847,1.0,1.0,1550.492131509378,1050.0,1550.5090512699383,1050.0,0.00898642434636275,0.0
10121,1656262801000.0,0.0,0.0,4.9,2.843546987640765,0.0,0.0,2.828,1.0,1.0,1550.492131509378,1050.0,1550.4159512699382,1050.0,0.00898642434636275,0.0
10122,1656266401000.0,0.0,0.0,11.4,2.8021824771438375,0.0,0.0,2.78,1.0,1.0,1550.490330359378,1050.0,1550.2374501199383,1050.0,0.020603082530695597,0.0
10123,1656270001000.0,0.0,0.0,26.6,2.758078204490216,0.0,0.0,2.739,1.0,1.0,1550.486188359378,1050.0,1549.9787081199383,1050.0,0.04731733877427804,0.0
10124,1656273601000.0,0.0,0.0,26.6,2.758078204490216,0.0,0.0,2.75,1.0,1.0,1550.486188359378,1050.0,1550.2713081199383,1050.0,0.04731733877427804,0.0
10125,1656277201000.0,0.0,0.0,0.9,2.758078204490216,0.0,0.0,2.803,1.0,1.0,1551.0253356139792,1050.0,1551.065765229938,1050.0,0.001600406084313625,0.0
10126,1656280801000.0,0.0,0.0,0.4,2.778024744389482,0.0,0.0,2.771,1.0,1.0,1551.0450131776936,1050.0,1551.042203279938,1050.0,0.0007164265951761184,0.0
10127,1656284401000.0,0.0,0.0,2.1,2.702623760836092,0.0,0.0,2.703,1.0,1.0,1551.0445567476936,1050.0,1551.045346849938,1050.0,0.0036591533576936573,0.0
10128,1656288001000.0,0.0,0.0,2.1,2.702623760836092,0.0,0.0,2.663,1.0,1.0,1551.0445567476936,1050.0,1550.9613468499379,1050.0,0.0036591533576936573,0.0
10129,1656291601000.0,0.0,0.0,2.1,2.702623760836092,0.0,0.0,2.697,1.0,1.0,1551.0445567476936,1050.0,1551.032746849938,1050.0,0.0036591533576936573,0.0
10130,1656295201000.0,0.0,0.0,2.1,2.702623760836092,0.0,0.0,2.663,1.0,1.0,1551.0445567476936,1050.0,1550.9613468499379,1050.0,0.0036591533576936573,0.0
10131,1656298801000.0,0.0,0.0,2.1,2.702623760836092,0.0,0.0,2.705,1.0,1.0,1551.0445567476936,1050.0,1551.0495468499378,1050.0,0.0036591533576936573,0.0
10132,1656302401000.0,0.0,0.0,2.1,2.702623760836092,0.0,0.0,2.705,1.0,1.0,1551.0445567476936,1050.0,1551.0495468499378,1050.0,0.0036591533576936573,0.0
10133,1656306001000.0,0.0,0.0,0.9,2.702623760836092,0.0,0.0,2.736,1.0,1.0,1551.0676815746895,1050.0,1551.097720189937,1050.0,0.0015681852014884858,0.0
10134,1656309601000.0,0.0,0.0,0.4,2.7074678206270684,0.0,0.0,2.685,1.0,1.0,1551.078516838187,1050.0,1551.0695297099362,1050.0,0.0006982155426009345,0.0
10135,1656313201000.0,0.0,0.0,0.4,2.7074678206270684,0.0,0.0,2.702,1.0,1.0,1551.078516838187,1050.0,1551.076329709936,1050.0,0.0006982155426009345,0.0
10136,1656316801000.0,0.0,0.0,0.2,2.7175131491027256,0.0,0.0,2.756,1.0,1.0,1551.0871683097566,1050.0,1551.094865679936,1050.0,0.0003504010870084163,0.0
10137,1656320401000.0,0.0,0.0,0.4,2.768265058694427,0.0,0.0,2.782,1.0,1.0,1551.097539293414,1050.0,1551.1030332699363,1050.0,0.0007138854878089694,0.0
10138,1656324001000.0,0.0,0.0,0.4,2.768265058694427,0.0,0.0,2.771,1.0,1.0,1551.097539293414,1050.0,1551.0986332699363,1050.0,0.0007138854878089694,0.0
10139,1656327601000.0,0.0,0.0,0.4,2.77319879402082,0.0,0.0,2.77,1.0,1.0,1551.0993570375445,1050.0,1551.0980775199362,1050.0,0.0007151569708125911,0.0
10140,1656331201000.0,0.0,0.0,0.4,2.77319879402082,0.0,0.0,2.752,1.0,1.0,1551.0993570375445,1050.0,1551.0908775199362,1050.0,0.0007151569708125911,0.0
10141,1656334801000.0,0.0,0.0,0.9,2.7358661306759204,0.0,0.0,2.702,1.0,1.0,1551.0992217375444,1050.0,1551.0687422199362,1050.0,0.0015874416562791371,0.0
10142,1656338401000.0,0.0,0.0,4.9,2.659567248491495,0.0,0.0,2.636,1.0,1.0,1551.0981647775443,1050.0,1550.982685259936,1050.0,0.008401711647616664,0.0
10143,1656342001000.0,0.0,0.0,4.9,2.659567248491495,0.0,0.0,2.628,1.0,1.0,1551.0981647775443,1050.0,1550.9434852599359,1050.0,0.008401711647616664,0.0
10144,1656345601000.0,0.0,0.0,62.0,2.534514185767876,0.0,0.0,2.499,1.0,1.0,1551.0837539775443,1050.0,1548.881874459936,1050.0,0.10130973205969333,0.0
10145,1656349201000.0,0.0,0.0,62.0,2.534514185767876,0.0,0.0,2.481,1.0,1.0,1551.0837539775443,1050.0,1547.765874459936,1050.0,0.10130973205969333,0.0
10146,1656352801000.0,0.0,0.0,189.0,2.4656284630561287,0.0,0.0,2.447,1.0,1.0,1551.0528675875444,1050.0,1547.532088069936,1050.0,0.3004435175974466,0.0
10147,1656356401000.0,0.0,0.0,85.0,2.4656284630561287,0.0,0.0,2.449,1.0,1.0,1552.7296946297072,1050.0,1551.3162752699363,1050.0,0.1349741813302224,0.0
10148,1656360001000.0,0.0,0.0,85.0,2.4656284630561287,0.0,0.0,2.423,1.0,1.0,1552.7296946297072,1050.0,1549.1062752699363,1050.0,0.1349741813302224,0.0
10149,1656363601000.0,0.0,0.0,85.0,2.4656284630561287,0.0,0.0,2.453,1.0,1.0,1552.7296946297072,1050.0,1551.6562752699363,1050.0,0.1349741813302224,0.0
10150,1656367201000.0,0.0,0.0,85.0,2.4656284630561287,0.0,0.0,2.452,1.0,1.0,1552.7296946297072,1050.0,1551.5712752699362,1050.0,0.1349741813302224,0.0
10151,1656370801000.0,0.0,0.0,29.4,2.4656284630561287,0.0,0.0,2.454,1.0,1.0,1553.6261521637864,1050.0,1553.2842753499363,1050.0,0.04665824961358412,0.0
10152,1656374401000.0,0.0,0.0,29.4,2.4656284630561287,0.0,0.0,2.433,1.0,1.0,1553.6261521637864,1050.0,1552.6668753499362,1050.0,0.04665824961358412,0.0
10153,1656378001000.0,0.0,0.0,68.6,2.4212693413097695,0.0,0.0,2.4,1.0,1.0,1553.6167912037863,1050.0,1552.157714389936,1050.0,0.10691122659993388,0.0
10154,1656381601000.0,0.0,0.0,68.6,2.4212693413097695,0.0,0.0,2.354,1.0,1.0,1553.6167912037863,1050.0,1549.0021143899362,1050.0,0.10691122659993388,0.0
10155,1656385201000.0,0.0,0.0,198.1,2.355726283765019,0.0,0.0,2.344,1.0,1.0,1553.5867341737865,1050.0,1551.263757359936,1050.0,0.30038192689771503,0.0
10156,1656388801000.0,0.0,0.0,198.1,2.355726283765019,0.0,0.0,2.353,1.0,1.0,1553.5867341737865,1050.0,1553.0466573599363,1050.0,0.30038192689771503,0.0
10157,1656392401000.0,0.0,0.0,7.9,2.355726283765019,0.0,0.0,2.383,1.0,1.0,1557.5046927716799,1050.0,1557.7201551299363,1050.0,0.011948752211221613,0.0
10158,1656396001000.0,0.0,0.0,3.1,2.355726283765019,0.0,0.0,2.346,1.0,1.0,1557.6152646896082,1050.0,1557.5851132099367,1050.0,0.004688418022872166,0.0
10159,1656399601000.0,0.0,0.0,0.5,2.376548877293244,0.0,0.0,2.384,1.0,1.0,1557.6664853885843,1050.0,1557.6702109499377,1050.0,0.0007628554955717547,0.0
10160,1656403201000.0,0.0,0.0,0.5,2.429764848279329,0.0,0.0,2.416,1.0,1.0,1557.688264134078,1050.0,1557.6813817099385,1050.0,0.0007799265437844331,0.0
10161,1656406801000.0,0.0,0.0,0.3,2.450557207228335,0.0,0.0,2.472,1.0,1.0,1557.7010051121065,1050.0,1557.707437949938,1050.0,0.0004719565306537059,0.0
10162,1656410401000.0,0.0,0.0,0.4,2.4636413217994533,0.0,0.0,2.439,1.0,1.0,1557.7041708386575,1050.0,1557.6943143099377,1050.0,0.0006326339411348036,0.0
10163,1656414001000.0,0.0,0.0,0.4,2.4636413217994533,0.0,0.0,2.44,1.0,1.0,1557.7041708386575,1050.0,1557.6947143099378,1050.0,0.0006326339411348036,0.0
10164,1656417601000.0,0.0,0.0,0.4,2.4636413217994533,0.0,0.0,2.435,1.0,1.0,1557.7041708386575,1050.0,1557.6927143099379,1050.0,0.0006326339411348036,0.0
10165,1656421201000.0,0.0,0.0,0.4,2.502557747837397,0.0,0.0,2.491,1.0,1.0,1557.714637419073,1050.0,1557.710014319938,1050.0,0.0006426229009400088,0.0
10166,1656424801000.0,0.0,0.0,0.4,2.5790882862637607,0.0,0.0,2.578,1.0,1.0,1557.7410314744434,1050.0,1557.740596159938,1050.0,0.0006622636841818528,0.0
10167,1656428401000.0,0.0,0.0,0.9,2.438783799518027,0.0,0.0,2.441,1.0,1.0,1557.9099463895036,1050.0,1557.9119409699374,1050.0,0.0014088782375727006,0.0
10168,1656432001000.0,0.0,0.0,2.1,2.405193056936297,0.0,0.0,2.352,1.0,1.0,1557.9096607895035,1050.0,1557.7979553699372,1050.0,0.0032421041775981875,0.0
10169,1656435601000.0,0.0,0.0,4.9,2.371368452972699,0.0,0.0,2.353,1.0,1.0,1557.9090039095036,1050.0,1557.8189984899373,1050.0,0.0074585263904419895,0.0
10170,1656439201000.0,0.0,0.0,4.9,2.371368452972699,0.0,0.0,2.325,1.0,1.0,1557.9090039095036,1050.0,1557.6817984899374,1050.0,0.0074585263904419895,0.0
10171,1656442801000.0,0.0,0.0,4.2,2.3369478438215987,0.0,0.0,2.35,1.0,1.0,1558.0213831239882,1050.0,1558.0762021799376,1050.0,0.006299772936601357,0.0
10172,1656446401000.0,0.0,0.0,0.5,2.3618847342654656,0.0,0.0,2.37,1.0,1.0,1558.0914898770711,1050.0,1558.0955475099383,1050.0,0.0007579416066420501,0.0
10173,1656450001000.0,0.0,0.0,0.4,2.50328849992704,0.0,0.0,2.489,1.0,1.0,1558.1440151799088,1050.0,1558.138299779938,1050.0,0.0006426334088606057,0.0
10174,1656453601000.0,0.0,0.0,0.4,2.5705647880453557,0.0,0.0,2.539,1.0,1.0,1558.164864225156,1050.0,1558.1522383099377,1050.0,0.0006598954570378266,0.0
10175,1656457201000.0,0.0,0.0,0.4,2.541368581379282,0.0,0.0,2.506,1.0,1.0,1558.237576752489,1050.0,1558.2234293199374,1050.0,0.0006523699901206922,0.0
10176,1656460801000.0,0.0,0.0,0.4,2.5254698005064613,0.0,0.0,2.48,1.0,1.0,1558.2522645101403,1050.0,1558.2340765899378,1050.0,0.0006482826582126946,0.0
10177,1656464401000.0,0.0,0.0,0.4,2.5994892775296714,0.0,0.0,2.58,1.0,1.0,1558.2745043409493,1050.0,1558.2667086299375,1050.0,0.0006672737750090032,0.0
10178,1656468001000.0,0.0,0.0,0.4,2.6301879109665838,0.0,0.0,2.64,1.0,1.0,1558.284768084324,1050.0,1558.2886929199374,1050.0,0.0006751494886778629,0.0
10179,1656471601000.0,0.0,0.0,1.9,2.6087111697148115,0.0,0.0,2.592,1.0,1.0,1558.3031227223955,1050.0,1558.2713714999375,1050.0,0.0031807362445625594,0.0
10180,1656475201000.0,0.0,0.0,2.8,2.5725116414677593,0.0,0.0,2.567,1.0,1.0,1558.3300534460468,1050.0,1558.314620849937,1050.0,0.004622276635287335,0.0
10181,1656478801000.0,0.0,0.0,0.4,2.5874502237442103,0.0,0.0,2.591,1.0,1.0,1558.379223319435,1050.0,1558.3806432299373,1050.0,0.000664138788563363,0.0
10182,1656482401000.0,0.0,0.0,0.4,2.606845578606566,0.0,0.0,2.6,1.0,1.0,1558.3860723913795,1050.0,1558.3833341599368,1050.0,0.0006691141880153746,0.0
10183,1656486001000.0,0.0,0.0,0.4,2.568404084207783,0.0,0.0,2.569,1.0,1.0,1558.4262246436201,1050.0,1558.426463009937,1050.0,0.0006592302012358972,0.0
10184,1656489601000.0,0.0,0.0,0.4,2.6127649139002287,0.0,0.0,2.603,1.0,1.0,1558.4415996454968,1050.0,1558.4376936799367,1050.0,0.0006706096435040138,0.0
10185,1656493201000.0,0.0,0.0,0.9,2.617546845161264,0.0,0.0,2.596,1.0,1.0,1558.455132440582,1050.0,1558.435740279937,1050.0,0.0015116201368953785,0.0
10186,1656496801000.0,0.0,0.0,0.4,2.6268701004032105,0.0,0.0,2.605,1.0,1.0,1558.4671510500982,1050.0,1558.458403009937,1050.0,0.0006742189204650789,0.0
10187,1656500401000.0,0.0,0.0,0.4,2.6545572157384028,0.0,0.0,2.624,1.0,1.0,1558.4755132262321,1050.0,1558.4632903399367,1050.0,0.0006813215076425935,0.0
10188,1656504001000.0,0.0,0.0,0.8,2.61924765143929,0.0,0.0,2.59,1.0,1.0,1558.4771325410882,1050.0,1558.4537344199368,1050.0,0.0013445164368468452,0.0
10189,1656507601000.0,0.0,0.0,1.9,2.5826305900797015,0.0,0.0,2.57,1.0,1.0,1558.4768513810882,1050.0,1558.4528532599368,1050.0,0.0031485858239106716,0.0
10190,1656511201000.0,0.0,0.0,0.4,2.624908292536003,0.0,0.0,2.61,1.0,1.0,1558.6288786569514,1050.0,1558.622915339937,1050.0,0.0006736454914906618,0.0
10191,1656514801000.0,0.0,0.0,0.4,2.624908292536003,0.0,0.0,2.609,1.0,1.0,1558.6288786569514,1050.0,1558.622515339937,1050.0,0.0006736454914906618,0.0
10192,1656518401000.0,0.0,0.0,0.4,2.624908292536003,0.0,0.0,2.598,1.0,1.0,1558.6288786569514,1050.0,1558.618115339937,1050.0,0.0006736454914906618,0.0
10193,1656522001000.0,0.0,0.0,2.1,2.553982531911619,0.0,0.0,2.566,1.0,1.0,1558.6284473169515,1050.0,1558.6536839999371,1050.0,0.0034410788063357766,0.0
10194,1656525601000.0,0.0,0.0,1.9,2.553982531911619,0.0,0.0,2.522,1.0,1.0,1558.631799390569,1050.0,1558.571032579937,1050.0,0.0031133503195106427,0.0
10195,1656529201000.0,0.0,0.0,10.3,2.4819967777312693,0.0,0.0,2.461,1.0,1.0,1558.629728190569,1050.0,1558.413461379937,1050.0,0.016401949961720716,0.0
10196,1656532801000.0,0.0,0.0,5.6,2.4819967777312693,0.0,0.0,2.525,1.0,1.0,1558.7693627152319,1050.0,1559.0101807599367,1050.0,0.008916766192455836,0.0
10197,1656536401000.0,0.0,0.0,0.4,2.5258524538491436,0.0,0.0,2.482,1.0,1.0,1559.0209033614765,1050.0,1559.0033623799368,1050.0,0.000648061215446961,0.0
10198,1656540001000.0,0.0,0.0,2.1,2.4577338007331706,0.0,0.0,2.438,1.0,1.0,1559.0204882714766,1050.0,1558.979047289937,1050.0,0.0033105664873346536,0.0
10199,1656543601000.0,0.0,0.0,2.1,2.4577338007331706,0.0,0.0,2.429,1.0,1.0,1559.0204882714766,1050.0,1558.960147289937,1050.0,0.0033105664873346536,0.0
10200,1656547201000.0,0.0,0.0,4.9,2.423028771742787,0.0,0.0,2.379,1.0,1.0,1559.0198171114766,1050.0,1558.804076129937,1050.0,0.007615580540558772,0.0
10201,1656550801000.0,0.0,0.0,11.4,2.3882316650473383,0.0,0.0,2.36,1.0,1.0,1559.0182818114768,1050.0,1558.696440829937,1050.0,0.017463452032073043,0.0
10202,1656554401000.0,0.0,0.0,26.6,2.3515278564488593,0.0,0.0,2.338,1.0,1.0,1559.0147493314767,1050.0,1558.654908349937,1050.0,0.04012190456078885,0.0
10203,1656558001000.0,0.0,0.0,26.6,2.3515278564488593,0.0,0.0,2.355,1.0,1.0,1559.0147493314767,1050.0,1559.1071083499369,1050.0,0.04012190456078885,0.0
10204,1656561601000.0,0.0,0.0,26.6,2.3515278564488593,0.0,0.0,2.353,1.0,1.0,1559.0147493314767,1050.0,1559.053908349937,1050.0,0.04012190456078885,0.0
10205,1656565201000.0,0.0,0.0,26.6,2.3515278564488593,0.0,0.0,2.334,1.0,1.0,1559.0147493314767,1050.0,1558.548508349937,1050.0,0.04012190456078885,0.0
10206,1656568801000.0,0.0,0.0,26.6,2.3515278564488593,0.0,0.0,2.321,1.0,1.0,1559.0147493314767,1050.0,1558.202708349937,1050.0,0.04012190456078885,0.0
10207,1656572401000.0,0.0,0.0,62.0,2.3106877577667686,0.0,0.0,2.248,1.0,1.0,1559.0066781314767,1050.0,1555.1200371499372,1050.0,0.09189353900218367,0.0
10208,1656576001000.0,0.0,0.0,208.4,2.2469867609478866,0.0,0.0,2.227,1.0,1.0,1558.9741771914769,1050.0,1554.8089362099372,1050.0,0.30037190341737474,0.0
10209,1656579601000.0,0.0,0.0,208.4,2.2469867609478866,0.0,0.0,2.193,1.0,1.0,1558.9741771914769,1050.0,1547.7233362099373,1050.0,0.30037190341737474,0.0
10210,1656583201000.0,0.0,0.0,208.4,2.2469867609478866,0.0,0.0,2.172,1.0,1.0,1558.9741771914769,1050.0,1543.3469362099374,1050.0,0.30037190341737474,0.0
10211,1656586801000.0,0.0,0.0,208.4,2.2469867609478866,0.0,0.0,2.131,1.0,1.0,1558.9741771914769,1050.0,1534.8025362099372,1050.0,0.30037190341737474,0.0
10212,1656590401000.0,0.0,0.0,208.4,2.2469867609478866,0.0,0.0,2.124,1.0,1.0,1558.9741771914769,1050.0,1533.3437362099373,1050.0,0.30037190341737474,0.0
10213,1656594001000.0,0.0,0.0,208.4,2.2469867609478866,0.0,0.0,2.172,1.0,1.0,1558.9741771914769,1050.0,1543.3469362099374,1050.0,0.30037190341737474,0.0
10214,1656597601000.0,0.0,0.0,208.4,2.2469867609478866,0.0,0.0,2.115,1.0,1.0,1558.9741771914769,1050.0,1531.4681362099373,1050.0,0.30037190341737474,0.0
10215,1656601201000.0,0.0,0.0,208.4,2.2469867609478866,0.0,0.0,2.154,1.0,1.0,1558.9741771914769,1050.0,1539.5957362099373,1050.0,0.30037190341737474,0.0
10216,1656604801000.0,0.0,0.0,193.9,2.2469867609478866,0.0,0.0,2.172,1.0,1.0,1557.8496231677325,1050.0,1543.3096902199372,1050.0,0.2796744476927506,0.0
10217,1656608401000.0,0.0,0.0,193.9,2.2469867609478866,0.0,0.0,2.202,1.0,1.0,1557.8496231677325,1050.0,1549.1266902199372,1050.0,0.2796744476927506,0.0
10218,1656612001000.0,0.0,0.0,193.9,2.2469867609478866,0.0,0.0,2.218,1.0,1.0,1557.8496231677325,1050.0,1552.2290902199372,1050.0,0.2796744476927506,0.0
10219,1656615601000.0,0.0,0.0,208.7,2.242518605403907,0.0,0.0,2.177,1.0,1.0,1557.8463908777326,1050.0,1544.1726579299373,1050.0,0.30042347929060187,0.0
10220,1656619201000.0,0.0,0.0,196.3,2.234810707027226,0.0,0.0,2.197,1.0,1.0,1555.9587303193819,1050.0,1548.5364885299373,1050.0,0.2819440729635526,0.0
10221,1656622801000.0,0.0,0.0,209.7,2.2281558015367167,0.0,0.0,2.175,1.0,1.0,1555.3612350721867,1050.0,1544.214463489937,1050.0,0.3004088446119489,0.0
10222,1656626401000.0,0.0,0.0,210.3,2.2194452946147667,0.0,0.0,2.155,1.0,1.0,1553.8744715574217,1050.0,1540.321626099936,1050.0,0.300377767960671,0.0
10223,1656630001000.0,0.0,0.0,195.7,2.2194452946147667,0.0,0.0,2.21,1.0,1.0,1553.3671802760464,1050.0,1551.5187361199366,1050.0,0.27961543778652703,0.0
10224,1656633601000.0,0.0,0.0,1.1,2.217023012618099,0.0,0.0,2.28,1.0,1.0,1560.2608087838162,1050.0,1560.3300834699362,1050.0,0.0015630241432397665,0.0
10225,1656637201000.0,0.0,0.0,0.5,2.3193480308758594,0.0,0.0,2.295,1.0,1.0,1560.3346420253738,1050.0,1560.3224680099358,1050.0,0.0007432213476543908,0.0
10226,1656640801000.0,0.0,0.0,0.5,2.3193480308758594,0.0,0.0,2.296,1.0,1.0,1560.3346420253738,1050.0,1560.322968009936,1050.0,0.0007432213476543908,0.0
10227,1656644401000.0,0.0,0.0,0.5,2.3193480308758594,0.0,0.0,2.299,1.0,1.0,1560.3346420253738,1050.0,1560.3244680099358,1050.0,0.0007432213476543908,0.0
10228,1656648001000.0,0.0,0.0,2.8,2.2547764340849747,0.0,0.0,2.215,1.0,1.0,1560.3341266553737,1050.0,1560.2227526399358,1050.0,0.004046168001831023,0.0
10229,1656651601000.0,0.0,0.0,15.2,2.190386448384074,0.0,0.0,2.165,1.0,1.0,1560.3314286053737,1050.0,1559.945554589936,1050.0,0.02133769364960881,0.0
10230,1656655201000.0,0.0,0.0,9.1,2.190386448384074,0.0,0.0,2.204,1.0,1.0,1560.419226220231,1050.0,1560.5431095399358,1050.0,0.012773821512425971,0.0
10231,1656658801000.0,0.0,0.0,0.5,2.208299121418267,0.0,0.0,2.217,1.0,1.0,1560.555984900645,1050.0,1560.5603353399358,1050.0,0.0007075360136979839,0.0
10232,1656662401000.0,0.0,0.0,0.5,2.244166644090538,0.0,0.0,2.24,1.0,1.0,1560.5702151519806,1050.0,1560.5681318299353,1050.0,0.0007190213622883939,0.0
10233,1656666001000.0,0.0,0.0,0.5,2.2570999918725936,0.0,0.0,2.229,1.0,1.0,1560.5761007858719,1050.0,1560.5620507899355,1050.0,0.000723162424035575,0.0
10234,1656669601000.0,0.0,0.0,0.5,2.2570999918725936,0.0,0.0,2.23,1.0,1.0,1560.5761007858719,1050.0,1560.5625507899356,1050.0,0.000723162424035575,0.0
10235,1656673201000.0,0.0,0.0,2.8,2.1943749985486773,0.0,0.0,2.176,1.0,1.0,1560.575599215872,1050.0,1560.5241492199357,1050.0,0.003937169079808464,0.0
10236,1656676801000.0,0.0,0.0,2.8,2.1943749985486773,0.0,0.0,2.18,1.0,1.0,1560.575599215872,1050.0,1560.5353492199356,1050.0,0.003937169079808464,0.0
10237,1656680401000.0,0.0,0.0,2.8,2.1943749985486773,0.0,0.0,2.177,1.0,1.0,1560.575599215872,1050.0,1560.5269492199357,1050.0,0.003937169079808464,0.0
10238,1656684001000.0,0.0,0.0,0.5,2.2181929996865146,0.0,0.0,2.21,1.0,1.0,1560.6293699097787,1050.0,1560.6252734099355,1050.0,0.0007106725794269623,0.0
10239,1656687601000.0,0.0,0.0,1.2,2.1871637498693812,0.0,0.0,2.185,1.0,1.0,1560.6292183597786,1050.0,1560.6266218599353,1050.0,0.0016817553259714747,0.0
10240,1656691201000.0,0.0,0.0,0.5,2.193898249921629,0.0,0.0,2.183,1.0,1.0,1560.6423287248956,1050.0,1560.636879599935,1050.0,0.0007028831044567809,0.0
10241,1656694801000.0,0.0,0.0,0.4,2.2003389499529775,0.0,0.0,2.193,1.0,1.0,1560.646704649916,1050.0,1560.643769069935,1050.0,0.0005639556841140564,0.0
10242,1656698401000.0,0.0,0.0,0.5,2.2435048087932286,0.0,0.0,2.233,1.0,1.0,1560.6602305343317,1050.0,1560.6549781299352,1050.0,0.0007187678537900295,0.0
10243,1656702001000.0,0.0,0.0,0.5,2.2435048087932286,0.0,0.0,2.227,1.0,1.0,1560.6602305343317,1050.0,1560.651978129935,1050.0,0.0007187678537900295,0.0
10244,1656705601000.0,0.0,0.0,0.5,2.2435048087932286,0.0,0.0,2.251,1.0,1.0,1560.6602305343317,1050.0,1560.663978129935,1050.0,0.0007187678537900295,0.0
10245,1656709201000.0,0.0,0.0,0.5,2.268197038699337,0.0,0.0,2.252,1.0,1.0,1560.670304169285,1050.0,1560.6622056499352,1050.0,0.0007266739915022138,0.0
10246,1656712801000.0,0.0,0.0,1.2,2.235998766124724,0.0,0.0,2.203,1.0,1.0,1560.670149259285,1050.0,1560.6305507399352,1050.0,0.0017192604860310494,0.0
10247,1656716401000.0,0.0,0.0,1.2,2.235998766124724,0.0,0.0,2.205,1.0,1.0,1560.670149259285,1050.0,1560.6329507399353,1050.0,0.0017192604860310494,0.0
10248,1656720001000.0,0.0,0.0,1.2,2.235998766124724,0.0,0.0,2.229,1.0,1.0,1560.670149259285,1050.0,1560.6617507399353,1050.0,0.0017192604860310494,0.0
10249,1656723601000.0,0.0,0.0,11.4,2.2822468917881436,0.0,0.0,2.247,1.0,1.0,1560.7482277463203,1050.0,1560.3464131799353,1050.0,0.016669962588362886,0.0
10250,1656727201000.0,0.0,0.0,8.8,2.2822468917881436,0.0,0.0,2.268,1.0,1.0,1560.7885883476708,1050.0,1560.663215699935,1050.0,0.012867708540204893,0.0
10251,1656730801000.0,0.0,0.0,1.0,2.2822468917881436,0.0,0.0,2.299,1.0,1.0,1560.958865231723,1050.0,1560.9756183399347,1050.0,0.0014620800987278713,0.0
10252,1656734401000.0,0.0,0.0,0.9,2.3130887894261094,0.0,0.0,2.293,1.0,1.0,1561.001169830418,1050.0,1560.9830899199344,1050.0,0.0013336184179219136,0.0
10253,1656738001000.0,0.0,0.0,0.5,2.345904307109624,0.0,0.0,2.353,1.0,1.0,1561.0208737734888,1050.0,1561.024421619934,1050.0,0.0007514006848091723,0.0
10254,1656741601000.0,0.0,0.0,0.4,2.345904307109624,0.0,0.0,2.305,1.0,1.0,1561.0224597227777,1050.0,1561.006097999934,1050.0,0.0006011199371279344,0.0
10255,1656745201000.0,0.0,0.0,0.4,2.345904307109624,0.0,0.0,2.314,1.0,1.0,1561.0224597227777,1050.0,1561.009697999934,1050.0,0.0006011199371279344,0.0
10256,1656748801000.0,0.0,0.0,0.9,2.314290803159833,0.0,0.0,2.279,1.0,1.0,1561.0223452727778,1050.0,1560.990583549934,1050.0,0.0013342933425337254,0.0
10257,1656752401000.0,0.0,0.0,2.1,2.282124629925643,0.0,0.0,2.269,1.0,1.0,1561.0220743127777,1050.0,1560.994512589934,1050.0,0.003070079406118377,0.0
10258,1656756001000.0,0.0,0.0,2.1,2.282124629925643,0.0,0.0,2.279,1.0,1.0,1561.0220743127777,1050.0,1561.015512589934,1050.0,0.003070079406118377,0.0
10259,1656759601000.0,0.0,0.0,2.1,2.282124629925643,0.0,0.0,2.29,1.0,1.0,1561.0220743127777,1050.0,1561.0386125899338,1050.0,0.003070079406118377,0.0
10260,1656763201000.0,0.0,0.0,0.8,2.282124629925643,0.0,0.0,2.284,1.0,1.0,1561.0424135538744,1050.0,1561.043913849934,1050.0,0.0011695388210395386,0.0
10261,1656766801000.0,0.0,0.0,0.5,2.2888747779553853,0.0,0.0,2.288,1.0,1.0,1561.0501903589115,1050.0,1561.049752969934,1050.0,0.0007331201751524513,0.0
10262,1656770401000.0,0.0,0.0,0.5,2.2953248667732313,0.0,0.0,2.299,1.0,1.0,1561.0531232233202,1050.0,1561.0549607899336,1050.0,0.0007351847392719601,0.0
10263,1656774001000.0,0.0,0.0,0.5,2.3616912503565812,0.0,0.0,2.367,1.0,1.0,1561.0818636551114,1050.0,1561.0845180299332,1050.0,0.0007564277394226226,0.0
10264,1656777601000.0,0.0,0.0,0.4,2.5179295778398267,0.0,0.0,2.487,1.0,1.0,1561.1436001010682,1050.0,1561.1312282699323,1050.0,0.0006451500240405346,0.0
10265,1656781201000.0,0.0,0.0,0.4,2.5894999999999997,0.0,0.0,2.572,1.0,1.0,1561.1647680399321,1050.0,1561.157768039932,1050.0,0.0006634789749325842,0.0
10266,1656784801000.0,0.0,0.0,0.4,2.5894999999999997,0.0,0.0,2.564,1.0,1.0,1561.1647680399321,1050.0,1561.1545680399322,1050.0,0.0006634789749325842,0.0
10267,1656788401000.0,0.0,0.0,0.4,2.5894999999999997,0.0,0.0,2.571,1.0,1.0,1561.1647680399321,1050.0,1561.1573680399322,1050.0,0.0006634789749325842,0.0
10268,1656792001000.0,0.0,0.0,0.9,2.554777777777778,0.0,0.0,2.537,1.0,1.0,1561.164641689932,1050.0,1561.148641689932,1050.0,0.0014728107072109,0.0
10269,1656795601000.0,0.0,0.0,0.9,2.554777777777778,0.0,0.0,2.512,1.0,1.0,1561.164641689932,1050.0,1561.126141689932,1050.0,0.0014728107072109,0.0
10270,1656799201000.0,0.0,0.0,0.9,2.554777777777778,0.0,0.0,2.543,1.0,1.0,1561.164641689932,1050.0,1561.154041689932,1050.0,0.0014728107072109,0.0
10271,1656802801000.0,0.0,0.0,0.4,2.6202890625,0.0,0.0,2.622,1.0,1.0,1561.1945628349329,1050.0,1561.1952472099329,1050.0,0.0006713549034508255,0.0
10272,1656806401000.0,0.0,0.0,0.4,2.6297250976562494,0.0,0.0,2.604,1.0,1.0,1561.1980316089955,1050.0,1561.187741569933,1050.0,0.000673771051311412,0.0
10273,1656810001000.0,0.0,0.0,4.9,2.699061224489796,0.0,0.0,2.664,1.0,1.0,1561.2235963799326,1050.0,1561.0517963799325,1050.0,0.008471176089489187,0.0
10274,1656813601000.0,0.0,0.0,1.4,2.6549257584730315,0.0,0.0,2.678,1.0,1.0,1561.3831550817945,1050.0,1561.4154590199323,1050.0,0.002380515025901846,0.0
10275,1656817201000.0,0.0,0.0,0.4,2.711406214677905,0.0,0.0,2.7,1.0,1.0,1561.4413797958027,1050.0,1561.4368173099315,1050.0,0.0006945905878407011,0.0
10276,1656820801000.0,0.0,0.0,0.4,2.711406214677905,0.0,0.0,2.676,1.0,1.0,1561.4413797958027,1050.0,1561.4272173099316,1050.0,0.0006945905878407011,0.0
10277,1656824401000.0,0.0,0.0,0.4,2.7212284957563213,0.0,0.0,2.73,1.0,1.0,1561.444999388234,1050.0,1561.4485079899314,1050.0,0.0006971051806045003,0.0
10278,1656828001000.0,0.0,0.0,1.0,2.6569411483548437,0.0,0.0,2.652,1.0,1.0,1561.4675964782869,1050.0,1561.462655329932,1050.0,0.0017015666251078622,0.0
10279,1656831601000.0,0.0,0.0,0.4,2.6721470469621993,0.0,0.0,2.655,1.0,1.0,1561.4834927787167,1050.0,1561.4766339599319,1050.0,0.0006845149652416797,0.0
10280,1656835201000.0,0.0,0.0,0.4,2.6721470469621993,0.0,0.0,2.631,1.0,1.0,1561.4834927787167,1050.0,1561.4670339599318,1050.0,0.0006845149652416797,0.0
10281,1656838801000.0,0.0,0.0,2.1,2.600218485135657,0.0,0.0,2.605,1.0,1.0,1561.4830536187167,1050.0,1561.493094799932,1050.0,0.003496969631614213,0.0
10282,1656842401000.0,0.0,0.0,0.4,2.6188074113124533,0.0,0.0,2.628,1.0,1.0,1561.5196626844554,1050.0,1561.5233397199304,1050.0,0.0006708355901994554,0.0
10283,1656846001000.0,0.0,0.0,0.4,2.634137501647441,0.0,0.0,2.638,1.0,1.0,1561.5247361505894,1050.0,1561.5262811499304,1050.0,0.0006747603648318797,0.0
10284,1656849601000.0,0.0,0.0,0.4,2.6634265719484818,0.0,0.0,2.671,1.0,1.0,1561.5351319587098,1050.0,1561.5381613299305,1050.0,0.0006822585076539688,0.0
10285,1656853201000.0,0.0,0.0,2.1,2.7056190476190474,0.0,0.0,2.671,1.0,1.0,1561.5502850299306,1050.0,1561.4775850299307,1050.0,0.0036385635829147157,0.0
10286,1656856801000.0,0.0,0.0,4.9,2.6675510204081627,0.0,0.0,2.619,1.0,1.0,1561.5495461099306,1050.0,1561.3116461099305,1050.0,0.0083705317148354,0.0
10287,1656860401000.0,0.0,0.0,0.4,2.6385822368421046,0.0,0.0,2.643,1.0,1.0,1561.7823676746682,1050.0,1561.7841347799313,1050.0,0.0006757874314513308,0.0
10288,1656864001000.0,0.0,0.0,0.9,2.6032587719298244,0.0,0.0,2.577,1.0,1.0,1561.7822389246683,1050.0,1561.7586060299313,1050.0,0.001500166179601337,0.0
10289,1656867601000.0,0.0,0.0,0.5,2.6032587719298244,0.0,0.0,2.618,1.0,1.0,1561.7892305758967,1050.0,1561.7966011899318,1050.0,0.000833421924343112,0.0
10290,1656871201000.0,0.0,0.0,0.9,2.656888888888889,0.0,0.0,2.633,1.0,1.0,1561.8113719799317,1050.0,1561.7898719799316,1050.0,0.0015310427641262725,0.0
10291,1656874801000.0,0.0,0.0,0.9,2.656888888888889,0.0,0.0,2.609,1.0,1.0,1561.8113719799317,1050.0,1561.7682719799316,1050.0,0.0015310427641262725,0.0
10292,1656878401000.0,0.0,0.0,0.9,2.656888888888889,0.0,0.0,2.638,1.0,1.0,1561.8113719799317,1050.0,1561.7943719799316,1050.0,0.0015310427641262725,0.0
10293,1656882001000.0,0.0,0.0,0.9,2.656888888888889,0.0,0.0,2.613,1.0,1.0,1561.8113719799317,1050.0,1561.7718719799316,1050.0,0.0015310427641262725,0.0
10294,1656885601000.0,0.0,0.0,0.7,2.656888888888889,0.0,0.0,2.635,1.0,1.0,1561.8149407021538,1050.0,1561.7996184799315,1050.0,0.0011908083177806532,0.0
10295,1656889201000.0,0.0,0.0,0.7,2.656888888888889,0.0,0.0,2.624,1.0,1.0,1561.8149407021538,1050.0,1561.7919184799316,1050.0,0.0011908083177806532,0.0
10296,1656892801000.0,0.0,0.0,1.6,2.620951388888889,0.0,0.0,2.588,1.0,1.0,1561.8147073321538,1050.0,1561.7619851099316,1050.0,0.0026850318431086324,0.0
10297,1656896401000.0,0.0,0.0,1.6,2.620951388888889,0.0,0.0,2.58,1.0,1.0,1561.8147073321538,1050.0,1561.7491851099317,1050.0,0.0026850318431086324,0.0
10298,1656900001000.0,0.0,0.0,3.7,2.5846546546546545,0.0,0.0,2.538,1.0,1.0,1561.8141703621538,1050.0,1561.6415481399317,1050.0,0.006123149862319856,0.0
10299,1656903601000.0,0.0,0.0,8.6,2.5478165374677,0.0,0.0,2.505,1.0,1.0,1561.8129355621538,1050.0,1561.4447133399317,1050.0,0.014029351225942796,0.0
10300,1656907201000.0,0.0,0.0,8.6,2.5478165374677,0.0,0.0,2.502,1.0,1.0,1561.8129355621538,1050.0,1561.4189133399316,1050.0,0.014029351225942796,0.0
10301,1656910801000.0,0.0,0.0,8.6,2.5478165374677,0.0,0.0,2.52,1.0,1.0,1561.8129355621538,1050.0,1561.5737133399316,1050.0,0.014029351225942796,0.0
10302,1656914401000.0,0.0,0.0,8.6,2.5478165374677,0.0,0.0,2.534,1.0,1.0,1561.8129355621538,1050.0,1561.6941133399316,1050.0,0.014029351225942796,0.0
10303,1656918001000.0,0.0,0.0,8.6,2.5478165374677,0.0,0.0,2.515,1.0,1.0,1561.8129355621538,1050.0,1561.5307133399317,1050.0,0.014029351225942796,0.0
10304,1656921601000.0,0.0,0.0,8.6,2.5478165374677,0.0,0.0,2.53,1.0,1.0,1561.8129355621538,1050.0,1561.6597133399316,1050.0,0.014029351225942796,0.0
10305,1656925201000.0,0.0,0.0,0.3,2.629242460029069,0.0,0.0,2.659,1.0,1.0,1562.1364245579402,1050.0,1562.1453518199314,1050.0,0.0005049320440959123,0.0
10306,1656928801000.0,0.0,0.0,0.4,2.833030883789062,0.0,0.0,2.853,1.0,1.0,1562.180948153447,1050.0,1562.1889357999314,1050.0,0.0007254040288067281,0.0
10307,1656932401000.0,0.0,0.0,0.4,2.8794226097464555,0.0,0.0,2.846,1.0,1.0,1562.19700231383,1050.0,1562.1836332699313,1050.0,0.0007372751594022091,0.0
10308,1656936001000.0,0.0,0.0,0.4,2.930927384621696,0.0,0.0,2.938,1.0,1.0,1562.21329465378,1050.0,1562.2161236999314,1050.0,0.0007504551125385864,0.0
10309,1656939601000.0,0.0,0.0,2.1,2.8571324835173852,0.0,0.0,2.835,1.0,1.0,1562.2147603353178,1050.0,1562.1682821199313,1050.0,0.0038406871882958387,0.0
10310,1656943201000.0,0.0,0.0,4.9,2.817056778650308,0.0,0.0,2.815,1.0,1.0,1562.213979975318,1050.0,1562.2039017599313,1050.0,0.008835907495594552,0.0
10311,1656946801000.0,0.0,0.0,8.9,2.776338849311367,0.0,0.0,2.775,1.0,1.0,1562.2331050988028,1050.0,1562.2211893399317,1050.0,0.01581672778423706,0.0
10312,1656950401000.0,0.0,0.0,0.4,2.7900031027376433,0.0,0.0,2.782,1.0,1.0,1562.5474872310267,1050.0,1562.5442859899317,1050.0,0.0007142190878772657,0.0
10313,1656954001000.0,0.0,0.0,0.4,2.7900031027376433,0.0,0.0,2.781,1.0,1.0,1562.5474872310267,1050.0,1562.5438859899316,1050.0,0.0007142190878772657,0.0
10314,1656957601000.0,0.0,0.0,0.4,2.8101884817255813,0.0,0.0,2.802,1.0,1.0,1562.554836012622,1050.0,1562.5515606199317,1050.0,0.0007193830045406179,0.0
10315,1656961201000.0,0.0,0.0,0.4,2.8101884817255813,0.0,0.0,2.8,1.0,1.0,1562.554836012622,1050.0,1562.5507606199317,1050.0,0.0007193830045406179,0.0
10316,1656964801000.0,0.0,0.0,0.4,2.8101884817255813,0.0,0.0,2.778,1.0,1.0,1562.554836012622,1050.0,1562.5419606199318,1050.0,0.0007193830045406179,0.0
10317,1656968401000.0,0.0,0.0,0.4,2.8101884817255813,0.0,0.0,2.772,1.0,1.0,1562.554836012622,1050.0,1562.5395606199318,1050.0,0.0007193830045406179,0.0
10318,1656972001000.0,0.0,0.0,0.6,2.7723059918780364,0.0,0.0,2.768,1.0,1.0,1562.5602233850586,1050.0,1562.5576397899317,1050.0,0.0010645244709502103,0.0
10319,1656975601000.0,0.0,0.0,0.4,2.782422120431395,0.0,0.0,2.777,1.0,1.0,1562.5675410481047,1050.0,1562.5653721999322,1050.0,0.0007122692740859223,0.0
10320,1656979201000.0,0.0,0.0,0.4,2.8536648383821244,0.0,0.0,2.835,1.0,1.0,1562.588528035285,1050.0,1562.581062099932,1050.0,0.000730496810179496,0.0
10321,1656982801000.0,0.0,0.0,0.9,2.8155177059476113,0.0,0.0,2.812,1.0,1.0,1562.588388785285,1050.0,1562.585222849932,1050.0,0.0016216464639947112,0.0
10322,1656986401000.0,0.0,0.0,0.9,2.8155177059476113,0.0,0.0,2.808,1.0,1.0,1562.588388785285,1050.0,1562.581622849932,1050.0,0.0016216464639947112,0.0
10323,1656990001000.0,0.0,0.0,2.1,2.7763647311204047,0.0,0.0,2.732,1.0,1.0,1562.588059145285,1050.0,1562.4948932099321,1050.0,0.0037312239148569863,0.0
10324,1656993601000.0,0.0,0.0,0.9,2.7372991704801732,0.0,0.0,2.767,1.0,1.0,1562.6974981733638,1050.0,1562.7242289199316,1050.0,0.0015764850563284452,0.0
10325,1656997201000.0,0.0,0.0,0.4,2.7673823474804786,0.0,0.0,2.766,1.0,1.0,1562.7191116089234,1050.0,1562.7185586699313,1050.0,0.0007083505479449277,0.0
10326,1657000801000.0,0.0,0.0,0.4,2.7673823474804786,0.0,0.0,2.734,1.0,1.0,1562.7191116089234,1050.0,1562.7057586699311,1050.0,0.0007083505479449277,0.0
10327,1657004401000.0,0.0,0.0,0.4,2.7673823474804786,0.0,0.0,2.727,1.0,1.0,1562.7191116089234,1050.0,1562.7029586699311,1050.0,0.0007083505479449277,0.0
10328,1657008001000.0,0.0,0.0,0.9,2.7305032655468793,0.0,0.0,2.701,1.0,1.0,1562.7189765589235,1050.0,1562.6924236199313,1050.0,0.0015725494960094838,0.0
10329,1657011601000.0,0.0,0.0,2.1,2.692501399520091,0.0,0.0,2.656,1.0,1.0,1562.7186568789234,1050.0,1562.6420039399313,1050.0,0.0036182155464150657,0.0
10330,1657015201000.0,0.0,0.0,4.9,2.6545005997943245,0.0,0.0,2.631,1.0,1.0,1562.7179215989233,1050.0,1562.6027686599311,1050.0,0.008323353024379337,0.0
10331,1657018801000.0,0.0,0.0,4.9,2.6545005997943245,0.0,0.0,2.638,1.0,1.0,1562.7179215989233,1050.0,1562.6370686599312,1050.0,0.008323353024379337,0.0
10332,1657022401000.0,0.0,0.0,11.4,2.6160134157010697,0.0,0.0,2.587,1.0,1.0,1562.7162400489233,1050.0,1562.385487109931,1050.0,0.019083792805569457,0.0
10333,1657026001000.0,0.0,0.0,26.6,2.575434321014744,0.0,0.0,2.543,1.0,1.0,1562.7123716489232,1050.0,1561.849618709931,1050.0,0.04383823548200768,0.0
10334,1657029601000.0,0.0,0.0,26.6,2.575434321014744,0.0,0.0,2.568,1.0,1.0,1562.7123716489232,1050.0,1562.514618709931,1050.0,0.04383823548200768,0.0
10335,1657033201000.0,0.0,0.0,1.2,2.575434321014744,0.0,0.0,2.58,1.0,1.0,1563.1701518551492,1050.0,1563.1756306699315,1050.0,0.0019770855920898337,0.0
10336,1657036801000.0,0.0,0.0,0.4,2.603055083012633,0.0,0.0,2.607,1.0,1.0,1563.1941326831375,1050.0,1563.1957106499324,1050.0,0.0006660861958443079,0.0
10337,1657040401000.0,0.0,0.0,0.4,2.6170076131459536,0.0,0.0,2.59,1.0,1.0,1563.199256145191,1050.0,1563.1884530999325,1050.0,0.0006696542626560422,0.0
10338,1657044001000.0,0.0,0.0,0.4,2.6170076131459536,0.0,0.0,2.61,1.0,1.0,1563.199256145191,1050.0,1563.1964530999326,1050.0,0.0006696542626560422,0.0
10339,1657047601000.0,0.0,0.0,0.4,2.6411414550727206,0.0,0.0,2.657,1.0,1.0,1563.207745171962,1050.0,1563.2140885899328,1050.0,0.000675826092400068,0.0
10340,1657051201000.0,0.0,0.0,0.4,2.717500676924998,0.0,0.0,2.709,1.0,1.0,1563.2339799907031,1050.0,1563.230579719933,1050.0,0.0006953535329218368,0.0
10341,1657054801000.0,0.0,0.0,0.4,2.717500676924998,0.0,0.0,2.683,1.0,1.0,1563.2339799907031,1050.0,1563.2201797199332,1050.0,0.0006953535329218368,0.0
10342,1657058401000.0,0.0,0.0,0.4,2.717500676924998,0.0,0.0,2.681,1.0,1.0,1563.2339799907031,1050.0,1563.2193797199332,1050.0,0.0006953535329218368,0.0
10343,1657062001000.0,0.0,0.0,0.9,2.6811114119666657,0.0,0.0,2.674,1.0,1.0,1563.2338473907032,1050.0,1563.2274471199332,1050.0,0.001543595204772272,0.0
10344,1657065601000.0,0.0,0.0,0.9,2.6811114119666657,0.0,0.0,2.644,1.0,1.0,1563.2338473907032,1050.0,1563.2004471199332,1050.0,0.001543595204772272,0.0
10345,1657069201000.0,0.0,0.0,0.6,2.6439048908428564,0.0,0.0,2.673,1.0,1.0,1563.2728755744395,1050.0,1563.2903326399337,1050.0,0.001014757538041973,0.0
10346,1657072801000.0,0.0,0.0,0.9,2.6133016302809517,0.0,0.0,2.598,1.0,1.0,1563.2794682271865,1050.0,1563.2656967599337,1050.0,0.0015045111990884615,0.0
10347,1657076401000.0,0.0,0.0,0.9,2.6133016302809517,0.0,0.0,2.602,1.0,1.0,1563.2794682271865,1050.0,1563.2692967599337,1050.0,0.0015045111990884615,0.0
10348,1657080001000.0,0.0,0.0,0.4,2.6462165314560813,0.0,0.0,2.675,1.0,1.0,1563.3063386225163,1050.0,1563.3178520099339,1050.0,0.0006770820193277679,0.0
10349,1657083601000.0,0.0,0.0,0.4,2.7664360635240013,0.0,0.0,2.722,1.0,1.0,1563.3463510753438,1050.0,1563.3285766499341,1050.0,0.0007078242288718979,0.0
10350,1657087201000.0,0.0,0.0,0.4,2.7664360635240013,0.0,0.0,2.727,1.0,1.0,1563.3463510753438,1050.0,1563.3305766499343,1050.0,0.0007078242288718979,0.0
10351,1657090801000.0,0.0,0.0,0.9,2.729527139344001,0.0,0.0,2.711,1.0,1.0,1563.3462160753438,1050.0,1563.3295416499343,1050.0,0.0015713566196338998,0.0
10352,1657094401000.0,0.0,0.0,2.1,2.6915116311474288,0.0,0.0,2.67,1.0,1.0,1563.3458965153438,1050.0,1563.3007220899342,1050.0,0.0036154343309488615,0.0
10353,1657098001000.0,0.0,0.0,2.1,2.6915116311474288,0.0,0.0,2.662,1.0,1.0,1563.3458965153438,1050.0,1563.2839220899343,1050.0,0.0036154343309488615,0.0
10354,1657101601000.0,0.0,0.0,2.1,2.6915116311474288,0.0,0.0,2.681,1.0,1.0,1563.3458965153438,1050.0,1563.3238220899343,1050.0,0.0036154343309488615,0.0
10355,1657105201000.0,0.0,0.0,2.1,2.6915116311474288,0.0,0.0,2.665,1.0,1.0,1563.3458965153438,1050.0,1563.2902220899343,1050.0,0.0036154343309488615,0.0
10356,1657108801000.0,0.0,0.0,2.1,2.6915116311474288,0.0,0.0,2.643,1.0,1.0,1563.3458965153438,1050.0,1563.2440220899343,1050.0,0.0036154343309488615,0.0
10357,1657112401000.0,0.0,0.0,4.9,2.653504984777469,0.0,0.0,2.593,1.0,1.0,1563.3451615153438,1050.0,1563.0486870899342,1050.0,0.008316892996813735,0.0
10358,1657116001000.0,0.0,0.0,11.4,2.615015300474526,0.0,0.0,2.573,1.0,1.0,1563.3434806153437,1050.0,1562.864506189934,1050.0,0.01906885773667326,0.0
10359,1657119601000.0,0.0,0.0,11.4,2.615015300474526,0.0,0.0,2.573,1.0,1.0,1563.3434806153437,1050.0,1562.864506189934,1050.0,0.01906885773667326,0.0
10360,1657123201000.0,0.0,0.0,11.4,2.615015300474526,0.0,0.0,2.582,1.0,1.0,1563.3434806153437,1050.0,1562.9671061899342,1050.0,0.01906885773667326,0.0
10361,1657126801000.0,0.0,0.0,11.4,2.615015300474526,0.0,0.0,2.591,1.0,1.0,1563.3434806153437,1050.0,1563.069706189934,1050.0,0.01906885773667326,0.0
10362,1657130401000.0,0.0,0.0,11.4,2.615015300474526,0.0,0.0,2.588,1.0,1.0,1563.3434806153437,1050.0,1563.035506189934,1050.0,0.01906885773667326,0.0
10363,1657134001000.0,0.0,0.0,11.4,2.615015300474526,0.0,0.0,2.611,1.0,1.0,1563.3434806153437,1050.0,1563.2977061899342,1050.0,0.01906885773667326,0.0
10364,1657137601000.0,0.0,0.0,11.4,2.615015300474526,0.0,0.0,2.592,1.0,1.0,1563.3434806153437,1050.0,1563.081106189934,1050.0,0.01906885773667326,0.0
10365,1657141201000.0,0.0,0.0,11.4,2.615015300474526,0.0,0.0,2.611,1.0,1.0,1563.3434806153437,1050.0,1563.2977061899342,1050.0,0.01906885773667326,0.0
10366,1657144801000.0,0.0,0.0,11.4,2.615015300474526,0.0,0.0,2.612,1.0,1.0,1563.3434806153437,1050.0,1563.309106189934,1050.0,0.01906885773667326,0.0
10367,1657148401000.0,0.0,0.0,1.4,2.615015300474526,0.0,0.0,2.623,1.0,1.0,1563.578088870598,1050.0,1563.5892674499337,1050.0,0.0023414381710278125,0.0
10368,1657152001000.0,0.0,0.0,0.4,2.619761475355894,0.0,0.0,2.614,1.0,1.0,1563.597556070075,1050.0,1563.5952514799326,1050.0,0.000670188173468464,0.0
10369,1657155601000.0,0.0,0.0,0.4,2.619761475355894,0.0,0.0,2.623,1.0,1.0,1563.597556070075,1050.0,1563.5988514799326,1050.0,0.000670188173468464,0.0
10370,1657159201000.0,0.0,0.0,0.4,2.619761475355894,0.0,0.0,2.591,1.0,1.0,1563.597556070075,1050.0,1563.5860514799326,1050.0,0.000670188173468464,0.0
10371,1657162801000.0,0.0,0.0,0.4,2.6625546841408916,0.0,0.0,2.643,1.0,1.0,1563.613095083589,1050.0,1563.6052732099326,1050.0,0.0006811287760412506,0.0
10372,1657166401000.0,0.0,0.0,0.4,2.6625546841408916,0.0,0.0,2.638,1.0,1.0,1563.613095083589,1050.0,1563.6032732099327,1050.0,0.0006811287760412506,0.0
10373,1657170001000.0,0.0,0.0,0.4,2.6625546841408916,0.0,0.0,2.63,1.0,1.0,1563.613095083589,1050.0,1563.6000732099328,1050.0,0.0006811287760412506,0.0
10374,1657173601000.0,0.0,0.0,0.4,2.6625546841408916,0.0,0.0,2.611,1.0,1.0,1563.613095083589,1050.0,1563.5924732099327,1050.0,0.0006811287760412506,0.0
10375,1657177201000.0,0.0,0.0,0.4,2.6625546841408916,0.0,0.0,2.609,1.0,1.0,1563.613095083589,1050.0,1563.5916732099327,1050.0,0.0006811287760412506,0.0
10376,1657180801000.0,0.0,0.0,0.4,2.6625546841408916,0.0,0.0,2.64,1.0,1.0,1563.613095083589,1050.0,1563.6040732099327,1050.0,0.0006811287760412506,0.0
10377,1657184401000.0,0.0,0.0,0.4,2.6625546841408916,0.0,0.0,2.648,1.0,1.0,1563.613095083589,1050.0,1563.6072732099328,1050.0,0.0006811287760412506,0.0
10378,1657188001000.0,0.0,0.0,0.4,2.6625546841408916,0.0,0.0,2.631,1.0,1.0,1563.613095083589,1050.0,1563.6004732099327,1050.0,0.0006811287760412506,0.0
10379,1657191601000.0,0.0,0.0,0.4,2.6625546841408916,0.0,0.0,2.633,1.0,1.0,1563.613095083589,1050.0,1563.6012732099327,1050.0,0.0006811287760412506,0.0
10380,1657195201000.0,0.0,0.0,0.4,2.6625546841408916,0.0,0.0,2.626,1.0,1.0,1563.613095083589,1050.0,1563.5984732099328,1050.0,0.0006811287760412506,0.0
10381,1657198801000.0,0.0,0.0,0.9,2.6266909707292854,0.0,0.0,2.607,1.0,1.0,1563.612965183589,1050.0,1563.5952433099326,1050.0,0.0015118970783021034,0.0
10382,1657202401000.0,0.0,0.0,0.9,2.6266909707292854,0.0,0.0,2.619,1.0,1.0,1563.612965183589,1050.0,1563.6060433099326,1050.0,0.0015118970783021034,0.0
10383,1657206001000.0,0.0,0.0,0.4,2.6850585591045744,0.0,0.0,2.683,1.0,1.0,1563.643099633574,1050.0,1563.642276209932,1050.0,0.0006868724863707823,0.0
10384,1657209601000.0,0.0,0.0,0.4,2.6850585591045744,0.0,0.0,2.668,1.0,1.0,1563.643099633574,1050.0,1563.636276209932,1050.0,0.0006868724863707823,0.0
10385,1657213201000.0,0.0,0.0,0.4,2.778984363589864,0.0,0.0,2.76,1.0,1.0,1563.6730431753676,1050.0,1563.6654494299316,1050.0,0.0007108863008718372,0.0
10386,1657216801000.0,0.0,0.0,0.9,2.7641640605983104,0.0,0.0,2.709,1.0,1.0,1563.6798916644702,1050.0,1563.6302440099319,1050.0,0.0015909571183974098,0.0
10387,1657220401000.0,0.0,0.0,0.9,2.7641640605983104,0.0,0.0,2.743,1.0,1.0,1563.6798916644702,1050.0,1563.6608440099317,1050.0,0.0015909571183974098,0.0
10388,1657224001000.0,0.0,0.0,0.9,2.7641640605983104,0.0,0.0,2.754,1.0,1.0,1563.6798916644702,1050.0,1563.6707440099317,1050.0,0.0015909571183974098,0.0
10389,1657227601000.0,0.0,0.0,0.9,2.7641640605983104,0.0,0.0,2.721,1.0,1.0,1563.6798916644702,1050.0,1563.6410440099316,1050.0,0.0015909571183974098,0.0
10390,1657231201000.0,0.0,0.0,2.1,2.725784597399276,0.0,0.0,2.709,1.0,1.0,1563.6795680244702,1050.0,1563.6443203699316,1050.0,0.0036606909571442977,0.0
10391,1657234801000.0,0.0,0.0,4.9,2.687621970313975,0.0,0.0,2.667,1.0,1.0,1563.6788235044703,1050.0,1563.5777758499319,1050.0,0.008422028524389509,0.0
10392,1657238401000.0,0.0,0.0,4.9,2.687621970313975,0.0,0.0,2.661,1.0,1.0,1563.6788235044703,1050.0,1563.5483758499317,1050.0,0.008422028524389509,0.0
10393,1657242001000.0,0.0,0.0,4.9,2.687621970313975,0.0,0.0,2.675,1.0,1.0,1563.6788235044703,1050.0,1563.6169758499318,1050.0,0.008422028524389509,0.0
10394,1657245601000.0,0.0,0.0,0.4,2.7007248583016104,0.0,0.0,2.714,1.0,1.0,1563.8072351932535,1050.0,1563.8125452499328,1050.0,0.0006908076129901926,0.0
10395,1657249201000.0,0.0,0.0,0.4,2.7055436437262075,0.0,0.0,2.695,1.0,1.0,1563.8090083174234,1050.0,1563.8047908599328,1050.0,0.0006920394061771599,0.0
10396,1657252801000.0,0.0,0.0,0.4,2.7055436437262075,0.0,0.0,2.714,1.0,1.0,1563.8090083174234,1050.0,1563.812390859933,1050.0,0.0006920394061771599,0.0
10397,1657256401000.0,0.0,0.0,0.4,2.7055436437262075,0.0,0.0,2.698,1.0,1.0,1563.8090083174234,1050.0,1563.805990859933,1050.0,0.0006920394061771599,0.0
10398,1657260001000.0,0.0,0.0,0.4,2.7055436437262075,0.0,0.0,2.662,1.0,1.0,1563.8090083174234,1050.0,1563.791590859933,1050.0,0.0006920394061771599,0.0
10399,1657263601000.0,0.0,0.0,2.1,2.631913074995468,0.0,0.0,2.593,1.0,1.0,1563.8085638374234,1050.0,1563.726846379933,1050.0,0.003534331238043458,0.0
10400,1657267201000.0,0.0,0.0,2.1,2.631913074995468,0.0,0.0,2.616,1.0,1.0,1563.8085638374234,1050.0,1563.775146379933,1050.0,0.003534331238043458,0.0
10401,1657270801000.0,0.0,0.0,4.9,2.594819889283772,0.0,0.0,2.547,1.0,1.0,1563.8078450774235,1050.0,1563.573527619933,1050.0,0.008130549733148954,0.0
10402,1657274401000.0,0.0,0.0,11.4,2.557291005043025,0.0,0.0,2.538,1.0,1.0,1563.8062012274236,1050.0,1563.586283769933,1050.0,0.01864241069936182,0.0
10403,1657278001000.0,0.0,0.0,11.4,2.557291005043025,0.0,0.0,2.525,1.0,1.0,1563.8062012274236,1050.0,1563.438083769933,1050.0,0.01864241069936182,0.0
10404,1657281601000.0,0.0,0.0,11.4,2.557291005043025,0.0,0.0,2.534,1.0,1.0,1563.8062012274236,1050.0,1563.5406837699331,1050.0,0.01864241069936182,0.0
10405,1657285201000.0,0.0,0.0,11.4,2.557291005043025,0.0,0.0,2.506,1.0,1.0,1563.8062012274236,1050.0,1563.221483769933,1050.0,0.01864241069936182,0.0
10406,1657288801000.0,0.0,0.0,11.4,2.557291005043025,0.0,0.0,2.496,1.0,1.0,1563.8062012274236,1050.0,1563.1074837699332,1050.0,0.01864241069936182,0.0
10407,1657292401000.0,0.0,0.0,1.2,2.517696145018439,0.0,0.0,2.545,1.0,1.0,1564.265395493955,1050.0,1564.298160119933,1050.0,0.001931408431539264,0.0
10408,1657296001000.0,0.0,0.0,0.4,2.5650801578317766,0.0,0.0,2.559,1.0,1.0,1564.2999296130647,1050.0,1564.297497549932,1050.0,0.0006559049474524387,0.0
10409,1657299601000.0,0.0,0.0,0.4,2.5650801578317766,0.0,0.0,2.531,1.0,1.0,1564.2999296130647,1050.0,1564.286297549932,1050.0,0.0006559049474524387,0.0
10410,1657303201000.0,0.0,0.0,0.4,2.5650801578317766,0.0,0.0,2.542,1.0,1.0,1564.2999296130647,1050.0,1564.290697549932,1050.0,0.0006559049474524387,0.0
10411,1657306801000.0,0.0,0.0,0.4,2.5650801578317766,0.0,0.0,2.543,1.0,1.0,1564.2999296130647,1050.0,1564.291097549932,1050.0,0.0006559049474524387,0.0
10412,1657310401000.0,0.0,0.0,0.4,2.5650801578317766,0.0,0.0,2.545,1.0,1.0,1564.2999296130647,1050.0,1564.291897549932,1050.0,0.0006559049474524387,0.0
10413,1657314001000.0,0.0,0.0,0.4,2.5650801578317766,0.0,0.0,2.548,1.0,1.0,1564.2999296130647,1050.0,1564.293097549932,1050.0,0.0006559049474524387,0.0
10414,1657317601000.0,0.0,0.0,0.4,2.5650801578317766,0.0,0.0,2.523,1.0,1.0,1564.2999296130647,1050.0,1564.2830975499319,1050.0,0.0006559049474524387,0.0
10415,1657321201000.0,0.0,0.0,0.4,2.5650801578317766,0.0,0.0,2.537,1.0,1.0,1564.2999296130647,1050.0,1564.288697549932,1050.0,0.0006559049474524387,0.0
10416,1657324801000.0,0.0,0.0,0.9,2.5305911812585675,0.0,0.0,2.496,1.0,1.0,1564.2998044630647,1050.0,1564.268672399932,1050.0,0.0014559434557459773,0.0
10417,1657328401000.0,0.0,0.0,0.4,2.5351933859439253,0.0,0.0,2.527,1.0,1.0,1564.3100713843098,1050.0,1564.3067940299322,1050.0,0.0006482585344989689,0.0
10418,1657332001000.0,0.0,0.0,0.4,2.5442337795934575,0.0,0.0,2.521,1.0,1.0,1564.3133853417696,1050.0,1564.3040918299323,1050.0,0.0006505688191212648,0.0
10419,1657335601000.0,0.0,0.0,0.4,2.5442337795934575,0.0,0.0,2.534,1.0,1.0,1564.3133853417696,1050.0,1564.3092918299321,1050.0,0.0006505688191212648,0.0
10420,1657339201000.0,0.0,0.0,0.4,2.5442337795934575,0.0,0.0,2.542,1.0,1.0,1564.3133853417696,1050.0,1564.3124918299322,1050.0,0.0006505688191212648,0.0
10421,1657342801000.0,0.0,0.0,0.4,2.5486753346950928,0.0,0.0,2.563,1.0,1.0,1564.3150107338101,1050.0,1564.3207405999322,1050.0,0.0006517038619988759,0.0
10422,1657346401000.0,0.0,0.0,0.4,2.5576923757659893,0.0,0.0,2.565,1.0,1.0,1564.3183148102387,1050.0,1564.3212378599324,1050.0,0.0006540081648475113,0.0
10423,1657350001000.0,0.0,0.0,0.4,2.5576923757659893,0.0,0.0,2.569,1.0,1.0,1564.3183148102387,1050.0,1564.3228378599324,1050.0,0.0006540081648475113,0.0
10424,1657353601000.0,0.0,0.0,0.4,2.562269281824492,0.0,0.0,2.567,1.0,1.0,1564.319994062662,1050.0,1564.3218863499324,1050.0,0.0006551777875497396,0.0
10425,1657357201000.0,0.0,0.0,0.4,2.576957353269707,0.0,0.0,2.583,1.0,1.0,1564.32501414124,1050.0,1564.327431199932,1050.0,0.0006589314445462261,0.0
10426,1657360801000.0,0.0,0.0,0.4,2.576957353269707,0.0,0.0,2.56,1.0,1.0,1564.32501414124,1050.0,1564.3182311999321,1050.0,0.0006589314445462261,0.0
10427,1657364401000.0,0.0,0.0,0.4,2.576957353269707,0.0,0.0,2.568,1.0,1.0,1564.32501414124,1050.0,1564.321431199932,1050.0,0.0006589314445462261,0.0
10428,1657368001000.0,0.0,0.0,0.4,2.576957353269707,0.0,0.0,2.525,1.0,1.0,1564.32501414124,1050.0,1564.304231199932,1050.0,0.0006589314445462261,0.0
10429,1657371601000.0,0.0,0.0,0.9,2.5425366014532034,0.0,0.0,2.54,1.0,1.0,1564.32488839124,1050.0,1564.322605449932,1050.0,0.0014627926451142546,0.0
10430,1657375201000.0,0.0,0.0,0.9,2.5425366014532034,0.0,0.0,2.531,1.0,1.0,1564.32488839124,1050.0,1564.314505449932,1050.0,0.0014627926451142546,0.0
10431,1657378801000.0,0.0,0.0,0.9,2.5425366014532034,0.0,0.0,2.54,1.0,1.0,1564.32488839124,1050.0,1564.322605449932,1050.0,0.0014627926451142546,0.0
10432,1657382401000.0,0.0,0.0,0.9,2.5425366014532034,0.0,0.0,2.536,1.0,1.0,1564.32488839124,1050.0,1564.319005449932,1050.0,0.0014627926451142546,0.0
10433,1657386001000.0,0.0,0.0,0.9,2.5425366014532034,0.0,0.0,2.553,1.0,1.0,1564.32488839124,1050.0,1564.3343054499321,1050.0,0.0014627926451142546,0.0
10434,1657389601000.0,0.0,0.0,0.4,2.5516143383174263,0.0,0.0,2.563,1.0,1.0,1564.3368206852583,1050.0,1564.3413749499314,1050.0,0.000652446277445465,0.0
10435,1657393201000.0,0.0,0.0,0.4,2.5516143383174263,0.0,0.0,2.55,1.0,1.0,1564.3368206852583,1050.0,1564.3361749499313,1050.0,0.000652446277445465,0.0
10436,1657396801000.0,0.0,0.0,0.4,2.5516143383174263,0.0,0.0,2.55,1.0,1.0,1564.3368206852583,1050.0,1564.3361749499313,1050.0,0.000652446277445465,0.0
10437,1657400401000.0,0.0,0.0,0.4,2.5516143383174263,0.0,0.0,2.546,1.0,1.0,1564.3368206852583,1050.0,1564.3345749499313,1050.0,0.000652446277445465,0.0
10438,1657404001000.0,0.0,0.0,0.4,2.5516143383174263,0.0,0.0,2.542,1.0,1.0,1564.3368206852583,1050.0,1564.3329749499314,1050.0,0.000652446277445465,0.0
10439,1657407601000.0,0.0,0.0,0.4,2.655102314435064,0.0,0.0,2.646,1.0,1.0,1564.3701729257054,1050.0,1564.3665319999313,1050.0,0.0006788936174791565,0.0
10440,1657411201000.0,0.0,0.0,0.9,2.6194899175266952,0.0,0.0,2.595,1.0,1.0,1564.3700433757053,1050.0,1564.3480024499313,1050.0,0.0015070225460766058,0.0
10441,1657414801000.0,0.0,0.0,0.6,2.6194899175266952,0.0,0.0,2.603,1.0,1.0,1564.3752172904476,1050.0,1564.3653233399316,1050.0,0.001004678374564285,0.0
10442,1657418401000.0,0.0,0.0,0.9,2.589274416953343,0.0,0.0,2.564,1.0,1.0,1564.3802367551898,1050.0,1564.3574897799317,1050.0,0.0014896295162176005,0.0
10443,1657422001000.0,0.0,0.0,11.4,2.480530436426141,0.0,0.0,2.46,1.0,1.0,1564.3776419851897,1050.0,1564.1435950099317,1050.0,0.01807622802597285,0.0
10444,1657425601000.0,0.0,0.0,11.4,2.480530436426141,0.0,0.0,2.47,1.0,1.0,1564.3776419851897,1050.0,1564.2575950099317,1050.0,0.01807622802597285,0.0
10445,1657429201000.0,0.0,0.0,11.4,2.480530436426141,0.0,0.0,2.483,1.0,1.0,1564.3776419851897,1050.0,1564.4057950099318,1050.0,0.01807622802597285,0.0
10446,1657432801000.0,0.0,0.0,3.7,2.480530436426141,0.0,0.0,2.502,1.0,1.0,1564.5025349347086,1050.0,1564.5819723199318,1050.0,0.005866377592772481,0.0
10447,1657436401000.0,0.0,0.0,1.9,2.480530436426141,0.0,0.0,2.487,1.0,1.0,1564.5317306891413,1050.0,1564.5440228599316,1050.0,0.0030124079536141416,0.0
10448,1657440001000.0,0.0,0.0,0.4,2.4848978273196054,0.0,0.0,2.495,1.0,1.0,1564.5576574908616,1050.0,1564.5616983599339,1050.0,0.0006352972203797786,0.0
10449,1657443601000.0,0.0,0.0,0.4,2.4848978273196054,0.0,0.0,2.475,1.0,1.0,1564.5576574908616,1050.0,1564.5536983599338,1050.0,0.0006352972203797786,0.0
10450,1657447201000.0,0.0,0.0,0.4,2.4848978273196054,0.0,0.0,2.482,1.0,1.0,1564.5576574908616,1050.0,1564.5564983599338,1050.0,0.0006352972203797786,0.0
10451,1657450801000.0,0.0,0.0,0.4,2.4848978273196054,0.0,0.0,2.466,1.0,1.0,1564.5576574908616,1050.0,1564.5500983599338,1050.0,0.0006352972203797786,0.0
10452,1657454401000.0,0.0,0.0,0.4,2.4848978273196054,0.0,0.0,2.458,1.0,1.0,1564.5576574908616,1050.0,1564.5468983599337,1050.0,0.0006352972203797786,0.0
10453,1657458001000.0,0.0,0.0,0.4,2.4848978273196054,0.0,0.0,2.473,1.0,1.0,1564.5576574908616,1050.0,1564.5528983599338,1050.0,0.0006352972203797786,0.0
10454,1657461601000.0,0.0,0.0,0.9,2.451621256586491,0.0,0.0,2.426,1.0,1.0,1564.5575362408617,1050.0,1564.534477109934,1050.0,0.0014102767586478585,0.0
10455,1657465201000.0,0.0,0.0,2.1,2.417551967108496,0.0,0.0,2.39,1.0,1.0,1564.5572492008616,1050.0,1564.4993900699337,1050.0,0.003244917457332405,0.0
10456,1657468801000.0,0.0,0.0,2.1,2.417551967108496,0.0,0.0,2.413,1.0,1.0,1564.5572492008616,1050.0,1564.5476900699339,1050.0,0.003244917457332405,0.0
10457,1657472401000.0,0.0,0.0,0.5,2.4548152248954356,0.0,0.0,2.457,1.0,1.0,1564.6241102623821,1050.0,1564.6252026499344,1050.0,0.000784474433441963,0.0
10458,1657476001000.0,0.0,0.0,0.5,2.4548152248954356,0.0,0.0,2.43,1.0,1.0,1564.6241102623821,1050.0,1564.6117026499344,1050.0,0.000784474433441963,0.0
10459,1657479601000.0,0.0,0.0,0.5,2.4548152248954356,0.0,0.0,2.436,1.0,1.0,1564.6241102623821,1050.0,1564.6147026499343,1050.0,0.000784474433441963,0.0
10460,1657483201000.0,0.0,0.0,0.5,2.4548152248954356,0.0,0.0,2.453,1.0,1.0,1564.6241102623821,1050.0,1564.6232026499345,1050.0,0.000784474433441963,0.0
10461,1657486801000.0,0.0,0.0,0.5,2.4548152248954356,0.0,0.0,2.454,1.0,1.0,1564.6241102623821,1050.0,1564.6237026499343,1050.0,0.000784474433441963,0.0
10462,1657490401000.0,0.0,0.0,0.5,2.4548152248954356,0.0,0.0,2.451,1.0,1.0,1564.6241102623821,1050.0,1564.6222026499345,1050.0,0.000784474433441963,0.0
10463,1657494001000.0,0.0,0.0,0.5,2.4548152248954356,0.0,0.0,2.443,1.0,1.0,1564.6241102623821,1050.0,1564.6182026499343,1050.0,0.000784474433441963,0.0
10464,1657497601000.0,0.0,0.0,0.5,2.4548152248954356,0.0,0.0,2.441,1.0,1.0,1564.6241102623821,1050.0,1564.6172026499344,1050.0,0.000784474433441963,0.0
10465,1657501201000.0,0.0,0.0,1.2,2.420506343706432,0.0,0.0,2.408,1.0,1.0,1564.623942542382,1050.0,1564.6089349299343,1050.0,0.0018564253898147407,0.0
10466,1657504801000.0,0.0,0.0,2.8,2.387074147302757,0.0,0.0,2.377,1.0,1.0,1564.6235646223822,1050.0,1564.5953570099346,1050.0,0.00427183110594454,0.0
10467,1657508401000.0,0.0,0.0,0.5,2.387074147302757,0.0,0.0,2.361,1.0,1.0,1564.675239833586,1050.0,1564.6622027599346,1050.0,0.000762801789960145,0.0
10468,1657512001000.0,0.0,0.0,0.5,2.387074147302757,0.0,0.0,2.383,1.0,1.0,1564.675239833586,1050.0,1564.6732027599346,1050.0,0.000762801789960145,0.0
10469,1657515601000.0,0.0,0.0,0.5,2.387074147302757,0.0,0.0,2.384,1.0,1.0,1564.675239833586,1050.0,1564.6737027599345,1050.0,0.000762801789960145,0.0
10470,1657519201000.0,0.0,0.0,0.5,2.387074147302757,0.0,0.0,2.359,1.0,1.0,1564.675239833586,1050.0,1564.6612027599344,1050.0,0.000762801789960145,0.0
10471,1657522801000.0,0.0,0.0,1.2,2.353197561376149,0.0,0.0,2.327,1.0,1.0,1564.6750768035859,1050.0,1564.6436397299344,1050.0,0.0018047434355636864,0.0
10472,1657526401000.0,0.0,0.0,1.2,2.353197561376149,0.0,0.0,2.342,1.0,1.0,1564.6750768035859,1050.0,1564.6616397299344,1050.0,0.0018047434355636864,0.0
10473,1657530001000.0,0.0,0.0,1.2,2.353197561376149,0.0,0.0,2.347,1.0,1.0,1564.6750768035859,1050.0,1564.6676397299345,1050.0,0.0018047434355636864,0.0
10474,1657533601000.0,0.0,0.0,1.2,2.353197561376149,0.0,0.0,2.356,1.0,1.0,1564.6750768035859,1050.0,1564.6784397299346,1050.0,0.0018047434355636864,0.0
10475,1657537201000.0,0.0,0.0,0.5,2.3675511220954135,0.0,0.0,2.37,1.0,1.0,1564.6921595809827,1050.0,1564.693384019935,1050.0,0.0007565549260275685,0.0
10476,1657540801000.0,0.0,0.0,0.5,2.374530673257248,0.0,0.0,2.35,1.0,1.0,1564.6953539765634,1050.0,1564.6830886399348,1050.0,0.0007587837041960102,0.0
10477,1657544401000.0,0.0,0.0,0.5,2.374530673257248,0.0,0.0,2.369,1.0,1.0,1564.6953539765634,1050.0,1564.6925886399347,1050.0,0.0007587837041960102,0.0
10478,1657548001000.0,0.0,0.0,0.5,2.374530673257248,0.0,0.0,2.326,1.0,1.0,1564.6953539765634,1050.0,1564.6710886399349,1050.0,0.0007587837041960102,0.0
10479,1657551601000.0,0.0,0.0,1.0,2.340971113857187,0.0,0.0,2.341,1.0,1.0,1564.6983504237921,1050.0,1564.698379309935,1050.0,0.001496116560245075,0.0
10480,1657555201000.0,0.0,0.0,0.5,2.3661297605931524,0.0,0.0,2.376,1.0,1.0,1564.7165419002322,1050.0,1564.7214770199357,1050.0,0.0007560889455797736,0.0
10481,1657558801000.0,0.0,0.0,0.5,2.4298766107156595,0.0,0.0,2.429,1.0,1.0,1564.7409392452935,1050.0,1564.7405009399356,1050.0,0.000776446934368458,0.0
10482,1657562401000.0,0.0,0.0,0.4,2.4585333479145826,0.0,0.0,2.466,1.0,1.0,1564.7532939791008,1050.0,1564.756280639935,1050.0,0.0006284782035288483,0.0
10483,1657566001000.0,0.0,0.0,0.4,2.4585333479145826,0.0,0.0,2.437,1.0,1.0,1564.7532939791008,1050.0,1564.744680639935,1050.0,0.0006284782035288483,0.0
10484,1657569601000.0,0.0,0.0,0.4,2.4683625082019525,0.0,0.0,2.483,1.0,1.0,1564.756526483216,1050.0,1564.7623814799351,1050.0,0.0006309895415485724,0.0
10485,1657573201000.0,0.0,0.0,0.9,2.443701738161599,0.0,0.0,2.417,1.0,1.0,1564.7595926942806,1050.0,1564.7355611299351,1050.0,0.0014055395951006896,0.0
10486,1657576801000.0,0.0,0.0,1.9,2.4095864592121137,0.0,0.0,2.424,1.0,1.0,1564.762540802438,1050.0,1564.789926529935,1050.0,0.0029258204699578417,0.0
10487,1657580401000.0,0.0,0.0,10.3,2.342331482767283,0.0,0.0,2.31,1.0,1.0,1564.760586022438,1050.0,1564.427571749935,1050.0,0.015418342261438492,0.0
10488,1657584001000.0,0.0,0.0,24.0,2.3067505946876254,0.0,0.0,2.304,1.0,1.0,1564.757462422438,1050.0,1564.691448149935,1050.0,0.035380572134671766,0.0
10489,1657587601000.0,0.0,0.0,0.5,2.3813138118474475,0.0,0.0,2.349,1.0,1.0,1565.570341495857,1050.0,1565.5541845899334,1050.0,0.0007605259721425776,0.0
10490,1657591201000.0,0.0,0.0,0.5,2.3883882871084685,0.0,0.0,2.4,1.0,1.0,1565.5733828134876,1050.0,1565.5791886699333,1050.0,0.000762783882674443,0.0
10491,1657594801000.0,0.0,0.0,0.4,2.3883882871084685,0.0,0.0,2.384,1.0,1.0,1565.5749199447766,1050.0,1565.5731646299332,1050.0,0.000610226506999158,0.0
10492,1657598401000.0,0.0,0.0,0.5,2.395032972265081,0.0,0.0,2.371,1.0,1.0,1565.5764089760657,1050.0,1565.5643924899332,1050.0,0.0007649045292626455,0.0
10493,1657602001000.0,0.0,0.0,0.4,2.395032972265081,0.0,0.0,2.417,1.0,1.0,1565.5779815688393,1050.0,1565.5867683799333,1050.0,0.0006119230087446833,0.0
10494,1657605601000.0,0.0,0.0,0.5,2.4142131889060323,0.0,0.0,2.393,1.0,1.0,1565.5823538143866,1050.0,1565.5717472199335,1050.0,0.0007710272101062077,0.0
10495,1657609201000.0,0.0,0.0,1.2,2.3802554953775137,0.0,0.0,2.351,1.0,1.0,1565.5821888943865,1050.0,1565.5470822999334,1050.0,0.001824437333737259,0.0
10496,1657612801000.0,0.0,0.0,0.5,2.3802554953775137,0.0,0.0,2.361,1.0,1.0,1565.5969419376224,1050.0,1565.5873141899337,1050.0,0.0007601750589879312,0.0
10497,1657616401000.0,0.0,0.0,0.5,2.3802554953775137,0.0,0.0,2.382,1.0,1.0,1565.5969419376224,1050.0,1565.5978141899336,1050.0,0.0007601750589879312,0.0
10498,1657620001000.0,0.0,0.0,0.5,2.4289398114354,0.0,0.0,2.413,1.0,1.0,1565.618807155651,1050.0,1565.6108372499332,1050.0,0.0007757123893549138,0.0
10499,1657623601000.0,0.0,0.0,0.5,2.4289398114354,0.0,0.0,2.435,1.0,1.0,1565.618807155651,1050.0,1565.6218372499334,1050.0,0.0007757123893549138,0.0
10500,1657627201000.0,0.0,0.0,0.5,2.4511149992700467,0.0,0.0,2.444,1.0,1.0,1565.6282003295685,1050.0,1565.6246428299335,1050.0,0.0007827896172137425,0.0
10501,1657630801000.0,0.0,0.0,0.5,2.4511149992700467,0.0,0.0,2.439,1.0,1.0,1565.6282003295685,1050.0,1565.6221428299334,1050.0,0.0007827896172137425,0.0
10502,1657634401000.0,0.0,0.0,0.4,2.4725431247262675,0.0,0.0,2.47,1.0,1.0,1565.6360865198237,1050.0,1565.6350692699332,1050.0,0.0006317031514577218,0.0
10503,1657638001000.0,0.0,0.0,0.4,2.4725431247262675,0.0,0.0,2.464,1.0,1.0,1565.6360865198237,1050.0,1565.632669269933,1050.0,0.0006317031514577218,0.0
10504,1657641601000.0,0.0,0.0,0.4,2.4725431247262675,0.0,0.0,2.45,1.0,1.0,1565.6360865198237,1050.0,1565.6270692699331,1050.0,0.0006317031514577218,0.0
10505,1657645201000.0,0.0,0.0,0.4,2.4725431247262675,0.0,0.0,2.46,1.0,1.0,1565.6360865198237,1050.0,1565.6310692699333,1050.0,0.0006317031514577218,0.0
10506,1657648801000.0,0.0,0.0,0.4,2.4725431247262675,0.0,0.0,2.442,1.0,1.0,1565.6360865198237,1050.0,1565.6238692699333,1050.0,0.0006317031514577218,0.0
10507,1657652401000.0,0.0,0.0,0.9,2.4394636109894523,0.0,0.0,2.418,1.0,1.0,1565.6359658698236,1050.0,1565.6166486199331,1050.0,0.001402316565122301,0.0
10508,1657656001000.0,0.0,0.0,0.9,2.4394636109894523,0.0,0.0,2.4,1.0,1.0,1565.6359658698236,1050.0,1565.600448619933,1050.0,0.001402316565122301,0.0
10509,1657659601000.0,0.0,0.0,0.9,2.4054844047097648,0.0,0.0,2.416,1.0,1.0,1565.6552083441732,1050.0,1565.6646723799345,1050.0,0.0013827667501125043,0.0
10510,1657663201000.0,0.0,0.0,0.9,2.4054844047097648,0.0,0.0,2.382,1.0,1.0,1565.6552083441732,1050.0,1565.6340723799344,1050.0,0.0013827667501125043,0.0
10511,1657666801000.0,0.0,0.0,2.1,2.372064744875613,0.0,0.0,2.346,1.0,1.0,1565.6549267041732,1050.0,1565.6001907399345,1050.0,0.003181630817414468,0.0
10512,1657670401000.0,0.0,0.0,4.9,2.338884890660977,0.0,0.0,2.323,1.0,1.0,1565.6542787841734,1050.0,1565.5764428199345,1050.0,0.007319965920661998,0.0
10513,1657674001000.0,0.0,0.0,4.9,2.338884890660977,0.0,0.0,2.351,1.0,1.0,1565.6542787841734,1050.0,1565.7136428199346,1050.0,0.007319965920661998,0.0
10514,1657677601000.0,0.0,0.0,4.9,2.338884890660977,0.0,0.0,2.323,1.0,1.0,1565.6542787841734,1050.0,1565.5764428199345,1050.0,0.007319965920661998,0.0
10515,1657681201000.0,0.0,0.0,4.9,2.338884890660977,0.0,0.0,2.33,1.0,1.0,1565.6542787841734,1050.0,1565.6107428199346,1050.0,0.007319965920661998,0.0
10516,1657684801000.0,0.0,0.0,2.1,2.338884890660977,0.0,0.0,2.364,1.0,1.0,1565.6987416903225,1050.0,1565.7514834199344,1050.0,0.00313703916315692,0.0
10517,1657688401000.0,0.0,0.0,0.5,2.3505309343965863,0.0,0.0,2.352,1.0,1.0,1565.748875467133,1050.0,1565.7496099999348,1050.0,0.000750609172143048,0.0
10518,1657692001000.0,0.0,0.0,0.5,2.3707226818296627,0.0,0.0,2.369,1.0,1.0,1565.75808652085,1050.0,1565.7572251799352,1050.0,0.0007570526706004318,0.0
10519,1657695601000.0,0.0,0.0,0.5,2.3707226818296627,0.0,0.0,2.356,1.0,1.0,1565.75808652085,1050.0,1565.750725179935,1050.0,0.0007570526706004318,0.0
10520,1657699201000.0,0.0,0.0,0.5,2.3707226818296627,0.0,0.0,2.374,1.0,1.0,1565.75808652085,1050.0,1565.759725179935,1050.0,0.0007570526706004318,0.0
10521,1657702801000.0,0.0,0.0,0.5,2.3780336090977974,0.0,0.0,2.379,1.0,1.0,1565.7612464644842,1050.0,1565.7617296599353,1050.0,0.0007593857666574128,0.0
10522,1657706401000.0,0.0,0.0,0.4,2.391692099275207,0.0,0.0,2.385,1.0,1.0,1565.7690905796453,1050.0,1565.7664137399352,1050.0,0.0006109948430237071,0.0
10523,1657710001000.0,0.0,0.0,0.4,2.391692099275207,0.0,0.0,2.379,1.0,1.0,1565.7690905796453,1050.0,1565.7640137399353,1050.0,0.0006109948430237071,0.0
10524,1657713601000.0,0.0,0.0,0.4,2.391692099275207,0.0,0.0,2.381,1.0,1.0,1565.7690905796453,1050.0,1565.7648137399353,1050.0,0.0006109948430237071,0.0
10525,1657717201000.0,0.0,0.0,1.0,2.2430386125837107,0.0,0.0,2.261,1.0,1.0,1566.40054201252,1050.0,1566.4185033999363,1050.0,0.001431970018155026,0.0
10526,1657720801000.0,0.0,0.0,0.5,2.269987404190849,0.0,0.0,2.271,1.0,1.0,1566.4198211220325,1050.0,1566.4203274199372,1050.0,0.0007245782304276668,0.0
10527,1657724401000.0,0.0,0.0,0.5,2.3281474385319716,0.0,0.0,2.322,1.0,1.0,1566.4433079692033,1050.0,1566.4402342499372,1050.0,0.0007431317260853412,0.0
10528,1657728001000.0,0.0,0.0,0.5,2.3281474385319716,0.0,0.0,2.298,1.0,1.0,1566.4433079692033,1050.0,1566.4282342499373,1050.0,0.0007431317260853412,0.0
10529,1657731601000.0,0.0,0.0,0.5,2.3281474385319716,0.0,0.0,2.333,1.0,1.0,1566.4433079692033,1050.0,1566.4457342499372,1050.0,0.0007431317260853412,0.0
10530,1657735201000.0,0.0,0.0,0.5,2.4276741499436536,0.0,0.0,2.434,1.0,1.0,1566.4847732949102,1050.0,1566.4879362199383,1050.0,0.0007748795875102368,0.0
10531,1657738801000.0,0.0,0.0,0.5,2.4276741499436536,0.0,0.0,2.4,1.0,1.0,1566.4847732949102,1050.0,1566.4709362199383,1050.0,0.0007748795875102368,0.0
10532,1657742401000.0,0.0,0.0,0.5,2.4276741499436536,0.0,0.0,2.391,1.0,1.0,1566.4847732949102,1050.0,1566.4664362199383,1050.0,0.0007748795875102368,0.0
10533,1657746001000.0,0.0,0.0,0.5,2.4276741499436536,0.0,0.0,2.406,1.0,1.0,1566.4847732949102,1050.0,1566.4739362199384,1050.0,0.0007748795875102368,0.0
10534,1657749601000.0,0.0,0.0,0.4,2.4346044899661923,0.0,0.0,2.443,1.0,1.0,1566.4895557259247,1050.0,1566.4929139299381,1050.0,0.0006216714260410056,0.0
10535,1657753201000.0,0.0,0.0,0.4,2.462913541899619,0.0,0.0,2.454,1.0,1.0,1566.502285126698,1050.0,1566.4987197099383,1050.0,0.0006288949758411414,0.0
10536,1657756801000.0,0.0,0.0,0.4,2.539044920358334,0.0,0.0,2.515,1.0,1.0,1566.5222833980818,1050.0,1566.5126654299384,1050.0,0.0006483265376476274,0.0
10537,1657760401000.0,0.0,0.0,0.4,2.5481502677015624,0.0,0.0,2.56,1.0,1.0,1566.525623177019,1050.0,1566.5303630699384,1050.0,0.0006506501342847474,0.0
10538,1657764001000.0,0.0,0.0,0.4,2.6564843322700256,0.0,0.0,2.628,1.0,1.0,1566.5629052328463,1050.0,1566.5515114999382,1050.0,0.0006782962429140829,0.0
10539,1657767601000.0,0.0,0.0,0.4,2.661863249202519,0.0,0.0,2.633,1.0,1.0,1566.5646032796192,1050.0,1566.553057979938,1050.0,0.000679668937656291,0.0
10540,1657771201000.0,0.0,0.0,0.4,2.661863249202519,0.0,0.0,2.654,1.0,1.0,1566.5646032796192,1050.0,1566.5614579799383,1050.0,0.000679668937656291,0.0
10541,1657774801000.0,0.0,0.0,0.4,2.676114183257312,0.0,0.0,2.672,1.0,1.0,1566.569842543241,1050.0,1566.5681968699382,1050.0,0.0006833054257990275,0.0
10542,1657778401000.0,0.0,0.0,0.4,2.676114183257312,0.0,0.0,2.651,1.0,1.0,1566.569842543241,1050.0,1566.559796869938,1050.0,0.0006833054257990275,0.0
10543,1657782001000.0,0.0,0.0,0.4,2.676114183257312,0.0,0.0,2.636,1.0,1.0,1566.569842543241,1050.0,1566.5537968699382,1050.0,0.0006833054257990275,0.0
10544,1657785601000.0,0.0,0.0,0.9,2.640495192558806,0.0,0.0,2.624,1.0,1.0,1566.5697119432411,1050.0,1566.5548662699382,1050.0,0.0015169740964512068,0.0
10545,1657789201000.0,0.0,0.0,0.7,2.640495192558806,0.0,0.0,2.651,1.0,1.0,1566.5731597447293,1050.0,1566.5805131099382,1050.0,0.0011798661449634112,0.0
10546,1657792801000.0,0.0,0.0,0.5,2.640495192558806,0.0,0.0,2.612,1.0,1.0,1566.5766075462175,1050.0,1566.5623599499381,1050.0,0.000842759677324272,0.0
10547,1657796401000.0,0.0,0.0,0.5,2.640495192558806,0.0,0.0,2.63,1.0,1.0,1566.5766075462175,1050.0,1566.5713599499381,1050.0,0.000842759677324272,0.0
10548,1657800001000.0,0.0,0.0,0.5,2.640495192558806,0.0,0.0,2.636,1.0,1.0,1566.5766075462175,1050.0,1566.574359949938,1050.0,0.000842759677324272,0.0
10549,1657803601000.0,0.0,0.0,2.1,2.596310701598175,0.0,0.0,2.558,1.0,1.0,1566.5880798832943,1050.0,1566.507627409938,1050.0,0.0034803357330296697,0.0
10550,1657807201000.0,0.0,0.0,2.1,2.596310701598175,0.0,0.0,2.598,1.0,1.0,1566.5880798832943,1050.0,1566.5916274099382,1050.0,0.0034803357330296697,0.0
10551,1657810801000.0,0.0,0.0,1.3,2.596310701598175,0.0,0.0,2.617,1.0,1.0,1566.6104213620154,1050.0,1566.6373174499377,1050.0,0.002154462823720537,0.0
10552,1657814401000.0,0.0,0.0,0.4,2.7293764153228106,0.0,0.0,2.71,1.0,1.0,1566.6979008060662,1050.0,1566.690150239937,1050.0,0.0006968481706443971,0.0
10553,1657818001000.0,0.0,0.0,0.4,2.734532311492108,0.0,0.0,2.734,1.0,1.0,1566.6997081845338,1050.0,1566.699495259937,1050.0,0.0006981637380046083,0.0
10554,1657821601000.0,0.0,0.0,0.4,2.770974924635817,0.0,0.0,2.78,1.0,1.0,1566.7122974897918,1050.0,1566.7159075199374,1050.0,0.0007074623538924184,0.0
10555,1657825201000.0,0.0,0.0,0.4,2.775981193476863,0.0,0.0,2.763,1.0,1.0,1566.7141441873282,1050.0,1566.7089517099375,1050.0,0.0007087396775668467,0.0
10556,1657828801000.0,0.0,0.0,0.4,2.775981193476863,0.0,0.0,2.753,1.0,1.0,1566.7141441873282,1050.0,1566.7049517099374,1050.0,0.0007087396775668467,0.0
10557,1657832401000.0,0.0,0.0,0.4,2.775981193476863,0.0,0.0,2.726,1.0,1.0,1566.7141441873282,1050.0,1566.6941517099374,1050.0,0.0007087396775668467,0.0
10558,1657836001000.0,0.0,0.0,0.9,2.7387694193230505,0.0,0.0,2.689,1.0,1.0,1566.7140087373282,1050.0,1566.6692162599375,1050.0,0.001573288081707581,0.0
10559,1657839601000.0,0.0,0.0,0.9,2.7387694193230505,0.0,0.0,2.688,1.0,1.0,1566.7140087373282,1050.0,1566.6683162599375,1050.0,0.001573288081707581,0.0
10560,1657843201000.0,0.0,0.0,0.9,2.7387694193230505,0.0,0.0,2.708,1.0,1.0,1566.7140087373282,1050.0,1566.6863162599375,1050.0,0.001573288081707581,0.0
10561,1657846801000.0,0.0,0.0,0.9,2.7387694193230505,0.0,0.0,2.691,1.0,1.0,1566.7140087373282,1050.0,1566.6710162599375,1050.0,0.001573288081707581,0.0
10562,1657850401000.0,0.0,0.0,0.9,2.7387694193230505,0.0,0.0,2.735,1.0,1.0,1566.7140087373282,1050.0,1566.7106162599375,1050.0,0.001573288081707581,0.0
10563,1657854001000.0,0.0,0.0,2.1,2.7006154654241645,0.0,0.0,2.662,1.0,1.0,1566.7136880973283,1050.0,1566.6325956199375,1050.0,0.0036198652762638216,0.0
10564,1657857601000.0,0.0,0.0,2.1,2.7006154654241645,0.0,0.0,2.689,1.0,1.0,1566.7136880973283,1050.0,1566.6892956199374,1050.0,0.0036198652762638216,0.0
10565,1657861201000.0,0.0,0.0,2.1,2.7006154654241645,0.0,0.0,2.674,1.0,1.0,1566.7136880973283,1050.0,1566.6577956199376,1050.0,0.0036198652762638216,0.0
10566,1657864801000.0,0.0,0.0,2.1,2.7006154654241645,0.0,0.0,2.712,1.0,1.0,1566.7136880973283,1050.0,1566.7375956199376,1050.0,0.0036198652762638216,0.0
10567,1657868401000.0,0.0,0.0,2.1,2.7006154654241645,0.0,0.0,2.692,1.0,1.0,1566.7136880973283,1050.0,1566.6955956199374,1050.0,0.0036198652762638216,0.0
10568,1657872001000.0,0.0,0.0,2.1,2.7006154654241645,0.0,0.0,2.683,1.0,1.0,1566.7136880973283,1050.0,1566.6766956199376,1050.0,0.0036198652762638216,0.0
10569,1657875601000.0,0.0,0.0,2.1,2.7006154654241645,0.0,0.0,2.666,1.0,1.0,1566.7136880973283,1050.0,1566.6409956199375,1050.0,0.0036198652762638216,0.0
10570,1657879201000.0,0.0,0.0,0.4,2.7054615990681232,0.0,0.0,2.665,1.0,1.0,1566.7462636395642,1050.0,1566.730078999937,1050.0,0.000690721059779856,0.0
10571,1657882801000.0,0.0,0.0,0.4,2.7054615990681232,0.0,0.0,2.645,1.0,1.0,1566.7462636395642,1050.0,1566.722078999937,1050.0,0.000690721059779856,0.0
10572,1657886401000.0,0.0,0.0,0.4,2.7054615990681232,0.0,0.0,2.656,1.0,1.0,1566.7462636395642,1050.0,1566.726478999937,1050.0,0.000690721059779856,0.0
10573,1657890001000.0,0.0,0.0,0.9,2.6690940440302775,0.0,0.0,2.674,1.0,1.0,1566.7461316395643,1050.0,1566.7505469999371,1050.0,0.001533231575375532,0.0
10574,1657893601000.0,0.0,0.0,0.9,2.6690940440302775,0.0,0.0,2.66,1.0,1.0,1566.7461316395643,1050.0,1566.737946999937,1050.0,0.001533231575375532,0.0
10575,1657897201000.0,0.0,0.0,0.9,2.6690940440302775,0.0,0.0,2.642,1.0,1.0,1566.7461316395643,1050.0,1566.721746999937,1050.0,0.001533231575375532,0.0
10576,1657900801000.0,0.0,0.0,2.1,2.6318974474415473,0.0,0.0,2.605,1.0,1.0,1566.7458191595642,1050.0,1566.689334519937,1050.0,0.0035276843072043693,0.0
10577,1657904401000.0,0.0,0.0,2.1,2.6318974474415473,0.0,0.0,2.59,1.0,1.0,1566.7458191595642,1050.0,1566.657834519937,1050.0,0.0035276843072043693,0.0
10578,1657908001000.0,0.0,0.0,4.9,2.594813191760663,0.0,0.0,2.57,1.0,1.0,1566.7451003995643,1050.0,1566.6235157599372,1050.0,0.008115286038797678,0.0
10579,1657911601000.0,0.0,0.0,4.9,2.594813191760663,0.0,0.0,2.575,1.0,1.0,1566.7451003995643,1050.0,1566.6480157599372,1050.0,0.008115286038797678,0.0
10580,1657915201000.0,0.0,0.0,4.9,2.594813191760663,0.0,0.0,2.593,1.0,1.0,1566.7451003995643,1050.0,1566.736215759937,1050.0,0.008115286038797678,0.0
10581,1657918801000.0,0.0,0.0,1.9,2.594813191760663,0.0,0.0,2.566,1.0,1.0,1566.8112756842825,1050.0,1566.7565306199372,1050.0,0.003146610661320451,0.0
10582,1657922401000.0,0.0,0.0,4.4,2.558555696442104,0.0,0.0,2.564,1.0,1.0,1566.8106429342824,1050.0,1566.8345978699372,1050.0,0.007185070585978554,0.0
10583,1657926001000.0,0.0,0.0,1.6,2.558555696442104,0.0,0.0,2.574,1.0,1.0,1566.8587657042444,1050.0,1566.8834765899371,1050.0,0.0026126726951471,0.0
10584,1657929601000.0,0.0,0.0,1.6,2.558555696442104,0.0,0.0,2.547,1.0,1.0,1566.8587657042444,1050.0,1566.840276589937,1050.0,0.0026126726951471,0.0
10585,1657933201000.0,0.0,0.0,1.6,2.558555696442104,0.0,0.0,2.554,1.0,1.0,1566.8587657042444,1050.0,1566.851476589937,1050.0,0.0026126726951471,0.0
10586,1657936801000.0,0.0,0.0,0.6,2.558555696442104,0.0,0.0,2.571,1.0,1.0,1566.8759524078023,1050.0,1566.8834189899371,1050.0,0.0009797415140019468,0.0
10587,1657940401000.0,0.0,0.0,0.4,2.563166772331578,0.0,0.0,2.568,1.0,1.0,1566.8824825088695,1050.0,1566.884415799937,1050.0,0.0006543354210527576,0.0
10588,1657944001000.0,0.0,0.0,0.4,2.5728438094365123,0.0,0.0,2.588,1.0,1.0,1566.8857499737119,1050.0,1566.8918124499373,1050.0,0.0006568044439691095,0.0
10589,1657947601000.0,0.0,0.0,0.4,2.582224642808038,0.0,0.0,2.595,1.0,1.0,1566.8890985770604,1050.0,1566.894208719937,1050.0,0.0006591978066994109,0.0
10590,1657951201000.0,0.0,0.0,0.4,2.582224642808038,0.0,0.0,2.577,1.0,1.0,1566.8890985770604,1050.0,1566.8870087199373,1050.0,0.0006591978066994109,0.0
10591,1657954801000.0,0.0,0.0,0.4,2.5869184821060283,0.0,0.0,2.601,1.0,1.0,1566.8908241027796,1050.0,1566.8964567099372,1050.0,0.0006603953363725462,0.0
10592,1657958401000.0,0.0,0.0,0.4,2.640951867378979,0.0,0.0,2.641,1.0,1.0,1566.9093113168885,1050.0,1566.9093305699369,1050.0,0.00067418116627552,0.0
10593,1657962001000.0,0.0,0.0,0.4,2.6549640690505063,0.0,0.0,2.645,1.0,1.0,1566.9144563675572,1050.0,1566.910470739937,1050.0,0.0006777559702155742,0.0
10594,1657965601000.0,0.0,0.0,0.4,2.669156716630682,0.0,0.0,2.671,1.0,1.0,1566.9196727365895,1050.0,1566.9204100499373,1050.0,0.000681376783525619,0.0
10595,1657969201000.0,0.0,0.0,0.4,2.6738675374730114,0.0,0.0,2.678,1.0,1.0,1566.9214033149265,1050.0,1566.9230562999373,1050.0,0.0006825785982159071,0.0
10596,1657972801000.0,0.0,0.0,0.4,2.788157225729,0.0,0.0,2.754,1.0,1.0,1566.9604102402288,1050.0,1566.9467473499371,1050.0,0.0007117364823024599,0.0
10597,1657976401000.0,0.0,0.0,0.4,2.803066329604421,0.0,0.0,2.784,1.0,1.0,1566.965905131779,1050.0,1566.958278599937,1050.0,0.0007155398392331168,0.0
10598,1657980001000.0,0.0,0.0,0.9,2.7652517020464096,0.0,0.0,2.76,1.0,1.0,1566.965768381779,1050.0,1566.9610418499374,1050.0,0.001588245628627804,0.0
10599,1657983601000.0,0.0,0.0,0.4,2.7751415824011048,0.0,0.0,2.781,1.0,1.0,1566.978647802897,1050.0,1566.9809911699367,1050.0,0.000708405717280757,0.0
10600,1657987201000.0,0.0,0.0,0.4,2.8210584822326683,0.0,0.0,2.822,1.0,1.0,1566.9952078728293,1050.0,1566.9955844799363,1050.0,0.0007201192366279689,0.0
10601,1657990801000.0,0.0,0.0,0.4,2.9241953864247145,0.0,0.0,2.909,1.0,1.0,1567.0250665845067,1050.0,1567.0189884299368,1050.0,0.0007464323191200255,0.0
10602,1657994401000.0,0.0,0.0,0.9,2.8851979495220954,0.0,0.0,2.857,1.0,1.0,1567.0249238845067,1050.0,1566.999545729937,1050.0,0.0016570752098396535,0.0
10603,1657998001000.0,0.0,0.0,0.7,2.8851979495220954,0.0,0.0,2.888,1.0,1.0,1567.0288261946025,1050.0,1567.030787629937,1050.0,0.001288833064781577,0.0
10604,1658001601000.0,0.0,0.0,0.6,2.8851979495220954,0.0,0.0,2.867,1.0,1.0,1567.0307773496504,1050.0,1567.0198585799371,1050.0,0.0011047126800158528,0.0
10605,1658005201000.0,0.0,0.0,0.6,2.8851979495220954,0.0,0.0,2.86,1.0,1.0,1567.0307773496504,1050.0,1567.015658579937,1050.0,0.0011047126800158528,0.0
10606,1658008801000.0,0.0,0.0,0.6,2.8851979495220954,0.0,0.0,2.838,1.0,1.0,1567.0307773496504,1050.0,1567.0024585799372,1050.0,0.0011047126800158528,0.0
10607,1658012401000.0,0.0,0.0,0.6,2.8851979495220954,0.0,0.0,2.847,1.0,1.0,1567.0307773496504,1050.0,1567.0078585799372,1050.0,0.0011047126800158528,0.0
10608,1658016001000.0,0.0,0.0,1.4,2.8450848355094696,0.0,0.0,2.802,1.0,1.0,1567.0305521496505,1050.0,1566.9702333799373,1050.0,0.002541825852884119,0.0
10609,1658019601000.0,0.0,0.0,3.3,2.8053087180949268,0.0,0.0,2.78,1.0,1.0,1567.0300247096504,1050.0,1566.9465059399372,1050.0,0.005907684360692803,0.0
10610,1658023201000.0,0.0,0.0,3.3,2.8053087180949268,0.0,0.0,2.753,1.0,1.0,1567.0300247096504,1050.0,1566.8574059399373,1050.0,0.005907684360692803,0.0
10611,1658026801000.0,0.0,0.0,3.3,2.8053087180949268,0.0,0.0,2.783,1.0,1.0,1567.0300247096504,1050.0,1566.9564059399372,1050.0,0.005907684360692803,0.0
10612,1658030401000.0,0.0,0.0,3.3,2.8053087180949268,0.0,0.0,2.772,1.0,1.0,1567.0300247096504,1050.0,1566.9201059399372,1050.0,0.005907684360692803,0.0
10613,1658034001000.0,0.0,0.0,0.4,2.8053087180949268,0.0,0.0,2.856,1.0,1.0,1567.1230065071745,1050.0,1567.1432830199365,1050.0,0.0007160404656038936,0.0
10614,1658037601000.0,0.0,0.0,0.4,2.8102315385711947,0.0,0.0,2.803,1.0,1.0,1567.124819145365,1050.0,1567.1219265299367,1050.0,0.0007172961602646968,0.0
10615,1658041201000.0,0.0,0.0,0.4,2.8102315385711947,0.0,0.0,2.805,1.0,1.0,1567.124819145365,1050.0,1567.1227265299367,1050.0,0.0007172961602646968,0.0
10616,1658044801000.0,0.0,0.0,0.4,2.8102315385711947,0.0,0.0,2.794,1.0,1.0,1567.124819145365,1050.0,1567.1183265299367,1050.0,0.0007172961602646968,0.0
10617,1658048401000.0,0.0,0.0,0.4,2.8102315385711947,0.0,0.0,2.765,1.0,1.0,1567.124819145365,1050.0,1567.1067265299366,1050.0,0.0007172961602646968,0.0
10618,1658052001000.0,0.0,0.0,0.9,2.772325128253865,0.0,0.0,2.718,1.0,1.0,1567.124682045365,1050.0,1567.0757894299365,1050.0,0.0015921468432058368,0.0
10619,1658055601000.0,0.0,0.0,2.1,2.733853626394513,0.0,0.0,2.729,1.0,1.0,1567.124357445365,1050.0,1567.1141648299365,1050.0,0.003663456947850184,0.0
10620,1658059201000.0,0.0,0.0,1.5,2.733853626394513,0.0,0.0,2.755,1.0,1.0,1567.1350801495282,1050.0,1567.1667997099364,1050.0,0.0026167370583016327,0.0
10621,1658062801000.0,0.0,0.0,0.4,2.7386402197958843,0.0,0.0,2.708,1.0,1.0,1567.1564980278536,1050.0,1567.1442419399352,1050.0,0.000699008739265607,0.0
10622,1658066401000.0,0.0,0.0,0.8,2.7021734310203933,0.0,0.0,2.688,1.0,1.0,1567.1581198347517,1050.0,1567.1467810899353,1050.0,0.0013794005323752897,0.0
10623,1658070001000.0,0.0,0.0,0.5,2.7021734310203933,0.0,0.0,2.71,1.0,1.0,1567.163386205446,1050.0,1567.1672994899357,1050.0,0.0008621224356074109,0.0
10624,1658073601000.0,0.0,0.0,0.4,2.7068800732652947,0.0,0.0,2.7,1.0,1.0,1567.166869909242,1050.0,1567.164117879936,1050.0,0.0006908977276739027,0.0
10625,1658077201000.0,0.0,0.0,0.4,2.7068800732652947,0.0,0.0,2.692,1.0,1.0,1567.166869909242,1050.0,1567.1609178799358,1050.0,0.0006908977276739027,0.0
10626,1658080801000.0,0.0,0.0,0.9,2.690012649191821,0.0,0.0,2.652,1.0,1.0,1567.173877574209,1050.0,1567.1396661899364,1050.0,0.0015448262754481747,0.0
10627,1658084401000.0,0.0,0.0,0.9,2.690012649191821,0.0,0.0,2.676,1.0,1.0,1567.173877574209,1050.0,1567.1612661899364,1050.0,0.0015448262754481747,0.0
10628,1658088001000.0,0.0,0.0,0.9,2.690012649191821,0.0,0.0,2.68,1.0,1.0,1567.173877574209,1050.0,1567.1648661899364,1050.0,0.0015448262754481747,0.0
10629,1658091601000.0,0.0,0.0,0.9,2.690012649191821,0.0,0.0,2.664,1.0,1.0,1567.173877574209,1050.0,1567.1504661899364,1050.0,0.0015448262754481747,0.0
10630,1658095201000.0,0.0,0.0,0.9,2.690012649191821,0.0,0.0,2.69,1.0,1.0,1567.173877574209,1050.0,1567.1738661899362,1050.0,0.0015448262754481747,0.0
10631,1658098801000.0,0.0,0.0,0.8,2.690012649191821,0.0,0.0,2.704,1.0,1.0,1567.1756492292898,1050.0,1567.1868391099363,1050.0,0.001373177359163141,0.0
10632,1658102401000.0,0.0,0.0,0.4,2.707319615170399,0.0,0.0,2.655,1.0,1.0,1567.1922492060046,1050.0,1567.1713213599364,1050.0,0.0006909987250235634,0.0
10633,1658106001000.0,0.0,0.0,0.4,2.707319615170399,0.0,0.0,2.668,1.0,1.0,1567.1922492060046,1050.0,1567.1765213599365,1050.0,0.0006909987250235634,0.0
10634,1658109601000.0,0.0,0.0,0.4,2.731313150865631,0.0,0.0,2.731,1.0,1.0,1567.2010730702825,1050.0,1567.2009478099362,1050.0,0.0006971187546508637,0.0
10635,1658113201000.0,0.0,0.0,0.4,2.7640660552607184,0.0,0.0,2.779,1.0,1.0,1567.2115973420402,1050.0,1567.217570919936,1050.0,0.0007054736092939893,0.0
10636,1658116801000.0,0.0,0.0,0.4,2.7640660552607184,0.0,0.0,2.753,1.0,1.0,1567.2115973420402,1050.0,1567.207170919936,1050.0,0.0007054736092939893,0.0
10637,1658120401000.0,0.0,0.0,0.4,2.7640660552607184,0.0,0.0,2.766,1.0,1.0,1567.2115973420402,1050.0,1567.212370919936,1050.0,0.0007054736092939893,0.0
10638,1658124001000.0,0.0,0.0,0.4,2.8229573110321198,0.0,0.0,2.818,1.0,1.0,1567.231535544349,1050.0,1567.2295526199362,1050.0,0.0007204952802462892,0.0
10639,1658127601000.0,0.0,0.0,0.4,2.8229573110321198,0.0,0.0,2.812,1.0,1.0,1567.231535544349,1050.0,1567.2271526199363,1050.0,0.0007204952802462892,0.0
10640,1658131201000.0,0.0,0.0,0.4,2.8229573110321198,0.0,0.0,2.805,1.0,1.0,1567.231535544349,1050.0,1567.2243526199363,1050.0,0.0007204952802462892,0.0
10641,1658134801000.0,0.0,0.0,0.4,2.8229573110321198,0.0,0.0,2.795,1.0,1.0,1567.231535544349,1050.0,1567.2203526199362,1050.0,0.0007204952802462892,0.0
10642,1658138401000.0,0.0,0.0,0.4,2.853051728452737,0.0,0.0,2.854,1.0,1.0,1567.2425307013175,1050.0,1567.2429100099364,1050.0,0.0007281710833041366,0.0
10643,1658142001000.0,0.0,0.0,0.4,2.863029097254664,0.0,0.0,2.857,1.0,1.0,1567.2462066488383,1050.0,1567.2437950099365,1050.0,0.000730715846714737,0.0
10644,1658145601000.0,0.0,0.0,0.9,2.824679598779851,0.0,0.0,2.818,1.0,1.0,1567.2460669488382,1050.0,1567.2400553099365,1050.0,0.0016220883832563193,0.0
10645,1658149201000.0,0.0,0.0,0.4,2.8453947168014366,0.0,0.0,2.863,1.0,1.0,1567.2629428066564,1050.0,1567.2699849199357,1050.0,0.0007262073616583827,0.0
10646,1658152801000.0,0.0,0.0,0.4,2.8601665211506053,0.0,0.0,2.861,1.0,1.0,1567.268379358396,1050.0,1567.2687127499357,1050.0,0.0007299749191192111,0.0
10647,1658156401000.0,0.0,0.0,0.4,3.012378364245924,0.0,0.0,3.002,1.0,1.0,1567.3104014556343,1050.0,1567.306250109936,1050.0,0.0007688019836908345,0.0
10648,1658160001000.0,0.0,0.0,0.4,3.0276600227915615,0.0,0.0,3.052,1.0,1.0,1567.3443131590527,1050.0,1567.3540491499361,1050.0,0.0007726853627175709,0.0
10649,1658163601000.0,0.0,0.0,4.9,2.9686350124668834,0.0,0.0,2.948,1.0,1.0,1567.364074571024,1050.0,1567.2629630099364,1050.0,0.009280748357760433,0.0
10650,1658167201000.0,0.0,0.0,11.4,2.925509786060327,0.0,0.0,2.898,1.0,1.0,1567.362194121024,1050.0,1567.0485825599362,1050.0,0.02127830547794401,0.0
10651,1658170801000.0,0.0,0.0,11.4,2.925509786060327,0.0,0.0,2.873,1.0,1.0,1567.362194121024,1050.0,1566.7635825599364,1050.0,0.02127830547794401,0.0
10652,1658174401000.0,0.0,0.0,62.0,2.8266872832433503,0.0,0.0,2.781,1.0,1.0,1567.3480037410238,1050.0,1564.515392179936,1050.0,0.1118160173380649,0.0
10653,1658178001000.0,0.0,0.0,62.0,2.8266872832433503,0.0,0.0,2.79,1.0,1.0,1567.3480037410238,1050.0,1565.073392179936,1050.0,0.1118160173380649,0.0
10654,1658181601000.0,0.0,0.0,28.0,2.8266872832433503,0.0,0.0,2.853,1.0,1.0,1567.99495971075,1050.0,1568.7317157799362,1050.0,0.050476720885259854,0.0
10655,1658185201000.0,0.0,0.0,2.7,2.8266872832433503,0.0,0.0,2.864,1.0,1.0,1568.6548532146933,1050.0,1568.7555975499363,1050.0,0.004865350493842821,0.0
10656,1658188801000.0,0.0,0.0,0.4,2.9415089559751397,0.0,0.0,2.936,1.0,1.0,1568.8066793023258,1050.0,1568.8044757199357,1050.0,0.0007499990903361726,0.0
10657,1658192401000.0,0.0,0.0,0.9,2.9317719528302257,0.0,0.0,2.935,1.0,1.0,1568.8157871274832,1050.0,1568.818692369936,1050.0,0.0016819022215339224,0.0
10658,1658196001000.0,0.0,0.0,0.9,2.8924542012578787,0.0,0.0,2.846,1.0,1.0,1568.8251105510676,1050.0,1568.7833017699354,1050.0,0.0016593365083362825,0.0
10659,1658199601000.0,0.0,0.0,0.9,2.8924542012578787,0.0,0.0,2.856,1.0,1.0,1568.8251105510676,1050.0,1568.7923017699354,1050.0,0.0016593365083362825,0.0
10660,1658203201000.0,0.0,0.0,0.9,2.8924542012578787,0.0,0.0,2.833,1.0,1.0,1568.8251105510676,1050.0,1568.7716017699356,1050.0,0.0016593365083362825,0.0
10661,1658206801000.0,0.0,0.0,4.9,2.812083424720835,0.0,0.0,2.819,1.0,1.0,1568.8239929510676,1050.0,1568.8578841699355,1050.0,0.008783145109358275,0.0
10662,1658210401000.0,0.0,0.0,0.4,2.8427070698041015,0.0,0.0,2.845,1.0,1.0,1568.949418157857,1050.0,1568.9503353299353,1050.0,0.0007247415466438161,0.0
10663,1658214001000.0,0.0,0.0,0.9,2.814593434117692,0.0,0.0,2.806,1.0,1.0,1568.9530156206415,1050.0,1568.9452815299355,1050.0,0.00161453788958994,0.0
10664,1658217601000.0,0.0,0.0,0.9,2.814593434117692,0.0,0.0,2.804,1.0,1.0,1568.9530156206415,1050.0,1568.9434815299355,1050.0,0.00161453788958994,0.0
10665,1658221201000.0,0.0,0.0,0.4,2.8297503550184007,0.0,0.0,2.842,1.0,1.0,1568.9674696919426,1050.0,1568.9723695499351,1050.0,0.0007214299619797739,0.0
10666,1658224801000.0,0.0,0.0,0.4,2.8348127662638003,0.0,0.0,2.841,1.0,1.0,1568.9693376664407,1050.0,1568.9718125599352,1050.0,0.0007227197366342606,0.0
10667,1658228401000.0,0.0,0.0,0.4,2.865966676417555,0.0,0.0,2.874,1.0,1.0,1568.9804550905021,1050.0,1568.9836684199352,1050.0,0.0007306570753304228,0.0
10668,1658232001000.0,0.0,0.0,0.4,2.900995551838695,0.0,0.0,2.886,1.0,1.0,1568.9933605706708,1050.0,1568.9873623499352,1050.0,0.0007395813455280784,0.0
10669,1658235601000.0,0.0,0.0,0.3,2.928371014742971,0.0,0.0,2.954,1.0,1.0,1569.0047509343585,1050.0,1569.0124396299357,1050.0,0.0005599162806229418,0.0
10670,1658239201000.0,0.0,0.0,0.4,2.9550743716626378,0.0,0.0,2.935,1.0,1.0,1569.0123028886007,1050.0,1569.0042731399358,1050.0,0.0007533591333152082,0.0
10671,1658242801000.0,0.0,0.0,0.4,2.9550743716626378,0.0,0.0,2.945,1.0,1.0,1569.0123028886007,1050.0,1569.0082731399357,1050.0,0.0007533591333152082,0.0
10672,1658246401000.0,0.0,0.0,0.4,2.9257685929156594,0.0,0.0,2.937,1.0,1.0,1569.0254721071017,1050.0,1569.0299646699355,1050.0,0.000745881732305222,0.0
10673,1658250001000.0,0.0,0.0,0.4,3.0064151304050033,0.0,0.0,2.956,1.0,1.0,1569.0542354220972,1050.0,1569.0340693699352,1050.0,0.0007664273324742625,0.0
10674,1658253601000.0,0.0,0.0,0.4,3.0064151304050033,0.0,0.0,2.98,1.0,1.0,1569.0542354220972,1050.0,1569.0436693699353,1050.0,0.0007664273324742625,0.0
10675,1658257201000.0,0.0,0.0,0.4,3.0064151304050033,0.0,0.0,2.986,1.0,1.0,1569.0542354220972,1050.0,1569.0460693699351,1050.0,0.0007664273324742625,0.0
10676,1658260801000.0,0.0,0.0,0.4,3.0064151304050033,0.0,0.0,2.984,1.0,1.0,1569.0542354220972,1050.0,1569.0452693699353,1050.0,0.0007664273324742625,0.0
10677,1658264401000.0,0.0,0.0,0.4,3.0064151304050033,0.0,0.0,2.979,1.0,1.0,1569.0542354220972,1050.0,1569.0432693699352,1050.0,0.0007664273324742625,0.0
10678,1658268001000.0,0.0,0.0,0.4,3.02233138313961,0.0,0.0,3.037,1.0,1.0,1569.060119973191,1050.0,1569.065987419935,1050.0,0.0007704819833649841,0.0
10679,1658271601000.0,0.0,0.0,0.4,3.0277485373547073,0.0,0.0,2.996,1.0,1.0,1569.062125964877,1050.0,1569.049426549935,1050.0,0.0007718619899751459,0.0
10680,1658275201000.0,0.0,0.0,0.9,2.9873326832687592,0.0,0.0,2.967,1.0,1.0,1569.061978214877,1050.0,1569.0436787999352,1050.0,0.0017135074664167856,0.0
10681,1658278801000.0,0.0,0.0,0.9,2.9873326832687592,0.0,0.0,2.947,1.0,1.0,1569.061978214877,1050.0,1569.0256787999351,1050.0,0.0017135074664167856,0.0
10682,1658282401000.0,0.0,0.0,0.4,2.997874634338676,0.0,0.0,2.99,1.0,1.0,1569.07725771367,1050.0,1569.0741078599344,1050.0,0.0007642388848862502,0.0
10683,1658286001000.0,0.0,0.0,0.4,3.0384923599425457,0.0,0.0,3.042,1.0,1.0,1569.0909797139116,1050.0,1569.0923827699346,1050.0,0.0007745866617617156,0.0
10684,1658289601000.0,0.0,0.0,0.4,3.0794736200680126,0.0,0.0,3.087,1.0,1.0,1569.1048412679615,1050.0,1569.1078518199342,1050.0,0.0007850268609405483,0.0
10685,1658293201000.0,0.0,0.0,0.4,3.1001373084661923,0.0,0.0,3.07,1.0,1.0,1569.110820093321,1050.0,1569.0987651699345,1050.0,0.0007902914870682787,0.0
10686,1658296801000.0,0.0,0.0,0.4,3.1366836176444943,0.0,0.0,3.137,1.0,1.0,1569.1229620469926,1050.0,1569.1230885999348,1050.0,0.0007996017376617949,0.0
10687,1658300401000.0,0.0,0.0,0.4,3.1476970349250277,0.0,0.0,3.154,1.0,1.0,1569.1270409739047,1050.0,1569.1295621599347,1050.0,0.0008024071863477306,0.0
10688,1658304001000.0,0.0,0.0,0.9,3.105643126633346,0.0,0.0,3.046,1.0,1.0,1569.1268873739048,1050.0,1569.0732085599348,1050.0,0.0017812955959526405,0.0
10689,1658307601000.0,0.0,0.0,4.9,3.0193222069326553,0.0,0.0,2.988,1.0,1.0,1569.1256874139049,1050.0,1568.972208599935,1050.0,0.009428612973861453,0.0
10690,1658311201000.0,0.0,0.0,0.4,3.104040018711041,0.0,0.0,3.121,1.0,1.0,1569.4265025774191,1050.0,1569.4332865699348,1050.0,0.0007911272082160905,0.0
10691,1658314801000.0,0.0,0.0,0.4,3.1692871635668185,0.0,0.0,3.133,1.0,1.0,1569.452980375361,1050.0,1569.4384655099343,1050.0,0.0008077431317015513,0.0
10692,1658318401000.0,0.0,0.0,0.4,3.1692871635668185,0.0,0.0,3.128,1.0,1.0,1569.452980375361,1050.0,1569.4364655099344,1050.0,0.0008077431317015513,0.0
10693,1658322001000.0,0.0,0.0,0.9,3.1269054060296977,0.0,0.0,3.109,1.0,1.0,1569.452825725361,1050.0,1569.4367108599342,1050.0,0.0017931184800830632,0.0
10694,1658325601000.0,0.0,0.0,0.4,3.144569468168778,0.0,0.0,3.12,1.0,1.0,1569.4693919372014,1050.0,1569.4595641499338,1050.0,0.0008014350542478374,0.0
10695,1658329201000.0,0.0,0.0,0.4,3.144569468168778,0.0,0.0,3.155,1.0,1.0,1569.4693919372014,1050.0,1569.473564149934,1050.0,0.0008014350542478374,0.0
10696,1658332801000.0,0.0,0.0,0.4,3.1666684645377763,0.0,0.0,3.12,1.0,1.0,1569.477577575749,1050.0,1569.4589101899337,1050.0,0.0008070630660245774,0.0
10697,1658336401000.0,0.0,0.0,4.9,3.037401507309206,0.0,0.0,3.01,1.0,1.0,1569.476215915749,1050.0,1569.341948529934,1050.0,0.00948295185036054,0.0
10698,1658340001000.0,0.0,0.0,2.9,2.9932690689311503,0.0,0.0,2.994,1.0,1.0,1569.639443779834,1050.0,1569.6415634799337,1050.0,0.005530238383279253,0.0
10699,1658343601000.0,0.0,0.0,0.4,3.0162763512737714,0.0,0.0,2.995,1.0,1.0,1569.7232963104425,1050.0,1569.714785769933,1050.0,0.0007686135150987135,0.0
10700,1658347201000.0,0.0,0.0,0.9,3.0004294868978736,0.0,0.0,2.971,1.0,1.0,1569.7309800081412,1050.0,1569.7044934699331,1050.0,0.001720286197189076,0.0
10701,1658350801000.0,0.0,0.0,11.4,2.8749374156322878,0.0,0.0,2.872,1.0,1.0,1569.7279726181412,1050.0,1569.694486079933,1050.0,0.02087895935468616,0.0
10702,1658354401000.0,0.0,0.0,0.4,2.8749374156322878,0.0,0.0,2.949,1.0,1.0,1570.027068386187,1050.0,1570.0566934199342,1050.0,0.0007324555030984028,0.0
10703,1658358001000.0,0.0,0.0,0.4,2.9356138613271328,0.0,0.0,2.871,1.0,1.0,1570.049485194465,1050.0,1570.023639649934,1050.0,0.000747903525082467,0.0
10704,1658361601000.0,0.0,0.0,0.9,2.896383938367615,0.0,0.0,2.858,1.0,1.0,1570.049341944465,1050.0,1570.014796399934,1050.0,0.0016602953008486138,0.0
10705,1658365201000.0,0.0,0.0,0.9,2.896383938367615,0.0,0.0,2.889,1.0,1.0,1570.049341944465,1050.0,1570.0426963999341,1050.0,0.0016602953008486138,0.0
10706,1658368801000.0,0.0,0.0,0.4,2.9015379537757107,0.0,0.0,2.873,1.0,1.0,1570.060907451444,1050.0,1570.0494922699338,1050.0,0.0007392166609601276,0.0
10707,1658372401000.0,0.0,0.0,2.1,2.8229596102429926,0.0,0.0,2.78,1.0,1.0,1570.060430691444,1050.0,1569.9702155099337,1050.0,0.0037757879032079924,0.0
10708,1658376001000.0,0.0,0.0,2.1,2.8229596102429926,0.0,0.0,2.795,1.0,1.0,1570.060430691444,1050.0,1570.0017155099338,1050.0,0.0037757879032079924,0.0
10709,1658379601000.0,0.0,0.0,1.7,2.8229596102429926,0.0,0.0,2.851,1.0,1.0,1570.0679331673466,1050.0,1570.1156018299334,1050.0,0.00305657560162499,0.0
10710,1658383201000.0,0.0,0.0,1.7,2.8229596102429926,0.0,0.0,2.833,1.0,1.0,1570.0679331673466,1050.0,1570.0850018299336,1050.0,0.00305657560162499,0.0
10711,1658386801000.0,0.0,0.0,1.7,2.8229596102429926,0.0,0.0,2.813,1.0,1.0,1570.0679331673466,1050.0,1570.0510018299335,1050.0,0.00305657560162499,0.0
10712,1658390401000.0,0.0,0.0,0.4,2.836977280761683,0.0,0.0,2.83,1.0,1.0,1570.1110077422381,1050.0,1570.1082168299336,1050.0,0.0007227456572872899,0.0
10713,1658394001000.0,0.0,0.0,0.4,2.836977280761683,0.0,0.0,2.828,1.0,1.0,1570.1110077422381,1050.0,1570.1074168299335,1050.0,0.0007227456572872899,0.0
10714,1658397601000.0,0.0,0.0,0.4,2.8469872204284465,0.0,0.0,2.861,1.0,1.0,1570.1146973581049,1050.0,1570.1203024699334,1050.0,0.000725294075705125,0.0
10715,1658401201000.0,0.0,0.0,0.4,2.8571803114910006,0.0,0.0,2.836,1.0,1.0,1570.11835982453,1050.0,1570.1098876999336,1050.0,0.0007278891539897177,0.0
10716,1658404801000.0,0.0,0.0,0.4,2.8571803114910006,0.0,0.0,2.813,1.0,1.0,1570.11835982453,1050.0,1570.1006876999336,1050.0,0.0007278891539897177,0.0
10717,1658408401000.0,0.0,0.0,0.4,2.8621352336182504,0.0,0.0,2.859,1.0,1.0,1570.120184263381,1050.0,1570.1189301699337,1050.0,0.0007291506121134329,0.0
10718,1658412001000.0,0.0,0.0,0.4,2.8928460901630126,0.0,0.0,2.904,1.0,1.0,1570.131421215999,1050.0,1570.1358827799336,1050.0,0.0007369691609438982,0.0
10719,1658415601000.0,0.0,0.0,0.9,2.8751050925402843,0.0,0.0,2.892,1.0,1.0,1570.1387014632198,1050.0,1570.1539068799336,1050.0,0.001648003823404177,0.0
10720,1658419201000.0,0.0,0.0,0.4,2.8897466145539097,0.0,0.0,2.895,1.0,1.0,1570.1565441857554,1050.0,1570.1586455399338,1050.0,0.0007361677726350429,0.0
10721,1658422801000.0,0.0,0.0,0.4,3.108554391303087,0.0,0.0,3.123,1.0,1.0,1570.2269800264542,1050.0,1570.232758269933,1050.0,0.0007918738961549919,0.0
10722,1658426401000.0,0.0,0.0,0.3,3.241,0.0,0.0,3.223,1.0,1.0,1570.2836915099326,1050.0,1570.2782915099326,1050.0,0.0006191874788338842,0.0
10723,1658430001000.0,0.0,0.0,0.3,3.249666666666667,0.0,0.0,3.234,1.0,1.0,1570.2858262099323,1050.0,1570.2811262099324,1050.0,0.0006208423866074336,0.0
10724,1658433601000.0,0.0,0.0,0.3,3.354,0.0,0.0,3.304,1.0,1.0,1570.303729089933,1050.0,1570.288729089933,1050.0,0.0006407677580840628,0.0
10725,1658437201000.0,0.0,0.0,0.7,3.307714285714286,0.0,0.0,3.272,1.0,1.0,1570.3035981699331,1050.0,1570.278598169933,1050.0,0.0014744919407294352,0.0
10726,1658440801000.0,0.0,0.0,0.7,3.307714285714286,0.0,0.0,3.287,1.0,1.0,1570.3035981699331,1050.0,1570.2890981699331,1050.0,0.0014744919407294352,0.0
10727,1658444401000.0,0.0,0.0,0.7,3.307714285714286,0.0,0.0,3.264,1.0,1.0,1570.3035981699331,1050.0,1570.272998169933,1050.0,0.0014744919407294352,0.0
10728,1658448001000.0,0.0,0.0,0.7,3.307714285714286,0.0,0.0,3.282,1.0,1.0,1570.3035981699331,1050.0,1570.285598169933,1050.0,0.0014744919407294352,0.0
10729,1658451601000.0,0.0,0.0,0.3,3.3683433274544394,0.0,0.0,3.366,1.0,1.0,1570.3272652181695,1050.0,1570.326562219933,1050.0,0.000643498346248188,0.0
10730,1658455201000.0,0.0,0.0,0.3,3.3772288849696266,0.0,0.0,3.335,1.0,1.0,1570.329463025424,1050.0,1570.316794359933,1050.0,0.0006451949666275125,0.0
10731,1658458801000.0,0.0,0.0,0.7,3.3308123792726976,0.0,0.0,3.298,1.0,1.0,1570.329331185424,1050.0,1570.3063625199331,1050.0,0.0014847641314391122,0.0
10732,1658462401000.0,0.0,0.0,0.7,3.3308123792726976,0.0,0.0,3.261,1.0,1.0,1570.329331185424,1050.0,1570.280462519933,1050.0,0.0014847641314391122,0.0
10733,1658466001000.0,0.0,0.0,3.7,3.23974828797051,0.0,0.0,3.224,1.0,1.0,1570.3283656354242,1050.0,1570.2700969699333,1050.0,0.007633479040315489,0.0
10734,1658469601000.0,0.0,0.0,0.9,3.23974828797051,0.0,0.0,3.247,1.0,1.0,1570.3869573491074,1050.0,1570.393483889934,1050.0,0.0018567229213973047,0.0
10735,1658473201000.0,0.0,0.0,0.3,3.287666413032669,0.0,0.0,3.271,1.0,1.0,1570.4222241138445,1050.0,1570.4172241899348,1050.0,0.0006280476095951511,0.0
10736,1658476801000.0,0.0,0.0,0.7,3.2427141770140016,0.0,0.0,3.228,1.0,1.0,1570.4220957538446,1050.0,1570.4117958299348,1050.0,0.0014454075309098273,0.0
10737,1658480401000.0,0.0,0.0,0.7,3.2427141770140016,0.0,0.0,3.23,1.0,1.0,1570.4220957538446,1050.0,1570.4131958299347,1050.0,0.0014454075309098273,0.0
10738,1658484001000.0,0.0,0.0,0.3,3.2810405500594584,0.0,0.0,3.291,1.0,1.0,1570.4410493949529,1050.0,1570.444037229935,1050.0,0.0006267743481342808,0.0
10739,1658487601000.0,0.0,0.0,0.3,3.2893603667063056,0.0,0.0,3.254,1.0,1.0,1570.443179249947,1050.0,1570.4325711399351,1050.0,0.0006283628233421327,0.0
10740,1658491201000.0,0.0,0.0,0.3,3.2893603667063056,0.0,0.0,3.282,1.0,1.0,1570.443179249947,1050.0,1570.440971139935,1050.0,0.0006283628233421327,0.0
10741,1658494801000.0,0.0,0.0,0.3,3.2893603667063056,0.0,0.0,3.247,1.0,1.0,1570.443179249947,1050.0,1570.430471139935,1050.0,0.0006283628233421327,0.0
10742,1658498401000.0,0.0,0.0,0.7,3.244011585731274,0.0,0.0,3.18,1.0,1.0,1570.443050849947,1050.0,1570.398242739935,1050.0,0.0014459665435068766,0.0
10743,1658502001000.0,0.0,0.0,3.7,3.1549751648680786,0.0,0.0,3.14,1.0,1.0,1570.4421105899469,1050.0,1570.386702479935,1050.0,0.007433198607764472,0.0
10744,1658505601000.0,0.0,0.0,8.6,3.1094079197688247,0.0,0.0,3.07,1.0,1.0,1570.4406038399468,1050.0,1570.1016957299348,1050.0,0.01702764691935921,0.0
10745,1658509201000.0,0.0,0.0,8.6,3.1094079197688247,0.0,0.0,3.082,1.0,1.0,1570.4406038399468,1050.0,1570.2048957299348,1050.0,0.01702764691935921,0.0
10746,1658512801000.0,0.0,0.0,8.6,3.1094079197688247,0.0,0.0,3.089,1.0,1.0,1570.4406038399468,1050.0,1570.265095729935,1050.0,0.01702764691935921,0.0
10747,1658516401000.0,0.0,0.0,8.6,3.1094079197688247,0.0,0.0,3.083,1.0,1.0,1570.4406038399468,1050.0,1570.213495729935,1050.0,0.01702764691935921,0.0
10748,1658520001000.0,0.0,0.0,20.1,3.0616869706473575,0.0,0.0,3.007,1.0,1.0,1570.4371239399468,1050.0,1569.337915829935,1050.0,0.03918648328665285,0.0
10749,1658523601000.0,0.0,0.0,20.1,3.0616869706473575,0.0,0.0,2.989,1.0,1.0,1570.4371239399468,1050.0,1568.976115829935,1050.0,0.03918648328665285,0.0
10750,1658527201000.0,0.0,0.0,20.1,3.0616869706473575,0.0,0.0,3.026,1.0,1.0,1570.4371239399468,1050.0,1569.719815829935,1050.0,0.03918648328665285,0.0
10751,1658530801000.0,0.0,0.0,20.1,3.0616869706473575,0.0,0.0,3.035,1.0,1.0,1570.4371239399468,1050.0,1569.9007158299348,1050.0,0.03918648328665285,0.0
10752,1658534401000.0,0.0,0.0,20.1,3.0616869706473575,0.0,0.0,3.013,1.0,1.0,1570.4371239399468,1050.0,1569.4585158299349,1050.0,0.03918648328665285,0.0
10753,1658538001000.0,0.0,0.0,20.1,3.0616869706473575,0.0,0.0,3.049,1.0,1.0,1570.4371239399468,1050.0,1570.182115829935,1050.0,0.03918648328665285,0.0
10754,1658541601000.0,0.0,0.0,20.1,3.0616869706473575,0.0,0.0,3.062,1.0,1.0,1570.4371239399468,1050.0,1570.4434158299348,1050.0,0.03918648328665285,0.0
10755,1658545201000.0,0.0,0.0,2.3,3.0616869706473575,0.0,0.0,3.107,1.0,1.0,1570.9643927824238,1050.0,1571.0686127499348,1050.0,0.0044825204599428575,0.0
10756,1658548801000.0,0.0,0.0,0.4,3.1336691410160933,0.0,0.0,3.128,1.0,1.0,1571.0766123463416,1050.0,1571.074344689935,1050.0,0.0007978399312649892,0.0
10757,1658552401000.0,0.0,0.0,0.4,3.161787696549716,0.0,0.0,3.155,1.0,1.0,1571.086843078555,1050.0,1571.084127999935,1050.0,0.0008049937431476856,0.0
10758,1658556001000.0,0.0,0.0,0.4,3.161787696549716,0.0,0.0,3.095,1.0,1.0,1571.086843078555,1050.0,1571.060127999935,1050.0,0.0008049937431476856,0.0
10759,1658559601000.0,0.0,0.0,0.4,3.161787696549716,0.0,0.0,3.121,1.0,1.0,1571.086843078555,1050.0,1571.070527999935,1050.0,0.0008049937431476856,0.0
10760,1658563201000.0,0.0,0.0,0.9,3.1196834206887627,0.0,0.0,3.082,1.0,1.0,1571.0866887785548,1050.0,1571.052773699935,1050.0,0.0017871165854016315,0.0
10761,1658566801000.0,0.0,0.0,2.1,3.0764357517237553,0.0,0.0,3.012,1.0,1.0,1571.0863234985547,1050.0,1570.9510084199349,1050.0,0.004112132466555603,0.0
10762,1658570401000.0,0.0,0.0,2.1,3.0764357517237553,0.0,0.0,3.052,1.0,1.0,1571.0863234985547,1050.0,1571.035008419935,1050.0,0.004112132466555603,0.0
10763,1658574001000.0,0.0,0.0,4.9,3.033329607881609,0.0,0.0,3.016,1.0,1.0,1571.0854832185548,1050.0,1571.000568139935,1050.0,0.009460538740495917,0.0
10764,1658577601000.0,0.0,0.0,11.4,2.989238164791218,0.0,0.0,2.926,1.0,1.0,1571.083561818555,1050.0,1570.3626467399351,1050.0,0.021690326286130084,0.0
10765,1658581201000.0,0.0,0.0,26.6,2.9422449277676646,0.0,0.0,2.948,1.0,1.0,1571.079143178555,1050.0,1571.232228099935,1050.0,0.049815259414799015,0.0
10766,1658584801000.0,0.0,0.0,4.8,2.9422449277676646,0.0,0.0,2.99,1.0,1.0,1571.5161453132198,1050.0,1571.745369659935,1050.0,0.008986720050827075,0.0
10767,1658588401000.0,0.0,0.0,0.4,2.9474336958257483,0.0,0.0,2.943,1.0,1.0,1571.6500759682654,1050.0,1571.648302489935,1050.0,0.0007501501106115844,0.0
10768,1658592001000.0,0.0,0.0,0.4,2.9683208178198646,0.0,0.0,2.957,1.0,1.0,1571.6576927870633,1050.0,1571.6531644599354,1050.0,0.0007554624219873376,0.0
10769,1658595601000.0,0.0,0.0,0.4,2.9683208178198646,0.0,0.0,2.971,1.0,1.0,1571.6576927870633,1050.0,1571.6587644599354,1050.0,0.0007554624219873376,0.0
10770,1658599201000.0,0.0,0.0,0.4,2.9683208178198646,0.0,0.0,2.929,1.0,1.0,1571.6576927870633,1050.0,1571.6419644599353,1050.0,0.0007554624219873376,0.0
10771,1658602801000.0,0.0,0.0,0.4,2.9683208178198646,0.0,0.0,2.939,1.0,1.0,1571.6576927870633,1050.0,1571.6459644599354,1050.0,0.0007554624219873376,0.0
10772,1658606401000.0,0.0,0.0,0.4,2.9737406133648983,0.0,0.0,2.982,1.0,1.0,1571.6596009252812,1050.0,1571.6629046799353,1050.0,0.0007568408863125761,0.0
10773,1658610001000.0,0.0,0.0,0.4,3.05820477115204,0.0,0.0,3.072,1.0,1.0,1571.6890761283967,1050.0,1571.6945942199359,1050.0,0.0007783230964957613,0.0
10774,1658613601000.0,0.0,0.0,0.4,3.1068817184521214,0.0,0.0,3.09,1.0,1.0,1571.7048124373166,1050.0,1571.6980597499357,1050.0,0.0007907036216639519,0.0
10775,1658617201000.0,0.0,0.0,0.3,3.2423242818327322,0.0,0.0,3.231,1.0,1.0,1571.7444682444855,1050.0,1571.7410709599355,1050.0,0.0006188647736334939,0.0
10776,1658620801000.0,0.0,0.0,0.3,3.265614602024514,0.0,0.0,3.231,1.0,1.0,1571.7508589805427,1050.0,1571.7404745999354,1050.0,0.0006233076794644094,0.0
10777,1658624401000.0,0.0,0.0,0.7,3.2287470291498614,0.0,0.0,3.224,1.0,1.0,1571.7528039503402,1050.0,1571.7494810299354,1050.0,0.0014379633455874603,0.0
10778,1658628001000.0,0.0,0.0,0.3,3.2364980194332413,0.0,0.0,3.252,1.0,1.0,1571.763235415765,1050.0,1571.767886009935,1050.0,0.000617745334635681,0.0
10779,1658631601000.0,0.0,0.0,0.3,3.251888008636997,0.0,0.0,3.261,1.0,1.0,1571.767421902526,1050.0,1571.7701554999348,1050.0,0.0006206811446761233,0.0
10780,1658635201000.0,0.0,0.0,0.3,3.251888008636997,0.0,0.0,3.209,1.0,1.0,1571.767421902526,1050.0,1571.754555499935,1050.0,0.0006206811446761233,0.0
10781,1658638801000.0,0.0,0.0,0.3,3.2595920057579986,0.0,0.0,3.239,1.0,1.0,1571.7695676116623,1050.0,1571.763390009935,1050.0,0.000622150741354094,0.0
10782,1658642401000.0,0.0,0.0,0.3,3.2990204457240004,0.0,0.0,3.279,1.0,1.0,1571.7776982536523,1050.0,1571.771692119935,1050.0,0.0006296730986938091,0.0
10783,1658646001000.0,0.0,0.0,0.3,3.2990204457240004,0.0,0.0,3.286,1.0,1.0,1571.7776982536523,1050.0,1571.773792119935,1050.0,0.0006296730986938091,0.0
10784,1658649601000.0,0.0,0.0,0.3,3.423150091290264,0.0,0.0,3.438,1.0,1.0,1571.8103227473225,1050.0,1571.8147777199354,1050.0,0.0006533517514963963,0.0
10785,1658653201000.0,0.0,0.0,0.3,3.4311000608601763,0.0,0.0,3.368,1.0,1.0,1571.8125388081935,1050.0,1571.7936087899354,1050.0,0.0006548681810609102,0.0
10786,1658656801000.0,0.0,0.0,0.7,3.383614311797219,0.0,0.0,3.37,1.0,1.0,1571.8124048881934,1050.0,1571.8028748699353,1050.0,0.001506878308691381,0.0
10787,1658660401000.0,0.0,0.0,0.3,3.399273027465431,0.0,0.0,3.401,1.0,1.0,1571.8255841181754,1050.0,1571.8261022099357,1050.0,0.0006487882106918031,0.0
10788,1658664001000.0,0.0,0.0,0.3,3.427091009155144,0.0,0.0,3.382,1.0,1.0,1571.831792072682,1050.0,1571.8182647699355,1050.0,0.0006540949915453817,0.0
10789,1658667601000.0,0.0,0.0,0.7,3.3801818610664904,0.0,0.0,3.339,1.0,1.0,1571.831658272682,1050.0,1571.8028309699355,1050.0,0.0015053312422443055,0.0
10790,1658671201000.0,0.0,0.0,0.7,3.3801818610664904,0.0,0.0,3.329,1.0,1.0,1571.831658272682,1050.0,1571.7958309699354,1050.0,0.0015053312422443055,0.0
10791,1658674801000.0,0.0,0.0,0.7,3.3801818610664904,0.0,0.0,3.323,1.0,1.0,1571.831658272682,1050.0,1571.7916309699356,1050.0,0.0015053312422443055,0.0
10792,1658678401000.0,0.0,0.0,0.7,3.3801818610664904,0.0,0.0,3.361,1.0,1.0,1571.831658272682,1050.0,1571.8182309699355,1050.0,0.0015053312422443055,0.0
10793,1658682001000.0,0.0,0.0,0.7,3.3801818610664904,0.0,0.0,3.339,1.0,1.0,1571.831658272682,1050.0,1571.8028309699355,1050.0,0.0015053312422443055,0.0
10794,1658685601000.0,0.0,0.0,0.7,3.3801818610664904,0.0,0.0,3.359,1.0,1.0,1571.831658272682,1050.0,1571.8168309699354,1050.0,0.0015053312422443055,0.0
10795,1658689201000.0,0.0,0.0,0.7,3.3801818610664904,0.0,0.0,3.338,1.0,1.0,1571.831658272682,1050.0,1571.8021309699354,1050.0,0.0015053312422443055,0.0
10796,1658692801000.0,0.0,0.0,0.3,3.4020808271406633,0.0,0.0,3.393,1.0,1.0,1571.8468823180779,1050.0,1571.8441580699357,1050.0,0.0006493153115760458,0.0
10797,1658696401000.0,0.0,0.0,0.3,3.4509851480617333,0.0,0.0,3.377,1.0,1.0,1571.860240044354,1050.0,1571.8380444999354,1050.0,0.0006586435091642158,0.0
10798,1658700001000.0,0.0,0.0,0.3,3.4509851480617333,0.0,0.0,3.43,1.0,1.0,1571.860240044354,1050.0,1571.8539444999356,1050.0,0.0006586435091642158,0.0
10799,1658703601000.0,0.0,0.0,0.3,3.4749955994256996,0.0,0.0,3.469,1.0,1.0,1571.866934229763,1050.0,1571.8651355499353,1050.0,0.0006632232392740985,0.0
10800,1658707201000.0,0.0,0.0,0.3,3.4909980441892,0.0,0.0,3.419,1.0,1.0,1571.8713948631923,1050.0,1571.8497954499355,1050.0,0.00066627550872119,0.0
10801,1658710801000.0,0.0,0.0,1.6,3.3571248952244215,0.0,0.0,3.334,1.0,1.0,1571.8821174222946,1050.0,1571.8451175899356,1050.0,0.0034171772633736367,0.0
10802,1658714401000.0,0.0,0.0,3.7,3.3105134682051554,0.0,0.0,3.244,1.0,1.0,1571.8814296722946,1050.0,1571.6353298399356,1050.0,0.007792508773968226,0.0
10803,1658718001000.0,0.0,0.0,0.3,3.3641521387274542,0.0,0.0,3.338,1.0,1.0,1572.0167345715543,1050.0,1572.0088889299361,1050.0,0.000642006932510996,0.0
10804,1658721601000.0,0.0,0.0,0.7,3.3177794880260523,0.0,0.0,3.312,1.0,1.0,1572.0166032515542,1050.0,1572.012557609936,1050.0,0.001477367119923859,0.0
10805,1658725201000.0,0.0,0.0,0.3,3.339346439122691,0.0,0.0,3.321,1.0,1.0,1572.033293501673,1050.0,1572.0277895699362,1050.0,0.0006372663580841274,0.0
10806,1658728801000.0,0.0,0.0,0.3,3.3951739113889836,0.0,0.0,3.39,1.0,1.0,1572.0485676033531,1050.0,1572.0470154299364,1050.0,0.0006479139349807214,0.0
10807,1658732401000.0,0.0,0.0,0.7,3.348217390595279,0.0,0.0,3.323,1.0,1.0,1572.048435083353,1050.0,1572.0307829099363,1050.0,0.0014908905610738544,0.0
10808,1658736001000.0,0.0,0.0,0.6,3.348217390595279,0.0,0.0,3.339,1.0,1.0,1572.0506796342936,1050.0,1572.0451491999365,1050.0,0.001277904370630408,0.0
10809,1658739601000.0,0.0,0.0,0.6,3.348217390595279,0.0,0.0,3.332,1.0,1.0,1572.0506796342936,1050.0,1572.0409491999364,1050.0,0.001277904370630408,0.0
10810,1658743201000.0,0.0,0.0,0.6,3.348217390595279,0.0,0.0,3.35,1.0,1.0,1572.0506796342936,1050.0,1572.0517491999365,1050.0,0.001277904370630408,0.0
10811,1658746801000.0,0.0,0.0,0.3,3.364096618042347,0.0,0.0,3.383,1.0,1.0,1572.0618420353494,1050.0,1572.0675130499367,1050.0,0.0006419779161524936,0.0
10812,1658750401000.0,0.0,0.0,0.3,3.3880286275681035,0.0,0.0,3.323,1.0,1.0,1572.068517908207,1050.0,1572.0490093199367,1050.0,0.0006465421682910255,0.0
10813,1658754001000.0,0.0,0.0,0.7,3.3411551261006163,0.0,0.0,3.281,1.0,1.0,1572.068385668207,1050.0,1572.0262770799366,1050.0,0.0014877270032221414,0.0
10814,1658757601000.0,0.0,0.0,3.7,3.2498131319649812,0.0,0.0,3.204,1.0,1.0,1572.067417118207,1050.0,1571.8979085299366,1050.0,0.007648723240071007,0.0
10815,1658761201000.0,0.0,0.0,8.6,3.2031986730547013,0.0,0.0,3.138,1.0,1.0,1572.065864798207,1050.0,1571.5051562099366,1050.0,0.017523126228433484,0.0
10816,1658764801000.0,0.0,0.0,8.6,3.2031986730547013,0.0,0.0,3.178,1.0,1.0,1572.065864798207,1050.0,1571.8491562099366,1050.0,0.017523126228433484,0.0
10817,1658768401000.0,0.0,0.0,8.6,3.2031986730547013,0.0,0.0,3.158,1.0,1.0,1572.065864798207,1050.0,1571.6771562099366,1050.0,0.017523126228433484,0.0
10818,1658772001000.0,0.0,0.0,20.1,3.153881024292061,0.0,0.0,3.098,1.0,1.0,1572.0622802482071,1050.0,1570.9390716599366,1050.0,0.04032474373614609,0.0
10819,1658775601000.0,0.0,0.0,20.1,3.153881024292061,0.0,0.0,3.097,1.0,1.0,1572.0622802482071,1050.0,1570.9189716599367,1050.0,0.04032474373614609,0.0
10820,1658779201000.0,0.0,0.0,18.6,3.0985204389823124,0.0,0.0,3.138,1.0,1.0,1573.092285545008,1050.0,1573.826605379937,1050.0,0.03663642667035511,0.0
10821,1658782801000.0,0.0,0.0,0.4,3.158806042483783,0.0,0.0,3.159,1.0,1.0,1573.9681597169315,1050.0,1573.968237299938,1050.0,0.0008027623743168667,0.0
10822,1658786401000.0,0.0,0.0,0.4,3.158806042483783,0.0,0.0,3.119,1.0,1.0,1573.9681597169315,1050.0,1573.952237299938,1050.0,0.0008027623743168667,0.0
10823,1658790001000.0,0.0,0.0,0.9,3.116691574437237,0.0,0.0,3.113,1.0,1.0,1573.9680055669314,1050.0,1573.9646831499379,1050.0,0.0017821343299689028,0.0
10824,1658793601000.0,0.0,0.0,4.9,3.03033110550888,0.0,0.0,2.971,1.0,1.0,1573.9668012069314,1050.0,1573.676078789938,1050.0,0.009433885394283704,0.0
10825,1658797201000.0,0.0,0.0,0.4,3.005928872339397,0.0,0.0,3.014,1.0,1.0,1574.3259291388736,1050.0,1574.3291575899377,1050.0,0.0007637373727265188,0.0
10826,1658800801000.0,0.0,0.0,0.4,3.0272860885136366,0.0,0.0,2.969,1.0,1.0,1574.3337292553433,1050.0,1574.310414819938,1050.0,0.0007691599391561119,0.0
10827,1658804401000.0,0.0,0.0,0.9,2.98657159489495,0.0,0.0,2.962,1.0,1.0,1574.3335815553432,1050.0,1574.3114671199378,1050.0,0.0017073347522384445,0.0
10828,1658808001000.0,0.0,0.0,0.4,3.020863938642191,0.0,0.0,3.021,1.0,1.0,1574.355399705394,1050.0,1574.355454129937,1050.0,0.0007675176619478624,0.0
10829,1658811601000.0,0.0,0.0,0.4,3.020863938642191,0.0,0.0,3.006,1.0,1.0,1574.355399705394,1050.0,1574.349454129937,1050.0,0.0007675176619478624,0.0
10830,1658815201000.0,0.0,0.0,0.4,3.042574136836005,0.0,0.0,3.041,1.0,1.0,1574.3632397846714,1050.0,1574.362610129937,1050.0,0.0007730297710081553,0.0
10831,1658818801000.0,0.0,0.0,0.9,3.0016996163715577,0.0,0.0,2.961,1.0,1.0,1574.3630913346713,1050.0,1574.3264616799368,1050.0,0.0017159508309129452,0.0
10832,1658822401000.0,0.0,0.0,0.9,3.0016996163715577,0.0,0.0,2.986,1.0,1.0,1574.3630913346713,1050.0,1574.3489616799368,1050.0,0.0017159508309129452,0.0
10833,1658826001000.0,0.0,0.0,0.4,3.007024712278668,0.0,0.0,3.002,1.0,1.0,1574.3750600148476,1050.0,1574.373050129936,1050.0,0.0007639919581170981,0.0
10834,1658829601000.0,0.0,0.0,0.4,3.01745140065675,0.0,0.0,3.02,1.0,1.0,1574.3789094901988,1050.0,1574.379928929936,1050.0,0.0007666391825926666,0.0
10835,1658833201000.0,0.0,0.0,0.4,3.01745140065675,0.0,0.0,2.96,1.0,1.0,1574.3789094901988,1050.0,1574.355928929936,1050.0,0.0007666391825926666,0.0
10836,1658836801000.0,0.0,0.0,0.9,2.977200622514111,0.0,0.0,2.965,1.0,1.0,1574.3787622401987,1050.0,1574.3677816799361,1050.0,0.001701928801713535,0.0
10837,1658840401000.0,0.0,0.0,2.1,2.935943123934619,0.0,0.0,2.923,1.0,1.0,1574.3784136401987,1050.0,1574.351233079936,1050.0,0.003916136366483319,0.0
10838,1658844001000.0,0.0,0.0,2.1,2.935943123934619,0.0,0.0,2.889,1.0,1.0,1574.3784136401987,1050.0,1574.279833079936,1050.0,0.003916136366483319,0.0
10839,1658847601000.0,0.0,0.0,4.9,2.8948327674005507,0.0,0.0,2.874,1.0,1.0,1574.3776117201987,1050.0,1574.275531159936,1050.0,0.009009706727704426,0.0
10840,1658851201000.0,0.0,0.0,11.4,2.852735136865149,0.0,0.0,2.82,1.0,1.0,1574.3757780701987,1050.0,1574.002597509936,1050.0,0.020656555450901146,0.0
10841,1658854801000.0,0.0,0.0,0.4,2.8678882608649836,0.0,0.0,2.885,1.0,1.0,1574.590120964282,1050.0,1574.5969656599361,1050.0,0.0007285421704814668,0.0
10842,1658858401000.0,0.0,0.0,0.4,2.882952860052414,0.0,0.0,2.864,1.0,1.0,1574.595673253957,1050.0,1574.588092109936,1050.0,0.0007323665138986927,0.0
10843,1658862001000.0,0.0,0.0,0.4,2.882952860052414,0.0,0.0,2.851,1.0,1.0,1574.595673253957,1050.0,1574.5828921099362,1050.0,0.0007323665138986927,0.0
10844,1658865601000.0,0.0,0.0,0.9,2.8440901600232955,0.0,0.0,2.831,1.0,1.0,1574.595532603957,1050.0,1574.5837514599361,1050.0,0.0016256118419108827,0.0
10845,1658869201000.0,0.0,0.0,0.4,2.8533176200174712,0.0,0.0,2.886,1.0,1.0,1574.609877597943,1050.0,1574.6229505499361,1050.0,0.0007248316324219149,0.0
10846,1658872801000.0,0.0,0.0,0.4,2.893714330629913,0.0,0.0,2.867,1.0,1.0,1574.623503952188,1050.0,1574.6128182199361,1050.0,0.0007350872950560956,0.0
10847,1658876401000.0,0.0,0.0,0.4,2.9245866081614267,0.0,0.0,2.928,1.0,1.0,1574.6348016732006,1050.0,1574.6361670299361,1050.0,0.0007429244177897689,0.0
10848,1658880001000.0,0.0,0.0,0.4,2.9513657673664313,0.0,0.0,2.962,1.0,1.0,1574.6443177268825,1050.0,1574.648571419936,1050.0,0.0007497225206075616,0.0
10849,1658883601000.0,0.0,0.0,0.4,2.9621432441436166,0.0,0.0,2.952,1.0,1.0,1574.6481097375934,1050.0,1574.6440524399359,1050.0,0.0007524584637864881,0.0
10850,1658887201000.0,0.0,0.0,0.4,2.9621432441436166,0.0,0.0,2.9,1.0,1.0,1574.6481097375934,1050.0,1574.6232524399359,1050.0,0.0007524584637864881,0.0
10851,1658890801000.0,0.0,0.0,0.9,2.9226192196193854,0.0,0.0,2.939,1.0,1.0,1574.6479651875934,1050.0,1574.662707889936,1050.0,0.0016704414928349288,0.0
10852,1658894401000.0,0.0,0.0,0.9,2.9226192196193854,0.0,0.0,2.887,1.0,1.0,1574.6479651875934,1050.0,1574.615907889936,1050.0,0.0016704414928349288,0.0
10853,1658898001000.0,0.0,0.0,0.4,2.9279644147145385,0.0,0.0,2.941,1.0,1.0,1574.659387695823,1050.0,1574.6646019299371,1050.0,0.0007437708592964953,0.0
10854,1658901601000.0,0.0,0.0,0.4,2.9746058371537245,0.0,0.0,2.983,1.0,1.0,1574.6766098547985,1050.0,1574.679967519937,1050.0,0.0007556105980206347,0.0
10855,1658905201000.0,0.0,0.0,0.4,2.980204377865293,0.0,0.0,2.989,1.0,1.0,1574.678589351083,1050.0,1574.682107599937,1050.0,0.0007570317899841186,0.0
10856,1658908801000.0,0.0,0.0,0.4,3.0148712359559595,0.0,0.0,2.988,1.0,1.0,1574.6898540843194,1050.0,1574.679105589937,1050.0,0.0007658323899493477,0.0
10857,1658912401000.0,0.0,0.0,0.4,3.0148712359559595,0.0,0.0,2.972,1.0,1.0,1574.6898540843194,1050.0,1574.672705589937,1050.0,0.0007658323899493477,0.0
10858,1658916001000.0,0.0,0.0,0.4,3.0148712359559595,0.0,0.0,2.954,1.0,1.0,1574.6898540843194,1050.0,1574.665505589937,1050.0,0.0007658323899493477,0.0
10859,1658919601000.0,0.0,0.0,0.9,2.9743872159804265,0.0,0.0,2.927,1.0,1.0,1574.6897069843194,1050.0,1574.647058489937,1050.0,0.0016999847541449896,0.0
10860,1658923201000.0,0.0,0.0,0.9,2.9743872159804265,0.0,0.0,2.914,1.0,1.0,1574.6897069843194,1050.0,1574.635358489937,1050.0,0.0016999847541449896,0.0
10861,1658926801000.0,0.0,0.0,0.4,2.971081525381274,0.0,0.0,2.998,1.0,1.0,1574.7573000600892,1050.0,1574.7680674499366,1050.0,0.0007546766794522316,0.0
10862,1658930401000.0,0.0,0.0,0.4,2.9925687638901683,0.0,0.0,3.001,1.0,1.0,1574.7649549654927,1050.0,1574.7683274599367,1050.0,0.0007601309019365988,0.0
10863,1658934001000.0,0.0,0.0,0.4,2.997926572917626,0.0,0.0,2.992,1.0,1.0,1574.7669378191038,1050.0,1574.7645671899368,1050.0,0.0007614908596111263,0.0
10864,1658937601000.0,0.0,0.0,0.4,2.997926572917626,0.0,0.0,2.982,1.0,1.0,1574.7669378191038,1050.0,1574.7605671899366,1050.0,0.0007614908596111263,0.0
10865,1658941201000.0,0.0,0.0,0.9,2.9852327071262943,0.0,0.0,2.926,1.0,1.0,1574.7766259663501,1050.0,1574.7233165299365,1050.0,0.0017060892269498763,0.0
10866,1658944801000.0,0.0,0.0,0.9,2.9852327071262943,0.0,0.0,2.965,1.0,1.0,1574.7766259663501,1050.0,1574.7584165299365,1050.0,0.0017060892269498763,0.0
10867,1658948401000.0,0.0,0.0,0.4,3.126469370949323,0.0,0.0,3.12,1.0,1.0,1574.8452392783158,1050.0,1574.8426515299361,1050.0,0.0007941019963033447,0.0
10868,1658952001000.0,0.0,0.0,0.3,3.2600740440384817,0.0,0.0,3.265,1.0,1.0,1574.8854158831482,1050.0,1574.8868936699366,1050.0,0.0006210116643077168,0.0
10869,1658955601000.0,0.0,0.0,0.3,3.3233510067480356,0.0,0.0,3.325,1.0,1.0,1574.9025692219611,1050.0,1574.9030639199368,1050.0,0.0006330584008869543,0.0
10870,1658959201000.0,0.0,0.0,0.3,3.3790498074365574,0.0,0.0,3.382,1.0,1.0,1574.9180069821675,1050.0,1574.9188920399365,1050.0,0.0006436620431900652,0.0
10871,1658962801000.0,0.0,0.0,0.3,3.577,0.0,0.0,3.582,1.0,1.0,1574.9696314899365,1050.0,1574.9711314899366,1050.0,0.0006813464707791457,0.0
10872,1658966401000.0,0.0,0.0,0.0,3.6666296296296306,0.0,0.0,3.742,1.0,1.0,1575.0116003899363,1050.0,1575.0116003899363,1050.0,0.0,0.0
10873,1658970001000.0,0.0,0.0,0.0,3.7919629629629634,0.0,0.0,3.838,1.0,1.0,1575.042369009937,1050.0,1575.042369009937,1050.0,0.0,0.0
10874,1658973601000.0,0.0,0.0,0.3,3.8226666666666667,0.0,0.0,3.787,1.0,1.0,1575.0446777999368,1050.0,1575.0339777999368,1050.0,0.0007281063300387643,0.0
10875,1658977201000.0,0.0,0.0,0.3,3.9766666666666675,0.0,0.0,3.946,1.0,1.0,1575.093320929937,1050.0,1575.084120929937,1050.0,0.0007574154395471956,0.0
10876,1658980801000.0,0.0,0.0,0.7,3.9220000000000006,0.0,0.0,3.864,1.0,1.0,1575.093165689937,1050.0,1575.052565689937,1050.0,0.001743008007273928,0.0
10877,1658984401000.0,0.0,0.0,1.6,3.8685625,0.0,0.0,3.828,1.0,1.0,1575.092821259937,1050.0,1575.0279212599369,1050.0,0.003929736658344223,0.0
10878,1658988001000.0,0.0,0.0,1.6,3.8685625,0.0,0.0,3.825,1.0,1.0,1575.092821259937,1050.0,1575.023121259937,1050.0,0.003929736658344223,0.0
10879,1658991601000.0,0.0,0.0,3.7,3.8143243243243248,0.0,0.0,3.773,1.0,1.0,1575.092028929937,1050.0,1574.939128929937,1050.0,0.008960111371770376,0.0
10880,1658995201000.0,0.0,0.0,8.6,3.7588720930232564,0.0,0.0,3.695,1.0,1.0,1575.090207599937,1050.0,1574.540907599937,1050.0,0.020523459446337107,0.0
10881,1658998801000.0,0.0,0.0,8.6,3.7588720930232564,0.0,0.0,3.688,1.0,1.0,1575.090207599937,1050.0,1574.480707599937,1050.0,0.020523459446337107,0.0
10882,1659002401000.0,0.0,0.0,8.6,3.7588720930232564,0.0,0.0,3.73,1.0,1.0,1575.090207599937,1050.0,1574.841907599937,1050.0,0.020523459446337107,0.0
10883,1659006001000.0,0.0,0.0,8.6,3.7588720930232564,0.0,0.0,3.706,1.0,1.0,1575.090207599937,1050.0,1574.635507599937,1050.0,0.020523459446337107,0.0
10884,1659009601000.0,0.0,0.0,8.6,3.7588720930232564,0.0,0.0,3.749,1.0,1.0,1575.090207599937,1050.0,1575.005307599937,1050.0,0.020523459446337107,0.0
10885,1659013201000.0,0.0,0.0,0.3,3.764562189054727,0.0,0.0,3.772,1.0,1.0,1576.0701960066526,1050.0,1576.072427349936,1050.0,0.0007165725610305564,0.0
10886,1659016801000.0,0.0,0.0,0.7,3.7572327866838657,0.0,0.0,3.704,1.0,1.0,1576.082360700615,1050.0,1576.0450977499363,1050.0,0.0016687344622710993,0.0
10887,1659020401000.0,0.0,0.0,0.3,3.8116006836046203,0.0,0.0,3.82,1.0,1.0,1576.1088697450175,1050.0,1576.1113895399362,1050.0,0.0007255083877970804,0.0
10888,1659024001000.0,0.0,0.0,0.0,4.197,0.0,0.0,4.263,1.0,1.0,1576.2294852699363,1050.0,1576.2294852699363,1050.0,0.0,0.0
10889,1659027601000.0,0.0,0.0,1.3,4.1535625000000005,0.0,0.0,4.153,1.0,1.0,1576.2687784699363,1050.0,1576.2680472199363,1050.0,0.0034255777464813793,0.0
10890,1659031201000.0,0.0,0.0,0.3,4.234647462277093,0.0,0.0,4.225,1.0,1.0,1576.3616108586189,1050.0,1576.3587166199356,1050.0,0.0008059028016998996,0.0
10891,1659034801000.0,0.0,0.0,0.3,4.221569599581946,0.0,0.0,4.195,1.0,1.0,1576.3826003298109,1050.0,1576.3746294499363,1050.0,0.0008034032344746844,0.0
10892,1659038401000.0,0.0,0.0,0.3,4.283184436725988,0.0,0.0,4.239,1.0,1.0,1576.3990715509542,1050.0,1576.3858162199365,1050.0,0.0008151205834913247,0.0
10893,1659042001000.0,0.0,0.0,0.7,4.304936421494914,0.0,0.0,4.298,1.0,1.0,1576.4179794049828,1050.0,1576.4131239099363,1050.0,0.0019115840687023028,0.0
10894,1659045601000.0,0.0,0.0,1.6,4.246472184404024,0.0,0.0,4.2,1.0,1.0,1576.417601314983,1050.0,1576.3432458199366,1050.0,0.004309997230035281,0.0
10895,1659049201000.0,0.0,0.0,3.7,4.187177160823362,0.0,0.0,4.166,1.0,1.0,1576.416731494983,1050.0,1576.3383759999365,1050.0,0.009827703034053814,0.0
10896,1659052801000.0,0.0,0.0,3.7,4.187177160823362,0.0,0.0,4.131,1.0,1.0,1576.416731494983,1050.0,1576.2088759999365,1050.0,0.009827703034053814,0.0
10897,1659056401000.0,0.0,0.0,0.7,4.126111104075168,0.0,0.0,4.167,1.0,1.0,1576.7483612527894,1050.0,1576.776983479937,1050.0,0.001831793736926903,0.0
10898,1659060001000.0,0.0,0.0,0.3,4.182903519878213,0.0,0.0,4.149,1.0,1.0,1576.7794694459005,1050.0,1576.7692983899371,1050.0,0.0007958443652265722,0.0
10899,1659063601000.0,0.0,0.0,0.7,4.125244365662091,0.0,0.0,4.084,1.0,1.0,1576.7793061659006,1050.0,1576.7504351099371,1050.0,0.0018313730048786154,0.0
10900,1659067201000.0,0.0,0.0,0.3,4.134829577108061,0.0,0.0,4.142,1.0,1.0,1576.7929347930688,1050.0,1576.7950859199364,1050.0,0.0007866910396165677,0.0
10901,1659070801000.0,0.0,0.0,0.3,4.205819015029645,0.0,0.0,4.203,1.0,1.0,1576.8117443944452,1050.0,1576.8108986899363,1050.0,0.0008001879165311843,0.0
10902,1659074401000.0,0.0,0.0,0.3,4.205819015029645,0.0,0.0,4.164,1.0,1.0,1576.8117443944452,1050.0,1576.7991986899362,1050.0,0.0008001879165311843,0.0
10903,1659078001000.0,0.0,0.0,1.6,4.091841065318058,0.0,0.0,4.031,1.0,1.0,1576.8112158744452,1050.0,1576.7138701699364,1050.0,0.0041520161948354626,0.0
10904,1659081601000.0,0.0,0.0,3.7,4.034606947164566,0.0,0.0,4.027,1.0,1.0,1576.8103777644453,1050.0,1576.7822320599364,1050.0,0.009467242171296101,0.0
10905,1659085201000.0,0.0,0.0,3.7,4.034606947164566,0.0,0.0,4.02,1.0,1.0,1576.8103777644453,1050.0,1576.7563320599365,1050.0,0.009467242171296101,0.0
10906,1659088801000.0,0.0,0.0,3.7,4.034606947164566,0.0,0.0,4.03,1.0,1.0,1576.8103777644453,1050.0,1576.7933320599363,1050.0,0.009467242171296101,0.0
10907,1659092401000.0,0.0,0.0,3.7,4.034606947164566,0.0,0.0,4.007,1.0,1.0,1576.8103777644453,1050.0,1576.7082320599363,1050.0,0.009467242171296101,0.0
10908,1659096001000.0,0.0,0.0,8.6,3.976144849361499,0.0,0.0,3.921,1.0,1.0,1576.8084510844453,1050.0,1576.3342053799365,1050.0,0.02168611265432494,0.0
10909,1659099601000.0,0.0,0.0,20.1,3.9136987912690984,0.0,0.0,3.901,1.0,1.0,1576.8040040344454,1050.0,1576.5487583299364,1050.0,0.04988910828691074,0.0
10910,1659103201000.0,0.0,0.0,1.5,3.9136987912690984,0.0,0.0,3.938,1.0,1.0,1577.29427727684,1050.0,1577.3307290899363,1050.0,0.003721910534690461,0.0
10911,1659106801000.0,0.0,0.0,0.7,4.081611233819943,0.0,0.0,3.995,1.0,1.0,1577.4166767336096,1050.0,1577.3560488699356,1050.0,0.0018112702279718985,0.0
10912,1659110401000.0,0.0,0.0,1.9,3.969872395587557,0.0,0.0,4.006,1.0,1.0,1577.4618040015523,1050.0,1577.5304464499359,1050.0,0.004781578566582481,0.0
10913,1659114001000.0,0.0,0.0,0.4,3.9139453123946666,0.0,0.0,3.959,1.0,1.0,1577.5802659948934,1050.0,1577.5982878699356,1050.0,0.0009923920568127432,0.0
10914,1659117601000.0,0.0,0.0,0.3,3.949983796265087,0.0,0.0,3.952,1.0,1.0,1577.5946055888148,1050.0,1577.5952104499354,1050.0,0.0007511404607251705,0.0
10915,1659121201000.0,0.0,0.0,0.3,3.993774176947798,0.0,0.0,3.946,1.0,1.0,1577.6044026930194,1050.0,1577.590070439935,1050.0,0.0007594630510913195,0.0
10916,1659124801000.0,0.0,0.0,0.3,4.031436874458826,0.0,0.0,4.017,1.0,1.0,1577.6146786922727,1050.0,1577.6103476299352,1050.0,0.00076662006171252,0.0
10917,1659128401000.0,0.0,0.0,0.3,4.031436874458826,0.0,0.0,4.004,1.0,1.0,1577.6146786922727,1050.0,1577.606447629935,1050.0,0.00076662006171252,0.0
10918,1659132001000.0,0.0,0.0,0.7,3.975758660482354,0.0,0.0,3.923,1.0,1.0,1577.6145213322727,1050.0,1577.5775902699352,1050.0,0.0017640754599465896,0.0
10919,1659135601000.0,0.0,0.0,0.3,4.009781626881047,0.0,0.0,4.028,1.0,1.0,1577.6430023279995,1050.0,1577.6484678399352,1050.0,0.0007624883996501372,0.0
10920,1659139201000.0,0.0,0.0,1.6,4.067875000000001,0.0,0.0,4.04,1.0,1.0,1577.6726052999354,1050.0,1577.6280052999355,1050.0,0.0041254440104590865,0.0
10921,1659142801000.0,0.0,0.0,3.7,4.0111891891891895,0.0,0.0,3.961,1.0,1.0,1577.6717720199354,1050.0,1577.4860720199354,1050.0,0.009407153162788836,0.0
10922,1659146401000.0,0.0,0.0,8.6,3.9529651162790698,0.0,0.0,3.956,1.0,1.0,1577.6698566099353,1050.0,1577.6959566099354,1050.0,0.021547917555482004,0.0
10923,1659150001000.0,0.0,0.0,8.6,3.9529651162790698,0.0,0.0,3.896,1.0,1.0,1577.6698566099353,1050.0,1577.1799566099353,1050.0,0.021547917555482004,0.0
10924,1659153601000.0,0.0,0.0,20.1,3.8906218905472634,0.0,0.0,3.825,1.0,1.0,1577.6654360099353,1050.0,1576.3464360099354,1050.0,0.04956786034292478,0.0
10925,1659157201000.0,0.0,0.0,46.9,3.819409381663113,0.0,0.0,3.75,1.0,1.0,1577.6553431299353,1050.0,1574.4000431299353,1050.0,0.11354209953399617,0.0
10926,1659160801000.0,0.0,0.0,46.9,3.819409381663113,0.0,0.0,3.775,1.0,1.0,1577.6553431299353,1050.0,1575.5725431299354,1050.0,0.11354209953399617,0.0
10927,1659164401000.0,0.0,0.0,12.0,3.819409381663113,0.0,0.0,3.888,1.0,1.0,1579.0464855098928,1050.0,1579.8695729299354,1050.0,0.02902568923748775,0.0
10928,1659168001000.0,0.0,0.0,0.3,3.857899076048331,0.0,0.0,3.876,1.0,1.0,1579.820564832751,1050.0,1579.8259951099365,1050.0,0.0007325956811665034,0.0
10929,1659171601000.0,0.0,0.0,0.3,3.8950788298367085,0.0,0.0,3.899,1.0,1.0,1579.8306068788877,1050.0,1579.8317832299367,1050.0,0.0007396512283424784,0.0
10930,1659175201000.0,0.0,0.0,0.3,3.8950788298367085,0.0,0.0,3.869,1.0,1.0,1579.8306068788877,1050.0,1579.8227832299367,1050.0,0.0007396512283424784,0.0
10931,1659178801000.0,0.0,0.0,0.3,3.8950788298367085,0.0,0.0,3.858,1.0,1.0,1579.8306068788877,1050.0,1579.8194832299366,1050.0,0.0007396512283424784,0.0
10932,1659182401000.0,0.0,0.0,0.3,3.9321513737949068,0.0,0.0,3.922,1.0,1.0,1579.8407137720747,1050.0,1579.8376683599363,1050.0,0.0007466862968241372,0.0
10933,1659186001000.0,0.0,0.0,0.3,3.9593781848281218,0.0,0.0,3.981,1.0,1.0,1579.8482437553848,1050.0,1579.8547302999364,1050.0,0.0007518528821635043,0.0
10934,1659189601000.0,0.0,0.0,0.3,3.987815758467592,0.0,0.0,3.951,1.0,1.0,1579.8559352674768,1050.0,1579.8448905399364,1050.0,0.0007572492534502717,0.0
10935,1659193201000.0,0.0,0.0,0.7,3.9330638964861113,0.0,0.0,3.9,1.0,1.0,1579.8557795874767,1050.0,1579.8326348599364,1050.0,0.001742655730423168,0.0
10936,1659196801000.0,0.0,0.0,0.3,3.989923305041306,0.0,0.0,3.98,1.0,1.0,1579.881275341449,1050.0,1579.8782983499366,1050.0,0.0007576373049004567,0.0
10937,1659200401000.0,0.0,0.0,0.3,3.989923305041306,0.0,0.0,3.98,1.0,1.0,1579.881275341449,1050.0,1579.8782983499366,1050.0,0.0007576373049004567,0.0
10938,1659204001000.0,0.0,0.0,0.3,3.989923305041306,0.0,0.0,3.95,1.0,1.0,1579.881275341449,1050.0,1579.8692983499366,1050.0,0.0007576373049004567,0.0
10939,1659207601000.0,0.0,0.0,0.3,3.989923305041306,0.0,0.0,3.911,1.0,1.0,1579.881275341449,1050.0,1579.8575983499366,1050.0,0.0007576373049004567,0.0
10940,1659211201000.0,0.0,0.0,3.7,3.8273451328411867,0.0,0.0,3.766,1.0,1.0,1579.879978921449,1050.0,1579.6530019299366,1050.0,0.00896345113581345,0.0
10941,1659214801000.0,0.0,0.0,1.2,3.771881045524697,0.0,0.0,3.769,1.0,1.0,1580.0892189045667,1050.0,1580.085761649937,1050.0,0.002864558026519267,0.0
10942,1659218401000.0,0.0,0.0,2.8,3.719377590939156,0.0,0.0,3.668,1.0,1.0,1580.0886301045666,1050.0,1579.944772849937,1050.0,0.0065909323415234275,0.0
10943,1659222001000.0,0.0,0.0,6.5,3.6662241930199437,0.0,0.0,3.661,1.0,1.0,1580.0872884845667,1050.0,1580.053331229937,1050.0,0.015081734679028397,0.0
10944,1659225601000.0,0.0,0.0,1.9,3.6105761351730017,0.0,0.0,3.638,1.0,1.0,1580.4041863067657,1050.0,1580.456291649937,1050.0,0.004340721643404403,0.0
10945,1659229201000.0,0.0,0.0,0.3,3.6793313878839267,0.0,0.0,3.674,1.0,1.0,1580.4705946063011,1050.0,1580.4689951899359,1050.0,0.000698399211052792,0.0
10946,1659232801000.0,0.0,0.0,0.3,3.688554258589285,0.0,0.0,3.668,1.0,1.0,1580.4729873575127,1050.0,1580.466821079936,1050.0,0.000700148807621774,0.0
10947,1659236401000.0,0.0,0.0,0.3,3.688554258589285,0.0,0.0,3.666,1.0,1.0,1580.4729873575127,1050.0,1580.4662210799358,1050.0,0.000700148807621774,0.0
10948,1659240001000.0,0.0,0.0,0.3,3.688554258589285,0.0,0.0,3.648,1.0,1.0,1580.4729873575127,1050.0,1580.4608210799358,1050.0,0.000700148807621774,0.0
10949,1659243601000.0,0.0,0.0,0.3,3.7229736807089955,0.0,0.0,3.736,1.0,1.0,1580.4825150541483,1050.0,1580.4864229499356,1050.0,0.000706677924984468,0.0
10950,1659247201000.0,0.0,0.0,0.3,3.7229736807089955,0.0,0.0,3.68,1.0,1.0,1580.4825150541483,1050.0,1580.4696229499357,1050.0,0.000706677924984468,0.0
10951,1659250801000.0,0.0,0.0,0.3,3.731649120472664,0.0,0.0,3.744,1.0,1.0,1580.4849427160773,1050.0,1580.4886479799354,1050.0,0.000708323569484906,0.0
10952,1659254401000.0,0.0,0.0,0.3,3.740432746981776,0.0,0.0,3.7,1.0,1.0,1580.4874026540301,1050.0,1580.4752728299356,1050.0,0.0007099897298834516,0.0
10953,1659258001000.0,0.0,0.0,0.7,3.6887568915636186,0.0,0.0,3.646,1.0,1.0,1580.48725665403,1050.0,1580.4573268299355,1050.0,0.0016337555479953882,0.0
10954,1659261601000.0,0.0,0.0,0.7,3.6887568915636186,0.0,0.0,3.692,1.0,1.0,1580.48725665403,1050.0,1580.4895268299356,1050.0,0.0016337555479953882,0.0
10955,1659265201000.0,0.0,0.0,0.3,3.747641208587204,0.0,0.0,3.761,1.0,1.0,1580.5132213325119,1050.0,1580.5172289699358,1050.0,0.0007113463825555876,0.0
10956,1659268801000.0,0.0,0.0,0.3,3.747641208587204,0.0,0.0,3.743,1.0,1.0,1580.5132213325119,1050.0,1580.5118289699358,1050.0,0.0007113463825555876,0.0
10957,1659272401000.0,0.0,0.0,0.3,3.765284981594314,0.0,0.0,3.779,1.0,1.0,1580.518063354414,1050.0,1580.5221778599357,1050.0,0.0007146931886883452,0.0
10958,1659276001000.0,0.0,0.0,0.3,3.765284981594314,0.0,0.0,3.728,1.0,1.0,1580.518063354414,1050.0,1580.5068778599357,1050.0,0.0007146931886883452,0.0
10959,1659279601000.0,0.0,0.0,0.3,3.765284981594314,0.0,0.0,3.729,1.0,1.0,1580.518063354414,1050.0,1580.5071778599356,1050.0,0.0007146931886883452,0.0
10960,1659283201000.0,0.0,0.0,0.3,3.765284981594314,0.0,0.0,3.732,1.0,1.0,1580.518063354414,1050.0,1580.5080778599356,1050.0,0.0007146931886883452,0.0
10961,1659286801000.0,0.0,0.0,0.3,3.801031601302582,0.0,0.0,3.76,1.0,1.0,1580.5277829903266,1050.0,1580.5154735099359,1050.0,0.0007214738599743765,0.0
10962,1659290401000.0,0.0,0.0,0.3,3.801031601302582,0.0,0.0,3.725,1.0,1.0,1580.5277829903266,1050.0,1580.5049735099358,1050.0,0.0007214738599743765,0.0
10963,1659294001000.0,0.0,0.0,1.6,3.646272832538047,0.0,0.0,3.706,1.0,1.0,1580.5967021419963,1050.0,1580.6922656099355,1050.0,0.003691034230398364,0.0
10964,1659297601000.0,0.0,0.0,0.3,3.736916587000896,0.0,0.0,3.707,1.0,1.0,1580.738880006036,1050.0,1580.7299050299357,1050.0,0.0007092094654469358,0.0
10965,1659301201000.0,0.0,0.0,0.3,3.736916587000896,0.0,0.0,3.703,1.0,1.0,1580.738880006036,1050.0,1580.7287050299358,1050.0,0.0007092094654469358,0.0
10966,1659304801000.0,0.0,0.0,0.3,3.736916587000896,0.0,0.0,3.674,1.0,1.0,1580.738880006036,1050.0,1580.7200050299357,1050.0,0.0007092094654469358,0.0
10967,1659308401000.0,0.0,0.0,3.7,3.584560804351424,0.0,0.0,3.561,1.0,1.0,1580.737665826036,1050.0,1580.6504908499357,1050.0,0.00839030742597607,0.0
10968,1659312001000.0,0.0,0.0,3.7,3.584560804351424,0.0,0.0,3.555,1.0,1.0,1580.737665826036,1050.0,1580.6282908499356,1050.0,0.00839030742597607,0.0
10969,1659315601000.0,0.0,0.0,0.3,3.6577280601188007,0.0,0.0,3.672,1.0,1.0,1580.904381887971,1050.0,1580.9086634699354,1050.0,0.0006941080248795213,0.0
10970,1659319201000.0,0.0,0.0,0.3,3.745917636768815,0.0,0.0,3.764,1.0,1.0,1580.9282941809663,1050.0,1580.9337188899356,1050.0,0.0007108325501966174,0.0
10971,1659322801000.0,0.0,0.0,0.3,3.745917636768815,0.0,0.0,3.744,1.0,1.0,1580.9282941809663,1050.0,1580.9277188899357,1050.0,0.0007108325501966174,0.0
10972,1659326401000.0,0.0,0.0,0.3,3.745917636768815,0.0,0.0,3.748,1.0,1.0,1580.9282941809663,1050.0,1580.9289188899356,1050.0,0.0007108325501966174,0.0
10973,1659330001000.0,0.0,0.0,0.3,3.75494509117921,0.0,0.0,3.751,1.0,1.0,1580.9307269772894,1050.0,1580.9295434499356,1050.0,0.0007125445208517004,0.0
10974,1659333601000.0,0.0,0.0,0.3,3.75494509117921,0.0,0.0,3.686,1.0,1.0,1580.9307269772894,1050.0,1580.9100434499355,1050.0,0.0007125445208517004,0.0
10975,1659337201000.0,0.0,0.0,1.6,3.653177204596102,0.0,0.0,3.604,1.0,1.0,1580.9302551172893,1050.0,1580.8515715899355,1050.0,0.0036972431316523303,0.0
10976,1659340801000.0,0.0,0.0,1.9,3.60199554793345,0.0,0.0,3.632,1.0,1.0,1580.9720622210093,1050.0,1581.0290706799358,1050.0,0.004328850398190552,0.0
10977,1659344401000.0,0.0,0.0,0.3,3.6752956367308824,0.0,0.0,3.67,1.0,1.0,1581.0665810109538,1050.0,1581.0649923199346,1050.0,0.0006973701830534269,0.0
10978,1659348001000.0,0.0,0.0,0.3,3.747302497028367,0.0,0.0,3.693,1.0,1.0,1581.0856860790425,1050.0,1581.069395329934,1050.0,0.0007110245567375966,0.0
10979,1659351601000.0,0.0,0.0,1.6,3.645244218192819,0.0,0.0,3.618,1.0,1.0,1581.0852152590423,1050.0,1581.0416245099339,1050.0,0.0036888528795413103,0.0
10980,1659355201000.0,0.0,0.0,0.6,3.645244218192819,0.0,0.0,3.662,1.0,1.0,1581.1153034708498,1050.0,1581.1253569399341,1050.0,0.0013832935056124543,0.0
10981,1659358801000.0,0.0,0.0,0.6,3.645244218192819,0.0,0.0,3.588,1.0,1.0,1581.1153034708498,1050.0,1581.0809569399341,1050.0,0.0013832935056124543,0.0
10982,1659362401000.0,0.0,0.0,0.3,3.6079458943377576,0.0,0.0,3.614,1.0,1.0,1581.221899988236,1050.0,1581.2237162199347,1050.0,0.0006845236385287733,0.0
10983,1659366001000.0,0.0,0.0,0.3,3.724711976661202,0.0,0.0,3.743,1.0,1.0,1581.2527713729332,1050.0,1581.2582577799349,1050.0,0.0007066634843132377,0.0
10984,1659369601000.0,0.0,0.0,0.3,3.724711976661202,0.0,0.0,3.703,1.0,1.0,1581.2527713729332,1050.0,1581.246257779935,1050.0,0.0007066634843132377,0.0
10985,1659373201000.0,0.0,0.0,0.7,3.6734479899976584,0.0,0.0,3.601,1.0,1.0,1581.2526259729332,1050.0,1581.2019123799348,1050.0,0.0016261877139436773,0.0
10986,1659376801000.0,0.0,0.0,20.1,3.466627541940217,0.0,0.0,3.42,1.0,1.0,1581.2459151929331,1050.0,1580.3087015999347,1050.0,0.04406601966430792,0.0
10987,1659380401000.0,0.0,0.0,20.1,3.466627541940217,0.0,0.0,3.476,1.0,1.0,1581.2459151929331,1050.0,1581.4343015999348,1050.0,0.04406601966430792,0.0
10988,1659384001000.0,0.0,0.0,0.6,3.466627541940217,0.0,0.0,3.493,1.0,1.0,1581.7461674951,1050.0,1581.7619909699358,1050.0,0.0013149875548350736,0.0
10989,1659387601000.0,0.0,0.0,0.3,3.561960399040574,0.0,0.0,3.572,1.0,1.0,1581.7813657696481,1050.0,1581.784377649936,1050.0,0.0006755599369399756,0.0
10990,1659391201000.0,0.0,0.0,0.3,3.598251436847522,0.0,0.0,3.542,1.0,1.0,1581.7906650109906,1050.0,1581.7737895799362,1050.0,0.0006824388681335125,0.0
10991,1659394801000.0,0.0,0.0,0.3,3.6114215573008135,0.0,0.0,3.625,1.0,1.0,1581.815799937127,1050.0,1581.8198734699367,1050.0,0.0006849258094610683,0.0
10992,1659398401000.0,0.0,0.0,0.3,3.629076247689251,0.0,0.0,3.599,1.0,1.0,1581.8205506842435,1050.0,1581.8115278099367,1050.0,0.0006882720507302991,0.0
10993,1659402001000.0,0.0,0.0,0.3,3.6562077770931123,0.0,0.0,3.583,1.0,1.0,1581.8275703130646,1050.0,1581.8056079799367,1050.0,0.0006934146007525018,0.0
10994,1659405601000.0,0.0,0.0,3.7,3.5068006305751167,0.0,0.0,3.461,1.0,1.0,1581.8263824830647,1050.0,1581.6569201499367,1050.0,0.008202646306075785,0.0
10995,1659409201000.0,0.0,0.0,3.7,3.5068006305751167,0.0,0.0,3.47,1.0,1.0,1581.8263824830647,1050.0,1581.6902201499367,1050.0,0.008202646306075785,0.0
10996,1659412801000.0,0.0,0.0,20.1,3.4028787230411903,0.0,0.0,3.34,1.0,1.0,1581.8208402130647,1050.0,1580.5569778799368,1050.0,0.04323995524291804,0.0
10997,1659416401000.0,0.0,0.0,20.1,3.4028787230411903,0.0,0.0,3.36,1.0,1.0,1581.8208402130647,1050.0,1580.9589778799368,1050.0,0.04323995524291804,0.0
10998,1659420001000.0,0.0,0.0,4.9,3.4028787230411903,0.0,0.0,3.387,1.0,1.0,1582.1670761028386,1050.0,1582.0892703599368,1050.0,0.0105387768426917,0.0
10999,1659423601000.0,0.0,0.0,0.3,3.4249460991294187,0.0,0.0,3.429,1.0,1.0,1582.2889394496756,1050.0,1582.2901556199367,1050.0,0.0006493654882629636,0.0
11000,1659427201000.0,0.0,0.0,0.3,3.45298203304314,0.0,0.0,3.446,1.0,1.0,1582.2952117498496,1050.0,1582.2931171399366,1050.0,0.0006546784710088031,0.0
11001,1659430801000.0,0.0,0.0,0.3,3.45298203304314,0.0,0.0,3.407,1.0,1.0,1582.2952117498496,1050.0,1582.2814171399366,1050.0,0.0006546784710088031,0.0
11002,1659434401000.0,0.0,0.0,0.5,3.4055637284470603,0.0,0.0,3.392,1.0,1.0,1582.2994956441605,1050.0,1582.292713779937,1050.0,0.0010761438456569315,0.0
11003,1659438001000.0,0.0,0.0,0.3,3.49609979573947,0.0,0.0,3.463,1.0,1.0,1582.3282119286594,1050.0,1582.3182819899375,1050.0,0.0006628396882612925,0.0
11004,1659441601000.0,0.0,0.0,0.3,3.531229589281872,0.0,0.0,3.504,1.0,1.0,1582.337268126722,1050.0,1582.3290992499374,1050.0,0.0006694962560280933,0.0
11005,1659445201000.0,0.0,0.0,0.7,3.4825269668350884,0.0,0.0,3.444,1.0,1.0,1582.337130286722,1050.0,1582.3101614099373,1050.0,0.0015406128252471924,0.0
11006,1659448801000.0,0.0,0.0,0.3,3.5408397127365774,0.0,0.0,3.537,1.0,1.0,1582.3622786337585,1050.0,1582.3611267199376,1050.0,0.0006713076570165345,0.0
11007,1659452401000.0,0.0,0.0,0.3,3.583522102088769,0.0,0.0,3.599,1.0,1.0,1582.3738251205639,1050.0,1582.3784684899372,1050.0,0.0006793948519369121,0.0
11008,1659456001000.0,0.0,0.0,0.3,3.742870195646003,0.0,0.0,3.736,1.0,1.0,1582.409845498631,1050.0,1582.4077844399374,1050.0,0.0007095892773215005,0.0
11009,1659459601000.0,0.0,0.0,0.0,3.8855090614143855,0.0,0.0,4.108,1.0,1.0,1582.458291929937,1050.0,1582.458291929937,1050.0,0.0,0.0
11010,1659463201000.0,0.0,0.0,1.6,3.9342499999999996,0.0,0.0,3.914,1.0,1.0,1582.4655205599374,1050.0,1582.4331205599374,1050.0,0.003977843383135865,0.0
11011,1659466801000.0,0.0,0.0,2.1,3.879821428571428,0.0,0.0,3.837,1.0,1.0,1582.482807679937,1050.0,1582.392882679937,1050.0,0.005148634133943708,0.0
11012,1659470401000.0,0.0,0.0,1.5,3.879821428571428,0.0,0.0,3.814,1.0,1.0,1582.4982804627941,1050.0,1582.399548319937,1050.0,0.003677559852485393,0.0
11013,1659474001000.0,0.0,0.0,1.5,3.879821428571428,0.0,0.0,3.852,1.0,1.0,1582.4982804627941,1050.0,1582.456548319937,1050.0,0.003677559852485393,0.0
11014,1659477601000.0,0.0,0.0,1.5,3.879821428571428,0.0,0.0,3.88,1.0,1.0,1582.4982804627941,1050.0,1582.498548319937,1050.0,0.003677559852485393,0.0
11015,1659481201000.0,0.0,0.0,0.3,3.9369647266313947,0.0,0.0,3.916,1.0,1.0,1582.5561519879266,1050.0,1582.5498625699372,1050.0,0.0007463175423543702,0.0
11016,1659484801000.0,0.0,0.0,0.7,3.8826991685563126,0.0,0.0,3.803,1.0,1.0,1582.5559983079265,1050.0,1582.500208889937,1050.0,0.001717404894926558,0.0
11017,1659488401000.0,0.0,0.0,3.7,3.7340918469489903,0.0,0.0,3.749,1.0,1.0,1582.569749103648,1050.0,1582.6249092699368,1050.0,0.008730193308406527,0.0
11018,1659492001000.0,0.0,0.0,0.3,3.8951571581937703,0.0,0.0,3.85,1.0,1.0,1582.8259137673945,1050.0,1582.8123666199363,1050.0,0.00073826637363852,0.0
11019,1659495601000.0,0.0,0.0,0.7,3.841353067797331,0.0,0.0,3.781,1.0,1.0,1582.8257617273944,1050.0,1582.7835145799363,1050.0,0.0016988270045109623,0.0
11020,1659499201000.0,0.0,0.0,0.3,3.8763268349029145,0.0,0.0,3.844,1.0,1.0,1582.8454245804066,1050.0,1582.8357265299358,1050.0,0.0007346883229479876,0.0
11021,1659502801000.0,0.0,0.0,0.7,3.8229972149583924,0.0,0.0,3.778,1.0,1.0,1582.8452732604067,1050.0,1582.8137752099358,1050.0,0.0016906883418608208,0.0
11022,1659506401000.0,0.0,0.0,0.7,3.8229972149583924,0.0,0.0,3.811,1.0,1.0,1582.8452732604067,1050.0,1582.8368752099357,1050.0,0.0016906883418608208,0.0
11023,1659510001000.0,0.0,0.0,0.3,3.8692794686364973,0.0,0.0,3.853,1.0,1.0,1582.8674183905268,1050.0,1582.8625345499358,1050.0,0.0007333424310238467,0.0
11024,1659513601000.0,0.0,0.0,0.3,3.9100181666442477,0.0,0.0,3.859,1.0,1.0,1582.8774270899291,1050.0,1582.8621216399358,1050.0,0.0007410589284539917,0.0
11025,1659517201000.0,0.0,0.0,0.3,3.9100181666442477,0.0,0.0,3.909,1.0,1.0,1582.8774270899291,1050.0,1582.877121639936,1050.0,0.0007410589284539917,0.0
11026,1659520801000.0,0.0,0.0,0.3,3.9100181666442477,0.0,0.0,3.915,1.0,1.0,1582.8774270899291,1050.0,1582.878921639936,1050.0,0.0007410589284539917,0.0
11027,1659524401000.0,0.0,0.0,0.3,3.955101157747392,0.0,0.0,3.93,1.0,1.0,1582.8899565272598,1050.0,1582.8824261799355,1050.0,0.0007495974956638014,0.0
11028,1659528001000.0,0.0,0.0,0.3,3.955101157747392,0.0,0.0,3.914,1.0,1.0,1582.8899565272598,1050.0,1582.8776261799355,1050.0,0.0007495974956638014,0.0
11029,1659531601000.0,0.0,0.0,0.7,3.9504095891497655,0.0,0.0,3.891,1.0,1.0,1582.9026562623405,1050.0,1582.8610695499358,1050.0,0.0017469720588721624,0.0
11030,1659535201000.0,0.0,0.0,0.7,3.9504095891497655,0.0,0.0,3.87,1.0,1.0,1582.9026562623405,1050.0,1582.8463695499356,1050.0,0.0017469720588721624,0.0
11031,1659538801000.0,0.0,0.0,3.7,3.8424018141634693,0.0,0.0,3.82,1.0,1.0,1582.9015111023405,1050.0,1582.8186243899356,1050.0,0.008981535877430634,0.0
11032,1659542401000.0,0.0,0.0,3.7,3.8424018141634693,0.0,0.0,3.838,1.0,1.0,1582.9015111023405,1050.0,1582.8852243899357,1050.0,0.008981535877430634,0.0
11033,1659546001000.0,0.0,0.0,0.6,3.8424018141634693,0.0,0.0,3.848,1.0,1.0,1582.9922651384345,1050.0,1582.9956240499364,1050.0,0.001456381777264381,0.0
11034,1659549601000.0,0.0,0.0,0.6,3.8424018141634693,0.0,0.0,3.822,1.0,1.0,1582.9922651384345,1050.0,1582.9800240499364,1050.0,0.001456381777264381,0.0
11035,1659553201000.0,0.0,0.0,0.6,3.8424018141634693,0.0,0.0,3.852,1.0,1.0,1582.9922651384345,1050.0,1582.9980240499365,1050.0,0.001456381777264381,0.0
11036,1659556801000.0,0.0,0.0,0.3,3.8699709079002877,0.0,0.0,3.883,1.0,1.0,1583.0073665723069,1050.0,1583.0112752999369,1050.0,0.0007334086352889096,0.0
11037,1659560401000.0,0.0,0.0,0.3,3.878980605266859,0.0,0.0,3.823,1.0,1.0,1583.0098915515168,1050.0,1582.9930973699368,1050.0,0.0007351149148155445,0.0
11038,1659564001000.0,0.0,0.0,0.3,3.878980605266859,0.0,0.0,3.819,1.0,1.0,1583.0098915515168,1050.0,1582.9918973699369,1050.0,0.0007351149148155445,0.0
11039,1659567601000.0,0.0,0.0,1.6,3.7736213634875364,0.0,0.0,3.738,1.0,1.0,1583.0094041415168,1050.0,1582.9524099599369,1050.0,0.0038141240132773687,0.0
11040,1659571201000.0,0.0,0.0,3.7,3.7210524815081234,0.0,0.0,3.702,1.0,1.0,1583.0086311315167,1050.0,1582.9381369499367,1050.0,0.008697295713251368,0.0
11041,1659574801000.0,0.0,0.0,0.3,3.848402791896517,0.0,0.0,3.821,1.0,1.0,1583.1782900275061,1050.0,1583.1700691899373,1050.0,0.0007292424642513866,0.0
11042,1659578401000.0,0.0,0.0,0.3,3.9339981318625736,0.0,0.0,3.867,1.0,1.0,1583.2008643294957,1050.0,1583.1807648899369,1050.0,0.0007454514876472104,0.0
11043,1659582001000.0,0.0,0.0,0.3,3.9525547252722557,0.0,0.0,3.908,1.0,1.0,1583.2059726775185,1050.0,1583.1926062599368,1050.0,0.0007489653513473727,0.0
11044,1659585601000.0,0.0,0.0,0.7,3.8979520251166817,0.0,0.0,3.88,1.0,1.0,1583.2058183975184,1050.0,1583.1932519799368,1050.0,0.0017234439046866718,0.0
11045,1659589201000.0,0.0,0.0,0.7,3.8979520251166817,0.0,0.0,3.893,1.0,1.0,1583.2058183975184,1050.0,1583.2023519799368,1050.0,0.0017234439046866718,0.0
11046,1659592801000.0,0.0,0.0,0.7,3.8979520251166817,0.0,0.0,3.879,1.0,1.0,1583.2058183975184,1050.0,1583.1925519799368,1050.0,0.0017234439046866718,0.0
11047,1659596401000.0,0.0,0.0,3.7,3.790882815562615,0.0,0.0,3.775,1.0,1.0,1583.2046886275186,1050.0,1583.145922209937,1050.0,0.008859414400636381,0.0
11048,1659600001000.0,0.0,0.0,3.7,3.790882815562615,0.0,0.0,3.758,1.0,1.0,1583.2046886275186,1050.0,1583.0830222099369,1050.0,0.008859414400636381,0.0
11049,1659603601000.0,0.0,0.0,8.6,3.7362519090211253,0.0,0.0,3.703,1.0,1.0,1583.2028780775186,1050.0,1582.9169116599369,1050.0,0.020295419407397264,0.0
11050,1659607201000.0,0.0,0.0,8.6,3.7362519090211253,0.0,0.0,3.733,1.0,1.0,1583.2028780775186,1050.0,1583.174911659937,1050.0,0.020295419407397264,0.0
11051,1659610801000.0,0.0,0.0,1.2,3.7362519090211253,0.0,0.0,3.745,1.0,1.0,1583.3872304107622,1050.0,1583.3977281199368,1050.0,0.0028315892693300555,0.0
11052,1659614401000.0,0.0,0.0,0.4,3.7362519090211253,0.0,0.0,3.714,1.0,1.0,1583.4067280035465,1050.0,1583.3978272399381,1050.0,0.0009438514673313317,0.0
11053,1659618001000.0,0.0,0.0,0.9,3.6861119595649448,0.0,0.0,3.684,1.0,1.0,1583.4065457035465,1050.0,1583.404644939938,1050.0,0.0020951667609371938,0.0
11054,1659621601000.0,0.0,0.0,0.3,3.7659115644615797,0.0,0.0,3.751,1.0,1.0,1583.4429212492757,1050.0,1583.4384477799372,1050.0,0.0007134917553246098,0.0
11055,1659625201000.0,0.0,0.0,0.3,3.7659115644615797,0.0,0.0,3.721,1.0,1.0,1583.4429212492757,1050.0,1583.4294477799372,1050.0,0.0007134917553246098,0.0
11056,1659628801000.0,0.0,0.0,0.3,3.7659115644615797,0.0,0.0,3.755,1.0,1.0,1583.4429212492757,1050.0,1583.4396477799373,1050.0,0.0007134917553246098,0.0
11057,1659632401000.0,0.0,0.0,0.7,3.722831875560452,0.0,0.0,3.666,1.0,1.0,1583.4452069028296,1050.0,1583.4054245899372,1050.0,0.0016457672810728562,0.0
11058,1659636001000.0,0.0,0.0,0.7,3.722831875560452,0.0,0.0,3.702,1.0,1.0,1583.4452069028296,1050.0,1583.4306245899372,1050.0,0.0016457672810728562,0.0
11059,1659639601000.0,0.0,0.0,0.7,3.722831875560452,0.0,0.0,3.712,1.0,1.0,1583.4452069028296,1050.0,1583.4376245899373,1050.0,0.0016457672810728562,0.0
11060,1659643201000.0,0.0,0.0,0.7,3.722831875560452,0.0,0.0,3.696,1.0,1.0,1583.4452069028296,1050.0,1583.4264245899371,1050.0,0.0016457672810728562,0.0
11061,1659646801000.0,0.0,0.0,0.7,3.722831875560452,0.0,0.0,3.72,1.0,1.0,1583.4452069028296,1050.0,1583.4432245899372,1050.0,0.0016457672810728562,0.0
11062,1659650401000.0,0.0,0.0,0.7,3.722831875560452,0.0,0.0,3.683,1.0,1.0,1583.4452069028296,1050.0,1583.4173245899372,1050.0,0.0016457672810728562,0.0
11063,1659654001000.0,0.0,0.0,0.3,3.740036389137979,0.0,0.0,3.76,1.0,1.0,1583.4599354866787,1050.0,1583.4659245699372,1050.0,0.0007085818160574691,0.0
11064,1659657601000.0,0.0,0.0,0.3,3.7659737449297723,0.0,0.0,3.775,1.0,1.0,1583.467190243416,1050.0,1583.4698981199372,1050.0,0.0007134926005667703,0.0
11065,1659661201000.0,0.0,0.0,0.3,3.7837661088576775,0.0,0.0,3.779,1.0,1.0,1583.4720761025947,1050.0,1583.4706462699373,1050.0,0.0007168612884233502,0.0
11066,1659664801000.0,0.0,0.0,0.3,3.870131953855365,0.0,0.0,3.89,1.0,1.0,1583.4941932460943,1050.0,1583.5001536599377,1050.0,0.000733213668296774,0.0
11067,1659668401000.0,0.0,0.0,0.3,3.9350314998141243,0.0,0.0,3.944,1.0,1.0,1583.511813599882,1050.0,1583.514504149938,1050.0,0.0007455008796306495,0.0
11068,1659672001000.0,0.0,0.0,0.3,4.104814965801894,0.0,0.0,4.06,1.0,1.0,1583.5582936196781,1050.0,1583.5448491299376,1050.0,0.0007776439267832366,0.0
11069,1659675601000.0,0.0,0.0,0.3,4.163226553924996,0.0,0.0,4.181,1.0,1.0,1583.5742181661155,1050.0,1583.579550199938,1050.0,0.0007887018820146535,0.0
11070,1659679201000.0,0.0,0.0,0.3,4.163226553924996,0.0,0.0,4.097,1.0,1.0,1583.5742181661155,1050.0,1583.554350199938,1050.0,0.0007887018820146535,0.0
11071,1659682801000.0,0.0,0.0,0.3,4.163226553924996,0.0,0.0,4.099,1.0,1.0,1583.5742181661155,1050.0,1583.554950199938,1050.0,0.0007887018820146535,0.0
11072,1659686401000.0,0.0,0.0,0.7,4.1059542373964275,0.0,0.0,4.054,1.0,1.0,1583.5740556461155,1050.0,1583.537687679938,1050.0,0.0018149880366692464,0.0
11073,1659690001000.0,0.0,0.0,1.6,4.049729978860936,0.0,0.0,3.988,1.0,1.0,1583.5736951061156,1050.0,1583.474927139938,1050.0,0.004091737559295149,0.0
11074,1659693601000.0,0.0,0.0,1.6,4.049729978860936,0.0,0.0,3.99,1.0,1.0,1583.5736951061156,1050.0,1583.4781271399381,1050.0,0.004091737559295149,0.0
11075,1659697201000.0,0.0,0.0,3.7,3.9931264773452697,0.0,0.0,3.984,1.0,1.0,1583.5728656061156,1050.0,1583.539097639938,1050.0,0.009329894624408397,0.0
11076,1659700801000.0,0.0,0.0,1.1,3.9931264773452697,0.0,0.0,4.034,1.0,1.0,1583.6416915650184,1050.0,1583.6866524399386,1050.0,0.0027736319070628987,0.0
11077,1659704401000.0,0.0,0.0,0.7,3.9473218506700776,0.0,0.0,3.949,1.0,1.0,1583.6653194854066,1050.0,1583.6664941899376,1050.0,0.0017447659309524435,0.0
11078,1659708001000.0,0.0,0.0,0.5,3.9473218506700776,0.0,0.0,3.932,1.0,1.0,1583.6705756352726,1050.0,1583.6629147099375,1050.0,0.0012462572429517583,0.0
11079,1659711601000.0,0.0,0.0,0.3,3.965698600297813,0.0,0.0,3.929,1.0,1.0,1583.6809856500267,1050.0,1583.6699760699373,1050.0,0.0007512305766562095,0.0
11080,1659715201000.0,0.0,0.0,0.3,3.965698600297813,0.0,0.0,3.896,1.0,1.0,1583.6809856500267,1050.0,1583.6600760699373,1050.0,0.0007512305766562095,0.0
11081,1659718801000.0,0.0,0.0,0.7,3.91101368584192,0.0,0.0,3.89,1.0,1.0,1583.6808308500267,1050.0,1583.6661212699373,1050.0,0.001728700333273531,0.0
11082,1659722401000.0,0.0,0.0,0.7,3.91101368584192,0.0,0.0,3.827,1.0,1.0,1583.6808308500267,1050.0,1583.6220212699375,1050.0,0.001728700333273531,0.0
11083,1659726001000.0,0.0,0.0,0.7,3.91101368584192,0.0,0.0,3.832,1.0,1.0,1583.6808308500267,1050.0,1583.6255212699373,1050.0,0.001728700333273531,0.0
11084,1659729601000.0,0.0,0.0,0.7,3.91101368584192,0.0,0.0,3.856,1.0,1.0,1583.6808308500267,1050.0,1583.6423212699374,1050.0,0.001728700333273531,0.0
11085,1659733201000.0,0.0,0.0,0.7,3.91101368584192,0.0,0.0,3.891,1.0,1.0,1583.6808308500267,1050.0,1583.6668212699374,1050.0,0.001728700333273531,0.0
11086,1659736801000.0,0.0,0.0,0.3,3.9884246693131082,0.0,0.0,3.941,1.0,1.0,1583.7173337907311,1050.0,1583.7031063899371,1050.0,0.0007555182830069592,0.0
11087,1659740401000.0,0.0,0.0,0.3,4.017236939055737,0.0,0.0,4.032,1.0,1.0,1583.725135911654,1050.0,1583.7295648299373,1050.0,0.0007609723773330007,0.0
11088,1659744001000.0,0.0,0.0,0.3,4.057429518825826,0.0,0.0,4.052,1.0,1.0,1583.735568815585,1050.0,1583.7339399599373,1050.0,0.000768580866411977,0.0
11089,1659747601000.0,0.0,0.0,0.3,4.057429518825826,0.0,0.0,4.005,1.0,1.0,1583.735568815585,1050.0,1583.7198399599374,1050.0,0.000768580866411977,0.0
11090,1659751201000.0,0.0,0.0,0.3,4.057429518825826,0.0,0.0,4.029,1.0,1.0,1583.735568815585,1050.0,1583.7270399599374,1050.0,0.000768580866411977,0.0
11091,1659754801000.0,0.0,0.0,0.3,4.238222082059931,0.0,0.0,4.202,1.0,1.0,1583.783086574555,1050.0,1583.772219949937,1050.0,0.000802803512296585,0.0
11092,1659758401000.0,0.0,0.0,1.6,4.122541640386237,0.0,0.0,4.066,1.0,1.0,1583.7825541145548,1050.0,1583.692087489937,1050.0,0.004164755197916448,0.0
11093,1659762001000.0,0.0,0.0,1.6,4.122541640386237,0.0,0.0,4.106,1.0,1.0,1583.7825541145548,1050.0,1583.7560874899368,1050.0,0.004164755197916448,0.0
11094,1659765601000.0,0.0,0.0,0.6,4.122541640386237,0.0,0.0,4.088,1.0,1.0,1583.818396594169,1050.0,1583.7976716099372,1050.0,0.001561747855404882,0.0
11095,1659769201000.0,0.0,0.0,0.6,4.122541640386237,0.0,0.0,4.082,1.0,1.0,1583.818396594169,1050.0,1583.7940716099372,1050.0,0.001561747855404882,0.0
11096,1659772801000.0,0.0,0.0,0.6,4.122541640386237,0.0,0.0,4.095,1.0,1.0,1583.818396594169,1050.0,1583.8018716099373,1050.0,0.001561747855404882,0.0
11097,1659776401000.0,0.0,0.0,0.6,4.122541640386237,0.0,0.0,4.04,1.0,1.0,1583.818396594169,1050.0,1583.7688716099372,1050.0,0.001561747855404882,0.0
11098,1659780001000.0,0.0,0.0,1.4,4.065660703022673,0.0,0.0,4.025,1.0,1.0,1583.818074754169,1050.0,1583.7611497699372,1050.0,0.0035937997393515097,0.0
11099,1659783601000.0,0.0,0.0,1.4,4.065660703022673,0.0,0.0,4.048,1.0,1.0,1583.818074754169,1050.0,1583.793349769937,1050.0,0.0035937997393515097,0.0
11100,1659787201000.0,0.0,0.0,1.4,4.065660703022673,0.0,0.0,4.051,1.0,1.0,1583.818074754169,1050.0,1583.7975497699372,1050.0,0.0035937997393515097,0.0
11101,1659790801000.0,0.0,0.0,1.4,4.065660703022673,0.0,0.0,4.063,1.0,1.0,1583.818074754169,1050.0,1583.8143497699373,1050.0,0.0035937997393515097,0.0
11102,1659794401000.0,0.0,0.0,0.3,4.091960312454522,0.0,0.0,4.102,1.0,1.0,1583.8552231136734,1050.0,1583.8582350199372,1050.0,0.0007750633238580118,0.0
11103,1659798001000.0,0.0,0.0,0.3,4.1209141666531925,0.0,0.0,4.123,1.0,1.0,1583.863161499933,1050.0,1583.863787249937,1050.0,0.0007805435974817386,0.0
11104,1659801601000.0,0.0,0.0,0.3,4.1209141666531925,0.0,0.0,4.132,1.0,1.0,1583.863161499933,1050.0,1583.866487249937,1050.0,0.0007805435974817386,0.0
11105,1659805201000.0,0.0,0.0,0.3,4.1209141666531925,0.0,0.0,4.107,1.0,1.0,1583.863161499933,1050.0,1583.8589872499372,1050.0,0.0007805435974817386,0.0
11106,1659808801000.0,0.0,0.0,0.3,4.26583484189836,0.0,0.0,4.233,1.0,1.0,1583.900441672507,1050.0,1583.8905912199375,1050.0,0.0008079740486833665,0.0
11107,1659812401000.0,0.0,0.0,0.3,4.368668391981304,0.0,0.0,4.369,1.0,1.0,1583.928023637532,1050.0,1583.9281231199377,1050.0,0.0008274369150844133,0.0
11108,1659816001000.0,0.0,0.0,0.3,4.368668391981304,0.0,0.0,4.362,1.0,1.0,1583.928023637532,1050.0,1583.9260231199378,1050.0,0.0008274369150844133,0.0
11109,1659819601000.0,0.0,0.0,0.3,4.368668391981304,0.0,0.0,4.314,1.0,1.0,1583.928023637532,1050.0,1583.9116231199378,1050.0,0.0008274369150844133,0.0
11110,1659823201000.0,0.0,0.0,0.3,4.368668391981304,0.0,0.0,4.304,1.0,1.0,1583.928023637532,1050.0,1583.9086231199376,1050.0,0.0008274369150844133,0.0
11111,1659826801000.0,0.0,0.0,0.7,4.308857882277702,0.0,0.0,4.284,1.0,1.0,1583.927853077532,1050.0,1583.9104525599378,1050.0,0.0019042537270457043,0.0
11112,1659830401000.0,0.0,0.0,0.7,4.308857882277702,0.0,0.0,4.27,1.0,1.0,1583.927853077532,1050.0,1583.9006525599377,1050.0,0.0019042537270457043,0.0
11113,1659834001000.0,0.0,0.0,1.6,4.249875323496495,0.0,0.0,4.205,1.0,1.0,1583.927474717532,1050.0,1583.8556741999378,1050.0,0.004292999917061876,0.0
11114,1659837601000.0,0.0,0.0,1.6,4.249875323496495,0.0,0.0,4.213,1.0,1.0,1583.927474717532,1050.0,1583.8684741999377,1050.0,0.004292999917061876,0.0
11115,1659841201000.0,0.0,0.0,3.7,4.190351491241727,0.0,0.0,4.176,1.0,1.0,1583.926604267532,1050.0,1583.8735037499375,1050.0,0.009788522066503309,0.0
11116,1659844801000.0,0.0,0.0,3.7,4.190351491241727,0.0,0.0,4.135,1.0,1.0,1583.926604267532,1050.0,1583.7218037499376,1050.0,0.009788522066503309,0.0
11117,1659848401000.0,0.0,0.0,3.7,4.190351491241727,0.0,0.0,4.105,1.0,1.0,1583.926604267532,1050.0,1583.6108037499375,1050.0,0.009788522066503309,0.0
11118,1659852001000.0,0.0,0.0,3.7,4.190351491241727,0.0,0.0,4.099,1.0,1.0,1583.926604267532,1050.0,1583.5886037499376,1050.0,0.009788522066503309,0.0
11119,1659855601000.0,0.0,0.0,8.6,4.129186106697022,0.0,0.0,4.073,1.0,1.0,1583.924603597532,1050.0,1583.4414030799376,1050.0,0.02241962807884861,0.0
11120,1659859201000.0,0.0,0.0,8.6,4.129186106697022,0.0,0.0,4.126,1.0,1.0,1583.924603597532,1050.0,1583.8972030799378,1050.0,0.02241962807884861,0.0
11121,1659862801000.0,0.0,0.0,8.6,4.129186106697022,0.0,0.0,4.095,1.0,1.0,1583.924603597532,1050.0,1583.6306030799376,1050.0,0.02241962807884861,0.0
11122,1659866401000.0,0.0,0.0,8.6,4.129186106697022,0.0,0.0,4.066,1.0,1.0,1583.924603597532,1050.0,1583.3812030799377,1050.0,0.02241962807884861,0.0
11123,1659870001000.0,0.0,0.0,8.6,4.129186106697022,0.0,0.0,4.1,1.0,1.0,1583.924603597532,1050.0,1583.6736030799377,1050.0,0.02241962807884861,0.0
11124,1659873601000.0,0.0,0.0,8.6,4.129186106697022,0.0,0.0,4.098,1.0,1.0,1583.924603597532,1050.0,1583.6564030799377,1050.0,0.02241962807884861,0.0
11125,1659877201000.0,0.0,0.0,8.6,4.129186106697022,0.0,0.0,4.133,1.0,1.0,1583.924603597532,1050.0,1583.9574030799376,1050.0,0.02241962807884861,0.0
11126,1659880801000.0,0.0,0.0,5.9,4.129186106697022,0.0,0.0,4.136,1.0,1.0,1583.9985787194498,1050.0,1584.0387806899373,1050.0,0.015380189323911853,0.0
11127,1659884401000.0,0.0,0.0,5.9,4.129186106697022,0.0,0.0,4.115,1.0,1.0,1583.9985787194498,1050.0,1583.9148806899375,1050.0,0.015380189323911853,0.0
11128,1659888001000.0,0.0,0.0,5.9,4.129186106697022,0.0,0.0,4.089,1.0,1.0,1583.9985787194498,1050.0,1583.7614806899373,1050.0,0.015380189323911853,0.0
11129,1659891601000.0,0.0,0.0,5.9,4.129186106697022,0.0,0.0,4.108,1.0,1.0,1583.9985787194498,1050.0,1583.8735806899374,1050.0,0.015380189323911853,0.0
11130,1659895201000.0,0.0,0.0,5.9,4.129186106697022,0.0,0.0,4.128,1.0,1.0,1583.9985787194498,1050.0,1583.9915806899373,1050.0,0.015380189323911853,0.0
11131,1659898801000.0,0.0,0.0,2.8,4.129186106697022,0.0,0.0,4.166,1.0,1.0,1584.0835131186896,1050.0,1584.186592019938,1050.0,0.007298681542357156,0.0
11132,1659902401000.0,0.0,0.0,0.3,4.138790737798015,0.0,0.0,4.122,1.0,1.0,1584.1547068412779,1050.0,1584.1496696199385,1050.0,0.0007837853310521448,0.0
11133,1659906001000.0,0.0,0.0,0.3,4.168345403792005,0.0,0.0,4.191,1.0,1.0,1584.162722621076,1050.0,1584.1695189999384,1050.0,0.0007893782647962962,0.0
11134,1659909601000.0,0.0,0.0,0.3,4.187820179463114,0.0,0.0,4.169,1.0,1.0,1584.168096983777,1050.0,1584.1624509299381,1050.0,0.0007930635998988938,0.0
11135,1659913201000.0,0.0,0.0,0.7,4.130208648341335,0.0,0.0,4.112,1.0,1.0,1584.167933503777,1050.0,1584.155187449938,1050.0,0.0018250249816914635,0.0
11136,1659916801000.0,0.0,0.0,0.7,4.130208648341335,0.0,0.0,4.081,1.0,1.0,1584.167933503777,1050.0,1584.133487449938,1050.0,0.0018250249816914635,0.0
11137,1659920401000.0,0.0,0.0,0.7,4.130208648341335,0.0,0.0,4.127,1.0,1.0,1584.167933503777,1050.0,1584.165687449938,1050.0,0.0018250249816914635,0.0
11138,1659924001000.0,0.0,0.0,0.7,4.130208648341335,0.0,0.0,4.082,1.0,1.0,1584.167933503777,1050.0,1584.134187449938,1050.0,0.0018250249816914635,0.0
11139,1659927601000.0,0.0,0.0,0.7,4.130208648341335,0.0,0.0,4.12,1.0,1.0,1584.167933503777,1050.0,1584.1607874499382,1050.0,0.0018250249816914635,0.0
11140,1659931201000.0,0.0,0.0,0.7,4.130208648341335,0.0,0.0,4.14,1.0,1.0,1584.167933503777,1050.0,1584.174787449938,1050.0,0.0018250249816914635,0.0
11141,1659934801000.0,0.0,0.0,0.7,4.130208648341335,0.0,0.0,4.123,1.0,1.0,1584.167933503777,1050.0,1584.1628874499381,1050.0,0.0018250249816914635,0.0
11142,1659938401000.0,0.0,0.0,0.3,4.13980576556089,0.0,0.0,4.152,1.0,1.0,1584.1815796896062,1050.0,1584.185237959938,1050.0,0.0007839642535873979,0.0
11143,1659942001000.0,0.0,0.0,0.3,4.1492038437072605,0.0,0.0,4.176,1.0,1.0,1584.1842157630501,1050.0,1584.192254609938,1050.0,0.0007857426811392746,0.0
11144,1659945601000.0,0.0,0.0,0.3,4.158802562471507,0.0,0.0,4.166,1.0,1.0,1584.1869118286795,1050.0,1584.189071059938,1050.0,0.0007875590685831756,0.0
11145,1659949201000.0,0.0,0.0,0.3,4.266507198292389,0.0,0.0,4.284,1.0,1.0,1584.213661099426,1050.0,1584.2189089399383,1050.0,0.0008079416248686081,0.0
11146,1659952801000.0,0.0,0.0,0.3,4.276338132194926,0.0,0.0,4.216,1.0,1.0,1584.2164244695966,1050.0,1584.1983230299381,1050.0,0.0008098018805025326,0.0
11147,1659956401000.0,0.0,0.0,0.3,4.276338132194926,0.0,0.0,4.208,1.0,1.0,1584.2164244695966,1050.0,1584.195923029938,1050.0,0.0008098018805025326,0.0
11148,1659960001000.0,0.0,0.0,0.3,4.276338132194926,0.0,0.0,4.24,1.0,1.0,1584.2164244695966,1050.0,1584.2055230299381,1050.0,0.0008098018805025326,0.0
11149,1659963601000.0,0.0,0.0,0.3,4.276338132194926,0.0,0.0,4.234,1.0,1.0,1584.2164244695966,1050.0,1584.2037230299381,1050.0,0.0008098018805025326,0.0
11150,1659967201000.0,0.0,0.0,0.7,4.217287770940683,0.0,0.0,4.192,1.0,1.0,1584.2162575495965,1050.0,1584.1985561099382,1050.0,0.0018634459945668477,0.0
11151,1659970801000.0,0.0,0.0,0.7,4.217287770940683,0.0,0.0,4.153,1.0,1.0,1584.2162575495965,1050.0,1584.171256109938,1050.0,0.0018634459945668477,0.0
11152,1659974401000.0,0.0,0.0,1.6,4.159750899786548,0.0,0.0,4.089,1.0,1.0,1584.2158871995966,1050.0,1584.1026857599381,1050.0,0.004201195994457246,0.0
11153,1659978001000.0,0.0,0.0,1.6,4.159750899786548,0.0,0.0,4.088,1.0,1.0,1584.2158871995966,1050.0,1584.101085759938,1050.0,0.004201195994457246,0.0
11154,1659981601000.0,0.0,0.0,1.6,4.159750899786548,0.0,0.0,4.127,1.0,1.0,1584.2158871995966,1050.0,1584.163485759938,1050.0,0.004201195994457246,0.0
11155,1659985201000.0,0.0,0.0,1.6,4.159750899786548,0.0,0.0,4.111,1.0,1.0,1584.2158871995966,1050.0,1584.1378857599382,1050.0,0.004201195994457246,0.0
11156,1659988801000.0,0.0,0.0,1.6,4.159750899786548,0.0,0.0,4.128,1.0,1.0,1584.2158871995966,1050.0,1584.1650857599382,1050.0,0.004201195994457246,0.0
11157,1659992401000.0,0.0,0.0,1.6,4.159750899786548,0.0,0.0,4.122,1.0,1.0,1584.2158871995966,1050.0,1584.155485759938,1050.0,0.004201195994457246,0.0
11158,1659996001000.0,0.0,0.0,3.7,4.101432821529318,0.0,0.0,4.079,1.0,1.0,1584.2150352295967,1050.0,1584.132033789938,1050.0,0.009579066668471024,0.0
11159,1659999601000.0,0.0,0.0,3.7,4.101432821529318,0.0,0.0,4.056,1.0,1.0,1584.2150352295967,1050.0,1584.046933789938,1050.0,0.009579066668471024,0.0
11160,1660003201000.0,0.0,0.0,3.7,4.101432821529318,0.0,0.0,4.09,1.0,1.0,1584.2150352295967,1050.0,1584.172733789938,1050.0,0.009579066668471024,0.0
11161,1660006801000.0,0.0,0.0,3.7,4.101432821529318,0.0,0.0,4.107,1.0,1.0,1584.2150352295967,1050.0,1584.2356337899382,1050.0,0.009579066668471024,0.0
11162,1660010401000.0,0.0,0.0,3.7,4.101432821529318,0.0,0.0,4.069,1.0,1.0,1584.2150352295967,1050.0,1584.0950337899383,1050.0,0.009579066668471024,0.0
11163,1660014001000.0,0.0,0.0,3.7,4.101432821529318,0.0,0.0,4.095,1.0,1.0,1584.2150352295967,1050.0,1584.1912337899382,1050.0,0.009579066668471024,0.0
11164,1660017601000.0,0.0,0.0,3.7,4.101432821529318,0.0,0.0,4.101,1.0,1.0,1584.2150352295967,1050.0,1584.213433789938,1050.0,0.009579066668471024,0.0
11165,1660021201000.0,0.0,0.0,3.7,4.101432821529318,0.0,0.0,4.106,1.0,1.0,1584.2150352295967,1050.0,1584.2319337899382,1050.0,0.009579066668471024,0.0
11166,1660024801000.0,0.0,0.0,3.7,4.101432821529318,0.0,0.0,4.094,1.0,1.0,1584.2150352295967,1050.0,1584.1875337899382,1050.0,0.009579066668471024,0.0
11167,1660028401000.0,0.0,0.0,8.6,4.041930399960288,0.0,0.0,4.039,1.0,1.0,1584.2130766995967,1050.0,1584.1878752599382,1050.0,0.02194187256178664,0.0
11168,1660032001000.0,0.0,0.0,8.6,4.041930399960288,0.0,0.0,3.985,1.0,1.0,1584.2130766995967,1050.0,1583.7234752599384,1050.0,0.02194187256178664,0.0
11169,1660035601000.0,0.0,0.0,20.1,3.9784627581919634,0.0,0.0,3.925,1.0,1.0,1584.2085560495968,1050.0,1583.1339546099384,1050.0,0.050477635115836944,0.0
11170,1660039201000.0,0.0,0.0,20.1,3.9784627581919634,0.0,0.0,3.888,1.0,1.0,1584.2085560495968,1050.0,1582.3902546099384,1050.0,0.050477635115836944,0.0
11171,1660042801000.0,0.0,0.0,20.1,3.9784627581919634,0.0,0.0,3.879,1.0,1.0,1584.2085560495968,1050.0,1582.2093546099384,1050.0,0.050477635115836944,0.0
11172,1660046401000.0,0.0,0.0,46.9,3.905055467796556,0.0,0.0,3.865,1.0,1.0,1584.1982380495967,1050.0,1582.3196366099382,1050.0,0.11560870163897043,0.0
11173,1660050001000.0,0.0,0.0,46.9,3.905055467796556,0.0,0.0,3.872,1.0,1.0,1584.1982380495967,1050.0,1582.6479366099381,1050.0,0.11560870163897043,0.0
11174,1660053601000.0,0.0,0.0,46.9,3.905055467796556,0.0,0.0,3.808,1.0,1.0,1584.1982380495967,1050.0,1579.6463366099383,1050.0,0.11560870163897043,0.0
11175,1660057201000.0,0.0,0.0,125.2,3.7999656664509462,0.0,0.0,3.791,1.0,1.0,1584.1689771895967,1050.0,1583.0464757499383,1050.0,0.3003187843532168,0.0
11176,1660060801000.0,0.0,0.0,125.2,3.7999656664509462,0.0,0.0,3.784,1.0,1.0,1584.1689771895967,1050.0,1582.1700757499382,1050.0,0.3003187843532168,0.0
11177,1660064401000.0,0.0,0.0,37.9,3.7999656664509462,0.0,0.0,3.82,1.0,1.0,1586.3210822584288,1050.0,1587.0803834999379,1050.0,0.09078786153018464,0.0
11178,1660068001000.0,0.0,0.0,3.4,3.7999656664509462,0.0,0.0,3.814,1.0,1.0,1587.1715705158717,1050.0,1587.2192872499386,1050.0,0.00814019322544564,0.0
11179,1660071601000.0,0.0,0.0,3.4,3.7999656664509462,0.0,0.0,3.795,1.0,1.0,1587.1715705158717,1050.0,1587.1546872499384,1050.0,0.00814019322544564,0.0
11180,1660075201000.0,0.0,0.0,3.4,3.7999656664509462,0.0,0.0,3.805,1.0,1.0,1587.1715705158717,1050.0,1587.1886872499385,1050.0,0.00814019322544564,0.0
11181,1660078801000.0,0.0,0.0,1.8,3.7999656664509462,0.0,0.0,3.85,1.0,1.0,1587.2299115595506,1050.0,1587.3199733599388,1050.0,0.004309355657801991,0.0
11182,1660082401000.0,0.0,0.0,0.5,3.7999656664509462,0.0,0.0,3.856,1.0,1.0,1587.2972554131643,1050.0,1587.3252725799389,1050.0,0.0011969924516318266,0.0
11183,1660086001000.0,0.0,0.0,0.3,3.818977110967298,0.0,0.0,3.825,1.0,1.0,1587.3109117632291,1050.0,1587.312718629939,1050.0,0.0007217824339262694,0.0
11184,1660089601000.0,0.0,0.0,0.3,3.818977110967298,0.0,0.0,3.808,1.0,1.0,1587.3109117632291,1050.0,1587.3076186299388,1050.0,0.0007217824339262694,0.0
11185,1660093201000.0,0.0,0.0,0.7,3.766418761843128,0.0,0.0,3.729,1.0,1.0,1587.310762683229,1050.0,1587.2845695499389,1050.0,0.001660981072687617,0.0
11186,1660096801000.0,0.0,0.0,0.7,3.766418761843128,0.0,0.0,3.743,1.0,1.0,1587.310762683229,1050.0,1587.294369549939,1050.0,0.001660981072687617,0.0
11187,1660100401000.0,0.0,0.0,0.7,3.766418761843128,0.0,0.0,3.721,1.0,1.0,1587.310762683229,1050.0,1587.278969549939,1050.0,0.001660981072687617,0.0
11188,1660104001000.0,0.0,0.0,0.7,3.766418761843128,0.0,0.0,3.728,1.0,1.0,1587.310762683229,1050.0,1587.2838695499388,1050.0,0.001660981072687617,0.0
11189,1660107601000.0,0.0,0.0,0.7,3.766418761843128,0.0,0.0,3.759,1.0,1.0,1587.310762683229,1050.0,1587.3055695499388,1050.0,0.001660981072687617,0.0
11190,1660111201000.0,0.0,0.0,0.7,3.766418761843128,0.0,0.0,3.752,1.0,1.0,1587.310762683229,1050.0,1587.300669549939,1050.0,0.001660981072687617,0.0
11191,1660114801000.0,0.0,0.0,0.7,3.766418761843128,0.0,0.0,3.75,1.0,1.0,1587.310762683229,1050.0,1587.2992695499388,1050.0,0.001660981072687617,0.0
11192,1660118401000.0,0.0,0.0,0.3,3.775279174562086,0.0,0.0,3.777,1.0,1.0,1587.3233257723077,1050.0,1587.323842019939,1050.0,0.0007135179921945457,0.0
11193,1660122001000.0,0.0,0.0,0.3,3.7925685220275946,0.0,0.0,3.802,1.0,1.0,1587.3281603765474,1050.0,1587.330989819939,1050.0,0.0007167834509647805,0.0
11194,1660125601000.0,0.0,0.0,0.3,3.7925685220275946,0.0,0.0,3.796,1.0,1.0,1587.3281603765474,1050.0,1587.329189819939,1050.0,0.0007167834509647805,0.0
11195,1660129201000.0,0.0,0.0,0.3,3.7925685220275946,0.0,0.0,3.781,1.0,1.0,1587.3281603765474,1050.0,1587.324689819939,1050.0,0.0007167834509647805,0.0
11196,1660132801000.0,0.0,0.0,0.3,3.801712348018397,0.0,0.0,3.806,1.0,1.0,1587.3306271443446,1050.0,1587.3319134399392,1050.0,0.0007185104885535646,0.0
11197,1660136401000.0,0.0,0.0,0.3,3.977051517094556,0.0,0.0,3.981,1.0,1.0,1587.3725531250661,1050.0,1587.3737376699378,1050.0,0.0007516291325432559,0.0
11198,1660140001000.0,0.0,0.0,0.3,3.995911785375359,0.0,0.0,3.999,1.0,1.0,1587.3777508355506,1050.0,1587.378677299938,1050.0,0.0007551910910818848,0.0
11199,1660143601000.0,0.0,0.0,0.3,4.014516349055716,0.0,0.0,4.016,1.0,1.0,1587.3829710846546,1050.0,1587.383416179938,1050.0,0.0007587046898290601,0.0
11200,1660147201000.0,0.0,0.0,0.3,4.014516349055716,0.0,0.0,4.026,1.0,1.0,1587.3829710846546,1050.0,1587.386416179938,1050.0,0.0007587046898290601,0.0
11201,1660150801000.0,0.0,0.0,0.3,4.075396676449948,0.0,0.0,4.087,1.0,1.0,1587.398128692873,1050.0,1587.401609689938,1050.0,0.0007702031272657085,0.0
11202,1660154401000.0,0.0,0.0,0.3,4.084931117633299,0.0,0.0,4.096,1.0,1.0,1587.4008069552278,1050.0,1587.4041276199378,1050.0,0.0007720037245291346,0.0
11203,1660158001000.0,0.0,0.0,0.3,4.084931117633299,0.0,0.0,4.02,1.0,1.0,1587.4008069552278,1050.0,1587.3813276199378,1050.0,0.0007720037245291346,0.0
11204,1660161601000.0,0.0,0.0,0.3,4.084931117633299,0.0,0.0,4.005,1.0,1.0,1587.4008069552278,1050.0,1587.3768276199378,1050.0,0.0007720037245291346,0.0
11205,1660165201000.0,0.0,0.0,0.3,4.084931117633299,0.0,0.0,4.078,1.0,1.0,1587.4008069552278,1050.0,1587.3987276199377,1050.0,0.0007720037245291346,0.0
11206,1660168801000.0,0.0,0.0,0.3,4.084931117633299,0.0,0.0,4.066,1.0,1.0,1587.4008069552278,1050.0,1587.3951276199377,1050.0,0.0007720037245291346,0.0
11207,1660172401000.0,0.0,0.0,0.3,4.084931117633299,0.0,0.0,4.075,1.0,1.0,1587.4008069552278,1050.0,1587.3978276199377,1050.0,0.0007720037245291346,0.0
11208,1660176001000.0,0.0,0.0,0.3,4.176666666666667,0.0,0.0,4.195,1.0,1.0,1587.4179946799377,1050.0,1587.4234946799377,1050.0,0.0007893321130283869,0.0
11209,1660179601000.0,0.0,0.0,0.3,4.186111111111112,0.0,0.0,4.199,1.0,1.0,1587.420643923271,1050.0,1587.4245105899377,1050.0,0.0007911156618384226,0.0
11210,1660183201000.0,0.0,0.0,0.3,4.303518518518519,0.0,0.0,4.319,1.0,1.0,1587.4437520854933,1050.0,1587.4483965299378,1050.0,0.000813292158452506,0.0
11211,1660186801000.0,0.0,0.0,0.7,4.264479717813051,0.0,0.0,4.253,1.0,1.0,1587.4490900124067,1050.0,1587.4410542099376,1050.0,0.0018804608105232562,0.0
11212,1660190401000.0,0.0,0.0,0.6,4.264479717813051,0.0,0.0,4.25,1.0,1.0,1587.4518991106254,1050.0,1587.4432112799375,1050.0,0.0016118206996516514,0.0
11213,1660194001000.0,0.0,0.0,0.3,4.274653145208702,0.0,0.0,4.284,1.0,1.0,1587.4630925535,1050.0,1587.4658966099373,1050.0,0.0008078272493880935,0.0
11214,1660197601000.0,0.0,0.0,0.3,4.274653145208702,0.0,0.0,4.234,1.0,1.0,1587.4630925535,1050.0,1587.4508966099374,1050.0,0.0008078272493880935,0.0
11215,1660201201000.0,0.0,0.0,0.3,4.284435430139135,0.0,0.0,4.242,1.0,1.0,1587.4658411689793,1050.0,1587.4531105399376,1050.0,0.0008096745112293238,0.0
11216,1660204801000.0,0.0,0.0,0.7,4.22532947005963,0.0,0.0,4.194,1.0,1.0,1587.4656739289792,1050.0,1587.4437432999375,1050.0,0.0018631776910938518,0.0
11217,1660208401000.0,0.0,0.0,0.7,4.22532947005963,0.0,0.0,4.217,1.0,1.0,1587.4656739289792,1050.0,1587.4598432999373,1050.0,0.0018631776910938518,0.0
11218,1660212001000.0,0.0,0.0,0.7,4.22532947005963,0.0,0.0,4.173,1.0,1.0,1587.4656739289792,1050.0,1587.4290432999373,1050.0,0.0018631776910938518,0.0
11219,1660215601000.0,0.0,0.0,0.7,4.22532947005963,0.0,0.0,4.134,1.0,1.0,1587.4656739289792,1050.0,1587.4017432999374,1050.0,0.0018631776910938518,0.0
11220,1660219201000.0,0.0,0.0,1.6,4.167769143151087,0.0,0.0,4.129,1.0,1.0,1587.4653028589792,1050.0,1587.4032722299373,1050.0,0.004200678034998365,0.0
11221,1660222801000.0,0.0,0.0,1.6,4.167769143151087,0.0,0.0,4.124,1.0,1.0,1587.4653028589792,1050.0,1587.3952722299375,1050.0,0.004200678034998365,0.0
11222,1660226401000.0,0.0,0.0,1.6,4.167769143151087,0.0,0.0,4.156,1.0,1.0,1587.4653028589792,1050.0,1587.4464722299374,1050.0,0.004200678034998365,0.0
11223,1660230001000.0,0.0,0.0,1.6,4.167769143151087,0.0,0.0,4.101,1.0,1.0,1587.4653028589792,1050.0,1587.3584722299374,1050.0,0.004200678034998365,0.0
11224,1660233601000.0,0.0,0.0,1.6,4.167769143151087,0.0,0.0,4.084,1.0,1.0,1587.4653028589792,1050.0,1587.3312722299374,1050.0,0.004200678034998365,0.0
11225,1660237201000.0,0.0,0.0,3.7,4.109440710551822,0.0,0.0,4.09,1.0,1.0,1587.4644492089792,1050.0,1587.3925185799374,1050.0,0.009578123552069615,0.0
11226,1660240801000.0,0.0,0.0,3.7,4.109440710551822,0.0,0.0,4.076,1.0,1.0,1587.4644492089792,1050.0,1587.3407185799374,1050.0,0.009578123552069615,0.0
11227,1660244401000.0,0.0,0.0,3.7,4.109440710551822,0.0,0.0,4.054,1.0,1.0,1587.4644492089792,1050.0,1587.2593185799374,1050.0,0.009578123552069615,0.0
11228,1660248001000.0,0.0,0.0,3.7,4.109440710551822,0.0,0.0,4.053,1.0,1.0,1587.4644492089792,1050.0,1587.2556185799374,1050.0,0.009578123552069615,0.0
11229,1660251601000.0,0.0,0.0,3.7,4.109440710551822,0.0,0.0,4.051,1.0,1.0,1587.4644492089792,1050.0,1587.2482185799374,1050.0,0.009578123552069615,0.0
11230,1660255201000.0,0.0,0.0,3.7,4.109440710551822,0.0,0.0,4.047,1.0,1.0,1587.4644492089792,1050.0,1587.2334185799375,1050.0,0.009578123552069615,0.0
11231,1660258801000.0,0.0,0.0,8.6,4.049933794074621,0.0,0.0,4.001,1.0,1.0,1587.4624867589791,1050.0,1587.0416561299373,1050.0,0.02194031727965476,0.0
11232,1660262401000.0,0.0,0.0,8.6,4.049933794074621,0.0,0.0,4.028,1.0,1.0,1587.4624867589791,1050.0,1587.2738561299375,1050.0,0.02194031727965476,0.0
11233,1660266001000.0,0.0,0.0,2.7,3.985892071096604,0.0,0.0,4.013,1.0,1.0,1587.9052551418986,1050.0,1587.9784465499376,1050.0,0.00677742488546593,0.0
11234,1660269601000.0,0.0,0.0,0.3,4.041727150274601,0.0,0.0,4.052,1.0,1.0,1588.0066150150205,1050.0,1588.0096968699381,1050.0,0.0007635472885425677,0.0
11235,1660273201000.0,0.0,0.0,0.3,4.076178414896179,0.0,0.0,4.078,1.0,1.0,1588.014505234407,1050.0,1588.015051709938,1050.0,0.0007700518606335704,0.0
11236,1660276801000.0,0.0,0.0,0.3,4.076178414896179,0.0,0.0,4.053,1.0,1.0,1588.014505234407,1050.0,1588.007551709938,1050.0,0.0007700518606335704,0.0
11237,1660280401000.0,0.0,0.0,0.3,4.076178414896179,0.0,0.0,4.05,1.0,1.0,1588.014505234407,1050.0,1588.006651709938,1050.0,0.0007700518606335704,0.0
11238,1660284001000.0,0.0,0.0,0.3,4.0854522765974535,0.0,0.0,4.067,1.0,1.0,1588.0171053229174,1050.0,1588.0115696399382,1050.0,0.0007718025699288721,0.0
11239,1660287601000.0,0.0,0.0,0.3,4.0854522765974535,0.0,0.0,4.031,1.0,1.0,1588.0171053229174,1050.0,1588.0007696399382,1050.0,0.0007718025699288721,0.0
11240,1660291201000.0,0.0,0.0,0.7,4.02919383282748,0.0,0.0,4.018,1.0,1.0,1588.0169458429173,1050.0,1588.009110159938,1050.0,0.0017760740465412052,0.0
11241,1660294801000.0,0.0,0.0,0.7,4.02919383282748,0.0,0.0,4.021,1.0,1.0,1588.0169458429173,1050.0,1588.011210159938,1050.0,0.0017760740465412052,0.0
11242,1660298401000.0,0.0,0.0,0.3,4.057094468985921,0.0,0.0,4.057,1.0,1.0,1588.0353323106344,1050.0,1588.0353039699387,1050.0,0.0007664365621669272,0.0
11243,1660302001000.0,0.0,0.0,0.7,4.001040486708252,0.0,0.0,3.942,1.0,1.0,1588.0351739506345,1050.0,1587.9938456099387,1050.0,0.0017636437697587418,0.0
11244,1660305601000.0,0.0,0.0,1.6,3.94645521293486,0.0,0.0,3.91,1.0,1.0,1588.0348225906346,1050.0,1587.9764942499387,1050.0,0.003976190100412861,0.0
11245,1660309201000.0,0.0,0.0,0.3,3.9898923877402197,0.0,0.0,3.992,1.0,1.0,1588.1042233662595,1050.0,1588.1048556499375,1050.0,0.0007537085404790923,0.0
11246,1660312801000.0,0.0,0.0,0.3,3.9898923877402197,0.0,0.0,3.972,1.0,1.0,1588.1042233662595,1050.0,1588.0988556499374,1050.0,0.0007537085404790923,0.0
11247,1660316401000.0,0.0,0.0,0.3,3.9898923877402197,0.0,0.0,4.01,1.0,1.0,1588.1042233662595,1050.0,1588.1102556499375,1050.0,0.0007537085404790923,0.0
11248,1660320001000.0,0.0,0.0,0.3,4.042169242628182,0.0,0.0,4.018,1.0,1.0,1588.1166828927257,1050.0,1588.1094321199373,1050.0,0.0007635778818088059,0.0
11249,1660323601000.0,0.0,0.0,0.3,4.042169242628182,0.0,0.0,3.997,1.0,1.0,1588.1166828927257,1050.0,1588.1031321199373,1050.0,0.0007635778818088059,0.0
11250,1660327201000.0,0.0,0.0,0.3,4.051779495085455,0.0,0.0,4.037,1.0,1.0,1588.119284568463,1050.0,1588.1148507199373,1050.0,0.0007653920334176481,0.0
11251,1660330801000.0,0.0,0.0,0.3,4.051779495085455,0.0,0.0,4.025,1.0,1.0,1588.119284568463,1050.0,1588.1112507199373,1050.0,0.0007653920334176481,0.0
11252,1660334401000.0,0.0,0.0,0.3,4.051779495085455,0.0,0.0,4.064,1.0,1.0,1588.119284568463,1050.0,1588.1229507199373,1050.0,0.0007653920334176481,0.0
11253,1660338001000.0,0.0,0.0,0.3,4.051779495085455,0.0,0.0,4.053,1.0,1.0,1588.119284568463,1050.0,1588.1196507199372,1050.0,0.0007653920334176481,0.0
11254,1660341601000.0,0.0,0.0,0.3,4.051779495085455,0.0,0.0,4.041,1.0,1.0,1588.119284568463,1050.0,1588.1160507199372,1050.0,0.0007653920334176481,0.0
11255,1660345201000.0,0.0,0.0,0.3,4.051779495085455,0.0,0.0,4.071,1.0,1.0,1588.119284568463,1050.0,1588.1250507199372,1050.0,0.0007653920334176481,0.0
11256,1660348801000.0,0.0,0.0,0.3,4.137119264530501,0.0,0.0,4.139,1.0,1.0,1588.1400097492965,1050.0,1588.1405739699373,1050.0,0.0007815027464455578,0.0
11257,1660352401000.0,0.0,0.0,0.3,4.137119264530501,0.0,0.0,4.118,1.0,1.0,1588.1400097492965,1050.0,1588.1342739699373,1050.0,0.0007815027464455578,0.0
11258,1660356001000.0,0.0,0.0,0.3,4.137119264530501,0.0,0.0,4.108,1.0,1.0,1588.1400097492965,1050.0,1588.1312739699374,1050.0,0.0007815027464455578,0.0
11259,1660359601000.0,0.0,0.0,0.3,4.137119264530501,0.0,0.0,4.142,1.0,1.0,1588.1400097492965,1050.0,1588.1414739699374,1050.0,0.0007815027464455578,0.0
11260,1660363201000.0,0.0,0.0,0.3,4.137119264530501,0.0,0.0,4.121,1.0,1.0,1588.1400097492965,1050.0,1588.1351739699373,1050.0,0.0007815027464455578,0.0
11261,1660366801000.0,0.0,0.0,0.3,4.137119264530501,0.0,0.0,4.092,1.0,1.0,1588.1400097492965,1050.0,1588.1264739699373,1050.0,0.0007815027464455578,0.0
11262,1660370401000.0,0.0,0.0,0.3,4.137119264530501,0.0,0.0,4.123,1.0,1.0,1588.1400097492965,1050.0,1588.1357739699374,1050.0,0.0007815027464455578,0.0
11263,1660374001000.0,0.0,0.0,0.3,4.137119264530501,0.0,0.0,4.103,1.0,1.0,1588.1400097492965,1050.0,1588.1297739699373,1050.0,0.0007815027464455578,0.0
11264,1660377601000.0,0.0,0.0,0.3,4.137119264530501,0.0,0.0,4.079,1.0,1.0,1588.1400097492965,1050.0,1588.1225739699373,1050.0,0.0007815027464455578,0.0
11265,1660381201000.0,0.0,0.0,0.3,4.137119264530501,0.0,0.0,4.074,1.0,1.0,1588.1400097492965,1050.0,1588.1210739699372,1050.0,0.0007815027464455578,0.0
11266,1660384801000.0,0.0,0.0,0.3,4.137119264530501,0.0,0.0,4.077,1.0,1.0,1588.1400097492965,1050.0,1588.1219739699372,1050.0,0.0007815027464455578,0.0
11267,1660388401000.0,0.0,0.0,0.7,4.080479684798787,0.0,0.0,4.048,1.0,1.0,1588.1398482292966,1050.0,1588.1171124499374,1050.0,0.0017985417232266004,0.0
11268,1660392001000.0,0.0,0.0,0.7,4.080479684798787,0.0,0.0,4.015,1.0,1.0,1588.1398482292966,1050.0,1588.0940124499375,1050.0,0.0017985417232266004,0.0
11269,1660395601000.0,0.0,0.0,1.6,4.025084862099469,0.0,0.0,4.02,1.0,1.0,1588.1394898492965,1050.0,1588.1313540699373,1050.0,0.004055144916754305,0.0
11270,1660399201000.0,0.0,0.0,1.6,4.025084862099469,0.0,0.0,4.034,1.0,1.0,1588.1394898492965,1050.0,1588.1537540699373,1050.0,0.004055144916754305,0.0
11271,1660402801000.0,0.0,0.0,0.3,4.034389908066313,0.0,0.0,4.047,1.0,1.0,1588.1765632323566,1050.0,1588.1803462599366,1050.0,0.0007620796077966173,0.0
11272,1660406401000.0,0.0,0.0,0.3,4.045259938710876,0.0,0.0,4.064,1.0,1.0,1588.1791429615498,1050.0,1588.1847649799365,1050.0,0.0007641316705307241,0.0
11273,1660410001000.0,0.0,0.0,0.3,4.054506625807251,0.0,0.0,4.047,1.0,1.0,1588.1817355176788,1050.0,1588.1794835299365,1050.0,0.0007658770785106007,0.0
11274,1660413601000.0,0.0,0.0,0.3,4.054506625807251,0.0,0.0,4.071,1.0,1.0,1588.1817355176788,1050.0,1588.1866835299365,1050.0,0.0007658770785106007,0.0
11275,1660417201000.0,0.0,0.0,0.3,4.054506625807251,0.0,0.0,4.041,1.0,1.0,1588.1817355176788,1050.0,1588.1776835299365,1050.0,0.0007658770785106007,0.0
11276,1660420801000.0,0.0,0.0,0.3,4.054506625807251,0.0,0.0,4.001,1.0,1.0,1588.1817355176788,1050.0,1588.1656835299366,1050.0,0.0007658770785106007,0.0
11277,1660424401000.0,0.0,0.0,0.3,4.054506625807251,0.0,0.0,4.025,1.0,1.0,1588.1817355176788,1050.0,1588.1728835299366,1050.0,0.0007658770785106007,0.0
11278,1660428001000.0,0.0,0.0,0.3,4.054506625807251,0.0,0.0,4.013,1.0,1.0,1588.1817355176788,1050.0,1588.1692835299366,1050.0,0.0007658770785106007,0.0
11279,1660431601000.0,0.0,0.0,0.3,4.054506625807251,0.0,0.0,3.984,1.0,1.0,1588.1817355176788,1050.0,1588.1605835299367,1050.0,0.0007658770785106007,0.0
11280,1660435201000.0,0.0,0.0,0.7,3.998788553917394,0.0,0.0,3.969,1.0,1.0,1588.1815772376788,1050.0,1588.1607252499366,1050.0,0.0017624886397503336,0.0
11281,1660438801000.0,0.0,0.0,0.7,3.998788553917394,0.0,0.0,3.982,1.0,1.0,1588.1815772376788,1050.0,1588.1698252499366,1050.0,0.0017624886397503336,0.0
11282,1660442401000.0,0.0,0.0,0.3,4.008192369278263,0.0,0.0,4.021,1.0,1.0,1588.1944414407196,1050.0,1588.198283729936,1050.0,0.0007571224778325491,0.0
11283,1660446001000.0,0.0,0.0,0.3,4.017461579518843,0.0,0.0,4.031,1.0,1.0,1588.1970414937919,1050.0,1588.2011030199362,1050.0,0.0007588721313333109,0.0
11284,1660449601000.0,0.0,0.0,0.3,4.052487193172948,0.0,0.0,4.045,1.0,1.0,1588.2043866778881,1050.0,1588.2021405199362,1050.0,0.0007654846996707459,0.0
11285,1660453201000.0,0.0,0.0,0.3,4.052487193172948,0.0,0.0,4.034,1.0,1.0,1588.2043866778881,1050.0,1588.1988405199363,1050.0,0.0007654846996707459,0.0
11286,1660456801000.0,0.0,0.0,0.3,4.052487193172948,0.0,0.0,4.048,1.0,1.0,1588.2043866778881,1050.0,1588.2030405199362,1050.0,0.0007654846996707459,0.0
11287,1660460401000.0,0.0,0.0,0.3,4.052487193172948,0.0,0.0,4.058,1.0,1.0,1588.2043866778881,1050.0,1588.2060405199363,1050.0,0.0007654846996707459,0.0
11288,1660464001000.0,0.0,0.0,0.3,4.052487193172948,0.0,0.0,4.046,1.0,1.0,1588.2043866778881,1050.0,1588.2024405199363,1050.0,0.0007654846996707459,0.0
11289,1660467601000.0,0.0,0.0,0.3,4.052487193172948,0.0,0.0,4.035,1.0,1.0,1588.2043866778881,1050.0,1588.1991405199362,1050.0,0.0007654846996707459,0.0
11290,1660471201000.0,0.0,0.0,0.3,4.072438752521311,0.0,0.0,4.082,1.0,1.0,1588.2096087256928,1050.0,1588.2124770999365,1050.0,0.0007692508715752294,0.0
11291,1660474801000.0,0.0,0.0,0.3,4.101352222969279,0.0,0.0,4.019,1.0,1.0,1588.217536156827,1050.0,1588.1928304899361,1050.0,0.0007747085263068701,0.0
11292,1660478401000.0,0.0,0.0,0.3,4.101352222969279,0.0,0.0,4.019,1.0,1.0,1588.217536156827,1050.0,1588.1928304899361,1050.0,0.0007747085263068701,0.0
11293,1660482001000.0,0.0,0.0,0.7,4.04515095270112,0.0,0.0,4.021,1.0,1.0,1588.217376036827,1050.0,1588.2004703699363,1050.0,0.0017828829413494124,0.0
11294,1660485601000.0,0.0,0.0,1.6,3.9899410418067403,0.0,0.0,3.962,1.0,1.0,1588.2170208068271,1050.0,1588.1723151399362,1050.0,0.004019542407150195,0.0
11295,1660489201000.0,0.0,0.0,1.6,3.9899410418067403,0.0,0.0,3.975,1.0,1.0,1588.2170208068271,1050.0,1588.1931151399363,1050.0,0.004019542407150195,0.0
11296,1660492801000.0,0.0,0.0,1.6,3.9899410418067403,0.0,0.0,3.966,1.0,1.0,1588.2170208068271,1050.0,1588.1787151399362,1050.0,0.004019542407150195,0.0
11297,1660496401000.0,0.0,0.0,8.6,3.8771750775454406,0.0,0.0,3.826,1.0,1.0,1588.2143248268271,1050.0,1587.7742191599364,1050.0,0.020994462237032434,0.0
11298,1660500001000.0,0.0,0.0,8.6,3.8771750775454406,0.0,0.0,3.813,1.0,1.0,1588.2143248268271,1050.0,1587.6624191599362,1050.0,0.020994462237032434,0.0
11299,1660503601000.0,0.0,0.0,8.6,3.8771750775454406,0.0,0.0,3.834,1.0,1.0,1588.2143248268271,1050.0,1587.8430191599364,1050.0,0.020994462237032434,0.0
11300,1660507201000.0,0.0,0.0,8.6,3.8771750775454406,0.0,0.0,3.822,1.0,1.0,1588.2143248268271,1050.0,1587.7398191599364,1050.0,0.020994462237032434,0.0
11301,1660510801000.0,0.0,0.0,8.6,3.8771750775454406,0.0,0.0,3.823,1.0,1.0,1588.2143248268271,1050.0,1587.7484191599362,1050.0,0.020994462237032434,0.0
11302,1660514401000.0,0.0,0.0,8.6,3.8771750775454406,0.0,0.0,3.826,1.0,1.0,1588.2143248268271,1050.0,1587.7742191599364,1050.0,0.020994462237032434,0.0
11303,1660518001000.0,0.0,0.0,8.6,3.8771750775454406,0.0,0.0,3.822,1.0,1.0,1588.2143248268271,1050.0,1587.7398191599364,1050.0,0.020994462237032434,0.0
11304,1660521601000.0,0.0,0.0,8.6,3.8771750775454406,0.0,0.0,3.815,1.0,1.0,1588.2143248268271,1050.0,1587.6796191599362,1050.0,0.020994462237032434,0.0
11305,1660525201000.0,0.0,0.0,8.6,3.8771750775454406,0.0,0.0,3.871,1.0,1.0,1588.2143248268271,1050.0,1588.1612191599363,1050.0,0.020994462237032434,0.0
11306,1660528801000.0,0.0,0.0,8.6,3.8771750775454406,0.0,0.0,3.881,1.0,1.0,1588.2143248268271,1050.0,1588.2472191599363,1050.0,0.020994462237032434,0.0
11307,1660532401000.0,0.0,0.0,0.7,3.8771750775454406,0.0,0.0,3.924,1.0,1.0,1588.5097488942188,1050.0,1588.542526339937,1050.0,0.001708533772720673,0.0
11308,1660536001000.0,0.0,0.0,0.3,3.9277055727878762,0.0,0.0,3.891,1.0,1.0,1588.5400450717727,1050.0,1588.5290333999365,1050.0,0.000741757612904952,0.0
11309,1660539601000.0,0.0,0.0,0.3,3.9277055727878762,0.0,0.0,3.895,1.0,1.0,1588.5400450717727,1050.0,1588.5302333999364,1050.0,0.000741757612904952,0.0
11310,1660543201000.0,0.0,0.0,0.3,3.9277055727878762,0.0,0.0,3.871,1.0,1.0,1588.5400450717727,1050.0,1588.5230333999364,1050.0,0.000741757612904952,0.0
11311,1660546801000.0,0.0,0.0,3.7,3.7676247761719894,0.0,0.0,3.725,1.0,1.0,1588.5387688817727,1050.0,1588.3810572099364,1050.0,0.00877549351952509,0.0
11312,1660550401000.0,0.0,0.0,3.7,3.7676247761719894,0.0,0.0,3.734,1.0,1.0,1588.5387688817727,1050.0,1588.4143572099363,1050.0,0.00877549351952509,0.0
11313,1660554001000.0,0.0,0.0,3.7,3.7676247761719894,0.0,0.0,3.752,1.0,1.0,1588.5387688817727,1050.0,1588.4809572099364,1050.0,0.00877549351952509,0.0
11314,1660557601000.0,0.0,0.0,3.7,3.7676247761719894,0.0,0.0,3.761,1.0,1.0,1588.5387688817727,1050.0,1588.5142572099364,1050.0,0.00877549351952509,0.0
11315,1660561201000.0,0.0,0.0,3.7,3.7676247761719894,0.0,0.0,3.756,1.0,1.0,1588.5387688817727,1050.0,1588.4957572099363,1050.0,0.00877549351952509,0.0
11316,1660564801000.0,0.0,0.0,3.7,3.7676247761719894,0.0,0.0,3.737,1.0,1.0,1588.5387688817727,1050.0,1588.4254572099364,1050.0,0.00877549351952509,0.0
11317,1660568401000.0,0.0,0.0,8.6,3.713140892073996,0.0,0.0,3.681,1.0,1.0,1588.5369696017729,1050.0,1588.2605579299366,1050.0,0.020102152032282626,0.0
11318,1660572001000.0,0.0,0.0,1.2,3.713140892073996,0.0,0.0,3.749,1.0,1.0,1588.7181608804253,1050.0,1588.7611918099365,1050.0,0.0028046315452323694,0.0
11319,1660575601000.0,0.0,0.0,0.3,3.722093928049331,0.0,0.0,3.729,1.0,1.0,1588.7426087883496,1050.0,1588.7446806099347,1050.0,0.0007028376857509932,0.0
11320,1660579201000.0,0.0,0.0,0.3,3.7479907934960996,0.0,0.0,3.763,1.0,1.0,1588.7498524779837,1050.0,1588.754355239935,1050.0,0.0007077245271148885,0.0
11321,1660582801000.0,0.0,0.0,0.3,3.77466393881366,0.0,0.0,3.793,1.0,1.0,1588.7571274515788,1050.0,1588.7626282699346,1050.0,0.0007127578923661575,0.0
11322,1660586401000.0,0.0,0.0,0.3,3.77466393881366,0.0,0.0,3.741,1.0,1.0,1588.7571274515788,1050.0,1588.7470282699346,1050.0,0.0007127578923661575,0.0
11323,1660590001000.0,0.0,0.0,0.3,3.77466393881366,0.0,0.0,3.742,1.0,1.0,1588.7571274515788,1050.0,1588.7473282699348,1050.0,0.0007127578923661575,0.0
11324,1660593601000.0,0.0,0.0,0.3,3.77466393881366,0.0,0.0,3.724,1.0,1.0,1588.7571274515788,1050.0,1588.7419282699348,1050.0,0.0007127578923661575,0.0
11325,1660597201000.0,0.0,0.0,0.3,3.77466393881366,0.0,0.0,3.726,1.0,1.0,1588.7571274515788,1050.0,1588.7425282699346,1050.0,0.0007127578923661575,0.0
11326,1660600801000.0,0.0,0.0,0.3,3.77466393881366,0.0,0.0,3.724,1.0,1.0,1588.7571274515788,1050.0,1588.7419282699348,1050.0,0.0007127578923661575,0.0
11327,1660604401000.0,0.0,0.0,0.7,3.7228559737772833,0.0,0.0,3.679,1.0,1.0,1588.7569800915787,1050.0,1588.7262809099345,1050.0,0.0016402755199815921,0.0
11328,1660608001000.0,0.0,0.0,0.9,3.6210538328767834,0.0,0.0,3.688,1.0,1.0,1588.873324429524,1050.0,1588.9335759799349,1050.0,0.0020511065290615364,0.0
11329,1660611601000.0,0.0,0.0,0.3,3.694627917605292,0.0,0.0,3.701,1.0,1.0,1588.9321464052168,1050.0,1588.9340580299352,1050.0,0.0006975680980394245,0.0
11330,1660615201000.0,0.0,0.0,0.3,3.7317660084158613,0.0,0.0,3.71,1.0,1.0,1588.94168904246,1050.0,1588.9351592399353,1050.0,0.0007045757627515065,0.0
11331,1660618801000.0,0.0,0.0,0.3,3.7317660084158613,0.0,0.0,3.661,1.0,1.0,1588.94168904246,1050.0,1588.9204592399353,1050.0,0.0007045757627515065,0.0
11332,1660622401000.0,0.0,0.0,0.7,3.6804711464639412,0.0,0.0,3.674,1.0,1.0,1588.94154336246,1050.0,1588.9370135599352,1050.0,0.0016214125769994179,0.0
11333,1660626001000.0,0.0,0.0,0.7,3.6804711464639412,0.0,0.0,3.649,1.0,1.0,1588.94154336246,1050.0,1588.9195135599352,1050.0,0.0016214125769994179,0.0
11334,1660629601000.0,0.0,0.0,0.7,3.6804711464639412,0.0,0.0,3.626,1.0,1.0,1588.94154336246,1050.0,1588.9034135599352,1050.0,0.0016214125769994179,0.0
11335,1660633201000.0,0.0,0.0,0.7,3.6804711464639412,0.0,0.0,3.656,1.0,1.0,1588.94154336246,1050.0,1588.9244135599351,1050.0,0.0016214125769994179,0.0
11336,1660636801000.0,0.0,0.0,0.7,3.6804711464639412,0.0,0.0,3.676,1.0,1.0,1588.94154336246,1050.0,1588.9384135599353,1050.0,0.0016214125769994179,0.0
11337,1660640401000.0,0.0,0.0,0.7,3.6804711464639412,0.0,0.0,3.687,1.0,1.0,1588.94154336246,1050.0,1588.9461135599352,1050.0,0.0016214125769994179,0.0
11338,1660644001000.0,0.0,0.0,0.3,3.7669113055423242,0.0,0.0,3.743,1.0,1.0,1588.972864631599,1050.0,1588.9656912399362,1050.0,0.0007111974136353191,0.0
11339,1660647601000.0,0.0,0.0,0.3,3.7669113055423242,0.0,0.0,3.739,1.0,1.0,1588.972864631599,1050.0,1588.9644912399363,1050.0,0.0007111974136353191,0.0
11340,1660651201000.0,0.0,0.0,0.3,3.7669113055423242,0.0,0.0,3.729,1.0,1.0,1588.972864631599,1050.0,1588.961491239936,1050.0,0.0007111974136353191,0.0
11341,1660654801000.0,0.0,0.0,0.7,3.714961988089568,0.0,0.0,3.67,1.0,1.0,1588.972717591599,1050.0,1588.9412441999361,1050.0,0.0016365752305704953,0.0
11342,1660658401000.0,0.0,0.0,0.7,3.714961988089568,0.0,0.0,3.66,1.0,1.0,1588.972717591599,1050.0,1588.9342441999363,1050.0,0.0016365752305704953,0.0
11343,1660662001000.0,0.0,0.0,0.7,3.714961988089568,0.0,0.0,3.654,1.0,1.0,1588.972717591599,1050.0,1588.9300441999362,1050.0,0.0016365752305704953,0.0
11344,1660665601000.0,0.0,0.0,0.7,3.714961988089568,0.0,0.0,3.713,1.0,1.0,1588.972717591599,1050.0,1588.971344199936,1050.0,0.0016365752305704953,0.0
11345,1660669201000.0,0.0,0.0,0.7,3.714961988089568,0.0,0.0,3.691,1.0,1.0,1588.972717591599,1050.0,1588.955944199936,1050.0,0.0016365752305704953,0.0
11346,1660672801000.0,0.0,0.0,0.7,3.714961988089568,0.0,0.0,3.691,1.0,1.0,1588.972717591599,1050.0,1588.955944199936,1050.0,0.0016365752305704953,0.0
11347,1660676401000.0,0.0,0.0,0.6,3.714961988089568,0.0,0.0,3.66,1.0,1.0,1588.9751839927899,1050.0,1588.9422067999362,1050.0,0.0014027765916725954,0.0
11348,1660680001000.0,0.0,0.0,0.6,3.714961988089568,0.0,0.0,3.679,1.0,1.0,1588.9751839927899,1050.0,1588.953606799936,1050.0,0.0014027765916725954,0.0
11349,1660683601000.0,0.0,0.0,0.6,3.714961988089568,0.0,0.0,3.703,1.0,1.0,1588.9751839927899,1050.0,1588.9680067999361,1050.0,0.0014027765916725954,0.0
11350,1660687201000.0,0.0,0.0,0.6,3.714961988089568,0.0,0.0,3.69,1.0,1.0,1588.9751839927899,1050.0,1588.960206799936,1050.0,0.0014027765916725954,0.0
11351,1660690801000.0,0.0,0.0,0.6,3.714961988089568,0.0,0.0,3.661,1.0,1.0,1588.9751839927899,1050.0,1588.942806799936,1050.0,0.0014027765916725954,0.0
11352,1660694401000.0,0.0,0.0,0.6,3.714961988089568,0.0,0.0,3.677,1.0,1.0,1588.9751839927899,1050.0,1588.9524067999362,1050.0,0.0014027765916725954,0.0
11353,1660698001000.0,0.0,0.0,0.3,3.7329831058175866,0.0,0.0,3.741,1.0,1.0,1588.9874397116812,1050.0,1588.989844779936,1050.0,0.0007047852637201958,0.0
11354,1660701601000.0,0.0,0.0,0.3,3.7329831058175866,0.0,0.0,3.725,1.0,1.0,1588.9874397116812,1050.0,1588.9850447799358,1050.0,0.0007047852637201958,0.0
11355,1660705201000.0,0.0,0.0,0.3,3.7329831058175866,0.0,0.0,3.725,1.0,1.0,1588.9874397116812,1050.0,1588.9850447799358,1050.0,0.0007047852637201958,0.0
11356,1660708801000.0,0.0,0.0,0.3,3.7329831058175866,0.0,0.0,3.743,1.0,1.0,1588.9874397116812,1050.0,1588.9904447799358,1050.0,0.0007047852637201958,0.0
11357,1660712401000.0,0.0,0.0,0.3,3.7416554038783914,0.0,0.0,3.734,1.0,1.0,1588.9898662310995,1050.0,1588.987569609936,1050.0,0.0007064215103057579,0.0
11358,1660716001000.0,0.0,0.0,0.3,3.78198131434635,0.0,0.0,3.791,1.0,1.0,1588.99956129424,1050.0,1589.002266899936,1050.0,0.00071403065295989,0.0
11359,1660719601000.0,0.0,0.0,0.3,3.8180950744387863,0.0,0.0,3.802,1.0,1.0,1589.0094896622675,1050.0,1589.004661139936,1050.0,0.0007208443560491816,0.0
11360,1660723201000.0,0.0,0.0,1.6,3.7140178264572725,0.0,0.0,3.644,1.0,1.0,1589.0090099622676,1050.0,1588.8969814399359,1050.0,0.0037397072546950156,0.0
11361,1660726801000.0,0.0,0.0,1.6,3.7140178264572725,0.0,0.0,3.676,1.0,1.0,1589.0090099622676,1050.0,1588.948181439936,1050.0,0.0037397072546950156,0.0
11362,1660730401000.0,0.0,0.0,1.6,3.7140178264572725,0.0,0.0,3.677,1.0,1.0,1589.0090099622676,1050.0,1588.949781439936,1050.0,0.0037397072546950156,0.0
11363,1660734001000.0,0.0,0.0,1.6,3.7140178264572725,0.0,0.0,3.659,1.0,1.0,1589.0090099622676,1050.0,1588.920981439936,1050.0,0.0037397072546950156,0.0
11364,1660737601000.0,0.0,0.0,1.6,3.7140178264572725,0.0,0.0,3.644,1.0,1.0,1589.0090099622676,1050.0,1588.8969814399359,1050.0,0.0037397072546950156,0.0
11365,1660741201000.0,0.0,0.0,8.6,3.609166107247865,0.0,0.0,3.566,1.0,1.0,1589.0065003222676,1050.0,1588.635271799936,1050.0,0.01953348115066655,0.0
11366,1660744801000.0,0.0,0.0,20.1,3.5530014190214745,0.0,0.0,3.486,1.0,1.0,1589.0024626722675,1050.0,1587.6557341499358,1050.0,0.04494349769743629,0.0
11367,1660748401000.0,0.0,0.0,20.1,3.5530014190214745,0.0,0.0,3.503,1.0,1.0,1589.0024626722675,1050.0,1587.9974341499358,1050.0,0.04494349769743629,0.0
11368,1660752001000.0,0.0,0.0,20.1,3.5530014190214745,0.0,0.0,3.51,1.0,1.0,1589.0024626722675,1050.0,1588.138134149936,1050.0,0.04494349769743629,0.0
11369,1660755601000.0,0.0,0.0,20.1,3.5530014190214745,0.0,0.0,3.563,1.0,1.0,1589.0024626722675,1050.0,1589.203434149936,1050.0,0.04494349769743629,0.0
11370,1660759201000.0,0.0,0.0,20.1,3.5530014190214745,0.0,0.0,3.554,1.0,1.0,1589.0024626722675,1050.0,1589.0225341499358,1050.0,0.04494349769743629,0.0
11371,1660762801000.0,0.0,0.0,3.6,3.5530014190214745,0.0,0.0,3.554,1.0,1.0,1589.4742290384131,1050.0,1589.4778239299358,1050.0,0.008047192508566422,0.0
11372,1660766401000.0,0.0,0.0,3.6,3.5530014190214745,0.0,0.0,3.536,1.0,1.0,1589.4742290384131,1050.0,1589.413023929936,1050.0,0.008047192508566422,0.0
11373,1660770001000.0,0.0,0.0,3.6,3.5530014190214745,0.0,0.0,3.565,1.0,1.0,1589.4742290384131,1050.0,1589.5174239299358,1050.0,0.008047192508566422,0.0
11374,1660773601000.0,0.0,0.0,8.4,3.501572036723489,0.0,0.0,3.492,1.0,1.0,1589.472566798413,1050.0,1589.3921616899356,1050.0,0.018505009600588897,0.0
11375,1660777201000.0,0.0,0.0,8.4,3.501572036723489,0.0,0.0,3.474,1.0,1.0,1589.472566798413,1050.0,1589.2409616899358,1050.0,0.018505009600588897,0.0
11376,1660780801000.0,0.0,0.0,8.4,3.501572036723489,0.0,0.0,3.5,1.0,1.0,1589.472566798413,1050.0,1589.4593616899358,1050.0,0.018505009600588897,0.0
11377,1660784401000.0,0.0,0.0,1.4,3.501572036723489,0.0,0.0,3.526,1.0,1.0,1589.6340950413476,1050.0,1589.6682941899346,1050.0,0.003083854873712541,0.0
11378,1660788001000.0,0.0,0.0,0.3,3.5262065293995537,0.0,0.0,3.533,1.0,1.0,1589.666256378753,1050.0,1589.668294419933,1050.0,0.000665461668180381,0.0
11379,1660791601000.0,0.0,0.0,0.3,3.5262065293995537,0.0,0.0,3.516,1.0,1.0,1589.666256378753,1050.0,1589.663194419933,1050.0,0.000665461668180381,0.0
11380,1660795201000.0,0.0,0.0,0.3,3.5262065293995537,0.0,0.0,3.532,1.0,1.0,1589.666256378753,1050.0,1589.667994419933,1050.0,0.000665461668180381,0.0
11381,1660798801000.0,0.0,0.0,0.3,3.5351376862663697,0.0,0.0,3.519,1.0,1.0,1589.6685646958128,1050.0,1589.663723389933,1050.0,0.0006671461771547632,0.0
11382,1660802401000.0,0.0,0.0,0.3,3.5351376862663697,0.0,0.0,3.532,1.0,1.0,1589.6685646958128,1050.0,1589.667623389933,1050.0,0.0006671461771547632,0.0
11383,1660806001000.0,0.0,0.0,0.3,3.5351376862663697,0.0,0.0,3.522,1.0,1.0,1589.6685646958128,1050.0,1589.664623389933,1050.0,0.0006671461771547632,0.0
11384,1660809601000.0,0.0,0.0,0.3,3.5351376862663697,0.0,0.0,3.535,1.0,1.0,1589.6685646958128,1050.0,1589.668523389933,1050.0,0.0006671461771547632,0.0
11385,1660813201000.0,0.0,0.0,0.3,3.5351376862663697,0.0,0.0,3.501,1.0,1.0,1589.6685646958128,1050.0,1589.658323389933,1050.0,0.0006671461771547632,0.0
11386,1660816801000.0,0.0,0.0,0.3,3.5351376862663697,0.0,0.0,3.529,1.0,1.0,1589.6685646958128,1050.0,1589.666723389933,1050.0,0.0006671461771547632,0.0
11387,1660820401000.0,0.0,0.0,0.3,3.5351376862663697,0.0,0.0,3.517,1.0,1.0,1589.6685646958128,1050.0,1589.663123389933,1050.0,0.0006671461771547632,0.0
11388,1660824001000.0,0.0,0.0,0.3,3.5351376862663697,0.0,0.0,3.54,1.0,1.0,1589.6685646958128,1050.0,1589.670023389933,1050.0,0.0006671461771547632,0.0
11389,1660827601000.0,0.0,0.0,0.3,3.5533945272294982,0.0,0.0,3.568,1.0,1.0,1589.6731991381016,1050.0,1589.6775807799327,1050.0,0.0006705896273188914,0.0
11390,1660831201000.0,0.0,0.0,0.3,3.5533945272294982,0.0,0.0,3.506,1.0,1.0,1589.6731991381016,1050.0,1589.6589807799328,1050.0,0.0006705896273188914,0.0
11391,1660834801000.0,0.0,0.0,0.3,3.5533945272294982,0.0,0.0,3.513,1.0,1.0,1589.6731991381016,1050.0,1589.6610807799327,1050.0,0.0006705896273188914,0.0
11392,1660838401000.0,0.0,0.0,0.3,3.5533945272294982,0.0,0.0,3.537,1.0,1.0,1589.6731991381016,1050.0,1589.6682807799327,1050.0,0.0006705896273188914,0.0
11393,1660842001000.0,0.0,0.0,0.7,3.504597654526928,0.0,0.0,3.486,1.0,1.0,1589.6730604181016,1050.0,1589.6600420599327,1050.0,0.0015432219487468862,0.0
11394,1660845601000.0,0.0,0.0,0.7,3.504597654526928,0.0,0.0,3.49,1.0,1.0,1589.6730604181016,1050.0,1589.6628420599327,1050.0,0.0015432219487468862,0.0
11395,1660849201000.0,0.0,0.0,0.7,3.504597654526928,0.0,0.0,3.476,1.0,1.0,1589.6730604181016,1050.0,1589.6530420599327,1050.0,0.0015432219487468862,0.0
11396,1660852801000.0,0.0,0.0,0.7,3.504597654526928,0.0,0.0,3.468,1.0,1.0,1589.6730604181016,1050.0,1589.6474420599327,1050.0,0.0015432219487468862,0.0
11397,1660856401000.0,0.0,0.0,0.7,3.504597654526928,0.0,0.0,3.465,1.0,1.0,1589.6730604181016,1050.0,1589.6453420599328,1050.0,0.0015432219487468862,0.0
11398,1660860001000.0,0.0,0.0,0.7,3.504597654526928,0.0,0.0,3.462,1.0,1.0,1589.6730604181016,1050.0,1589.6432420599328,1050.0,0.0015432219487468862,0.0
11399,1660863601000.0,0.0,0.0,1.6,3.457011473855531,0.0,0.0,3.38,1.0,1.0,1589.6727526181016,1050.0,1589.549534259933,1050.0,0.0034794698148151843,0.0
11400,1660867201000.0,0.0,0.0,2.4,3.249667768830893,0.0,0.0,3.244,1.0,1.0,1590.7079816151263,1050.0,1590.6943789699321,1050.0,0.004902975741201234,0.0
11401,1660870801000.0,0.0,0.0,4.9,3.203571900927525,0.0,0.0,3.146,1.0,1.0,1590.713395834477,1050.0,1590.4312935199323,1050.0,0.009868215327570103,0.0
11402,1660874401000.0,0.0,0.0,26.6,3.107312117088153,0.0,0.0,3.047,1.0,1.0,1590.7067001344772,1050.0,1589.1023978199323,1050.0,0.05196086890660442,0.0
11403,1660878001000.0,0.0,0.0,26.6,3.107312117088153,0.0,0.0,3.062,1.0,1.0,1590.7067001344772,1050.0,1589.5013978199322,1050.0,0.05196086890660442,0.0
11404,1660881601000.0,0.0,0.0,26.6,3.107312117088153,0.0,0.0,3.066,1.0,1.0,1590.7067001344772,1050.0,1589.6077978199323,1050.0,0.05196086890660442,0.0
11405,1660885201000.0,0.0,0.0,26.6,3.107312117088153,0.0,0.0,3.085,1.0,1.0,1590.7067001344772,1050.0,1590.1131978199323,1050.0,0.05196086890660442,0.0
11406,1660888801000.0,0.0,0.0,26.6,3.107312117088153,0.0,0.0,3.078,1.0,1.0,1590.7067001344772,1050.0,1589.9269978199322,1050.0,0.05196086890660442,0.0
11407,1660892401000.0,0.0,0.0,161.0,2.9680037410841287,0.0,0.0,2.929,1.0,1.0,1590.667180724477,1050.0,1584.3875784099323,1050.0,0.30040765793439345,0.0
11408,1660896001000.0,0.0,0.0,161.0,2.9680037410841287,0.0,0.0,2.962,1.0,1.0,1590.667180724477,1050.0,1589.7005784099324,1050.0,0.30040765793439345,0.0
11409,1660899601000.0,0.0,0.0,161.0,2.9680037410841287,0.0,0.0,2.95,1.0,1.0,1590.667180724477,1050.0,1587.7685784099324,1050.0,0.30040765793439345,0.0
11410,1660903201000.0,0.0,0.0,140.9,2.9680037410841287,0.0,0.0,2.979,1.0,1.0,1591.0630996486861,1050.0,1592.6124725299323,1050.0,0.2628379271765478,0.0
11411,1660906801000.0,0.0,0.0,140.9,2.9680037410841287,0.0,0.0,2.946,1.0,1.0,1591.0630996486861,1050.0,1587.9627725299324,1050.0,0.2628379271765478,0.0
11412,1660910401000.0,0.0,0.0,123.3,2.9680037410841287,0.0,0.0,2.979,1.0,1.0,1591.4097749256055,1050.0,1592.7656136499324,1050.0,0.22995639906307636,0.0
11413,1660914001000.0,0.0,0.0,42.6,2.9680037410841287,0.0,0.0,2.982,1.0,1.0,1592.9993598601163,1050.0,1593.5956004899324,1050.0,0.0793703767597788,0.0
11414,1660917601000.0,0.0,0.0,25.2,2.9680037410841287,0.0,0.0,2.965,1.0,1.0,1593.3420956452521,1050.0,1593.266401369932,1050.0,0.04694139097921153,0.0
11415,1660921201000.0,0.0,0.0,1.1,2.9680037410841287,0.0,0.0,2.975,1.0,1.0,1593.8727988051246,1050.0,1593.880494689932,1050.0,0.0020483467172788578,0.0
11416,1660924801000.0,0.0,0.0,0.8,2.9680037410841287,0.0,0.0,2.945,1.0,1.0,1593.8819077227995,1050.0,1593.8635047299322,1050.0,0.001489698189911475,0.0
11417,1660928401000.0,0.0,0.0,0.8,2.9680037410841287,0.0,0.0,2.956,1.0,1.0,1593.8819077227995,1050.0,1593.8723047299322,1050.0,0.001489698189911475,0.0
11418,1660932001000.0,0.0,0.0,10.3,2.8432818439676995,0.0,0.0,2.825,1.0,1.0,1593.8792165827992,1050.0,1593.690913589932,1050.0,0.018373916096135985,0.0
11419,1660935601000.0,0.0,0.0,10.3,2.8432818439676995,0.0,0.0,2.856,1.0,1.0,1593.8792165827992,1050.0,1594.010213589932,1050.0,0.018373916096135985,0.0
11420,1660939201000.0,0.0,0.0,0.4,2.8482113829757743,0.0,0.0,2.853,1.0,1.0,1594.116302233122,1050.0,1594.1182176799318,1050.0,0.0007146809499371784,0.0
11421,1660942801000.0,0.0,0.0,0.4,2.8534085372318305,0.0,0.0,2.838,1.0,1.0,1594.1181237348246,1050.0,1594.111960319932,1050.0,0.0007159842159115893,0.0
11422,1660946401000.0,0.0,0.0,2.1,2.7763159118536818,0.0,0.0,2.756,1.0,1.0,1594.1176548448245,1050.0,1594.0749914299317,1050.0,0.0036573607959070405,0.0
11423,1660950001000.0,0.0,0.0,0.4,2.7912739003132714,0.0,0.0,2.796,1.0,1.0,1594.170856150057,1050.0,1594.1727465899316,1050.0,0.0007003700737709466,0.0
11424,1660953601000.0,0.0,0.0,0.4,2.8118054137709954,0.0,0.0,2.798,1.0,1.0,1594.17814326544,1050.0,1594.1726210999316,1050.0,0.0007055184956962023,0.0
11425,1660957201000.0,0.0,0.0,0.4,2.8419653678317998,0.0,0.0,2.813,1.0,1.0,1594.1892659670643,1050.0,1594.1776798199317,1050.0,0.0007130810446419137,0.0
11426,1660960801000.0,0.0,0.0,0.4,2.8419653678317998,0.0,0.0,2.812,1.0,1.0,1594.1892659670643,1050.0,1594.1772798199315,1050.0,0.0007130810446419137,0.0
11427,1660964401000.0,0.0,0.0,0.4,2.8419653678317998,0.0,0.0,2.832,1.0,1.0,1594.1892659670643,1050.0,1594.1852798199316,1050.0,0.0007130810446419137,0.0
11428,1660968001000.0,0.0,0.0,0.4,2.8419653678317998,0.0,0.0,2.828,1.0,1.0,1594.1892659670643,1050.0,1594.1836798199315,1050.0,0.0007130810446419137,0.0
11429,1660971601000.0,0.0,0.0,0.4,2.8469740258738496,0.0,0.0,2.86,1.0,1.0,1594.1911122002812,1050.0,1594.1963225899317,1050.0,0.0007143369459498477,0.0
11430,1660975201000.0,0.0,0.0,0.4,2.8469740258738496,0.0,0.0,2.836,1.0,1.0,1594.1911122002812,1050.0,1594.1867225899316,1050.0,0.0007143369459498477,0.0
11431,1660978801000.0,0.0,0.0,0.4,2.87283563309311,0.0,0.0,2.884,1.0,1.0,1594.2004690931692,1050.0,1594.2049348399319,1050.0,0.0007208216755141889,0.0
11432,1660982401000.0,0.0,0.0,0.4,2.892947993283366,0.0,0.0,2.902,1.0,1.0,1594.207882037245,1050.0,1594.2115028399317,1050.0,0.0007258646819852517,0.0
11433,1660986001000.0,0.0,0.0,0.4,2.892947993283366,0.0,0.0,2.877,1.0,1.0,1594.207882037245,1050.0,1594.2015028399317,1050.0,0.0007258646819852517,0.0
11434,1660989601000.0,0.0,0.0,0.4,2.892947993283366,0.0,0.0,2.898,1.0,1.0,1594.207882037245,1050.0,1594.2099028399318,1050.0,0.0007258646819852517,0.0
11435,1660993201000.0,0.0,0.0,0.4,2.892947993283366,0.0,0.0,2.891,1.0,1.0,1594.207882037245,1050.0,1594.2071028399318,1050.0,0.0007258646819852517,0.0
11436,1660996801000.0,0.0,0.0,0.4,2.892947993283366,0.0,0.0,2.887,1.0,1.0,1594.207882037245,1050.0,1594.2055028399318,1050.0,0.0007258646819852517,0.0
11437,1661000401000.0,0.0,0.0,0.4,2.892947993283366,0.0,0.0,2.881,1.0,1.0,1594.207882037245,1050.0,1594.2031028399317,1050.0,0.0007258646819852517,0.0
11438,1661004001000.0,0.0,0.0,0.4,2.892947993283366,0.0,0.0,2.897,1.0,1.0,1594.207882037245,1050.0,1594.2095028399317,1050.0,0.0007258646819852517,0.0
11439,1661007601000.0,0.0,0.0,0.4,2.892947993283366,0.0,0.0,2.876,1.0,1.0,1594.207882037245,1050.0,1594.2011028399318,1050.0,0.0007258646819852517,0.0
11440,1661011201000.0,0.0,0.0,0.4,2.892947993283366,0.0,0.0,2.872,1.0,1.0,1594.207882037245,1050.0,1594.1995028399317,1050.0,0.0007258646819852517,0.0
11441,1661014801000.0,0.0,0.0,0.4,2.892947993283366,0.0,0.0,2.833,1.0,1.0,1594.207882037245,1050.0,1594.1839028399318,1050.0,0.0007258646819852517,0.0
11442,1661018401000.0,0.0,0.0,0.9,2.8540879970148296,0.0,0.0,2.837,1.0,1.0,1594.207740887245,1050.0,1594.1923616899317,1050.0,0.001611257511448142,0.0
11443,1661022001000.0,0.0,0.0,4.9,2.774832489247622,0.0,0.0,2.733,1.0,1.0,1594.2066380872452,1050.0,1594.0016588899318,1050.0,0.008528806035851703,0.0
11444,1661025601000.0,0.0,0.0,26.6,2.691905232981705,0.0,0.0,2.653,1.0,1.0,1594.2008372872451,1050.0,1593.1659580899318,1050.0,0.0449157204804626,0.0
11445,1661029201000.0,0.0,0.0,4.9,2.691905232981705,0.0,0.0,2.646,1.0,1.0,1594.5876130315419,1050.0,1594.3626773899316,1050.0,0.008271941619146043,0.0
11446,1661032801000.0,0.0,0.0,2.0,2.691905232981705,0.0,0.0,2.724,1.0,1.0,1594.6602998558947,1050.0,1594.7244893899313,1050.0,0.003376148805140462,0.0
11447,1661036401000.0,0.0,0.0,0.4,2.749537398958189,0.0,0.0,2.74,1.0,1.0,1594.7439814995146,1050.0,1594.7401665399314,1050.0,0.0006896498574957064,0.0
11448,1661040001000.0,0.0,0.0,0.4,2.764226715185485,0.0,0.0,2.742,1.0,1.0,1594.7493908160054,1050.0,1594.7405001299312,1050.0,0.0006933319381977825,0.0
11449,1661043601000.0,0.0,0.0,0.4,2.779611270468876,0.0,0.0,2.753,1.0,1.0,1594.7547772981188,1050.0,1594.7441327899312,1050.0,0.0006971883853336188,0.0
11450,1661047201000.0,0.0,0.0,0.4,2.7852084528516565,0.0,0.0,2.797,1.0,1.0,1594.7565601710721,1050.0,1594.7612767899316,1050.0,0.0006985915022799173,0.0
11451,1661050801000.0,0.0,0.0,0.4,2.7852084528516565,0.0,0.0,2.784,1.0,1.0,1594.7565601710721,1050.0,1594.7560767899315,1050.0,0.0006985915022799173,0.0
11452,1661054401000.0,0.0,0.0,0.4,2.7852084528516565,0.0,0.0,2.77,1.0,1.0,1594.7565601710721,1050.0,1594.7504767899316,1050.0,0.0006985915022799173,0.0
11453,1661058001000.0,0.0,0.0,0.4,2.7852084528516565,0.0,0.0,2.769,1.0,1.0,1594.7565601710721,1050.0,1594.7500767899314,1050.0,0.0006985915022799173,0.0
11454,1661061601000.0,0.0,0.0,0.4,2.7852084528516565,0.0,0.0,2.792,1.0,1.0,1594.7565601710721,1050.0,1594.7592767899314,1050.0,0.0006985915022799173,0.0
11455,1661065201000.0,0.0,0.0,0.4,2.7852084528516565,0.0,0.0,2.768,1.0,1.0,1594.7565601710721,1050.0,1594.7496767899315,1050.0,0.0006985915022799173,0.0
11456,1661068801000.0,0.0,0.0,0.4,2.8252265849096854,0.0,0.0,2.842,1.0,1.0,1594.7686848238955,1050.0,1594.7753941899316,1050.0,0.0007086235419080015,0.0
11457,1661072401000.0,0.0,0.0,0.4,2.868392119205592,0.0,0.0,2.834,1.0,1.0,1594.7830502676136,1050.0,1594.7692934199313,1050.0,0.0007194438437815752,0.0
11458,1661076001000.0,0.0,0.0,0.4,2.868392119205592,0.0,0.0,2.849,1.0,1.0,1594.7830502676136,1050.0,1594.7752934199314,1050.0,0.0007194438437815752,0.0
11459,1661079601000.0,0.0,0.0,0.4,2.868392119205592,0.0,0.0,2.841,1.0,1.0,1594.7830502676136,1050.0,1594.7720934199313,1050.0,0.0007194438437815752,0.0
11460,1661083201000.0,0.0,0.0,0.4,2.868392119205592,0.0,0.0,2.883,1.0,1.0,1594.7830502676136,1050.0,1594.7888934199314,1050.0,0.0007194438437815752,0.0
11461,1661086801000.0,0.0,0.0,0.4,2.879283067053145,0.0,0.0,2.847,1.0,1.0,1594.7867909767526,1050.0,1594.7738777499314,1050.0,0.0007221737935990006,0.0
11462,1661090401000.0,0.0,0.0,0.4,2.879283067053145,0.0,0.0,2.827,1.0,1.0,1594.7867909767526,1050.0,1594.7658777499314,1050.0,0.0007221737935990006,0.0
11463,1661094001000.0,0.0,0.0,0.9,2.840792474245842,0.0,0.0,2.819,1.0,1.0,1594.7866504767526,1050.0,1594.7670372499313,1050.0,0.0016031694434217535,0.0
11464,1661097601000.0,0.0,0.0,0.9,2.840792474245842,0.0,0.0,2.814,1.0,1.0,1594.7866504767526,1050.0,1594.7625372499313,1050.0,0.0016031694434217535,0.0
11465,1661101201000.0,0.0,0.0,0.4,2.8508832667632857,0.0,0.0,2.865,1.0,1.0,1594.7998330366368,1050.0,1594.8054797299314,1050.0,0.0007150447868645579,0.0
11466,1661104801000.0,0.0,0.0,0.4,2.8684507531657606,0.0,0.0,2.849,1.0,1.0,1594.8053873211977,1050.0,1594.7976070199313,1050.0,0.0007194484733924585,0.0
11467,1661108401000.0,0.0,0.0,0.4,2.8684507531657606,0.0,0.0,2.857,1.0,1.0,1594.8053873211977,1050.0,1594.8008070199314,1050.0,0.0007194484733924585,0.0
11468,1661112001000.0,0.0,0.0,0.4,2.8684507531657606,0.0,0.0,2.856,1.0,1.0,1594.8053873211977,1050.0,1594.8004070199313,1050.0,0.0007194484733924585,0.0
11469,1661115601000.0,0.0,0.0,0.4,2.87358806487432,0.0,0.0,2.864,1.0,1.0,1594.807284475881,1050.0,1594.8034492499314,1050.0,0.0007207361272666117,0.0
11470,1661119201000.0,0.0,0.0,0.4,2.954321711325193,0.0,0.0,2.968,1.0,1.0,1594.8352560644607,1050.0,1594.8407273799307,1050.0,0.0007409722603237421,0.0
11471,1661122801000.0,0.0,0.0,0.4,2.985598029188492,0.0,0.0,2.997,1.0,1.0,1594.846708081606,1050.0,1594.8512688699307,1050.0,0.000748811284259358,0.0
11472,1661126401000.0,0.0,0.0,0.4,3.0912916311685237,0.0,0.0,3.107,1.0,1.0,1594.8841243123986,1050.0,1594.8904076599313,1050.0,0.000775301875301134,0.0
11473,1661130001000.0,0.0,0.0,0.9,3.0500185027415663,0.0,0.0,3.007,1.0,1.0,1594.8839734623987,1050.0,1594.8452568099312,1050.0,0.001721138777580253,0.0
11474,1661133601000.0,0.0,0.0,0.9,3.0500185027415663,0.0,0.0,2.988,1.0,1.0,1594.8839734623987,1050.0,1594.8281568099312,1050.0,0.001721138777580253,0.0
11475,1661137201000.0,0.0,0.0,2.1,3.007722215460671,0.0,0.0,3.016,1.0,1.0,1594.8836163423987,1050.0,1594.9009996899313,1050.0,0.0039602994147952975,0.0
11476,1661140801000.0,0.0,0.0,2.1,3.007722215460671,0.0,0.0,2.972,1.0,1.0,1594.8836163423987,1050.0,1594.8085996899313,1050.0,0.0039602994147952975,0.0
11477,1661144401000.0,0.0,0.0,2.1,3.007722215460671,0.0,0.0,3.003,1.0,1.0,1594.8836163423987,1050.0,1594.8736996899313,1050.0,0.0039602994147952975,0.0
11478,1661148001000.0,0.0,0.0,2.1,3.007722215460671,0.0,0.0,3.003,1.0,1.0,1594.8836163423987,1050.0,1594.8736996899313,1050.0,0.0039602994147952975,0.0
11479,1661151601000.0,0.0,0.0,4.9,2.9655952351974304,0.0,0.0,2.929,1.0,1.0,1594.8827948223986,1050.0,1594.7034781699313,1050.0,0.009111275574381994,0.0
11480,1661155201000.0,0.0,0.0,11.4,2.922492688812931,0.0,0.0,2.856,1.0,1.0,1594.8809163223987,1050.0,1594.1228996699313,1050.0,0.020889595148765722,0.0
11481,1661158801000.0,0.0,0.0,62.0,2.8242551072978617,0.0,0.0,2.815,1.0,1.0,1594.8667375823986,1050.0,1594.2929209299311,1050.0,0.10979213029290524,0.0
11482,1661162401000.0,0.0,0.0,62.0,2.8242551072978617,0.0,0.0,2.814,1.0,1.0,1594.8667375823986,1050.0,1594.2309209299312,1050.0,0.10979213029290524,0.0
11483,1661166001000.0,0.0,0.0,3.1,2.8242551072978617,0.0,0.0,2.866,1.0,1.0,1597.077654122554,1050.0,1597.2070632899306,1050.0,0.005482006970683926,0.0
11484,1661169601000.0,0.0,0.0,0.4,2.9027708275217314,0.0,0.0,2.899,1.0,1.0,1597.2498454609395,1050.0,1597.2483371299309,1050.0,0.0007269422090152817,0.0
11485,1661173201000.0,0.0,0.0,0.4,2.91852831786073,0.0,0.0,2.899,1.0,1.0,1597.255472767075,1050.0,1597.2476614399307,1050.0,0.0007308857894359731,0.0
11486,1661176801000.0,0.0,0.0,0.4,2.91852831786073,0.0,0.0,2.921,1.0,1.0,1597.255472767075,1050.0,1597.2564614399307,1050.0,0.0007308857894359731,0.0
11487,1661180401000.0,0.0,0.0,0.4,2.939780444323121,0.0,0.0,2.892,1.0,1.0,1597.2630378476604,1050.0,1597.243925669931,1050.0,0.0007362044634262685,0.0
11488,1661184001000.0,0.0,0.0,0.4,2.9614852187116116,0.0,0.0,2.976,1.0,1.0,1597.2706822574157,1050.0,1597.276488169931,1050.0,0.0007416364055530419,0.0
11489,1661187601000.0,0.0,0.0,0.4,2.9668639140337087,0.0,0.0,2.931,1.0,1.0,1597.2725740955448,1050.0,1597.2582285299313,1050.0,0.0007429824970766045,0.0
11490,1661191201000.0,0.0,0.0,0.4,2.9668639140337087,0.0,0.0,2.912,1.0,1.0,1597.2725740955448,1050.0,1597.2506285299312,1050.0,0.0007429824970766045,0.0
11491,1661194801000.0,0.0,0.0,0.9,2.9269395173483153,0.0,0.0,2.882,1.0,1.0,1597.2724293455449,1050.0,1597.2319837799314,1050.0,0.0016492149474418845,0.0
11492,1661198401000.0,0.0,0.0,2.1,2.886402650292135,0.0,0.0,2.863,1.0,1.0,1597.272086625545,1050.0,1597.2229410599314,1050.0,0.0037948735324230915,0.0
11493,1661202001000.0,0.0,0.0,0.4,2.9215531084138093,0.0,0.0,2.911,1.0,1.0,1597.3268163432965,1050.0,1597.322595099931,1050.0,0.0007316106080537776,0.0
11494,1661205601000.0,0.0,0.0,0.4,2.9215531084138093,0.0,0.0,2.897,1.0,1.0,1597.3268163432965,1050.0,1597.316995099931,1050.0,0.0007316106080537776,0.0
11495,1661209201000.0,0.0,0.0,0.4,2.9480941458442915,0.0,0.0,2.94,1.0,1.0,1597.3364374882688,1050.0,1597.3331998299311,1050.0,0.0007382525250547772,0.0
11496,1661212801000.0,0.0,0.0,0.4,2.9859434141211825,0.0,0.0,2.999,1.0,1.0,1597.3499592555795,1050.0,1597.3551818899311,1050.0,0.000747724290928141,0.0
11497,1661216401000.0,0.0,0.0,0.4,2.9975931704431646,0.0,0.0,2.997,1.0,1.0,1597.3537987281084,1050.0,1597.3535614599311,1050.0,0.0007506397575364946,0.0
11498,1661220001000.0,0.0,0.0,0.4,3.0083961583742793,0.0,0.0,3.013,1.0,1.0,1597.3576990732809,1050.0,1597.3595406099312,1050.0,0.0007533431391402497,0.0
11499,1661223601000.0,0.0,0.0,0.4,3.0247608793141483,0.0,0.0,3.037,1.0,1.0,1597.363662861657,1050.0,1597.3685585099315,1050.0,0.0007574382589611002,0.0
11500,1661227201000.0,0.0,0.0,0.4,3.0247608793141483,0.0,0.0,3.028,1.0,1.0,1597.363662861657,1050.0,1597.3649585099315,1050.0,0.0007574382589611002,0.0
11501,1661230801000.0,0.0,0.0,0.4,3.0247608793141483,0.0,0.0,3.019,1.0,1.0,1597.363662861657,1050.0,1597.3613585099315,1050.0,0.0007574382589611002,0.0
11502,1661234401000.0,0.0,0.0,1.4,2.943002072250314,0.0,0.0,2.91,1.0,1.0,1597.369090731082,1050.0,1597.3228878299315,1050.0,0.002579368115395741,0.0
11503,1661238001000.0,0.0,0.0,1.4,2.943002072250314,0.0,0.0,2.933,1.0,1.0,1597.369090731082,1050.0,1597.3550878299316,1050.0,0.002579368115395741,0.0
11504,1661241601000.0,0.0,0.0,0.4,2.9775756870672123,0.0,0.0,2.996,1.0,1.0,1597.4111222447584,1050.0,1597.4184919699314,1050.0,0.0007456003393498303,0.0
11505,1661245201000.0,0.0,0.0,0.4,3.0555242737814057,0.0,0.0,3.041,1.0,1.0,1597.4382127894442,1050.0,1597.4324030799316,1050.0,0.0007651060928224207,0.0
11506,1661248801000.0,0.0,0.0,0.4,3.0555242737814057,0.0,0.0,3.04,1.0,1.0,1597.4382127894442,1050.0,1597.4320030799315,1050.0,0.0007651060928224207,0.0
11507,1661252401000.0,0.0,0.0,0.4,3.1252800317398814,0.0,0.0,3.125,1.0,1.0,1597.4619315426276,1050.0,1597.4618195299315,1050.0,0.0007825613794056124,0.0
11508,1661256001000.0,0.0,0.0,0.4,3.1252800317398814,0.0,0.0,3.122,1.0,1.0,1597.4619315426276,1050.0,1597.4606195299316,1050.0,0.0007825613794056124,0.0
11509,1661259601000.0,0.0,0.0,0.4,3.1252800317398814,0.0,0.0,3.092,1.0,1.0,1597.4619315426276,1050.0,1597.4486195299316,1050.0,0.0007825613794056124,0.0
11510,1661263201000.0,0.0,0.0,0.4,3.1252800317398814,0.0,0.0,3.13,1.0,1.0,1597.4619315426276,1050.0,1597.4638195299317,1050.0,0.0007825613794056124,0.0
11511,1661266801000.0,0.0,0.0,0.9,3.172447406947838,0.0,0.0,3.127,1.0,1.0,1597.4945446661839,1050.0,1597.4536419999308,1050.0,0.001787300417260382,0.0
11512,1661270401000.0,0.0,0.0,0.9,3.172447406947838,0.0,0.0,3.103,1.0,1.0,1597.4945446661839,1050.0,1597.4320419999308,1050.0,0.001787300417260382,0.0
11513,1661274001000.0,0.0,0.0,2.1,3.128191745834788,0.0,0.0,3.082,1.0,1.0,1597.494173266184,1050.0,1597.3971705999309,1050.0,0.004112191941722004,0.0
11514,1661277601000.0,0.0,0.0,4.9,3.0840821767863376,0.0,0.0,3.049,1.0,1.0,1597.4933189861838,1050.0,1597.3214163199307,1050.0,0.009459822139252248,0.0
11515,1661281201000.0,0.0,0.0,4.9,3.0840821767863376,0.0,0.0,3.069,1.0,1.0,1597.4933189861838,1050.0,1597.4194163199306,1050.0,0.009459822139252248,0.0
11516,1661284801000.0,0.0,0.0,4.9,3.0840821767863376,0.0,0.0,3.043,1.0,1.0,1597.4933189861838,1050.0,1597.2920163199308,1050.0,0.009459822139252248,0.0
11517,1661288401000.0,0.0,0.0,4.9,3.0840821767863376,0.0,0.0,3.039,1.0,1.0,1597.4933189861838,1050.0,1597.2724163199307,1050.0,0.009459822139252248,0.0
11518,1661292001000.0,0.0,0.0,4.9,3.0840821767863376,0.0,0.0,3.044,1.0,1.0,1597.4933189861838,1050.0,1597.2969163199307,1050.0,0.009459822139252248,0.0
11519,1661295601000.0,0.0,0.0,4.9,3.0840821767863376,0.0,0.0,3.043,1.0,1.0,1597.4933189861838,1050.0,1597.2920163199308,1050.0,0.009459822139252248,0.0
11520,1661299201000.0,0.0,0.0,4.9,3.0840821767863376,0.0,0.0,3.049,1.0,1.0,1597.4933189861838,1050.0,1597.3214163199307,1050.0,0.009459822139252248,0.0
11521,1661302801000.0,0.0,0.0,11.4,3.0389914619520226,0.0,0.0,3.002,1.0,1.0,1597.4913657361838,1050.0,1597.0696630699306,1050.0,0.02168681684879566,0.0
11522,1661306401000.0,0.0,0.0,11.4,3.0389914619520226,0.0,0.0,2.973,1.0,1.0,1597.4913657361838,1050.0,1596.7390630699306,1050.0,0.02168681684879566,0.0
11523,1661310001000.0,0.0,0.0,11.4,3.0389914619520226,0.0,0.0,2.987,1.0,1.0,1597.4913657361838,1050.0,1596.8986630699308,1050.0,0.02168681684879566,0.0
11524,1661313601000.0,0.0,0.0,11.4,3.0389914619520226,0.0,0.0,2.983,1.0,1.0,1597.4913657361838,1050.0,1596.8530630699306,1050.0,0.02168681684879566,0.0
11525,1661317201000.0,0.0,0.0,11.4,3.0389914619520226,0.0,0.0,2.994,1.0,1.0,1597.4913657361838,1050.0,1596.9784630699307,1050.0,0.02168681684879566,0.0
11526,1661320801000.0,0.0,0.0,11.4,3.0389914619520226,0.0,0.0,3.02,1.0,1.0,1597.4913657361838,1050.0,1597.2748630699307,1050.0,0.02168681684879566,0.0
11527,1661324401000.0,0.0,0.0,11.4,3.0389914619520226,0.0,0.0,3.028,1.0,1.0,1597.4913657361838,1050.0,1597.3660630699308,1050.0,0.02168681684879566,0.0
11528,1661328001000.0,0.0,0.0,11.4,3.0389914619520226,0.0,0.0,3.0,1.0,1.0,1597.4913657361838,1050.0,1597.0468630699306,1050.0,0.02168681684879566,0.0
11529,1661331601000.0,0.0,0.0,11.4,3.0389914619520226,0.0,0.0,3.013,1.0,1.0,1597.4913657361838,1050.0,1597.1950630699307,1050.0,0.02168681684879566,0.0
11530,1661335201000.0,0.0,0.0,11.4,3.0389914619520226,0.0,0.0,3.031,1.0,1.0,1597.4913657361838,1050.0,1597.4002630699306,1050.0,0.02168681684879566,0.0
11531,1661338801000.0,0.0,0.0,11.4,3.0389914619520226,0.0,0.0,3.021,1.0,1.0,1597.4913657361838,1050.0,1597.2862630699308,1050.0,0.02168681684879566,0.0
11532,1661342401000.0,0.0,0.0,5.3,3.0389914619520226,0.0,0.0,3.048,1.0,1.0,1597.6115518282766,1050.0,1597.6592970799309,1050.0,0.010081708992347713,0.0
11533,1661346001000.0,0.0,0.0,0.4,3.0442435964640167,0.0,0.0,3.058,1.0,1.0,1597.7100344185146,1050.0,1597.715536979929,1050.0,0.0007621517123592372,0.0
11534,1661349601000.0,0.0,0.0,0.4,3.061321517258256,0.0,0.0,3.048,1.0,1.0,1597.7159812968318,1050.0,1597.7106526899286,1050.0,0.0007664244591891601,0.0
11535,1661353201000.0,0.0,0.0,0.4,3.061321517258256,0.0,0.0,3.052,1.0,1.0,1597.7159812968318,1050.0,1597.7122526899286,1050.0,0.0007664244591891601,0.0
11536,1661356801000.0,0.0,0.0,0.4,3.104595786909997,0.0,0.0,3.115,1.0,1.0,1597.729718724693,1050.0,1597.733880409929,1050.0,0.0007772518093706322,0.0
11537,1661360401000.0,0.0,0.0,0.4,3.12638382320199,0.0,0.0,3.096,1.0,1.0,1597.7377832192096,1050.0,1597.7256296899288,1050.0,0.0007827026076588815,0.0
11538,1661364001000.0,0.0,0.0,0.4,3.12638382320199,0.0,0.0,3.09,1.0,1.0,1597.7377832192096,1050.0,1597.7232296899288,1050.0,0.0007827026076588815,0.0
11539,1661367601000.0,0.0,0.0,0.4,3.12638382320199,0.0,0.0,3.086,1.0,1.0,1597.7377832192096,1050.0,1597.721629689929,1050.0,0.0007827026076588815,0.0
11540,1661371201000.0,0.0,0.0,0.4,3.12638382320199,0.0,0.0,3.115,1.0,1.0,1597.7377832192096,1050.0,1597.7332296899287,1050.0,0.0007827026076588815,0.0
11541,1661374801000.0,0.0,0.0,0.4,3.12638382320199,0.0,0.0,3.121,1.0,1.0,1597.7377832192096,1050.0,1597.7356296899288,1050.0,0.0007827026076588815,0.0
11542,1661378401000.0,0.0,0.0,0.4,3.12638382320199,0.0,0.0,3.088,1.0,1.0,1597.7377832192096,1050.0,1597.7224296899287,1050.0,0.0007827026076588815,0.0
11543,1661382001000.0,0.0,0.0,0.4,3.12638382320199,0.0,0.0,3.058,1.0,1.0,1597.7377832192096,1050.0,1597.7104296899288,1050.0,0.0007827026076588815,0.0
11544,1661385601000.0,0.0,0.0,0.9,3.0845039214231065,0.0,0.0,3.03,1.0,1.0,1597.7376306692097,1050.0,1597.6885771399288,1050.0,0.0017374902336862721,0.0
11545,1661389201000.0,0.0,0.0,0.9,3.0845039214231065,0.0,0.0,3.063,1.0,1.0,1597.7376306692097,1050.0,1597.718277139929,1050.0,0.0017374902336862721,0.0
11546,1661392801000.0,0.0,0.0,0.9,3.0845039214231065,0.0,0.0,3.067,1.0,1.0,1597.7376306692097,1050.0,1597.721877139929,1050.0,0.0017374902336862721,0.0
11547,1661396401000.0,0.0,0.0,0.9,3.0845039214231065,0.0,0.0,3.06,1.0,1.0,1597.7376306692097,1050.0,1597.7155771399289,1050.0,0.0017374902336862721,0.0
11548,1661400001000.0,0.0,0.0,0.9,3.0845039214231065,0.0,0.0,3.026,1.0,1.0,1597.7376306692097,1050.0,1597.6849771399288,1050.0,0.0017374902336862721,0.0
11549,1661403601000.0,0.0,0.0,0.9,3.0845039214231065,0.0,0.0,3.055,1.0,1.0,1597.7376306692097,1050.0,1597.7110771399289,1050.0,0.0017374902336862721,0.0
11550,1661407201000.0,0.0,0.0,0.9,3.0845039214231065,0.0,0.0,3.06,1.0,1.0,1597.7376306692097,1050.0,1597.7155771399289,1050.0,0.0017374902336862721,0.0
11551,1661410801000.0,0.0,0.0,0.7,3.0845039214231065,0.0,0.0,3.098,1.0,1.0,1597.7416677849253,1050.0,1597.7511150399291,1050.0,0.0013513778782458475,0.0
11552,1661414401000.0,0.0,0.0,0.7,3.0845039214231065,0.0,0.0,3.087,1.0,1.0,1597.7416677849253,1050.0,1597.7434150399292,1050.0,0.0013513778782458475,0.0
11553,1661418001000.0,0.0,0.0,0.7,3.0845039214231065,0.0,0.0,3.061,1.0,1.0,1597.7416677849253,1050.0,1597.725215039929,1050.0,0.0013513778782458475,0.0
11554,1661421601000.0,0.0,0.0,0.7,3.0845039214231065,0.0,0.0,3.039,1.0,1.0,1597.7416677849253,1050.0,1597.709815039929,1050.0,0.0013513778782458475,0.0
11555,1661425201000.0,0.0,0.0,1.6,3.0425954656226084,0.0,0.0,2.986,1.0,1.0,1597.7413968849253,1050.0,1597.6508441399292,1050.0,0.0030468965468926847,0.0
11556,1661428801000.0,0.0,0.0,1.6,3.0425954656226084,0.0,0.0,2.997,1.0,1.0,1597.7413968849253,1050.0,1597.668444139929,1050.0,0.0030468965468926847,0.0
11557,1661432401000.0,0.0,0.0,3.7,3.0002574986476143,0.0,0.0,2.978,1.0,1.0,1597.7407736049254,1050.0,1597.6584208599293,1050.0,0.006947906023546917,0.0
11558,1661436001000.0,0.0,0.0,3.7,3.0002574986476143,0.0,0.0,2.983,1.0,1.0,1597.7407736049254,1050.0,1597.6769208599292,1050.0,0.006947906023546917,0.0
11559,1661439601000.0,0.0,0.0,3.7,3.0002574986476143,0.0,0.0,2.978,1.0,1.0,1597.7407736049254,1050.0,1597.6584208599293,1050.0,0.006947906023546917,0.0
11560,1661443201000.0,0.0,0.0,8.6,2.957378226162346,0.0,0.0,2.934,1.0,1.0,1597.7393403549254,1050.0,1597.5382876099293,1050.0,0.01591839926739635,0.0
11561,1661446801000.0,0.0,0.0,8.6,2.957378226162346,0.0,0.0,2.932,1.0,1.0,1597.7393403549254,1050.0,1597.5210876099293,1050.0,0.01591839926739635,0.0
11562,1661450401000.0,0.0,0.0,8.6,2.957378226162346,0.0,0.0,2.957,1.0,1.0,1597.7393403549254,1050.0,1597.7360876099292,1050.0,0.01591839926739635,0.0
11563,1661454001000.0,0.0,0.0,8.6,2.957378226162346,0.0,0.0,2.957,1.0,1.0,1597.7393403549254,1050.0,1597.7360876099292,1050.0,0.01591839926739635,0.0
11564,1661457601000.0,0.0,0.0,8.6,2.957378226162346,0.0,0.0,2.971,1.0,1.0,1597.7393403549254,1050.0,1597.8564876099292,1050.0,0.01591839926739635,0.0
11565,1661461201000.0,0.0,0.0,4.6,2.957378226162346,0.0,0.0,2.977,1.0,1.0,1597.8166366502762,1050.0,1597.9068968099293,1050.0,0.008514080732609348,0.0
11566,1661464801000.0,0.0,0.0,0.7,2.957378226162346,0.0,0.0,2.981,1.0,1.0,1597.9063990982434,1050.0,1597.9229343399297,1050.0,0.0012955481994952342,0.0
11567,1661468401000.0,0.0,0.0,0.4,2.992635431365319,0.0,0.0,2.985,1.0,1.0,1597.9237398824753,1050.0,1597.920685709929,1050.0,0.0007491309770728915,0.0
11568,1661472001000.0,0.0,0.0,0.4,3.0034199301429916,0.0,0.0,3.014,1.0,1.0,1597.9276330319865,1050.0,1597.9318650599294,1050.0,0.0007518287732327791,0.0
11569,1661475601000.0,0.0,0.0,0.4,3.0034199301429916,0.0,0.0,2.975,1.0,1.0,1597.9276330319865,1050.0,1597.9162650599294,1050.0,0.0007518287732327791,0.0
11570,1661479201000.0,0.0,0.0,0.4,3.0034199301429916,0.0,0.0,3.013,1.0,1.0,1597.9276330319865,1050.0,1597.9314650599292,1050.0,0.0007518287732327791,0.0
11571,1661482801000.0,0.0,0.0,0.4,3.0194740330290735,0.0,0.0,3.024,1.0,1.0,1597.933472893141,1050.0,1597.9352832799293,1050.0,0.0007558447417869432,0.0
11572,1661486401000.0,0.0,0.0,0.4,3.0248555247718047,0.0,0.0,3.017,1.0,1.0,1597.935464679838,1050.0,1597.9323224699294,1050.0,0.0007571909108051155,0.0
11573,1661490001000.0,0.0,0.0,0.4,3.0248555247718047,0.0,0.0,3.009,1.0,1.0,1597.935464679838,1050.0,1597.9291224699293,1050.0,0.0007571909108051155,0.0
11574,1661493601000.0,0.0,0.0,0.9,2.9843802332319136,0.0,0.0,2.946,1.0,1.0,1597.9353170798381,1050.0,1597.9007748699294,1050.0,0.0016808829376255183,0.0
11575,1661497201000.0,0.0,0.0,0.4,3.031016306970387,0.0,0.0,3.045,1.0,1.0,1597.960307122717,1050.0,1597.9659005999288,1050.0,0.0007587213007632278,0.0
11576,1661500801000.0,0.0,0.0,0.4,3.031016306970387,0.0,0.0,3.012,1.0,1.0,1597.960307122717,1050.0,1597.952700599929,1050.0,0.0007587213007632278,0.0
11577,1661504401000.0,0.0,0.0,0.4,3.13065666384759,0.0,0.0,3.122,1.0,1.0,1597.9937712654687,1050.0,1597.9903085999297,1050.0,0.0007836467751356475,0.0
11578,1661508001000.0,0.0,0.0,0.4,3.2283532200405656,0.0,0.0,3.193,1.0,1.0,1598.030089747946,1050.0,1598.0159484599299,1050.0,0.0008080832121377056,0.0
11579,1661511601000.0,0.0,0.0,0.4,3.2283532200405656,0.0,0.0,3.163,1.0,1.0,1598.030089747946,1050.0,1598.0039484599297,1050.0,0.0008080832121377056,0.0
11580,1661515201000.0,0.0,0.0,0.4,3.207222478757605,0.0,0.0,3.195,1.0,1.0,1598.0502260614319,1050.0,1598.0453370699288,1050.0,0.0008027838991424325,0.0
11581,1661518801000.0,0.0,0.0,0.4,3.2320938311693976,0.0,0.0,3.219,1.0,1.0,1598.0586153923966,1050.0,1598.0533778599288,1050.0,0.000809005076544272,0.0
11582,1661522401000.0,0.0,0.0,0.4,3.2592361231362075,0.0,0.0,3.25,1.0,1.0,1598.0691459291838,1050.0,1598.0654514799294,1050.0,0.0008157935171800473,0.0
11583,1661526001000.0,0.0,0.0,0.9,3.2157716102827587,0.0,0.0,3.161,1.0,1.0,1598.0689868791837,1050.0,1598.0196924299294,1050.0,0.0018110572653727921,0.0
11584,1661529601000.0,0.0,0.0,2.1,3.1713306901211817,0.0,0.0,3.135,1.0,1.0,1598.0686103191838,1050.0,1597.9923158699294,1050.0,0.004167402079141218,0.0
11585,1661533201000.0,0.0,0.0,11.4,3.0812012674784635,0.0,0.0,3.008,1.0,1.0,1598.0657637291838,1050.0,1597.2312692799294,1050.0,0.0219801307596294,0.0
11586,1661536801000.0,0.0,0.0,165.7,2.8968297794161413,0.0,0.0,2.846,1.0,1.0,1598.0212758291837,1050.0,1589.598781379929,1050.0,0.3003744078439688,0.0
11587,1661540401000.0,0.0,0.0,165.7,2.8968297794161413,0.0,0.0,2.801,1.0,1.0,1598.0212758291837,1050.0,1582.142281379929,1050.0,0.3003744078439688,0.0
11588,1661544001000.0,0.0,0.0,165.7,2.8968297794161413,0.0,0.0,2.823,1.0,1.0,1598.0212758291837,1050.0,1585.787681379929,1050.0,0.3003744078439688,0.0
11589,1661547601000.0,0.0,0.0,165.7,2.8968297794161413,0.0,0.0,2.768,1.0,1.0,1598.0212758291837,1050.0,1576.674181379929,1050.0,0.3003744078439688,0.0
11590,1661551201000.0,0.0,0.0,165.7,2.8968297794161413,0.0,0.0,2.759,1.0,1.0,1598.0212758291837,1050.0,1575.182881379929,1050.0,0.3003744078439688,0.0
11591,1661554801000.0,0.0,0.0,165.7,2.8968297794161413,0.0,0.0,2.76,1.0,1.0,1598.0212758291837,1050.0,1575.348581379929,1050.0,0.3003744078439688,0.0
11592,1661558401000.0,0.0,0.0,165.7,2.8968297794161413,0.0,0.0,2.717,1.0,1.0,1598.0212758291837,1050.0,1568.2234813799291,1050.0,0.3003744078439688,0.0
11593,1661562001000.0,0.0,0.0,165.7,2.8968297794161413,0.0,0.0,2.702,1.0,1.0,1598.0212758291837,1050.0,1565.7379813799291,1050.0,0.3003744078439688,0.0
11594,1661565601000.0,0.0,0.0,165.7,2.8968297794161413,0.0,0.0,2.716,1.0,1.0,1598.0212758291837,1050.0,1568.057781379929,1050.0,0.3003744078439688,0.0
11595,1661569201000.0,0.0,0.0,165.7,2.8968297794161413,0.0,0.0,2.685,1.0,1.0,1598.0212758291837,1050.0,1562.921081379929,1050.0,0.3003744078439688,0.0
11596,1661572801000.0,0.0,0.0,165.7,2.8968297794161413,0.0,0.0,2.684,1.0,1.0,1598.0212758291837,1050.0,1562.755381379929,1050.0,0.3003744078439688,0.0
11597,1661576401000.0,0.0,0.0,165.7,2.8968297794161413,0.0,0.0,2.643,1.0,1.0,1598.0212758291837,1050.0,1555.961681379929,1050.0,0.3003744078439688,0.0
11598,1661580001000.0,0.0,0.0,165.7,2.8968297794161413,0.0,0.0,2.672,1.0,1.0,1598.0212758291837,1050.0,1560.7669813799291,1050.0,0.3003744078439688,0.0
11599,1661583601000.0,0.0,0.0,154.1,2.8968297794161413,0.0,0.0,2.699,1.0,1.0,1595.7250193779578,1050.0,1565.2394503699304,1050.0,0.2797483674110986,0.0
11600,1661587201000.0,0.0,0.0,154.0,2.8968297794161413,0.0,0.0,2.732,1.0,1.0,1595.7052094100163,1050.0,1570.3214233799306,1050.0,0.279570301205589,0.0
11601,1661590801000.0,0.0,0.0,154.0,2.8968297794161413,0.0,0.0,2.747,1.0,1.0,1595.7052094100163,1050.0,1572.6314233799305,1050.0,0.279570301205589,0.0
11602,1661594401000.0,0.0,0.0,154.0,2.8968297794161413,0.0,0.0,2.733,1.0,1.0,1595.7052094100163,1050.0,1570.4754233799306,1050.0,0.279570301205589,0.0
11603,1661598001000.0,0.0,0.0,166.0,2.8838300363258176,0.0,0.0,2.718,1.0,1.0,1595.7019490100163,1050.0,1568.1741629799305,1050.0,0.3000032595855912,0.0
11604,1661601601000.0,0.0,0.0,154.6,2.8836286764746437,0.0,0.0,2.733,1.0,1.0,1593.9514317529108,1050.0,1570.664238369931,1050.0,0.27968794061228824,0.0
11605,1661605201000.0,0.0,0.0,154.6,2.8836286764746437,0.0,0.0,2.752,1.0,1.0,1593.9514317529108,1050.0,1573.601638369931,1050.0,0.27968794061228824,0.0
11606,1661608801000.0,0.0,0.0,154.6,2.8836286764746437,0.0,0.0,2.775,1.0,1.0,1593.9514317529108,1050.0,1577.1574383699308,1050.0,0.27968794061228824,0.0
11607,1661612401000.0,0.0,0.0,154.6,2.8836286764746437,0.0,0.0,2.747,1.0,1.0,1593.9514317529108,1050.0,1572.8286383699308,1050.0,0.27968794061228824,0.0
11608,1661616001000.0,0.0,0.0,155.0,2.87320944407551,0.0,0.0,2.785,1.0,1.0,1592.514525551635,1050.0,1578.842061719931,1050.0,0.27965048775767937,0.0
11609,1661619601000.0,0.0,0.0,155.0,2.87320944407551,0.0,0.0,2.838,1.0,1.0,1592.514525551635,1050.0,1587.057061719931,1050.0,0.27965048775767937,0.0
11610,1661623201000.0,0.0,0.0,155.0,2.87320944407551,0.0,0.0,2.798,1.0,1.0,1592.514525551635,1050.0,1580.857061719931,1050.0,0.27965048775767937,0.0
11611,1661626801000.0,0.0,0.0,155.0,2.87320944407551,0.0,0.0,2.826,1.0,1.0,1592.514525551635,1050.0,1585.1970617199308,1050.0,0.27965048775767937,0.0
11612,1661630401000.0,0.0,0.0,155.0,2.87320944407551,0.0,0.0,2.854,1.0,1.0,1592.514525551635,1050.0,1589.537061719931,1050.0,0.27965048775767937,0.0
11613,1661634001000.0,0.0,0.0,91.0,2.87320944407551,0.0,0.0,2.894,1.0,1.0,1593.698612330802,1050.0,1595.5905529199306,1050.0,0.164059915336489,0.0
11614,1661637601000.0,0.0,0.0,24.2,2.87320944407551,0.0,0.0,2.861,1.0,1.0,1594.9345029065578,1050.0,1594.6390343599305,1050.0,0.0435953127980585,0.0
11615,1661641201000.0,0.0,0.0,3.3,2.87320944407551,0.0,0.0,2.887,1.0,1.0,1595.4779655653792,1050.0,1595.5234743999301,1050.0,0.00594279041772241,0.0
11616,1661644801000.0,0.0,0.0,0.4,2.892666484219355,0.0,0.0,2.889,1.0,1.0,1595.5500268136175,1050.0,1595.5485602199296,1050.0,0.0007251835255823687,0.0
11617,1661648401000.0,0.0,0.0,0.4,2.892666484219355,0.0,0.0,2.889,1.0,1.0,1595.5500268136175,1050.0,1595.5485602199296,1050.0,0.0007251835255823687,0.0
11618,1661652001000.0,0.0,0.0,0.4,2.892666484219355,0.0,0.0,2.889,1.0,1.0,1595.5500268136175,1050.0,1595.5485602199296,1050.0,0.0007251835255823687,0.0
11619,1661655601000.0,0.0,0.0,0.4,2.892666484219355,0.0,0.0,2.889,1.0,1.0,1595.5500268136175,1050.0,1595.5485602199296,1050.0,0.0007251835255823687,0.0
11620,1661659201000.0,0.0,0.0,0.4,2.892666484219355,0.0,0.0,2.889,1.0,1.0,1595.5500268136175,1050.0,1595.5485602199296,1050.0,0.0007251835255823687,0.0
11621,1661662801000.0,0.0,0.0,0.4,2.892666484219355,0.0,0.0,2.889,1.0,1.0,1595.5500268136175,1050.0,1595.5485602199296,1050.0,0.0007251835255823687,0.0
11622,1661666401000.0,0.0,0.0,0.4,2.892666484219355,0.0,0.0,2.889,1.0,1.0,1595.5500268136175,1050.0,1595.5485602199296,1050.0,0.0007251835255823687,0.0
11623,1661670001000.0,0.0,0.0,0.4,2.892666484219355,0.0,0.0,2.889,1.0,1.0,1595.5500268136175,1050.0,1595.5485602199296,1050.0,0.0007251835255823687,0.0
11624,1661673601000.0,0.0,0.0,0.4,2.892666484219355,0.0,0.0,2.889,1.0,1.0,1595.5500268136175,1050.0,1595.5485602199296,1050.0,0.0007251835255823687,0.0
11625,1661677201000.0,0.0,0.0,0.4,2.892666484219355,0.0,0.0,2.889,1.0,1.0,1595.5500268136175,1050.0,1595.5485602199296,1050.0,0.0007251835255823687,0.0
11626,1661680801000.0,0.0,0.0,0.4,2.892666484219355,0.0,0.0,2.889,1.0,1.0,1595.5500268136175,1050.0,1595.5485602199296,1050.0,0.0007251835255823687,0.0
11627,1661684401000.0,0.0,0.0,0.4,2.892666484219355,0.0,0.0,2.889,1.0,1.0,1595.5500268136175,1050.0,1595.5485602199296,1050.0,0.0007251835255823687,0.0
11628,1661688001000.0,0.0,0.0,0.4,2.892666484219355,0.0,0.0,2.889,1.0,1.0,1595.5500268136175,1050.0,1595.5485602199296,1050.0,0.0007251835255823687,0.0
11629,1661691601000.0,0.0,0.0,0.4,2.892666484219355,0.0,0.0,2.889,1.0,1.0,1595.5500268136175,1050.0,1595.5485602199296,1050.0,0.0007251835255823687,0.0
11630,1661695201000.0,0.0,0.0,0.4,2.892666484219355,0.0,0.0,2.889,1.0,1.0,1595.5500268136175,1050.0,1595.5485602199296,1050.0,0.0007251835255823687,0.0
11631,1661698801000.0,0.0,0.0,0.4,2.892666484219355,0.0,0.0,2.889,1.0,1.0,1595.5500268136175,1050.0,1595.5485602199296,1050.0,0.0007251835255823687,0.0
11632,1661702401000.0,0.0,0.0,0.4,2.892666484219355,0.0,0.0,2.889,1.0,1.0,1595.5500268136175,1050.0,1595.5485602199296,1050.0,0.0007251835255823687,0.0
11633,1661706001000.0,0.0,0.0,0.4,2.892666484219355,0.0,0.0,2.889,1.0,1.0,1595.5500268136175,1050.0,1595.5485602199296,1050.0,0.0007251835255823687,0.0
11634,1661709601000.0,0.0,0.0,0.4,2.892666484219355,0.0,0.0,2.889,1.0,1.0,1595.5500268136175,1050.0,1595.5485602199296,1050.0,0.0007251835255823687,0.0
11635,1661713201000.0,0.0,0.0,0.4,2.892666484219355,0.0,0.0,2.889,1.0,1.0,1595.5500268136175,1050.0,1595.5485602199296,1050.0,0.0007251835255823687,0.0
11636,1661716801000.0,0.0,0.0,0.4,2.892666484219355,0.0,0.0,2.889,1.0,1.0,1595.5500268136175,1050.0,1595.5485602199296,1050.0,0.0007251835255823687,0.0
11637,1661720401000.0,0.0,0.0,0.4,2.892666484219355,0.0,0.0,2.889,1.0,1.0,1595.5500268136175,1050.0,1595.5485602199296,1050.0,0.0007251835255823687,0.0
11638,1661724001000.0,0.0,0.0,0.4,2.892666484219355,0.0,0.0,2.889,1.0,1.0,1595.5500268136175,1050.0,1595.5485602199296,1050.0,0.0007251835255823687,0.0
11639,1661727601000.0,0.0,0.0,0.4,2.892666484219355,0.0,0.0,2.889,1.0,1.0,1595.5500268136175,1050.0,1595.5485602199296,1050.0,0.0007251835255823687,0.0
11640,1661731201000.0,0.0,0.0,0.4,2.892666484219355,0.0,0.0,2.889,1.0,1.0,1595.5500268136175,1050.0,1595.5485602199296,1050.0,0.0007251835255823687,0.0
11641,1661734801000.0,0.0,0.0,0.4,2.892666484219355,0.0,0.0,2.889,1.0,1.0,1595.5500268136175,1050.0,1595.5485602199296,1050.0,0.0007251835255823687,0.0
11642,1661738401000.0,0.0,0.0,0.4,2.892666484219355,0.0,0.0,2.889,1.0,1.0,1595.5500268136175,1050.0,1595.5485602199296,1050.0,0.0007251835255823687,0.0
11643,1661742001000.0,0.0,0.0,0.4,2.892666484219355,0.0,0.0,2.889,1.0,1.0,1595.5500268136175,1050.0,1595.5485602199296,1050.0,0.0007251835255823687,0.0
11644,1661745601000.0,0.0,0.0,0.4,2.892666484219355,0.0,0.0,2.889,1.0,1.0,1595.5500268136175,1050.0,1595.5485602199296,1050.0,0.0007251835255823687,0.0
11645,1661749201000.0,0.0,0.0,0.4,2.892666484219355,0.0,0.0,2.889,1.0,1.0,1595.5500268136175,1050.0,1595.5485602199296,1050.0,0.0007251835255823687,0.0
11646,1661752801000.0,0.0,0.0,0.4,2.892666484219355,0.0,0.0,2.889,1.0,1.0,1595.5500268136175,1050.0,1595.5485602199296,1050.0,0.0007251835255823687,0.0
11647,1661756401000.0,0.0,0.0,0.4,2.892666484219355,0.0,0.0,2.889,1.0,1.0,1595.5500268136175,1050.0,1595.5485602199296,1050.0,0.0007251835255823687,0.0
11648,1661760001000.0,0.0,0.0,0.4,2.892666484219355,0.0,0.0,2.889,1.0,1.0,1595.5500268136175,1050.0,1595.5485602199296,1050.0,0.0007251835255823687,0.0
11649,1661763601000.0,0.0,0.0,0.4,2.892666484219355,0.0,0.0,2.889,1.0,1.0,1595.5500268136175,1050.0,1595.5485602199296,1050.0,0.0007251835255823687,0.0
11650,1661767201000.0,0.0,0.0,0.4,2.892666484219355,0.0,0.0,2.889,1.0,1.0,1595.5500268136175,1050.0,1595.5485602199296,1050.0,0.0007251835255823687,0.0
11651,1661770801000.0,0.0,0.0,0.4,2.892666484219355,0.0,0.0,2.889,1.0,1.0,1595.5500268136175,1050.0,1595.5485602199296,1050.0,0.0007251835255823687,0.0
11652,1661774401000.0,0.0,0.0,0.4,2.892666484219355,0.0,0.0,2.889,1.0,1.0,1595.5500268136175,1050.0,1595.5485602199296,1050.0,0.0007251835255823687,0.0
11653,1661778001000.0,0.0,0.0,0.4,2.892666484219355,0.0,0.0,2.889,1.0,1.0,1595.5500268136175,1050.0,1595.5485602199296,1050.0,0.0007251835255823687,0.0
11654,1661781601000.0,0.0,0.0,0.4,2.892666484219355,0.0,0.0,2.889,1.0,1.0,1595.5500268136175,1050.0,1595.5485602199296,1050.0,0.0007251835255823687,0.0
11655,1661785201000.0,0.0,0.0,0.4,2.892666484219355,0.0,0.0,2.889,1.0,1.0,1595.5500268136175,1050.0,1595.5485602199296,1050.0,0.0007251835255823687,0.0
11656,1661788801000.0,0.0,0.0,0.4,2.892666484219355,0.0,0.0,2.889,1.0,1.0,1595.5500268136175,1050.0,1595.5485602199296,1050.0,0.0007251835255823687,0.0
11657,1661792401000.0,0.0,0.0,0.4,2.892666484219355,0.0,0.0,2.889,1.0,1.0,1595.5500268136175,1050.0,1595.5485602199296,1050.0,0.0007251835255823687,0.0
11658,1661796001000.0,0.0,0.0,0.4,2.892666484219355,0.0,0.0,2.889,1.0,1.0,1595.5500268136175,1050.0,1595.5485602199296,1050.0,0.0007251835255823687,0.0
11659,1661799601000.0,0.0,0.0,0.4,2.892666484219355,0.0,0.0,2.889,1.0,1.0,1595.5500268136175,1050.0,1595.5485602199296,1050.0,0.0007251835255823687,0.0
11660,1661803201000.0,0.0,0.0,0.4,2.892666484219355,0.0,0.0,2.889,1.0,1.0,1595.5500268136175,1050.0,1595.5485602199296,1050.0,0.0007251835255823687,0.0
11661,1661806801000.0,0.0,0.0,0.4,2.892666484219355,0.0,0.0,2.889,1.0,1.0,1595.5500268136175,1050.0,1595.5485602199296,1050.0,0.0007251835255823687,0.0
11662,1661810401000.0,0.0,0.0,0.4,2.892666484219355,0.0,0.0,2.889,1.0,1.0,1595.5500268136175,1050.0,1595.5485602199296,1050.0,0.0007251835255823687,0.0
11663,1661814001000.0,0.0,0.0,0.4,2.892666484219355,0.0,0.0,2.889,1.0,1.0,1595.5500268136175,1050.0,1595.5485602199296,1050.0,0.0007251835255823687,0.0
11664,1661817601000.0,0.0,0.0,0.4,2.892666484219355,0.0,0.0,2.889,1.0,1.0,1595.5500268136175,1050.0,1595.5485602199296,1050.0,0.0007251835255823687,0.0
11665,1661821201000.0,0.0,0.0,0.4,2.892666484219355,0.0,0.0,2.889,1.0,1.0,1595.5500268136175,1050.0,1595.5485602199296,1050.0,0.0007251835255823687,0.0
11666,1661824801000.0,0.0,0.0,0.4,2.892666484219355,0.0,0.0,2.889,1.0,1.0,1595.5500268136175,1050.0,1595.5485602199296,1050.0,0.0007251835255823687,0.0
11667,1661828401000.0,0.0,0.0,0.4,2.892666484219355,0.0,0.0,2.889,1.0,1.0,1595.5500268136175,1050.0,1595.5485602199296,1050.0,0.0007251835255823687,0.0
11668,1661832001000.0,0.0,0.0,0.4,2.892666484219355,0.0,0.0,2.889,1.0,1.0,1595.5500268136175,1050.0,1595.5485602199296,1050.0,0.0007251835255823687,0.0
11669,1661835601000.0,0.0,0.0,0.4,2.892666484219355,0.0,0.0,2.889,1.0,1.0,1595.5500268136175,1050.0,1595.5485602199296,1050.0,0.0007251835255823687,0.0
11670,1661839201000.0,0.0,0.0,0.4,2.892666484219355,0.0,0.0,2.889,1.0,1.0,1595.5500268136175,1050.0,1595.5485602199296,1050.0,0.0007251835255823687,0.0
11671,1661842801000.0,0.0,0.0,0.4,2.892666484219355,0.0,0.0,2.889,1.0,1.0,1595.5500268136175,1050.0,1595.5485602199296,1050.0,0.0007251835255823687,0.0
11672,1661846401000.0,0.0,0.0,0.4,2.892666484219355,0.0,0.0,2.889,1.0,1.0,1595.5500268136175,1050.0,1595.5485602199296,1050.0,0.0007251835255823687,0.0
11673,1661850001000.0,0.0,0.0,0.4,2.892666484219355,0.0,0.0,2.889,1.0,1.0,1595.5500268136175,1050.0,1595.5485602199296,1050.0,0.0007251835255823687,0.0
11674,1661853601000.0,0.0,0.0,0.4,2.892666484219355,0.0,0.0,2.889,1.0,1.0,1595.5500268136175,1050.0,1595.5485602199296,1050.0,0.0007251835255823687,0.0
11675,1661857201000.0,0.0,0.0,0.4,2.892666484219355,0.0,0.0,2.889,1.0,1.0,1595.5500268136175,1050.0,1595.5485602199296,1050.0,0.0007251835255823687,0.0
11676,1661860801000.0,0.0,0.0,0.4,2.892666484219355,0.0,0.0,2.889,1.0,1.0,1595.5500268136175,1050.0,1595.5485602199296,1050.0,0.0007251835255823687,0.0
11677,1661864401000.0,0.0,0.0,0.4,2.892666484219355,0.0,0.0,2.889,1.0,1.0,1595.5500268136175,1050.0,1595.5485602199296,1050.0,0.0007251835255823687,0.0
11678,1661868001000.0,0.0,0.0,0.4,2.892666484219355,0.0,0.0,2.889,1.0,1.0,1595.5500268136175,1050.0,1595.5485602199296,1050.0,0.0007251835255823687,0.0
11679,1661871601000.0,0.0,0.0,0.4,2.892666484219355,0.0,0.0,2.889,1.0,1.0,1595.5500268136175,1050.0,1595.5485602199296,1050.0,0.0007251835255823687,0.0
11680,1661875201000.0,0.0,0.0,0.4,2.892666484219355,0.0,0.0,2.889,1.0,1.0,1595.5500268136175,1050.0,1595.5485602199296,1050.0,0.0007251835255823687,0.0
11681,1661878801000.0,0.0,0.0,0.4,2.892666484219355,0.0,0.0,2.889,1.0,1.0,1595.5500268136175,1050.0,1595.5485602199296,1050.0,0.0007251835255823687,0.0
11682,1661882401000.0,0.0,0.0,0.4,2.892666484219355,0.0,0.0,2.889,1.0,1.0,1595.5500268136175,1050.0,1595.5485602199296,1050.0,0.0007251835255823687,0.0
11683,1661886001000.0,0.0,0.0,0.4,2.892666484219355,0.0,0.0,2.889,1.0,1.0,1595.5500268136175,1050.0,1595.5485602199296,1050.0,0.0007251835255823687,0.0
11684,1661889601000.0,0.0,0.0,0.4,2.892666484219355,0.0,0.0,2.889,1.0,1.0,1595.5500268136175,1050.0,1595.5485602199296,1050.0,0.0007251835255823687,0.0
11685,1661893201000.0,0.0,0.0,0.4,2.892666484219355,0.0,0.0,2.889,1.0,1.0,1595.5500268136175,1050.0,1595.5485602199296,1050.0,0.0007251835255823687,0.0
11686,1661896801000.0,0.0,0.0,0.4,2.892666484219355,0.0,0.0,2.889,1.0,1.0,1595.5500268136175,1050.0,1595.5485602199296,1050.0,0.0007251835255823687,0.0
11687,1661900401000.0,0.0,0.0,0.4,2.892666484219355,0.0,0.0,2.889,1.0,1.0,1595.5500268136175,1050.0,1595.5485602199296,1050.0,0.0007251835255823687,0.0
11688,1661904001000.0,0.0,0.0,0.4,2.892666484219355,0.0,0.0,2.889,1.0,1.0,1595.5500268136175,1050.0,1595.5485602199296,1050.0,0.0007251835255823687,0.0
11689,1661907601000.0,0.0,0.0,0.4,3.063665604569017,0.0,0.0,3.049,1.0,1.0,1595.597878761758,1050.0,1595.5920125199304,1050.0,0.0007680295005021022,0.0
11690,1661911201000.0,0.0,0.0,0.4,3.080015176927553,0.0,0.0,3.073,1.0,1.0,1595.6038331707014,1050.0,1595.6010270999304,1050.0,0.0007721252889715378,0.0
11691,1661914801000.0,0.0,0.0,0.4,3.1073571171810492,0.0,0.0,3.079,1.0,1.0,1595.6139587168025,1050.0,1595.60261586993,1050.0,0.000778974663691209,0.0
11692,1661918401000.0,0.0,0.0,0.4,3.1243694088107543,0.0,0.0,3.138,1.0,1.0,1595.6200755434545,1050.0,1595.6255277799303,1050.0,0.0007832364249357093,0.0
11693,1661922001000.0,0.0,0.0,0.4,3.1243694088107543,0.0,0.0,3.08,1.0,1.0,1595.6200755434545,1050.0,1595.6023277799302,1050.0,0.0007832364249357093,0.0
11694,1661925601000.0,0.0,0.0,0.4,3.1243694088107543,0.0,0.0,3.078,1.0,1.0,1595.6200755434545,1050.0,1595.6015277799302,1050.0,0.0007832364249357093,0.0
11695,1661929201000.0,0.0,0.0,2.1,3.0399275064401436,0.0,0.0,3.009,1.0,1.0,1595.6195621334543,1050.0,1595.55461436993,1050.0,0.004000858296691132,0.0
11696,1661932801000.0,0.0,0.0,2.1,3.0399275064401436,0.0,0.0,3.016,1.0,1.0,1595.6195621334543,1050.0,1595.56931436993,1050.0,0.004000858296691132,0.0
11697,1661936401000.0,0.0,0.0,2.1,3.0399275064401436,0.0,0.0,3.012,1.0,1.0,1595.6195621334543,1050.0,1595.56091436993,1050.0,0.004000858296691132,0.0
11698,1661940001000.0,0.0,0.0,2.1,3.0399275064401436,0.0,0.0,3.0,1.0,1.0,1595.6195621334543,1050.0,1595.53571436993,1050.0,0.004000858296691132,0.0
11699,1661943601000.0,0.0,0.0,2.1,3.0399275064401436,0.0,0.0,3.049,1.0,1.0,1595.6195621334543,1050.0,1595.63861436993,1050.0,0.004000858296691132,0.0
11700,1661947201000.0,0.0,0.0,1.7,3.0399275064401436,0.0,0.0,3.023,1.0,1.0,1595.6274687308785,1050.0,1595.5986919699303,1050.0,0.0032387740009631708,0.0
11701,1661950801000.0,0.0,0.0,1.7,3.0399275064401436,0.0,0.0,3.007,1.0,1.0,1595.6274687308785,1050.0,1595.5714919699303,1050.0,0.0032387740009631708,0.0
11702,1661954401000.0,0.0,0.0,2.8,2.9968441902370606,0.0,0.0,2.996,1.0,1.0,1595.6506117125941,1050.0,1595.6482479799304,1050.0,0.00525877261041352,0.0
11703,1661958001000.0,0.0,0.0,2.8,2.9968441902370606,0.0,0.0,2.97,1.0,1.0,1595.6506117125941,1050.0,1595.5754479799305,1050.0,0.00525877261041352,0.0
11704,1661961601000.0,0.0,0.0,1.9,2.954240574255964,0.0,0.0,2.977,1.0,1.0,1595.7518546110164,1050.0,1595.79509751993,1050.0,0.0035174999639618664,0.0
11705,1661965201000.0,0.0,0.0,1.3,2.954240574255964,0.0,0.0,2.952,1.0,1.0,1595.763531826463,1050.0,1595.7606190799302,1050.0,0.002406692890228553,0.0
11706,1661968801000.0,0.0,0.0,1.3,2.954240574255964,0.0,0.0,2.932,1.0,1.0,1595.763531826463,1050.0,1595.73461907993,1050.0,0.002406692890228553,0.0
11707,1661972401000.0,0.0,0.0,1.3,2.954240574255964,0.0,0.0,2.917,1.0,1.0,1595.763531826463,1050.0,1595.7151190799302,1050.0,0.002406692890228553,0.0
11708,1661976001000.0,0.0,0.0,0.4,3.043311021971096,0.0,0.0,3.023,1.0,1.0,1595.8120100887181,1050.0,1595.8038856799296,1050.0,0.0007628244436641144,0.0
11709,1661979601000.0,0.0,0.0,0.4,3.043311021971096,0.0,0.0,2.997,1.0,1.0,1595.8120100887181,1050.0,1595.7934856799297,1050.0,0.0007628244436641144,0.0
11710,1661983201000.0,0.0,0.0,0.4,3.043311021971096,0.0,0.0,2.991,1.0,1.0,1595.8120100887181,1050.0,1595.7910856799297,1050.0,0.0007628244436641144,0.0
11711,1661986801000.0,0.0,0.0,0.9,3.0025826764315986,0.0,0.0,2.969,1.0,1.0,1595.811861588718,1050.0,1595.7816371799297,1050.0,0.001693385338105036,0.0
11712,1661990401000.0,0.0,0.0,2.1,2.9611068613278277,0.0,0.0,2.955,1.0,1.0,1595.8115099887182,1050.0,1595.7986855799297,1050.0,0.0038966534392475966,0.0
11713,1661994001000.0,0.0,0.0,2.1,2.9611068613278277,0.0,0.0,2.955,1.0,1.0,1595.8115099887182,1050.0,1595.7986855799297,1050.0,0.0038966534392475966,0.0
11714,1661997601000.0,0.0,0.0,2.1,2.9611068613278277,0.0,0.0,2.955,1.0,1.0,1595.8115099887182,1050.0,1595.7986855799297,1050.0,0.0038966534392475966,0.0
11715,1662001201000.0,0.0,0.0,2.1,2.9611068613278277,0.0,0.0,2.955,1.0,1.0,1595.8115099887182,1050.0,1595.7986855799297,1050.0,0.0038966534392475966,0.0
11716,1662004801000.0,0.0,0.0,2.1,2.9611068613278277,0.0,0.0,2.955,1.0,1.0,1595.8115099887182,1050.0,1595.7986855799297,1050.0,0.0038966534392475966,0.0
11717,1662008401000.0,0.0,0.0,2.1,2.9611068613278277,0.0,0.0,2.955,1.0,1.0,1595.8115099887182,1050.0,1595.7986855799297,1050.0,0.0038966534392475966,0.0
11718,1662012001000.0,0.0,0.0,2.1,2.9611068613278277,0.0,0.0,2.955,1.0,1.0,1595.8115099887182,1050.0,1595.7986855799297,1050.0,0.0038966534392475966,0.0
11719,1662015601000.0,0.0,0.0,2.1,2.9611068613278277,0.0,0.0,2.955,1.0,1.0,1595.8115099887182,1050.0,1595.7986855799297,1050.0,0.0038966534392475966,0.0
11720,1662019201000.0,0.0,0.0,2.1,2.9611068613278277,0.0,0.0,2.955,1.0,1.0,1595.8115099887182,1050.0,1595.7986855799297,1050.0,0.0038966534392475966,0.0
11721,1662022801000.0,0.0,0.0,2.1,2.9611068613278277,0.0,0.0,2.955,1.0,1.0,1595.8115099887182,1050.0,1595.7986855799297,1050.0,0.0038966534392475966,0.0
11722,1662026401000.0,0.0,0.0,2.1,2.9611068613278277,0.0,0.0,2.955,1.0,1.0,1595.8115099887182,1050.0,1595.7986855799297,1050.0,0.0038966534392475966,0.0
11723,1662030001000.0,0.0,0.0,2.1,2.9611068613278277,0.0,0.0,2.955,1.0,1.0,1595.8115099887182,1050.0,1595.7986855799297,1050.0,0.0038966534392475966,0.0
11724,1662033601000.0,0.0,0.0,2.1,2.9611068613278277,0.0,0.0,2.955,1.0,1.0,1595.8115099887182,1050.0,1595.7986855799297,1050.0,0.0038966534392475966,0.0
11725,1662037201000.0,0.0,0.0,2.1,2.9611068613278277,0.0,0.0,2.955,1.0,1.0,1595.8115099887182,1050.0,1595.7986855799297,1050.0,0.0038966534392475966,0.0
11726,1662040801000.0,0.0,0.0,2.1,2.9611068613278277,0.0,0.0,2.955,1.0,1.0,1595.8115099887182,1050.0,1595.7986855799297,1050.0,0.0038966534392475966,0.0
11727,1662044401000.0,0.0,0.0,2.1,2.9611068613278277,0.0,0.0,2.955,1.0,1.0,1595.8115099887182,1050.0,1595.7986855799297,1050.0,0.0038966534392475966,0.0
11728,1662048001000.0,0.0,0.0,2.1,2.9611068613278277,0.0,0.0,2.955,1.0,1.0,1595.8115099887182,1050.0,1595.7986855799297,1050.0,0.0038966534392475966,0.0
11729,1662051601000.0,0.0,0.0,2.1,2.9611068613278277,0.0,0.0,2.955,1.0,1.0,1595.8115099887182,1050.0,1595.7986855799297,1050.0,0.0038966534392475966,0.0
11730,1662055201000.0,0.0,0.0,2.1,2.9611068613278277,0.0,0.0,2.955,1.0,1.0,1595.8115099887182,1050.0,1595.7986855799297,1050.0,0.0038966534392475966,0.0
11731,1662058801000.0,0.0,0.0,2.1,2.9611068613278277,0.0,0.0,2.955,1.0,1.0,1595.8115099887182,1050.0,1595.7986855799297,1050.0,0.0038966534392475966,0.0
11732,1662062401000.0,0.0,0.0,2.1,2.9611068613278277,0.0,0.0,2.955,1.0,1.0,1595.8115099887182,1050.0,1595.7986855799297,1050.0,0.0038966534392475966,0.0
11733,1662066001000.0,0.0,0.0,2.1,2.9611068613278277,0.0,0.0,2.955,1.0,1.0,1595.8115099887182,1050.0,1595.7986855799297,1050.0,0.0038966534392475966,0.0
11734,1662069601000.0,0.0,0.0,2.1,2.9611068613278277,0.0,0.0,2.955,1.0,1.0,1595.8115099887182,1050.0,1595.7986855799297,1050.0,0.0038966534392475966,0.0
11735,1662073201000.0,0.0,0.0,2.1,2.9611068613278277,0.0,0.0,2.955,1.0,1.0,1595.8115099887182,1050.0,1595.7986855799297,1050.0,0.0038966534392475966,0.0
11736,1662076801000.0,0.0,0.0,2.1,2.9611068613278277,0.0,0.0,2.928,1.0,1.0,1595.8115099887182,1050.0,1595.7419855799296,1050.0,0.0038966534392475966,0.0
11737,1662080401000.0,0.0,0.0,2.1,2.9611068613278277,0.0,0.0,2.946,1.0,1.0,1595.8115099887182,1050.0,1595.7797855799297,1050.0,0.0038966534392475966,0.0
11738,1662084001000.0,0.0,0.0,2.1,2.9611068613278277,0.0,0.0,2.913,1.0,1.0,1595.8115099887182,1050.0,1595.7104855799298,1050.0,0.0038966534392475966,0.0
11739,1662087601000.0,0.0,0.0,2.1,2.9611068613278277,0.0,0.0,2.929,1.0,1.0,1595.8115099887182,1050.0,1595.7440855799298,1050.0,0.0038966534392475966,0.0
11740,1662091201000.0,0.0,0.0,0.4,2.9663301459958706,0.0,0.0,2.98,1.0,1.0,1595.8499509183284,1050.0,1595.85541885993,1050.0,0.0007435110410697202,0.0
11741,1662094801000.0,0.0,0.0,0.4,2.9766232071226764,0.0,0.0,2.96,1.0,1.0,1595.8537485827792,1050.0,1595.84709929993,1050.0,0.0007460892227163322,0.0
11742,1662098401000.0,0.0,0.0,0.4,2.9766232071226764,0.0,0.0,2.956,1.0,1.0,1595.8537485827792,1050.0,1595.8454992999302,1050.0,0.0007460892227163322,0.0
11743,1662102001000.0,0.0,0.0,0.4,2.9766232071226764,0.0,0.0,2.975,1.0,1.0,1595.8537485827792,1050.0,1595.8530992999301,1050.0,0.0007460892227163322,0.0
11744,1662105601000.0,0.0,0.0,0.4,2.9766232071226764,0.0,0.0,2.974,1.0,1.0,1595.8537485827792,1050.0,1595.85269929993,1050.0,0.0007460892227163322,0.0
11745,1662109201000.0,0.0,0.0,0.4,2.9766232071226764,0.0,0.0,2.961,1.0,1.0,1595.8537485827792,1050.0,1595.8474992999302,1050.0,0.0007460892227163322,0.0
11746,1662112801000.0,0.0,0.0,0.4,2.9766232071226764,0.0,0.0,2.955,1.0,1.0,1595.8537485827792,1050.0,1595.84509929993,1050.0,0.0007460892227163322,0.0
11747,1662116401000.0,0.0,0.0,0.9,2.9368325364989674,0.0,0.0,2.918,1.0,1.0,1595.8536033327791,1050.0,1595.83665404993,1050.0,0.0016562604974097374,0.0
11748,1662120001000.0,0.0,0.0,0.9,2.9368325364989674,0.0,0.0,2.92,1.0,1.0,1595.8536033327791,1050.0,1595.83845404993,1050.0,0.0016562604974097374,0.0
11749,1662123601000.0,0.0,0.0,0.4,2.990927231281935,0.0,0.0,3.005,1.0,1.0,1595.8848578624434,1050.0,1595.8904869699306,1050.0,0.0007496599059879636,0.0
11750,1662127201000.0,0.0,0.0,0.4,3.0459007092284827,0.0,0.0,3.047,1.0,1.0,1595.904439933622,1050.0,1595.9048796499305,1050.0,0.0007634293465228207,0.0
11751,1662130801000.0,0.0,0.0,0.4,3.0691287400293237,0.0,0.0,3.072,1.0,1.0,1595.9122850459423,1050.0,1595.9134335499307,1050.0,0.0007692474752623316,0.0
11752,1662134401000.0,0.0,0.0,0.4,3.1745534856589295,0.0,0.0,3.191,1.0,1.0,1595.9506616641945,1050.0,1595.957240269931,1050.0,0.000795652036598332,0.0
11753,1662138001000.0,0.0,0.0,2.1,3.148342351008179,0.0,0.0,3.107,1.0,1.0,1595.9730181970485,1050.0,1595.8861992599313,1050.0,0.004142625759792687,0.0
11754,1662141601000.0,0.0,0.0,4.9,3.1041467218606478,0.0,0.0,3.064,1.0,1.0,1595.9721583170485,1050.0,1595.7754393799314,1050.0,0.00953044127859752,0.0
11755,1662145201000.0,0.0,0.0,4.3,3.1041467218606478,0.0,0.0,3.102,1.0,1.0,1595.9844827839322,1050.0,1595.9752518799314,1050.0,0.008363383884984704,0.0
11756,1662148801000.0,0.0,0.0,10.0,3.059033090400079,0.0,0.0,3.036,1.0,1.0,1595.9827585339322,1050.0,1595.7524276299314,1050.0,0.01916708106051285,0.0
11757,1662152401000.0,0.0,0.0,8.8,3.059033090400079,0.0,0.0,3.082,1.0,1.0,1596.0075492254518,1050.0,1596.2096580299312,1050.0,0.016866769338644307,0.0
11758,1662156001000.0,0.0,0.0,2.9,3.059033090400079,0.0,0.0,3.056,1.0,1.0,1596.1294367920914,1050.0,1596.120640829931,1050.0,0.005557942706695267,0.0
11759,1662159601000.0,0.0,0.0,2.9,3.059033090400079,0.0,0.0,3.056,1.0,1.0,1596.1294367920914,1050.0,1596.120640829931,1050.0,0.005557942706695267,0.0
11760,1662163201000.0,0.0,0.0,2.9,3.059033090400079,0.0,0.0,3.024,1.0,1.0,1596.1294367920914,1050.0,1596.0278408299312,1050.0,0.005557942706695267,0.0
11761,1662166801000.0,0.0,0.0,2.9,3.059033090400079,0.0,0.0,3.008,1.0,1.0,1596.1294367920914,1050.0,1595.9814408299312,1050.0,0.005557942706695267,0.0
11762,1662170401000.0,0.0,0.0,6.8,3.015425876788269,0.0,0.0,2.972,1.0,1.0,1596.1282734220913,1050.0,1595.832977459931,1050.0,0.012846646665933579,0.0
11763,1662174001000.0,0.0,0.0,6.8,3.015425876788269,0.0,0.0,2.949,1.0,1.0,1596.1282734220913,1050.0,1595.676577459931,1050.0,0.012846646665933579,0.0
11764,1662177601000.0,0.0,0.0,15.9,2.9705406265509575,0.0,0.0,2.933,1.0,1.0,1596.1256007520913,1050.0,1595.528704789931,1050.0,0.029591403044913752,0.0
11765,1662181201000.0,0.0,0.0,15.9,2.9705406265509575,0.0,0.0,2.934,1.0,1.0,1596.1256007520913,1050.0,1595.544604789931,1050.0,0.029591403044913752,0.0
11766,1662184801000.0,0.0,0.0,15.9,2.9705406265509575,0.0,0.0,2.979,1.0,1.0,1596.1256007520913,1050.0,1596.2601047899311,1050.0,0.029591403044913752,0.0
11767,1662188401000.0,0.0,0.0,15.9,2.9705406265509575,0.0,0.0,2.954,1.0,1.0,1596.1256007520913,1050.0,1595.862604789931,1050.0,0.029591403044913752,0.0
11768,1662192001000.0,0.0,0.0,15.9,2.9705406265509575,0.0,0.0,2.923,1.0,1.0,1596.1256007520913,1050.0,1595.3697047899311,1050.0,0.029591403044913752,0.0
11769,1662195601000.0,0.0,0.0,15.9,2.9705406265509575,0.0,0.0,2.914,1.0,1.0,1596.1256007520913,1050.0,1595.2266047899311,1050.0,0.029591403044913752,0.0
11770,1662199201000.0,0.0,0.0,15.9,2.9705406265509575,0.0,0.0,2.938,1.0,1.0,1596.1256007520913,1050.0,1595.608204789931,1050.0,0.029591403044913752,0.0
11771,1662202801000.0,0.0,0.0,15.9,2.9705406265509575,0.0,0.0,2.936,1.0,1.0,1596.1256007520913,1050.0,1595.576404789931,1050.0,0.029591403044913752,0.0
11772,1662206401000.0,0.0,0.0,15.9,2.9705406265509575,0.0,0.0,2.933,1.0,1.0,1596.1256007520913,1050.0,1595.528704789931,1050.0,0.029591403044913752,0.0
11773,1662210001000.0,0.0,0.0,15.9,2.9705406265509575,0.0,0.0,2.943,1.0,1.0,1596.1256007520913,1050.0,1595.687704789931,1050.0,0.029591403044913752,0.0
11774,1662213601000.0,0.0,0.0,15.9,2.9705406265509575,0.0,0.0,2.928,1.0,1.0,1596.1256007520913,1050.0,1595.449204789931,1050.0,0.029591403044913752,0.0
11775,1662217201000.0,0.0,0.0,15.9,2.9705406265509575,0.0,0.0,2.918,1.0,1.0,1596.1256007520913,1050.0,1595.290204789931,1050.0,0.029591403044913752,0.0
11776,1662220801000.0,0.0,0.0,15.9,2.9705406265509575,0.0,0.0,2.928,1.0,1.0,1596.1256007520913,1050.0,1595.449204789931,1050.0,0.029591403044913752,0.0
11777,1662224401000.0,0.0,0.0,15.9,2.9705406265509575,0.0,0.0,2.929,1.0,1.0,1596.1256007520913,1050.0,1595.465104789931,1050.0,0.029591403044913752,0.0
11778,1662228001000.0,0.0,0.0,15.9,2.9705406265509575,0.0,0.0,2.931,1.0,1.0,1596.1256007520913,1050.0,1595.496904789931,1050.0,0.029591403044913752,0.0
11779,1662231601000.0,0.0,0.0,15.9,2.9705406265509575,0.0,0.0,2.915,1.0,1.0,1596.1256007520913,1050.0,1595.242504789931,1050.0,0.029591403044913752,0.0
11780,1662235201000.0,0.0,0.0,37.1,2.9216602685218387,0.0,0.0,2.899,1.0,1.0,1596.1194845520913,1050.0,1595.278788589931,1050.0,0.06791070280842916,0.0
11781,1662238801000.0,0.0,0.0,37.1,2.9216602685218387,0.0,0.0,2.907,1.0,1.0,1596.1194845520913,1050.0,1595.5755885899312,1050.0,0.06791070280842916,0.0
11782,1662242401000.0,0.0,0.0,37.1,2.9216602685218387,0.0,0.0,2.907,1.0,1.0,1596.1194845520913,1050.0,1595.5755885899312,1050.0,0.06791070280842916,0.0
11783,1662246001000.0,0.0,0.0,37.1,2.9216602685218387,0.0,0.0,2.931,1.0,1.0,1596.1194845520913,1050.0,1596.4659885899312,1050.0,0.06791070280842916,0.0
11784,1662249601000.0,0.0,0.0,37.1,2.9216602685218387,0.0,0.0,2.937,1.0,1.0,1596.1194845520913,1050.0,1596.688588589931,1050.0,0.06791070280842916,0.0
11785,1662253201000.0,0.0,0.0,9.9,2.9216602685218387,0.0,0.0,2.951,1.0,1.0,1596.6375257282978,1050.0,1596.9279890699315,1050.0,0.018115844198997186,0.0
11786,1662256801000.0,0.0,0.0,0.4,2.9358089010435338,0.0,0.0,2.935,1.0,1.0,1596.9309898003492,1050.0,1596.9306662399317,1050.0,0.0007353627476189371,0.0
11787,1662260401000.0,0.0,0.0,0.4,2.9358089010435338,0.0,0.0,2.946,1.0,1.0,1596.9309898003492,1050.0,1596.9350662399318,1050.0,0.0007353627476189371,0.0
11788,1662264001000.0,0.0,0.0,0.4,2.9358089010435338,0.0,0.0,2.928,1.0,1.0,1596.9309898003492,1050.0,1596.9278662399317,1050.0,0.0007353627476189371,0.0
11789,1662267601000.0,0.0,0.0,0.4,2.946142506836987,0.0,0.0,2.959,1.0,1.0,1596.9348049026667,1050.0,1596.939947899932,1050.0,0.0007379493509170664,0.0
11790,1662271201000.0,0.0,0.0,0.4,2.95135688012774,0.0,0.0,2.95,1.0,1.0,1596.9367313219827,1050.0,1596.9361885699316,1050.0,0.0007392545546083183,0.0
11791,1662274801000.0,0.0,0.0,0.4,2.95135688012774,0.0,0.0,2.929,1.0,1.0,1596.9367313219827,1050.0,1596.9277885699316,1050.0,0.0007392545546083183,0.0
11792,1662278401000.0,0.0,0.0,0.4,2.95135688012774,0.0,0.0,2.918,1.0,1.0,1596.9367313219827,1050.0,1596.9233885699316,1050.0,0.0007392545546083183,0.0
11793,1662282001000.0,0.0,0.0,0.4,2.95135688012774,0.0,0.0,2.956,1.0,1.0,1596.9367313219827,1050.0,1596.9385885699317,1050.0,0.0007392545546083183,0.0
11794,1662285601000.0,0.0,0.0,0.4,2.95135688012774,0.0,0.0,2.944,1.0,1.0,1596.9367313219827,1050.0,1596.9337885699317,1050.0,0.0007392545546083183,0.0
11795,1662289201000.0,0.0,0.0,0.4,2.95135688012774,0.0,0.0,2.957,1.0,1.0,1596.9367313219827,1050.0,1596.9389885699316,1050.0,0.0007392545546083183,0.0
11796,1662292801000.0,0.0,0.0,0.4,2.95135688012774,0.0,0.0,2.967,1.0,1.0,1596.9367313219827,1050.0,1596.9429885699317,1050.0,0.0007392545546083183,0.0
11797,1662296401000.0,0.0,0.0,0.4,2.9667286838038898,0.0,0.0,2.971,1.0,1.0,1596.9424014534532,1050.0,1596.9441099799317,1050.0,0.000743102238654,0.0
11798,1662300001000.0,0.0,0.0,0.4,2.9667286838038898,0.0,0.0,2.932,1.0,1.0,1596.9424014534532,1050.0,1596.9285099799315,1050.0,0.000743102238654,0.0
11799,1662303601000.0,0.0,0.0,0.4,2.9667286838038898,0.0,0.0,2.939,1.0,1.0,1596.9424014534532,1050.0,1596.9313099799317,1050.0,0.000743102238654,0.0
11800,1662307201000.0,0.0,0.0,0.4,2.9667286838038898,0.0,0.0,2.946,1.0,1.0,1596.9424014534532,1050.0,1596.9341099799317,1050.0,0.000743102238654,0.0
11801,1662310801000.0,0.0,0.0,0.4,2.9667286838038898,0.0,0.0,2.951,1.0,1.0,1596.9424014534532,1050.0,1596.9361099799316,1050.0,0.000743102238654,0.0
11802,1662314401000.0,0.0,0.0,0.4,2.9667286838038898,0.0,0.0,2.961,1.0,1.0,1596.9424014534532,1050.0,1596.9401099799315,1050.0,0.000743102238654,0.0
11803,1662318001000.0,0.0,0.0,0.4,2.9667286838038898,0.0,0.0,2.948,1.0,1.0,1596.9424014534532,1050.0,1596.9349099799315,1050.0,0.000743102238654,0.0
11804,1662321601000.0,0.0,0.0,0.4,2.9667286838038898,0.0,0.0,2.965,1.0,1.0,1596.9424014534532,1050.0,1596.9417099799316,1050.0,0.000743102238654,0.0
11805,1662325201000.0,0.0,0.0,0.4,2.9667286838038898,0.0,0.0,2.975,1.0,1.0,1596.9424014534532,1050.0,1596.9457099799315,1050.0,0.000743102238654,0.0
11806,1662328801000.0,0.0,0.0,0.4,2.9667286838038898,0.0,0.0,2.967,1.0,1.0,1596.9424014534532,1050.0,1596.9425099799316,1050.0,0.000743102238654,0.0
11807,1662332401000.0,0.0,0.0,0.4,2.9667286838038898,0.0,0.0,2.956,1.0,1.0,1596.9424014534532,1050.0,1596.9381099799316,1050.0,0.000743102238654,0.0
11808,1662336001000.0,0.0,0.0,0.4,2.9667286838038898,0.0,0.0,2.98,1.0,1.0,1596.9424014534532,1050.0,1596.9477099799317,1050.0,0.000743102238654,0.0
11809,1662339601000.0,0.0,0.0,0.4,2.9905232564264583,0.0,0.0,2.972,1.0,1.0,1596.9498391925022,1050.0,1596.9424298899316,1050.0,0.0007490587826950449,0.0
11810,1662343201000.0,0.0,0.0,0.4,2.9905232564264583,0.0,0.0,2.97,1.0,1.0,1596.9498391925022,1050.0,1596.9416298899316,1050.0,0.0007490587826950449,0.0
11811,1662346801000.0,0.0,0.0,0.4,2.9905232564264583,0.0,0.0,2.969,1.0,1.0,1596.9498391925022,1050.0,1596.9412298899315,1050.0,0.0007490587826950449,0.0
11812,1662350401000.0,0.0,0.0,0.4,2.9905232564264583,0.0,0.0,2.976,1.0,1.0,1596.9498391925022,1050.0,1596.9440298899315,1050.0,0.0007490587826950449,0.0
11813,1662354001000.0,0.0,0.0,0.4,2.9905232564264583,0.0,0.0,2.988,1.0,1.0,1596.9498391925022,1050.0,1596.9488298899316,1050.0,0.0007490587826950449,0.0
11814,1662357601000.0,0.0,0.0,0.4,2.9905232564264583,0.0,0.0,2.948,1.0,1.0,1596.9498391925022,1050.0,1596.9328298899316,1050.0,0.0007490587826950449,0.0
11815,1662361201000.0,0.0,0.0,0.4,2.9905232564264583,0.0,0.0,2.964,1.0,1.0,1596.9498391925022,1050.0,1596.9392298899315,1050.0,0.0007490587826950449,0.0
11816,1662364801000.0,0.0,0.0,0.4,2.9905232564264583,0.0,0.0,2.953,1.0,1.0,1596.9498391925022,1050.0,1596.9348298899315,1050.0,0.0007490587826950449,0.0
11817,1662368401000.0,0.0,0.0,0.4,2.9905232564264583,0.0,0.0,2.953,1.0,1.0,1596.9498391925022,1050.0,1596.9348298899315,1050.0,0.0007490587826950449,0.0
11818,1662372001000.0,0.0,0.0,0.4,2.9905232564264583,0.0,0.0,2.972,1.0,1.0,1596.9498391925022,1050.0,1596.9424298899316,1050.0,0.0007490587826950449,0.0
11819,1662375601000.0,0.0,0.0,0.9,2.9502325584117592,0.0,0.0,2.92,1.0,1.0,1596.9496932925022,1050.0,1596.9224839899316,1050.0,0.0016626756082066807,0.0
11820,1662379201000.0,0.0,0.0,0.9,2.9502325584117592,0.0,0.0,2.948,1.0,1.0,1596.9496932925022,1050.0,1596.9476839899316,1050.0,0.0016626756082066807,0.0
11821,1662382801000.0,0.0,0.0,0.9,2.9502325584117592,0.0,0.0,2.95,1.0,1.0,1596.9496932925022,1050.0,1596.9494839899317,1050.0,0.0016626756082066807,0.0
11822,1662386401000.0,0.0,0.0,0.6,2.9502325584117592,0.0,0.0,2.961,1.0,1.0,1596.9555344249789,1050.0,1596.9619948899317,1050.0,0.0011084463511280142,0.0
11823,1662390001000.0,0.0,0.0,0.4,2.992263989497978,0.0,0.0,3.006,1.0,1.0,1596.9748628557315,1050.0,1596.9803572599324,1050.0,0.0007494830530136641,0.0
11824,1662393601000.0,0.0,0.0,0.4,3.0192276850078197,0.0,0.0,3.004,1.0,1.0,1596.9846459439357,1050.0,1596.9785548699326,1050.0,0.0007562321134836544,0.0
11825,1662397201000.0,0.0,0.0,0.4,3.0192276850078197,0.0,0.0,2.995,1.0,1.0,1596.9846459439357,1050.0,1596.9749548699326,1050.0,0.0007562321134836544,0.0
11826,1662400801000.0,0.0,0.0,0.4,3.0192276850078197,0.0,0.0,2.969,1.0,1.0,1596.9846459439357,1050.0,1596.9645548699325,1050.0,0.0007562321134836544,0.0
11827,1662404401000.0,0.0,0.0,0.9,2.9785456377812536,0.0,0.0,2.954,1.0,1.0,1596.9844986439357,1050.0,1596.9624075699326,1050.0,0.0016785955507266426,0.0
11828,1662408001000.0,0.0,0.0,0.9,2.9785456377812536,0.0,0.0,2.944,1.0,1.0,1596.9844986439357,1050.0,1596.9534075699326,1050.0,0.0016785955507266426,0.0
11829,1662411601000.0,0.0,0.0,0.9,2.9785456377812536,0.0,0.0,2.955,1.0,1.0,1596.9844986439357,1050.0,1596.9633075699326,1050.0,0.0016785955507266426,0.0
11830,1662415201000.0,0.0,0.0,0.9,2.9785456377812536,0.0,0.0,2.96,1.0,1.0,1596.9844986439357,1050.0,1596.9678075699326,1050.0,0.0016785955507266426,0.0
11831,1662418801000.0,0.0,0.0,0.9,2.9785456377812536,0.0,0.0,2.976,1.0,1.0,1596.9844986439357,1050.0,1596.9822075699326,1050.0,0.0016785955507266426,0.0
11832,1662422401000.0,0.0,0.0,0.4,2.98565922833594,0.0,0.0,3.002,1.0,1.0,1596.9959613112671,1050.0,1597.0024976199327,1050.0,0.0007478188550669757,0.0
11833,1662426001000.0,0.0,0.0,0.4,3.0503263904432094,0.0,0.0,3.038,1.0,1.0,1597.0193994661101,1050.0,1597.014468909933,1050.0,0.0007640048433883636,0.0
11834,1662429601000.0,0.0,0.0,0.9,3.009589506863649,0.0,0.0,2.97,1.0,1.0,1597.0192506161102,1050.0,1596.983620059933,1050.0,0.0016960537921708384,0.0
11835,1662433201000.0,0.0,0.0,1.9,2.968109788655849,0.0,0.0,3.0,1.0,1.0,1597.0228164583789,1050.0,1597.0834078599328,1050.0,0.003531201020003139,0.0
11836,1662436801000.0,0.0,0.0,0.4,2.9784992561189143,0.0,0.0,2.989,1.0,1.0,1597.0752378023801,1050.0,1597.0794380999325,1050.0,0.0007459884633155824,0.0
11837,1662440401000.0,0.0,0.0,0.4,2.994226248675166,0.0,0.0,2.975,1.0,1.0,1597.0810483494024,1050.0,1597.0733578499323,1050.0,0.0007499246833514745,0.0
11838,1662444001000.0,0.0,0.0,0.4,3.010486073659835,0.0,0.0,3.002,1.0,1.0,1597.0868710493964,1050.0,1597.0834766199325,1050.0,0.0007539943200914895,0.0
11839,1662447601000.0,0.0,0.0,0.4,3.010486073659835,0.0,0.0,3.015,1.0,1.0,1597.0868710493964,1050.0,1597.0886766199326,1050.0,0.0007539943200914895,0.0
11840,1662451201000.0,0.0,0.0,0.4,3.010486073659835,0.0,0.0,2.988,1.0,1.0,1597.0868710493964,1050.0,1597.0778766199326,1050.0,0.0007539943200914895,0.0
11841,1662454801000.0,0.0,0.0,0.4,3.010486073659835,0.0,0.0,3.004,1.0,1.0,1597.0868710493964,1050.0,1597.0842766199326,1050.0,0.0007539943200914895,0.0
11842,1662458401000.0,0.0,0.0,0.4,3.010486073659835,0.0,0.0,2.987,1.0,1.0,1597.0868710493964,1050.0,1597.0774766199324,1050.0,0.0007539943200914895,0.0
11843,1662462001000.0,0.0,0.0,0.4,3.0651632730136287,0.0,0.0,3.027,1.0,1.0,1597.106630699138,1050.0,1597.0913653899324,1050.0,0.0007676790551353094,0.0
11844,1662465601000.0,0.0,0.0,0.4,3.0651632730136287,0.0,0.0,3.019,1.0,1.0,1597.106630699138,1050.0,1597.0881653899326,1050.0,0.0007676790551353094,0.0
11845,1662469201000.0,0.0,0.0,0.9,3.0239614546727243,0.0,0.0,2.972,1.0,1.0,1597.1064811491378,1050.0,1597.0597158399323,1050.0,0.0017040600243806237,0.0
11846,1662472801000.0,0.0,0.0,2.1,2.9822691948597386,0.0,0.0,2.939,1.0,1.0,1597.1061270291377,1050.0,1597.0152617199324,1050.0,0.0039213206957355775,0.0
11847,1662476401000.0,0.0,0.0,1.5,2.9404010835113166,0.0,0.0,2.969,1.0,1.0,1597.1709424251997,1050.0,1597.2138407999328,1050.0,0.0027615088079236934,0.0
11848,1662480001000.0,0.0,0.0,0.4,2.955747332106336,0.0,0.0,2.96,1.0,1.0,1597.205835402774,1050.0,1597.2075364699315,1050.0,0.0007402295350019111,0.0
11849,1662483601000.0,0.0,0.0,0.4,2.955747332106336,0.0,0.0,2.944,1.0,1.0,1597.205835402774,1050.0,1597.2011364699315,1050.0,0.0007402295350019111,0.0
11850,1662487201000.0,0.0,0.0,11.4,2.794017450249345,0.0,0.0,2.787,1.0,1.0,1597.2027684527739,1050.0,1597.1227695199314,1050.0,0.019942238745114176,0.0
11851,1662490801000.0,0.0,0.0,11.4,2.794017450249345,0.0,0.0,2.774,1.0,1.0,1597.2027684527739,1050.0,1596.9745695199313,1050.0,0.019942238745114176,0.0
11852,1662494401000.0,0.0,0.0,11.4,2.794017450249345,0.0,0.0,2.76,1.0,1.0,1597.2027684527739,1050.0,1596.8149695199313,1050.0,0.019942238745114176,0.0
11853,1662498001000.0,0.0,0.0,3.6,2.750578907249719,0.0,0.0,2.776,1.0,1.0,1597.8679283260303,1050.0,1597.9594442599314,1050.0,0.006197060401902352,0.0
11854,1662501601000.0,0.0,0.0,0.4,2.759184180437289,0.0,0.0,2.784,1.0,1.0,1597.9397751121053,1050.0,1597.9497014399303,1050.0,0.0006906853996406005,0.0
11855,1662505201000.0,0.0,0.0,0.4,2.799948126340469,0.0,0.0,2.812,1.0,1.0,1597.9544332504663,1050.0,1597.95925399993,1050.0,0.0007008830960579963,0.0
11856,1662508801000.0,0.0,0.0,0.4,2.8201242118499135,0.0,0.0,2.792,1.0,1.0,1597.9617775146703,1050.0,1597.9505278299303,1050.0,0.0007059303298821297,0.0
11857,1662512401000.0,0.0,0.0,0.4,2.78227742748885,0.0,0.0,2.813,1.0,1.0,1597.9708611509254,1050.0,1597.98315017993,1050.0,0.0006964526062721663,0.0
11858,1662516001000.0,0.0,0.0,0.4,2.7909580706166373,0.0,0.0,2.781,1.0,1.0,1597.9741770781766,1050.0,1597.97019384993,1050.0,0.0006986240730672577,0.0
11859,1662519601000.0,0.0,0.0,0.9,2.7537591424962833,0.0,0.0,2.736,1.0,1.0,1597.9740408781765,1050.0,1597.95805764993,1050.0,0.0015509533727372969,0.0
11860,1662523201000.0,0.0,0.0,0.8,2.7537591424962833,0.0,0.0,2.767,1.0,1.0,1597.975837243927,1050.0,1597.98642992993,1050.0,0.0013786236704283427,0.0
11861,1662526801000.0,0.0,0.0,0.8,2.7537591424962833,0.0,0.0,2.758,1.0,1.0,1597.975837243927,1050.0,1597.97922992993,1050.0,0.0013786236704283427,0.0
11862,1662530401000.0,0.0,0.0,0.8,2.7537591424962833,0.0,0.0,2.763,1.0,1.0,1597.975837243927,1050.0,1597.9832299299298,1050.0,0.0013786236704283427,0.0
11863,1662534001000.0,0.0,0.0,0.4,2.7585693568722123,0.0,0.0,2.768,1.0,1.0,1597.9847913426786,1050.0,1597.9885635999296,1050.0,0.0006905120428722912,0.0
11864,1662537601000.0,0.0,0.0,0.4,2.7683202632406188,0.0,0.0,2.78,1.0,1.0,1597.9883805052261,1050.0,1597.9930523999299,1050.0,0.0006929512872591417,0.0
11865,1662541201000.0,0.0,0.0,0.4,2.778180148072848,0.0,0.0,2.786,1.0,1.0,1597.9920128591589,1050.0,1597.9951407999297,1050.0,0.0006954177807439909,0.0
11866,1662544801000.0,0.0,0.0,0.4,2.778180148072848,0.0,0.0,2.773,1.0,1.0,1597.9920128591589,1050.0,1597.9899407999296,1050.0,0.0006954177807439909,0.0
11867,1662548401000.0,0.0,0.0,0.4,2.778180148072848,0.0,0.0,2.769,1.0,1.0,1597.9920128591589,1050.0,1597.9883407999298,1050.0,0.0006954177807439909,0.0
11868,1662552001000.0,0.0,0.0,0.4,2.778180148072848,0.0,0.0,2.784,1.0,1.0,1597.9920128591589,1050.0,1597.9943407999297,1050.0,0.0006954177807439909,0.0
11869,1662555601000.0,0.0,0.0,0.4,2.7881013332909763,0.0,0.0,2.794,1.0,1.0,1597.9956693332463,1050.0,1597.99802879993,1050.0,0.0006978995968003579,0.0
11870,1662559201000.0,0.0,0.0,0.4,2.8258465341740324,0.0,0.0,2.825,1.0,1.0,1598.0085720135994,1050.0,1598.0082333999298,1050.0,0.0007073420214794653,0.0
11871,1662562801000.0,0.0,0.0,0.4,2.851319050590126,0.0,0.0,2.847,1.0,1.0,1598.0177754501658,1050.0,1598.0160478299297,1050.0,0.000713713976000524,0.0
11872,1662566401000.0,0.0,0.0,0.4,2.886042588112829,0.0,0.0,2.892,1.0,1.0,1598.030560895175,1050.0,1598.03294385993,1050.0,0.0007223998485976746,0.0
11873,1662570001000.0,0.0,0.0,0.4,2.8960239558134657,0.0,0.0,2.884,1.0,1.0,1598.0342371222555,1050.0,1598.02942753993,1050.0,0.0007248965982177288,0.0
11874,1662573601000.0,0.0,0.0,0.4,2.9418238201991125,0.0,0.0,2.956,1.0,1.0,1598.0511285580099,1050.0,1598.0567990299303,1050.0,0.0007363528657192956,0.0
11875,1662577201000.0,0.0,0.0,0.4,2.952338398862,0.0,0.0,2.957,1.0,1.0,1598.055015789475,1050.0,1598.05688042993,1050.0,0.0007389829185332468,0.0
11876,1662580801000.0,0.0,0.0,0.4,2.952338398862,0.0,0.0,2.945,1.0,1.0,1598.055015789475,1050.0,1598.0520804299301,1050.0,0.0007389829185332468,0.0
11877,1662584401000.0,0.0,0.0,0.4,3.0184606527420055,0.0,0.0,3.008,1.0,1.0,1598.0779042810277,1050.0,1598.073720019931,1050.0,0.0007555227801237901,0.0
11878,1662588001000.0,0.0,0.0,0.4,3.0184606527420055,0.0,0.0,2.991,1.0,1.0,1598.0779042810277,1050.0,1598.0669200199309,1050.0,0.0007555227801237901,0.0
11879,1662591601000.0,0.0,0.0,0.4,3.0184606527420055,0.0,0.0,2.982,1.0,1.0,1598.0779042810277,1050.0,1598.0633200199309,1050.0,0.0007555227801237901,0.0
11880,1662595201000.0,0.0,0.0,0.4,3.0184606527420055,0.0,0.0,2.985,1.0,1.0,1598.0779042810277,1050.0,1598.064520019931,1050.0,0.0007555227801237901,0.0
11881,1662598801000.0,0.0,0.0,0.4,3.0184606527420055,0.0,0.0,2.981,1.0,1.0,1598.0779042810277,1050.0,1598.062920019931,1050.0,0.0007555227801237901,0.0
11882,1662602401000.0,0.0,0.0,0.9,2.978204734552003,0.0,0.0,2.947,1.0,1.0,1598.0777569810277,1050.0,1598.0496727199309,1050.0,0.0016772552207724798,0.0
11883,1662606001000.0,0.0,0.0,0.9,2.978204734552003,0.0,0.0,2.932,1.0,1.0,1598.0777569810277,1050.0,1598.0361727199308,1050.0,0.0016772552207724798,0.0
11884,1662609601000.0,0.0,0.0,0.9,2.978204734552003,0.0,0.0,2.919,1.0,1.0,1598.0777569810277,1050.0,1598.0244727199308,1050.0,0.0016772552207724798,0.0
11885,1662613201000.0,0.0,0.0,0.9,2.978204734552003,0.0,0.0,2.91,1.0,1.0,1598.0777569810277,1050.0,1598.016372719931,1050.0,0.0016772552207724798,0.0
11886,1662616801000.0,0.0,0.0,2.1,2.9369448862365726,0.0,0.0,2.901,1.0,1.0,1598.0774082610278,1050.0,1598.001923999931,1050.0,0.0038593776679492348,0.0
11887,1662620401000.0,0.0,0.0,2.1,2.9369448862365726,0.0,0.0,2.907,1.0,1.0,1598.0774082610278,1050.0,1598.014523999931,1050.0,0.0038593776679492348,0.0
11888,1662624001000.0,0.0,0.0,4.9,2.8958335226728167,0.0,0.0,2.879,1.0,1.0,1598.0766060610279,1050.0,1597.994121799931,1050.0,0.008879163994566933,0.0
11889,1662627601000.0,0.0,0.0,4.9,2.8958335226728167,0.0,0.0,2.905,1.0,1.0,1598.0766060610279,1050.0,1598.121521799931,1050.0,0.008879163994566933,0.0
11890,1662631201000.0,0.0,0.0,4.9,2.8958335226728167,0.0,0.0,2.885,1.0,1.0,1598.0766060610279,1050.0,1598.0235217999311,1050.0,0.008879163994566933,0.0
11891,1662634801000.0,0.0,0.0,1.9,2.8958335226728167,0.0,0.0,2.916,1.0,1.0,1598.1332309930099,1050.0,1598.1715472999315,1050.0,0.0034428191507285023,0.0
11892,1662638401000.0,0.0,0.0,1.1,2.8958335226728167,0.0,0.0,2.905,1.0,1.0,1598.1483309748714,1050.0,1598.1584140999314,1050.0,0.0019931922545618733,0.0
11893,1662642001000.0,0.0,0.0,0.5,2.8958335226728167,0.0,0.0,2.835,1.0,1.0,1598.1596559612676,1050.0,1598.1292391999311,1050.0,0.000905990059213145,0.0
11894,1662645601000.0,0.0,0.0,0.4,2.9012478152152483,0.0,0.0,2.921,1.0,1.0,1598.196561216018,1050.0,1598.204462089932,1050.0,0.0007261304111448667,0.0
11895,1662649201000.0,0.0,0.0,0.4,2.9406430036545244,0.0,0.0,2.956,1.0,1.0,1598.2099077913936,1050.0,1598.2160505899317,1050.0,0.0007359841756251588,0.0
11896,1662652801000.0,0.0,0.0,0.4,2.945732252740893,0.0,0.0,2.918,1.0,1.0,1598.211784281028,1050.0,1598.2006913799316,1050.0,0.0007372570473358288,0.0
11897,1662656401000.0,0.0,0.0,0.4,2.945732252740893,0.0,0.0,2.899,1.0,1.0,1598.211784281028,1050.0,1598.1930913799317,1050.0,0.0007372570473358288,0.0
11898,1662660001000.0,0.0,0.0,0.4,2.945732252740893,0.0,0.0,2.902,1.0,1.0,1598.211784281028,1050.0,1598.1942913799317,1050.0,0.0007372570473358288,0.0
11899,1662663601000.0,0.0,0.0,0.4,2.945732252740893,0.0,0.0,2.899,1.0,1.0,1598.211784281028,1050.0,1598.1930913799317,1050.0,0.0007372570473358288,0.0
11900,1662667201000.0,0.0,0.0,0.4,2.945732252740893,0.0,0.0,2.922,1.0,1.0,1598.211784281028,1050.0,1598.2022913799317,1050.0,0.0007372570473358288,0.0
11901,1662670801000.0,0.0,0.0,0.4,2.945732252740893,0.0,0.0,2.938,1.0,1.0,1598.211784281028,1050.0,1598.2086913799317,1050.0,0.0007372570473358288,0.0
11902,1662674401000.0,0.0,0.0,0.4,2.945732252740893,0.0,0.0,2.929,1.0,1.0,1598.211784281028,1050.0,1598.2050913799317,1050.0,0.0007372570473358288,0.0
11903,1662678001000.0,0.0,0.0,0.4,2.945732252740893,0.0,0.0,2.927,1.0,1.0,1598.211784281028,1050.0,1598.2042913799316,1050.0,0.0007372570473358288,0.0
11904,1662681601000.0,0.0,0.0,0.4,2.945732252740893,0.0,0.0,2.928,1.0,1.0,1598.211784281028,1050.0,1598.2046913799318,1050.0,0.0007372570473358288,0.0
11905,1662685201000.0,0.0,0.0,0.4,2.9507991895556698,0.0,0.0,2.959,1.0,1.0,1598.2136517457539,1050.0,1598.2169320699315,1050.0,0.0007385243359252915,0.0
11906,1662688801000.0,0.0,0.0,0.4,2.9507991895556698,0.0,0.0,2.944,1.0,1.0,1598.2136517457539,1050.0,1598.2109320699317,1050.0,0.0007385243359252915,0.0
11907,1662692401000.0,0.0,0.0,0.4,2.956099392166752,0.0,0.0,2.959,1.0,1.0,1598.2156123967984,1050.0,1598.2167726399316,1050.0,0.0007398499599771958,0.0
11908,1662696001000.0,0.0,0.0,0.4,3.0066754708117127,0.0,0.0,3.01,1.0,1.0,1598.2326622582564,1050.0,1598.2339920699317,1050.0,0.0007525000688105992,0.0
11909,1662699601000.0,0.0,0.0,0.4,3.0514582178344045,0.0,0.0,3.041,1.0,1.0,1598.2482878370654,1050.0,1598.2441045499315,1050.0,0.0007637006693031384,0.0
11910,1662703201000.0,0.0,0.0,0.4,3.0514582178344045,0.0,0.0,3.043,1.0,1.0,1598.2482878370654,1050.0,1598.2449045499316,1050.0,0.0007637006693031384,0.0
11911,1662706801000.0,0.0,0.0,0.4,3.0514582178344045,0.0,0.0,3.03,1.0,1.0,1598.2482878370654,1050.0,1598.2397045499317,1050.0,0.0007637006693031384,0.0
11912,1662710401000.0,0.0,0.0,0.4,3.0514582178344045,0.0,0.0,3.005,1.0,1.0,1598.2482878370654,1050.0,1598.2297045499317,1050.0,0.0007637006693031384,0.0
11913,1662714001000.0,0.0,0.0,0.4,3.0514582178344045,0.0,0.0,3.037,1.0,1.0,1598.2482878370654,1050.0,1598.2425045499317,1050.0,0.0007637006693031384,0.0
11914,1662717601000.0,0.0,0.0,0.4,3.0514582178344045,0.0,0.0,3.011,1.0,1.0,1598.2482878370654,1050.0,1598.2321045499316,1050.0,0.0007637006693031384,0.0
11915,1662721201000.0,0.0,0.0,0.4,3.0514582178344045,0.0,0.0,3.052,1.0,1.0,1598.2482878370654,1050.0,1598.2485045499316,1050.0,0.0007637006693031384,0.0
11916,1662724801000.0,0.0,0.0,0.4,3.0514582178344045,0.0,0.0,3.022,1.0,1.0,1598.2482878370654,1050.0,1598.2365045499316,1050.0,0.0007637006693031384,0.0
11917,1662728401000.0,0.0,0.0,0.4,3.086877905324444,0.0,0.0,3.065,1.0,1.0,1598.2598465020615,1050.0,1598.2510953399317,1050.0,0.000772559709131243,0.0
11918,1662732001000.0,0.0,0.0,0.4,3.086877905324444,0.0,0.0,3.048,1.0,1.0,1598.2598465020615,1050.0,1598.2442953399318,1050.0,0.000772559709131243,0.0
11919,1662735601000.0,0.0,0.0,0.4,3.086877905324444,0.0,0.0,3.051,1.0,1.0,1598.2598465020615,1050.0,1598.2454953399317,1050.0,0.000772559709131243,0.0
11920,1662739201000.0,0.0,0.0,0.9,3.0452790690330866,0.0,0.0,3.016,1.0,1.0,1598.2596959020614,1050.0,1598.2333447399317,1050.0,0.0017148346849745792,0.0
11921,1662742801000.0,0.0,0.0,0.9,3.0452790690330866,0.0,0.0,3.025,1.0,1.0,1598.2596959020614,1050.0,1598.2414447399317,1050.0,0.0017148346849745792,0.0
11922,1662746401000.0,0.0,0.0,0.9,3.0452790690330866,0.0,0.0,2.988,1.0,1.0,1598.2596959020614,1050.0,1598.2081447399316,1050.0,0.0017148346849745792,0.0
11923,1662750001000.0,0.0,0.0,0.9,3.0452790690330866,0.0,0.0,3.006,1.0,1.0,1598.2596959020614,1050.0,1598.2243447399317,1050.0,0.0017148346849745792,0.0
11924,1662753601000.0,0.0,0.0,0.9,3.0452790690330866,0.0,0.0,3.006,1.0,1.0,1598.2596959020614,1050.0,1598.2243447399317,1050.0,0.0017148346849745792,0.0
11925,1662757201000.0,0.0,0.0,0.9,3.0452790690330866,0.0,0.0,3.016,1.0,1.0,1598.2596959020614,1050.0,1598.2333447399317,1050.0,0.0017148346849745792,0.0
11926,1662760801000.0,0.0,0.0,0.9,3.0452790690330866,0.0,0.0,3.004,1.0,1.0,1598.2596959020614,1050.0,1598.2225447399317,1050.0,0.0017148346849745792,0.0
11927,1662764401000.0,0.0,0.0,0.9,3.0452790690330866,0.0,0.0,3.003,1.0,1.0,1598.2596959020614,1050.0,1598.2216447399317,1050.0,0.0017148346849745792,0.0
11928,1662768001000.0,0.0,0.0,2.1,3.0028338867284656,0.0,0.0,2.997,1.0,1.0,1598.2593393820614,1050.0,1598.2470882199316,1050.0,0.003945511849514899,0.0
11929,1662771601000.0,0.0,0.0,2.1,3.0028338867284656,0.0,0.0,2.997,1.0,1.0,1598.2593393820614,1050.0,1598.2470882199316,1050.0,0.003945511849514899,0.0
11930,1662775201000.0,0.0,0.0,2.1,3.0028338867284656,0.0,0.0,2.997,1.0,1.0,1598.2593393820614,1050.0,1598.2470882199316,1050.0,0.003945511849514899,0.0
11931,1662778801000.0,0.0,0.0,2.1,3.0028338867284656,0.0,0.0,2.997,1.0,1.0,1598.2593393820614,1050.0,1598.2470882199316,1050.0,0.003945511849514899,0.0
11932,1662782401000.0,0.0,0.0,2.1,3.0028338867284656,0.0,0.0,2.997,1.0,1.0,1598.2593393820614,1050.0,1598.2470882199316,1050.0,0.003945511849514899,0.0
11933,1662786001000.0,0.0,0.0,2.1,3.0028338867284656,0.0,0.0,2.997,1.0,1.0,1598.2593393820614,1050.0,1598.2470882199316,1050.0,0.003945511849514899,0.0
11934,1662789601000.0,0.0,0.0,2.1,3.0028338867284656,0.0,0.0,2.997,1.0,1.0,1598.2593393820614,1050.0,1598.2470882199316,1050.0,0.003945511849514899,0.0
11935,1662793201000.0,0.0,0.0,2.1,3.0028338867284656,0.0,0.0,2.997,1.0,1.0,1598.2593393820614,1050.0,1598.2470882199316,1050.0,0.003945511849514899,0.0
11936,1662796801000.0,0.0,0.0,2.1,3.0028338867284656,0.0,0.0,2.997,1.0,1.0,1598.2593393820614,1050.0,1598.2470882199316,1050.0,0.003945511849514899,0.0
11937,1662800401000.0,0.0,0.0,2.1,3.0028338867284656,0.0,0.0,2.997,1.0,1.0,1598.2593393820614,1050.0,1598.2470882199316,1050.0,0.003945511849514899,0.0
11938,1662804001000.0,0.0,0.0,2.1,3.0028338867284656,0.0,0.0,2.997,1.0,1.0,1598.2593393820614,1050.0,1598.2470882199316,1050.0,0.003945511849514899,0.0
11939,1662807601000.0,0.0,0.0,2.1,3.0028338867284656,0.0,0.0,2.997,1.0,1.0,1598.2593393820614,1050.0,1598.2470882199316,1050.0,0.003945511849514899,0.0
11940,1662811201000.0,0.0,0.0,2.1,3.0028338867284656,0.0,0.0,2.997,1.0,1.0,1598.2593393820614,1050.0,1598.2470882199316,1050.0,0.003945511849514899,0.0
11941,1662814801000.0,0.0,0.0,2.1,3.0028338867284656,0.0,0.0,2.997,1.0,1.0,1598.2593393820614,1050.0,1598.2470882199316,1050.0,0.003945511849514899,0.0
11942,1662818401000.0,0.0,0.0,2.1,3.0028338867284656,0.0,0.0,2.997,1.0,1.0,1598.2593393820614,1050.0,1598.2470882199316,1050.0,0.003945511849514899,0.0
11943,1662822001000.0,0.0,0.0,2.1,3.0028338867284656,0.0,0.0,2.997,1.0,1.0,1598.2593393820614,1050.0,1598.2470882199316,1050.0,0.003945511849514899,0.0
11944,1662825601000.0,0.0,0.0,2.1,3.0028338867284656,0.0,0.0,2.997,1.0,1.0,1598.2593393820614,1050.0,1598.2470882199316,1050.0,0.003945511849514899,0.0
11945,1662829201000.0,0.0,0.0,2.1,3.0028338867284656,0.0,0.0,2.997,1.0,1.0,1598.2593393820614,1050.0,1598.2470882199316,1050.0,0.003945511849514899,0.0
11946,1662832801000.0,0.0,0.0,2.1,3.0028338867284656,0.0,0.0,2.997,1.0,1.0,1598.2593393820614,1050.0,1598.2470882199316,1050.0,0.003945511849514899,0.0
11947,1662836401000.0,0.0,0.0,2.1,3.0028338867284656,0.0,0.0,2.997,1.0,1.0,1598.2593393820614,1050.0,1598.2470882199316,1050.0,0.003945511849514899,0.0
11948,1662840001000.0,0.0,0.0,2.1,3.0028338867284656,0.0,0.0,2.997,1.0,1.0,1598.2593393820614,1050.0,1598.2470882199316,1050.0,0.003945511849514899,0.0
11949,1662843601000.0,0.0,0.0,2.1,3.0028338867284656,0.0,0.0,2.997,1.0,1.0,1598.2593393820614,1050.0,1598.2470882199316,1050.0,0.003945511849514899,0.0
11950,1662847201000.0,0.0,0.0,2.1,3.0028338867284656,0.0,0.0,2.997,1.0,1.0,1598.2593393820614,1050.0,1598.2470882199316,1050.0,0.003945511849514899,0.0
11951,1662850801000.0,0.0,0.0,2.1,3.0028338867284656,0.0,0.0,2.997,1.0,1.0,1598.2593393820614,1050.0,1598.2470882199316,1050.0,0.003945511849514899,0.0
11952,1662854401000.0,0.0,0.0,2.1,3.0028338867284656,0.0,0.0,2.997,1.0,1.0,1598.2593393820614,1050.0,1598.2470882199316,1050.0,0.003945511849514899,0.0
11953,1662858001000.0,0.0,0.0,0.5,3.0028338867284656,0.0,0.0,3.007,1.0,1.0,1598.3023203632965,1050.0,1598.3044034199322,1050.0,0.0009393823210010472,0.0
11954,1662861601000.0,0.0,0.0,0.4,3.0153440612847615,0.0,0.0,3.021,1.0,1.0,1598.3081896544466,1050.0,1598.3104520299325,1050.0,0.0007546339512748609,0.0
11955,1662865201000.0,0.0,0.0,0.4,3.0153440612847615,0.0,0.0,3.018,1.0,1.0,1598.3081896544466,1050.0,1598.3092520299326,1050.0,0.0007546339512748609,0.0
11956,1662868801000.0,0.0,0.0,0.4,3.0153440612847615,0.0,0.0,3.022,1.0,1.0,1598.3081896544466,1050.0,1598.3108520299327,1050.0,0.0007546339512748609,0.0
11957,1662872401000.0,0.0,0.0,0.4,3.031301400854508,0.0,0.0,3.035,1.0,1.0,1598.3140901002744,1050.0,1598.3155695399325,1050.0,0.0007586247082797928,0.0
11958,1662876001000.0,0.0,0.0,0.4,3.031301400854508,0.0,0.0,3.021,1.0,1.0,1598.3140901002744,1050.0,1598.3099695399326,1050.0,0.0007586247082797928,0.0
11959,1662879601000.0,0.0,0.0,0.9,2.9905784003797815,0.0,0.0,2.985,1.0,1.0,1598.3139422002744,1050.0,1598.3089216399326,1050.0,0.0016839748995973822,0.0
11960,1662883201000.0,0.0,0.0,0.4,3.0123626969951647,0.0,0.0,3.029,1.0,1.0,1598.331774598731,1050.0,1598.338429519933,1050.0,0.0007538766969082957,0.0
11961,1662886801000.0,0.0,0.0,0.4,3.023079017059779,0.0,0.0,3.03,1.0,1.0,1598.335739686757,1050.0,1598.338508079933,1050.0,0.0007565566963176947,0.0
11962,1662890401000.0,0.0,0.0,0.4,3.023079017059779,0.0,0.0,3.003,1.0,1.0,1598.335739686757,1050.0,1598.3277080799332,1050.0,0.0007565566963176947,0.0
11963,1662894001000.0,0.0,0.0,0.4,3.023079017059779,0.0,0.0,2.995,1.0,1.0,1598.335739686757,1050.0,1598.3245080799331,1050.0,0.0007565566963176947,0.0
11964,1662897601000.0,0.0,0.0,0.4,3.023079017059779,0.0,0.0,2.995,1.0,1.0,1598.335739686757,1050.0,1598.3245080799331,1050.0,0.0007565566963176947,0.0
11965,1662901201000.0,0.0,0.0,0.4,3.023079017059779,0.0,0.0,2.995,1.0,1.0,1598.335739686757,1050.0,1598.3245080799331,1050.0,0.0007565566963176947,0.0
11966,1662904801000.0,0.0,0.0,0.4,3.023079017059779,0.0,0.0,2.985,1.0,1.0,1598.335739686757,1050.0,1598.3205080799332,1050.0,0.0007565566963176947,0.0
11967,1662908401000.0,0.0,0.0,0.4,3.023079017059779,0.0,0.0,2.977,1.0,1.0,1598.335739686757,1050.0,1598.3173080799331,1050.0,0.0007565566963176947,0.0
11968,1662912001000.0,0.0,0.0,0.4,3.023079017059779,0.0,0.0,2.99,1.0,1.0,1598.335739686757,1050.0,1598.3225080799332,1050.0,0.0007565566963176947,0.0
11969,1662915601000.0,0.0,0.0,0.4,3.023079017059779,0.0,0.0,3.016,1.0,1.0,1598.335739686757,1050.0,1598.332908079933,1050.0,0.0007565566963176947,0.0
11970,1662919201000.0,0.0,0.0,0.4,3.023079017059779,0.0,0.0,2.991,1.0,1.0,1598.335739686757,1050.0,1598.322908079933,1050.0,0.0007565566963176947,0.0
11971,1662922801000.0,0.0,0.0,0.4,3.023079017059779,0.0,0.0,2.969,1.0,1.0,1598.335739686757,1050.0,1598.3141080799332,1050.0,0.0007565566963176947,0.0
11972,1662926401000.0,0.0,0.0,0.4,3.023079017059779,0.0,0.0,2.973,1.0,1.0,1598.335739686757,1050.0,1598.315708079933,1050.0,0.0007565566963176947,0.0
11973,1662930001000.0,0.0,0.0,0.9,2.98247956313768,0.0,0.0,2.96,1.0,1.0,1598.3355921867571,1050.0,1598.3153605799332,1050.0,0.0016793917497335401,0.0
11974,1662933601000.0,0.0,0.0,2.1,2.941062669916149,0.0,0.0,2.908,1.0,1.0,1598.335242986757,1050.0,1598.2658113799332,1050.0,0.0038641653144571783,0.0
11975,1662937201000.0,0.0,0.0,2.1,2.941062669916149,0.0,0.0,2.929,1.0,1.0,1598.335242986757,1050.0,1598.309911379933,1050.0,0.0038641653144571783,0.0
11976,1662940801000.0,0.0,0.0,2.1,2.941062669916149,0.0,0.0,2.957,1.0,1.0,1598.335242986757,1050.0,1598.368711379933,1050.0,0.0038641653144571783,0.0
11977,1662944401000.0,0.0,0.0,2.1,2.941062669916149,0.0,0.0,2.891,1.0,1.0,1598.335242986757,1050.0,1598.230111379933,1050.0,0.0038641653144571783,0.0
11978,1662948001000.0,0.0,0.0,0.4,2.9859534229031555,0.0,0.0,3.005,1.0,1.0,1598.4355438390942,1050.0,1598.443162469933,1050.0,0.000747218975306704,0.0
11979,1662951601000.0,0.0,0.0,0.4,3.0075282314654506,0.0,0.0,2.947,1.0,1.0,1598.443232572519,1050.0,1598.4190212799328,1050.0,0.0007526143362939862,0.0
11980,1662955201000.0,0.0,0.0,2.1,2.9259577583743717,0.0,0.0,2.917,1.0,1.0,1598.442738422519,1050.0,1598.4239271299327,1050.0,0.0038440609381166285,0.0
11981,1662958801000.0,0.0,0.0,2.1,2.9259577583743717,0.0,0.0,2.937,1.0,1.0,1598.442738422519,1050.0,1598.4659271299327,1050.0,0.0038440609381166285,0.0
11982,1662962401000.0,0.0,0.0,2.1,2.9259577583743717,0.0,0.0,2.939,1.0,1.0,1598.442738422519,1050.0,1598.4701271299327,1050.0,0.0038440609381166285,0.0
11983,1662966001000.0,0.0,0.0,1.0,2.9259577583743717,0.0,0.0,2.947,1.0,1.0,1598.464460828308,1050.0,1598.4855030699334,1050.0,0.0018304803328928379,0.0
11984,1662969601000.0,0.0,0.0,0.4,2.95606419461423,0.0,0.0,2.971,1.0,1.0,1598.4889555377797,1050.0,1598.494929859934,1050.0,0.0007397146372199291,0.0
11985,1662973201000.0,0.0,0.0,0.4,2.9824654289953685,0.0,0.0,2.987,1.0,1.0,1598.4986173315322,1050.0,1598.5004311599341,1050.0,0.0007463166740736188,0.0
11986,1662976801000.0,0.0,0.0,0.4,2.9824654289953685,0.0,0.0,2.996,1.0,1.0,1598.4986173315322,1050.0,1598.504031159934,1050.0,0.0007463166740736188,0.0
11987,1662980401000.0,0.0,0.0,0.4,2.9982119778574203,0.0,0.0,3.015,1.0,1.0,1598.5044354610768,1050.0,1598.5111506699338,1050.0,0.0007502542780227215,0.0
11988,1662984001000.0,0.0,0.0,0.4,3.0088067375447984,0.0,0.0,3.003,1.0,1.0,1598.508352504952,1050.0,1598.506029809934,1050.0,0.0007529036011178372,0.0
11989,1662987601000.0,0.0,0.0,0.4,3.0193287898689483,0.0,0.0,3.027,1.0,1.0,1598.5122400458815,1050.0,1598.515308529934,1050.0,0.0007555347314155783,0.0
11990,1662991201000.0,0.0,0.0,0.4,3.0193287898689483,0.0,0.0,3.005,1.0,1.0,1598.5122400458815,1050.0,1598.5065085299339,1050.0,0.0007555347314155783,0.0
11991,1662994801000.0,0.0,0.0,0.4,3.0193287898689483,0.0,0.0,2.99,1.0,1.0,1598.5122400458815,1050.0,1598.500508529934,1050.0,0.0007555347314155783,0.0
11992,1662998401000.0,0.0,0.0,0.9,2.979146128830644,0.0,0.0,2.941,1.0,1.0,1598.5120926958816,1050.0,1598.477761179934,1050.0,0.0016773295167418457,0.0
11993,1663002001000.0,0.0,0.0,2.1,2.9379197694988473,0.0,0.0,2.934,1.0,1.0,1598.5117438558816,1050.0,1598.503512339934,1050.0,0.003859609752422201,0.0
11994,1663005601000.0,0.0,0.0,1.7,2.9379197694988473,0.0,0.0,2.97,1.0,1.0,1598.519657628082,1050.0,1598.574194019934,1050.0,0.0031244305218985752,0.0
11995,1663009201000.0,0.0,0.0,0.4,2.9474398271241355,0.0,0.0,2.971,1.0,1.0,1598.548925910784,1050.0,1598.5583499799343,1050.0,0.0007375288373972819,0.0
11996,1663012801000.0,0.0,0.0,0.4,2.9627636770679935,0.0,0.0,2.966,1.0,1.0,1598.5545771007614,1050.0,1598.5558716299342,1050.0,0.0007413606565604904,0.0
11997,1663016401000.0,0.0,0.0,0.4,2.9627636770679935,0.0,0.0,2.969,1.0,1.0,1598.5545771007614,1050.0,1598.5570716299342,1050.0,0.0007413606565604904,0.0
11998,1663020001000.0,0.0,0.0,0.4,2.9627636770679935,0.0,0.0,2.947,1.0,1.0,1598.5545771007614,1050.0,1598.5482716299343,1050.0,0.0007413606565604904,0.0
11999,1663023601000.0,0.0,0.0,0.4,2.9627636770679935,0.0,0.0,2.942,1.0,1.0,1598.5545771007614,1050.0,1598.5462716299342,1050.0,0.0007413606565604904,0.0
12000,1663027201000.0,0.0,0.0,0.4,2.9627636770679935,0.0,0.0,2.94,1.0,1.0,1598.5545771007614,1050.0,1598.5454716299341,1050.0,0.0007413606565604904,0.0
12001,1663030801000.0,0.0,0.0,0.9,2.9228949675857754,0.0,0.0,2.913,1.0,1.0,1598.5544325507615,1050.0,1598.5455270799343,1050.0,0.0016456151991206367,0.0
12002,1663034401000.0,0.0,0.0,0.9,2.9228949675857754,0.0,0.0,2.899,1.0,1.0,1598.5544325507615,1050.0,1598.5329270799343,1050.0,0.0016456151991206367,0.0
12003,1663038001000.0,0.0,0.0,0.9,2.9228949675857754,0.0,0.0,2.935,1.0,1.0,1598.5544325507615,1050.0,1598.5653270799344,1050.0,0.0016456151991206367,0.0
12004,1663041601000.0,0.0,0.0,0.5,2.9228949675857754,0.0,0.0,2.952,1.0,1.0,1598.5619568837271,1050.0,1598.5765093999341,1050.0,0.0009142263629505275,0.0
12005,1663045201000.0,0.0,0.0,0.4,2.9331909192669983,0.0,0.0,2.924,1.0,1.0,1598.5676385276408,1050.0,1598.5639621599341,1050.0,0.0007339547851647019,0.0
12006,1663048801000.0,0.0,0.0,0.4,2.9383931894502484,0.0,0.0,2.949,1.0,1.0,1598.5695603657143,1050.0,1598.5738030899342,1050.0,0.0007352556341127913,0.0
12007,1663052401000.0,0.0,0.0,0.4,2.959308001349492,0.0,0.0,2.947,1.0,1.0,1598.5771889804744,1050.0,1598.5722657799345,1050.0,0.0007404854821522511,0.0
12008,1663056001000.0,0.0,0.0,0.4,2.959308001349492,0.0,0.0,2.97,1.0,1.0,1598.5771889804744,1050.0,1598.5814657799347,1050.0,0.0007404854821522511,0.0
12009,1663059601000.0,0.0,0.0,0.4,2.969610750759089,0.0,0.0,2.956,1.0,1.0,1598.5809908002382,1050.0,1598.5755464999345,1050.0,0.0007430616948028446,0.0
12010,1663063201000.0,0.0,0.0,0.4,2.969610750759089,0.0,0.0,2.935,1.0,1.0,1598.5809908002382,1050.0,1598.5671464999346,1050.0,0.0007430616948028446,0.0
12011,1663066801000.0,0.0,0.0,0.4,2.969610750759089,0.0,0.0,2.943,1.0,1.0,1598.5809908002382,1050.0,1598.5703464999344,1050.0,0.0007430616948028446,0.0
12012,1663070401000.0,0.0,0.0,0.4,2.969610750759089,0.0,0.0,2.962,1.0,1.0,1598.5809908002382,1050.0,1598.5779464999346,1050.0,0.0007430616948028446,0.0
12013,1663074001000.0,0.0,0.0,7.6,2.8071968684476873,0.0,0.0,2.779,1.0,1.0,1598.6692853001368,1050.0,1598.4549890999344,1050.0,0.01334528435391627,0.0
12014,1663077601000.0,0.0,0.0,7.6,2.8071968684476873,0.0,0.0,2.803,1.0,1.0,1598.6692853001368,1050.0,1598.6373890999344,1050.0,0.01334528435391627,0.0
12015,1663081201000.0,0.0,0.0,1.0,2.8071968684476873,0.0,0.0,2.795,1.0,1.0,1598.7915208083818,1050.0,1598.779323939934,1050.0,0.001755824215922981,0.0
12016,1663084801000.0,0.0,0.0,1.0,2.8071968684476873,0.0,0.0,2.787,1.0,1.0,1598.7915208083818,1050.0,1598.771323939934,1050.0,0.001755824215922981,0.0
12017,1663088401000.0,0.0,0.0,1.0,2.8071968684476873,0.0,0.0,2.8,1.0,1.0,1598.7915208083818,1050.0,1598.7843239399342,1050.0,0.001755824215922981,0.0
12018,1663092001000.0,0.0,0.0,1.0,2.8071968684476873,0.0,0.0,2.805,1.0,1.0,1598.7915208083818,1050.0,1598.789323939934,1050.0,0.001755824215922981,0.0
12019,1663095601000.0,0.0,0.0,2.3,2.76865081236856,0.0,0.0,2.738,1.0,1.0,1598.791164738382,1050.0,1598.7206678699342,1050.0,0.003982944745313062,0.0
12020,1663099201000.0,0.0,0.0,2.3,2.76865081236856,0.0,0.0,2.771,1.0,1.0,1598.791164738382,1050.0,1598.7965678699343,1050.0,0.003982944745313062,0.0
12021,1663102801000.0,0.0,0.0,1.9,2.76865081236856,0.0,0.0,2.766,1.0,1.0,1598.7983929334343,1050.0,1598.7933563899342,1050.0,0.003290243827333695,0.0
12022,1663106401000.0,0.0,0.0,1.9,2.76865081236856,0.0,0.0,2.766,1.0,1.0,1598.7983929334343,1050.0,1598.7933563899342,1050.0,0.003290243827333695,0.0
12023,1663110001000.0,0.0,0.0,1.9,2.76865081236856,0.0,0.0,2.728,1.0,1.0,1598.7983929334343,1050.0,1598.721156389934,1050.0,0.003290243827333695,0.0
12024,1663113601000.0,0.0,0.0,4.4,2.730212850795514,0.0,0.0,2.715,1.0,1.0,1598.7977176834343,1050.0,1598.730781139934,1050.0,0.007513731356150742,0.0
12025,1663117201000.0,0.0,0.0,4.4,2.730212850795514,0.0,0.0,2.728,1.0,1.0,1598.7977176834343,1050.0,1598.787981139934,1050.0,0.007513731356150742,0.0
12026,1663120801000.0,0.0,0.0,2.0,2.730212850795514,0.0,0.0,2.747,1.0,1.0,1598.8421470815251,1050.0,1598.875721379934,1050.0,0.0034152375277061047,0.0
12027,1663124401000.0,0.0,0.0,0.4,2.7434947285724762,0.0,0.0,2.76,1.0,1.0,1598.8837683113625,1050.0,1598.8903704199336,1050.0,0.0006863525124080728,0.0
12028,1663128001000.0,0.0,0.0,0.4,2.748371046429357,0.0,0.0,2.754,1.0,1.0,1598.8855635885052,1050.0,1598.8878151699334,1050.0,0.0006875716709233325,0.0
12029,1663131601000.0,0.0,0.0,0.4,2.748371046429357,0.0,0.0,2.763,1.0,1.0,1598.8855635885052,1050.0,1598.8914151699335,1050.0,0.0006875716709233325,0.0
12030,1663135201000.0,0.0,0.0,0.4,2.748371046429357,0.0,0.0,2.758,1.0,1.0,1598.8855635885052,1050.0,1598.8894151699335,1050.0,0.0006875716709233325,0.0
12031,1663138801000.0,0.0,0.0,0.4,2.748371046429357,0.0,0.0,2.735,1.0,1.0,1598.8855635885052,1050.0,1598.8802151699335,1050.0,0.0006875716709233325,0.0
12032,1663142401000.0,0.0,0.0,0.4,2.748371046429357,0.0,0.0,2.737,1.0,1.0,1598.8855635885052,1050.0,1598.8810151699336,1050.0,0.0006875716709233325,0.0
12033,1663146001000.0,0.0,0.0,0.4,2.748371046429357,0.0,0.0,2.737,1.0,1.0,1598.8855635885052,1050.0,1598.8810151699336,1050.0,0.0006875716709233325,0.0
12034,1663149601000.0,0.0,0.0,0.4,2.748371046429357,0.0,0.0,2.724,1.0,1.0,1598.8855635885052,1050.0,1598.8758151699335,1050.0,0.0006875716709233325,0.0
12035,1663153201000.0,0.0,0.0,0.4,2.748371046429357,0.0,0.0,2.737,1.0,1.0,1598.8855635885052,1050.0,1598.8810151699336,1050.0,0.0006875716709233325,0.0
12036,1663156801000.0,0.0,0.0,0.4,2.748371046429357,0.0,0.0,2.703,1.0,1.0,1598.8855635885052,1050.0,1598.8674151699333,1050.0,0.0006875716709233325,0.0
12037,1663160401000.0,0.0,0.0,0.9,2.711498242857492,0.0,0.0,2.692,1.0,1.0,1598.8854294885052,1050.0,1598.8678810699334,1050.0,0.00152628097896447,0.0
12038,1663164001000.0,0.0,0.0,0.9,2.711498242857492,0.0,0.0,2.693,1.0,1.0,1598.8854294885052,1050.0,1598.8687810699334,1050.0,0.00152628097896447,0.0
12039,1663167601000.0,0.0,0.0,0.9,2.711498242857492,0.0,0.0,2.697,1.0,1.0,1598.8854294885052,1050.0,1598.8723810699335,1050.0,0.00152628097896447,0.0
12040,1663171201000.0,0.0,0.0,0.9,2.711498242857492,0.0,0.0,2.675,1.0,1.0,1598.8854294885052,1050.0,1598.8525810699334,1050.0,0.00152628097896447,0.0
12041,1663174801000.0,0.0,0.0,0.9,2.711498242857492,0.0,0.0,2.669,1.0,1.0,1598.8854294885052,1050.0,1598.8471810699334,1050.0,0.00152628097896447,0.0
12042,1663178401000.0,0.0,0.0,0.9,2.711498242857492,0.0,0.0,2.676,1.0,1.0,1598.8854294885052,1050.0,1598.8534810699334,1050.0,0.00152628097896447,0.0
12043,1663182001000.0,0.0,0.0,2.1,2.6740706755103534,0.0,0.0,2.667,1.0,1.0,1598.8851119685053,1050.0,1598.8702635499335,1050.0,0.0035121650558482135,0.0
12044,1663185601000.0,0.0,0.0,2.1,2.6740706755103534,0.0,0.0,2.683,1.0,1.0,1598.8851119685053,1050.0,1598.9038635499335,1050.0,0.0035121650558482135,0.0
12045,1663189201000.0,0.0,0.0,2.1,2.6740706755103534,0.0,0.0,2.685,1.0,1.0,1598.8851119685053,1050.0,1598.9080635499336,1050.0,0.0035121650558482135,0.0
12046,1663192801000.0,0.0,0.0,0.4,2.682553006632765,0.0,0.0,2.706,1.0,1.0,1598.9198728125873,1050.0,1598.9292516099342,1050.0,0.0006710912916265174,0.0
12047,1663196401000.0,0.0,0.0,0.4,2.706697637316173,0.0,0.0,2.715,1.0,1.0,1598.9286595848607,1050.0,1598.9319805299342,1050.0,0.0006771278058194112,0.0
12048,1663200001000.0,0.0,0.0,0.4,2.7115232279871293,0.0,0.0,2.714,1.0,1.0,1598.9304353111293,1050.0,1598.9314260199344,1050.0,0.000678334258478107,0.0
12049,1663203601000.0,0.0,0.0,0.4,2.7115232279871293,0.0,0.0,2.691,1.0,1.0,1598.9304353111293,1050.0,1598.9222260199344,1050.0,0.000678334258478107,0.0
12050,1663207201000.0,0.0,0.0,0.4,2.7115232279871293,0.0,0.0,2.68,1.0,1.0,1598.9304353111293,1050.0,1598.9178260199344,1050.0,0.000678334258478107,0.0
12051,1663210801000.0,0.0,0.0,0.9,2.675121434660946,0.0,0.0,2.641,1.0,1.0,1598.9303030111294,1050.0,1598.8995937199345,1050.0,0.0015057625005047474,0.0
12052,1663214401000.0,0.0,0.0,2.1,2.637909186283262,0.0,0.0,2.611,1.0,1.0,1598.9299898111294,1050.0,1598.8734805199347,1050.0,0.0034645727620939842,0.0
12053,1663218001000.0,0.0,0.0,2.1,2.637909186283262,0.0,0.0,2.602,1.0,1.0,1598.9299898111294,1050.0,1598.8545805199346,1050.0,0.0034645727620939842,0.0
12054,1663221601000.0,0.0,0.0,2.1,2.637909186283262,0.0,0.0,2.625,1.0,1.0,1598.9299898111294,1050.0,1598.9028805199346,1050.0,0.0034645727620939842,0.0
12055,1663225201000.0,0.0,0.0,0.4,2.6592273129632504,0.0,0.0,2.669,1.0,1.0,1598.9836579451203,1050.0,1598.9875670199349,1050.0,0.0006652293911197732,0.0
12056,1663228801000.0,0.0,0.0,0.4,2.7415483261368077,0.0,0.0,2.704,1.0,1.0,1599.0118701203903,1050.0,1598.9968507899355,1050.0,0.0006858106252658139,0.0
12057,1663232401000.0,0.0,0.0,0.9,2.7045770338385813,0.0,0.0,2.664,1.0,1.0,1599.0117363703903,1050.0,1598.9752170399356,1050.0,0.0015222648308885777,0.0
12058,1663236001000.0,0.0,0.0,0.9,2.7045770338385813,0.0,0.0,2.657,1.0,1.0,1599.0117363703903,1050.0,1598.9689170399356,1050.0,0.0015222648308885777,0.0
12059,1663239601000.0,0.0,0.0,2.1,2.6671044430736774,0.0,0.0,2.638,1.0,1.0,1599.0114196903903,1050.0,1598.9503003599357,1050.0,0.0035027387931595914,0.0
12060,1663243201000.0,0.0,0.0,2.1,2.6671044430736774,0.0,0.0,2.659,1.0,1.0,1599.0114196903903,1050.0,1598.9944003599355,1050.0,0.0035027387931595914,0.0
12061,1663246801000.0,0.0,0.0,2.1,2.6671044430736774,0.0,0.0,2.669,1.0,1.0,1599.0114196903903,1050.0,1599.0154003599355,1050.0,0.0035027387931595914,0.0
12062,1663250401000.0,0.0,0.0,2.1,2.6671044430736774,0.0,0.0,2.67,1.0,1.0,1599.0114196903903,1050.0,1599.0175003599356,1050.0,0.0035027387931595914,0.0
12063,1663254001000.0,0.0,0.0,4.9,2.629901904174433,0.0,0.0,2.588,1.0,1.0,1599.0106911303903,1050.0,1598.8053717999355,1050.0,0.008059057642288084,0.0
12064,1663257601000.0,0.0,0.0,4.9,2.629901904174433,0.0,0.0,2.617,1.0,1.0,1599.0106911303903,1050.0,1598.9474717999356,1050.0,0.008059057642288084,0.0
12065,1663261201000.0,0.0,0.0,4.9,2.629901904174433,0.0,0.0,2.63,1.0,1.0,1599.0106911303903,1050.0,1599.0111717999357,1050.0,0.008059057642288084,0.0
12066,1663264801000.0,0.0,0.0,4.9,2.629901904174433,0.0,0.0,2.63,1.0,1.0,1599.0106911303903,1050.0,1599.0111717999357,1050.0,0.008059057642288084,0.0
12067,1663268401000.0,0.0,0.0,4.9,2.629901904174433,0.0,0.0,2.614,1.0,1.0,1599.0106911303903,1050.0,1598.9327717999356,1050.0,0.008059057642288084,0.0
12068,1663272001000.0,0.0,0.0,4.9,2.629901904174433,0.0,0.0,2.62,1.0,1.0,1599.0106911303903,1050.0,1598.9621717999357,1050.0,0.008059057642288084,0.0
12069,1663275601000.0,0.0,0.0,4.9,2.629901904174433,0.0,0.0,2.624,1.0,1.0,1599.0106911303903,1050.0,1598.9817717999356,1050.0,0.008059057642288084,0.0
12070,1663279201000.0,0.0,0.0,4.9,2.629901904174433,0.0,0.0,2.614,1.0,1.0,1599.0106911303903,1050.0,1598.9327717999356,1050.0,0.008059057642288084,0.0
12071,1663282801000.0,0.0,0.0,4.9,2.629901904174433,0.0,0.0,2.588,1.0,1.0,1599.0106911303903,1050.0,1598.8053717999355,1050.0,0.008059057642288084,0.0
12072,1663286401000.0,0.0,0.0,4.9,2.629901904174433,0.0,0.0,2.582,1.0,1.0,1599.0106911303903,1050.0,1598.7759717999356,1050.0,0.008059057642288084,0.0
12073,1663290001000.0,0.0,0.0,11.4,2.5917560816188354,0.0,0.0,2.592,1.0,1.0,1599.0090251803904,1050.0,1599.0118058499356,1050.0,0.018477706420150772,0.0
12074,1663293601000.0,0.0,0.0,11.4,2.5917560816188354,0.0,0.0,2.569,1.0,1.0,1599.0090251803904,1050.0,1598.7496058499357,1050.0,0.018477706420150772,0.0
12075,1663297201000.0,0.0,0.0,11.4,2.5917560816188354,0.0,0.0,2.562,1.0,1.0,1599.0090251803904,1050.0,1598.6698058499358,1050.0,0.018477706420150772,0.0
12076,1663300801000.0,0.0,0.0,11.4,2.5917560816188354,0.0,0.0,2.573,1.0,1.0,1599.0090251803904,1050.0,1598.7952058499357,1050.0,0.018477706420150772,0.0
12077,1663304401000.0,0.0,0.0,11.4,2.5917560816188354,0.0,0.0,2.587,1.0,1.0,1599.0090251803904,1050.0,1598.9548058499356,1050.0,0.018477706420150772,0.0
12078,1663308001000.0,0.0,0.0,1.2,2.5917560816188354,0.0,0.0,2.61,1.0,1.0,1599.1822519678788,1050.0,1599.204144669936,1050.0,0.0019448110395894214,0.0
12079,1663311601000.0,0.0,0.0,0.4,2.6009877959105943,0.0,0.0,2.603,1.0,1.0,1599.1992265883005,1050.0,1599.2000314699362,1050.0,0.0006505725497277758,0.0
12080,1663315201000.0,0.0,0.0,0.4,2.6009877959105943,0.0,0.0,2.601,1.0,1.0,1599.1992265883005,1050.0,1599.1992314699362,1050.0,0.0006505725497277758,0.0
12081,1663318801000.0,0.0,0.0,0.4,2.6009877959105943,0.0,0.0,2.564,1.0,1.0,1599.1992265883005,1050.0,1599.1844314699363,1050.0,0.0006505725497277758,0.0
12082,1663322401000.0,0.0,0.0,0.4,2.6009877959105943,0.0,0.0,2.594,1.0,1.0,1599.1992265883005,1050.0,1599.1964314699362,1050.0,0.0006505725497277758,0.0
12083,1663326001000.0,0.0,0.0,0.4,2.610118135199709,0.0,0.0,2.622,1.0,1.0,1599.2025738840161,1050.0,1599.2073266299362,1050.0,0.0006528549110224258,0.0
12084,1663329601000.0,0.0,0.0,0.4,2.619378951049836,0.0,0.0,2.632,1.0,1.0,1599.2059729903563,1050.0,1599.2110214099364,1050.0,0.0006551698768737982,0.0
12085,1663333201000.0,0.0,0.0,0.4,2.628963159965532,0.0,0.0,2.617,1.0,1.0,1599.2094010639228,1050.0,1599.2046157999366,1050.0,0.0006575657092101971,0.0
12086,1663336801000.0,0.0,0.0,0.9,2.5939836266513474,0.0,0.0,2.563,1.0,1.0,1599.2092727639229,1050.0,1599.1813874999366,1050.0,0.0014598372481616087,0.0
12087,1663340401000.0,0.0,0.0,0.9,2.5939836266513474,0.0,0.0,2.583,1.0,1.0,1599.2092727639229,1050.0,1599.1993874999366,1050.0,0.0014598372481616087,0.0
12088,1663344001000.0,0.0,0.0,0.9,2.5939836266513474,0.0,0.0,2.595,1.0,1.0,1599.2092727639229,1050.0,1599.2101874999366,1050.0,0.0014598372481616087,0.0
12089,1663347601000.0,0.0,0.0,0.9,2.5939836266513474,0.0,0.0,2.565,1.0,1.0,1599.2092727639229,1050.0,1599.1831874999366,1050.0,0.0014598372481616087,0.0
12090,1663351201000.0,0.0,0.0,0.9,2.5939836266513474,0.0,0.0,2.55,1.0,1.0,1599.2092727639229,1050.0,1599.1696874999366,1050.0,0.0014598372481616087,0.0
12091,1663354801000.0,0.0,0.0,2.1,2.5579929828505774,0.0,0.0,2.555,1.0,1.0,1599.208969043923,1050.0,1599.2026837799367,1050.0,0.0033590264736932415,0.0
12092,1663358401000.0,0.0,0.0,2.1,2.5579929828505774,0.0,0.0,2.553,1.0,1.0,1599.208969043923,1050.0,1599.1984837799366,1050.0,0.0033590264736932415,0.0
12093,1663362001000.0,0.0,0.0,2.1,2.5579929828505774,0.0,0.0,2.568,1.0,1.0,1599.208969043923,1050.0,1599.2299837799367,1050.0,0.0033590264736932415,0.0
12094,1663365601000.0,0.0,0.0,0.4,2.5715907896400867,0.0,0.0,2.574,1.0,1.0,1599.242427535793,1050.0,1599.243391219937,1050.0,0.0006432022426024666,0.0
12095,1663369201000.0,0.0,0.0,0.4,2.5715907896400867,0.0,0.0,2.582,1.0,1.0,1599.242427535793,1050.0,1599.246591219937,1050.0,0.0006432022426024666,0.0
12096,1663372801000.0,0.0,0.0,0.4,2.5761930922300644,0.0,0.0,2.593,1.0,1.0,1599.2441166668289,1050.0,1599.2508394299368,1050.0,0.0006443526827159844,0.0
12097,1663376401000.0,0.0,0.0,0.4,2.625959603659275,0.0,0.0,2.609,1.0,1.0,1599.260851601401,1050.0,1599.2540677599375,1050.0,0.0006567933182456886,0.0
12098,1663380001000.0,0.0,0.0,0.4,2.625959603659275,0.0,0.0,2.629,1.0,1.0,1599.260851601401,1050.0,1599.2620677599373,1050.0,0.0006567933182456886,0.0
12099,1663383601000.0,0.0,0.0,0.4,2.625959603659275,0.0,0.0,2.627,1.0,1.0,1599.260851601401,1050.0,1599.2612677599375,1050.0,0.0006567933182456886,0.0
12100,1663387201000.0,0.0,0.0,0.4,2.625959603659275,0.0,0.0,2.633,1.0,1.0,1599.260851601401,1050.0,1599.2636677599373,1050.0,0.0006567933182456886,0.0
12101,1663390801000.0,0.0,0.0,0.4,2.6448661245953167,0.0,0.0,2.653,1.0,1.0,1599.2677020997755,1050.0,1599.2709556499374,1050.0,0.0006615192993950198,0.0
12102,1663394401000.0,0.0,0.0,0.4,2.6448661245953167,0.0,0.0,2.642,1.0,1.0,1599.2677020997755,1050.0,1599.2665556499373,1050.0,0.0006615192993950198,0.0
12103,1663398001000.0,0.0,0.0,0.4,2.6448661245953167,0.0,0.0,2.63,1.0,1.0,1599.2677020997755,1050.0,1599.2617556499374,1050.0,0.0006615192993950198,0.0
12104,1663401601000.0,0.0,0.0,0.4,2.6448661245953167,0.0,0.0,2.642,1.0,1.0,1599.2677020997755,1050.0,1599.2665556499373,1050.0,0.0006615192993950198,0.0
12105,1663405201000.0,0.0,0.0,0.4,2.654237195084865,0.0,0.0,2.668,1.0,1.0,1599.2711439079715,1050.0,1599.2766490299375,1050.0,0.0006638617110539451,0.0
12106,1663408801000.0,0.0,0.0,0.4,2.654237195084865,0.0,0.0,2.632,1.0,1.0,1599.2711439079715,1050.0,1599.2622490299375,1050.0,0.0006638617110539451,0.0
12107,1663412401000.0,0.0,0.0,0.4,2.654237195084865,0.0,0.0,2.629,1.0,1.0,1599.2711439079715,1050.0,1599.2610490299376,1050.0,0.0006638617110539451,0.0
12108,1663416001000.0,0.0,0.0,0.4,2.654237195084865,0.0,0.0,2.625,1.0,1.0,1599.2711439079715,1050.0,1599.2594490299375,1050.0,0.0006638617110539451,0.0
12109,1663419601000.0,0.0,0.0,0.4,2.654237195084865,0.0,0.0,2.638,1.0,1.0,1599.2711439079715,1050.0,1599.2646490299376,1050.0,0.0006638617110539451,0.0
12110,1663423201000.0,0.0,0.0,0.4,2.654237195084865,0.0,0.0,2.637,1.0,1.0,1599.2711439079715,1050.0,1599.2642490299374,1050.0,0.0006638617110539451,0.0
12111,1663426801000.0,0.0,0.0,0.4,2.654237195084865,0.0,0.0,2.659,1.0,1.0,1599.2711439079715,1050.0,1599.2730490299375,1050.0,0.0006638617110539451,0.0
12112,1663430401000.0,0.0,0.0,0.4,2.654237195084865,0.0,0.0,2.657,1.0,1.0,1599.2711439079715,1050.0,1599.2722490299375,1050.0,0.0006638617110539451,0.0
12113,1663434001000.0,0.0,0.0,0.4,2.6787506234429896,0.0,0.0,2.691,1.0,1.0,1599.2797809893148,1050.0,1599.2846807399376,1050.0,0.0006699892427292275,0.0
12114,1663437601000.0,0.0,0.0,0.4,2.710228647132505,0.0,0.0,2.702,1.0,1.0,1599.2901011187905,1050.0,1599.2868096599375,1050.0,0.0006778579183943058,0.0
12115,1663441201000.0,0.0,0.0,0.4,2.710228647132505,0.0,0.0,2.68,1.0,1.0,1599.2901011187905,1050.0,1599.2780096599374,1050.0,0.0006778579183943058,0.0
12116,1663444801000.0,0.0,0.0,0.4,2.710228647132505,0.0,0.0,2.677,1.0,1.0,1599.2901011187905,1050.0,1599.2768096599375,1050.0,0.0006778579183943058,0.0
12117,1663448401000.0,0.0,0.0,0.4,2.710228647132505,0.0,0.0,2.689,1.0,1.0,1599.2901011187905,1050.0,1599.2816096599374,1050.0,0.0006778579183943058,0.0
12118,1663452001000.0,0.0,0.0,0.4,2.710228647132505,0.0,0.0,2.708,1.0,1.0,1599.2901011187905,1050.0,1599.2892096599376,1050.0,0.0006778579183943058,0.0
12119,1663455601000.0,0.0,0.0,0.4,2.710228647132505,0.0,0.0,2.716,1.0,1.0,1599.2901011187905,1050.0,1599.2924096599374,1050.0,0.0006778579183943058,0.0
12120,1663459201000.0,0.0,0.0,0.4,2.724518335509025,0.0,0.0,2.731,1.0,1.0,1599.2953529841413,1050.0,1599.2979456499377,1050.0,0.0006814296885000806,0.0
12121,1663462801000.0,0.0,0.0,0.4,2.724518335509025,0.0,0.0,2.694,1.0,1.0,1599.2953529841413,1050.0,1599.2831456499378,1050.0,0.0006814296885000806,0.0
12122,1663466401000.0,0.0,0.0,0.4,2.724518335509025,0.0,0.0,2.724,1.0,1.0,1599.2953529841413,1050.0,1599.2951456499377,1050.0,0.0006814296885000806,0.0
12123,1663470001000.0,0.0,0.0,0.4,2.724518335509025,0.0,0.0,2.718,1.0,1.0,1599.2953529841413,1050.0,1599.2927456499378,1050.0,0.0006814296885000806,0.0
12124,1663473601000.0,0.0,0.0,0.4,2.724518335509025,0.0,0.0,2.689,1.0,1.0,1599.2953529841413,1050.0,1599.2811456499378,1050.0,0.0006814296885000806,0.0
12125,1663477201000.0,0.0,0.0,0.4,2.724518335509025,0.0,0.0,2.702,1.0,1.0,1599.2953529841413,1050.0,1599.2863456499376,1050.0,0.0006814296885000806,0.0
12126,1663480801000.0,0.0,0.0,0.4,2.724518335509025,0.0,0.0,2.702,1.0,1.0,1599.2953529841413,1050.0,1599.2863456499376,1050.0,0.0006814296885000806,0.0
12127,1663484401000.0,0.0,0.0,0.4,2.724518335509025,0.0,0.0,2.707,1.0,1.0,1599.2953529841413,1050.0,1599.2883456499378,1050.0,0.0006814296885000806,0.0
12128,1663488001000.0,0.0,0.0,0.4,2.724518335509025,0.0,0.0,2.698,1.0,1.0,1599.2953529841413,1050.0,1599.2847456499378,1050.0,0.0006814296885000806,0.0
12129,1663491601000.0,0.0,0.0,0.4,2.724518335509025,0.0,0.0,2.691,1.0,1.0,1599.2953529841413,1050.0,1599.2819456499378,1050.0,0.0006814296885000806,0.0
12130,1663495201000.0,0.0,0.0,2.1,2.6509082543826716,0.0,0.0,2.624,1.0,1.0,1599.2949052741412,1050.0,1599.2383979399376,1050.0,0.0034808510399458605,0.0
12131,1663498801000.0,0.0,0.0,2.1,2.6509082543826716,0.0,0.0,2.633,1.0,1.0,1599.2949052741412,1050.0,1599.2572979399376,1050.0,0.0034808510399458605,0.0
12132,1663502401000.0,0.0,0.0,2.1,2.6509082543826716,0.0,0.0,2.618,1.0,1.0,1599.2949052741412,1050.0,1599.2257979399376,1050.0,0.0034808510399458605,0.0
12133,1663506001000.0,0.0,0.0,2.1,2.6509082543826716,0.0,0.0,2.632,1.0,1.0,1599.2949052741412,1050.0,1599.2551979399377,1050.0,0.0034808510399458605,0.0
12134,1663509601000.0,0.0,0.0,2.1,2.6509082543826716,0.0,0.0,2.616,1.0,1.0,1599.2949052741412,1050.0,1599.2215979399375,1050.0,0.0034808510399458605,0.0
12135,1663513201000.0,0.0,0.0,4.9,2.613817823306859,0.0,0.0,2.593,1.0,1.0,1599.2941811941412,1050.0,1599.1921738599376,1050.0,0.008008349861337275,0.0
12136,1663516801000.0,0.0,0.0,4.9,2.613817823306859,0.0,0.0,2.586,1.0,1.0,1599.2941811941412,1050.0,1599.1578738599376,1050.0,0.008008349861337275,0.0
12137,1663520401000.0,0.0,0.0,11.4,2.5762901170354047,0.0,0.0,2.569,1.0,1.0,1599.292524994141,1050.0,1599.2094176599376,1050.0,0.01836418721103646,0.0
12138,1663524001000.0,0.0,0.0,11.4,2.5762901170354047,0.0,0.0,2.536,1.0,1.0,1599.292524994141,1050.0,1598.8332176599374,1050.0,0.01836418721103646,0.0
12139,1663527601000.0,0.0,0.0,11.4,2.5762901170354047,0.0,0.0,2.555,1.0,1.0,1599.292524994141,1050.0,1599.0498176599374,1050.0,0.01836418721103646,0.0
12140,1663531201000.0,0.0,0.0,11.4,2.5762901170354047,0.0,0.0,2.559,1.0,1.0,1599.292524994141,1050.0,1599.0954176599375,1050.0,0.01836418721103646,0.0
12141,1663534801000.0,0.0,0.0,11.4,2.5762901170354047,0.0,0.0,2.546,1.0,1.0,1599.292524994141,1050.0,1598.9472176599375,1050.0,0.01836418721103646,0.0
12142,1663538401000.0,0.0,0.0,1.5,2.423203366973783,0.0,0.0,2.463,1.0,1.0,1603.0401833003978,1050.0,1603.099878249937,1050.0,0.0022674447517449033,0.0
12143,1663542001000.0,0.0,0.0,0.4,2.448273212110562,0.0,0.0,2.462,1.0,1.0,1603.096119264782,1050.0,1603.1016099799376,1050.0,0.0006108861927089933,0.0
12144,1663545601000.0,0.0,0.0,0.4,2.469451013815881,0.0,0.0,2.436,1.0,1.0,1603.105793475464,1050.0,1603.0924130699377,1050.0,0.0006161666993822581,0.0
12145,1663549201000.0,0.0,0.0,0.4,2.469451013815881,0.0,0.0,2.454,1.0,1.0,1603.105793475464,1050.0,1603.0996130699377,1050.0,0.0006161666993822581,0.0
12146,1663552801000.0,0.0,0.0,0.4,2.469451013815881,0.0,0.0,2.45,1.0,1.0,1603.105793475464,1050.0,1603.0980130699377,1050.0,0.0006161666993822581,0.0
12147,1663556401000.0,0.0,0.0,2.1,2.4024668597744534,0.0,0.0,2.38,1.0,1.0,1603.1053877354639,1050.0,1603.0582073299374,1050.0,0.0031471295924300653,0.0
12148,1663560001000.0,0.0,0.0,2.1,2.4024668597744534,0.0,0.0,2.382,1.0,1.0,1603.1053877354639,1050.0,1603.0624073299375,1050.0,0.0031471295924300653,0.0
12149,1663563601000.0,0.0,0.0,2.1,2.4024668597744534,0.0,0.0,2.413,1.0,1.0,1603.1053877354639,1050.0,1603.1275073299375,1050.0,0.0031471295924300653,0.0
12150,1663567201000.0,0.0,0.0,1.5,2.4024668597744534,0.0,0.0,2.386,1.0,1.0,1603.1151624795991,1050.0,1603.0904621899374,1050.0,0.0022479360023566243,0.0
12151,1663570801000.0,0.0,0.0,1.5,2.4024668597744534,0.0,0.0,2.38,1.0,1.0,1603.1151624795991,1050.0,1603.0814621899374,1050.0,0.0022479360023566243,0.0
12152,1663574401000.0,0.0,0.0,1.5,2.4024668597744534,0.0,0.0,2.397,1.0,1.0,1603.1151624795991,1050.0,1603.1069621899373,1050.0,0.0022479360023566243,0.0
12153,1663578001000.0,0.0,0.0,1.5,2.4024668597744534,0.0,0.0,2.373,1.0,1.0,1603.1151624795991,1050.0,1603.0709621899375,1050.0,0.0022479360023566243,0.0
12154,1663581601000.0,0.0,0.0,1.5,2.4024668597744534,0.0,0.0,2.381,1.0,1.0,1603.1151624795991,1050.0,1603.0829621899375,1050.0,0.0022479360023566243,0.0
12155,1663585201000.0,0.0,0.0,1.5,2.4024668597744534,0.0,0.0,2.417,1.0,1.0,1603.1151624795991,1050.0,1603.1369621899375,1050.0,0.0022479360023566243,0.0
12156,1663588801000.0,0.0,0.0,0.9,2.4024668597744534,0.0,0.0,2.412,1.0,1.0,1603.124937223735,1050.0,1603.133517049938,1050.0,0.001348753377601065,0.0
12157,1663592401000.0,0.0,0.0,0.5,2.4338525050267688,0.0,0.0,2.441,1.0,1.0,1603.1443572224525,1050.0,1603.1479309699391,1050.0,0.0007590871321293766,0.0
12158,1663596001000.0,0.0,0.0,0.4,2.4623296846514693,0.0,0.0,2.472,1.0,1.0,1603.1588441937997,1050.0,1603.1627123199391,1050.0,0.0006143694852370618,0.0
12159,1663599601000.0,0.0,0.0,0.5,2.4983667562784984,0.0,0.0,2.486,1.0,1.0,1603.173321708079,1050.0,1603.1671383299397,1050.0,0.000779194215138463,0.0
12160,1663603201000.0,0.0,0.0,0.5,2.4983667562784984,0.0,0.0,2.476,1.0,1.0,1603.173321708079,1050.0,1603.1621383299396,1050.0,0.000779194215138463,0.0
12161,1663606801000.0,0.0,0.0,0.5,2.4983667562784984,0.0,0.0,2.493,1.0,1.0,1603.173321708079,1050.0,1603.1706383299397,1050.0,0.000779194215138463,0.0
12162,1663610401000.0,0.0,0.0,0.5,2.4983667562784984,0.0,0.0,2.453,1.0,1.0,1603.173321708079,1050.0,1603.1506383299397,1050.0,0.000779194215138463,0.0
12163,1663614001000.0,0.0,0.0,0.5,2.4983667562784984,0.0,0.0,2.484,1.0,1.0,1603.173321708079,1050.0,1603.1661383299397,1050.0,0.000779194215138463,0.0
12164,1663617601000.0,0.0,0.0,0.5,2.4983667562784984,0.0,0.0,2.5,1.0,1.0,1603.173321708079,1050.0,1603.1741383299398,1050.0,0.000779194215138463,0.0
12165,1663621201000.0,0.0,0.0,0.5,2.4983667562784984,0.0,0.0,2.491,1.0,1.0,1603.173321708079,1050.0,1603.1696383299397,1050.0,0.000779194215138463,0.0
12166,1663624801000.0,0.0,0.0,0.5,2.505820053767099,0.0,0.0,2.503,1.0,1.0,1603.1765477168233,1050.0,1603.1751376899397,1050.0,0.0007815171876534068,0.0
12167,1663628401000.0,0.0,0.0,0.4,2.505820053767099,0.0,0.0,2.513,1.0,1.0,1603.1782404814467,1050.0,1603.1811124599399,1050.0,0.0006252130899717258,0.0
12168,1663632001000.0,0.0,0.0,0.4,2.505820053767099,0.0,0.0,2.502,1.0,1.0,1603.1782404814467,1050.0,1603.1767124599398,1050.0,0.0006252130899717258,0.0
12169,1663635601000.0,0.0,0.0,0.4,2.505820053767099,0.0,0.0,2.495,1.0,1.0,1603.1782404814467,1050.0,1603.1739124599399,1050.0,0.0006252130899717258,0.0
12170,1663639201000.0,0.0,0.0,0.4,2.505820053767099,0.0,0.0,2.49,1.0,1.0,1603.1782404814467,1050.0,1603.17191245994,1050.0,0.0006252130899717258,0.0
12171,1663642801000.0,0.0,0.0,0.4,2.505820053767099,0.0,0.0,2.51,1.0,1.0,1603.1782404814467,1050.0,1603.1799124599397,1050.0,0.0006252130899717258,0.0
12172,1663646401000.0,0.0,0.0,0.4,2.505820053767099,0.0,0.0,2.492,1.0,1.0,1603.1782404814467,1050.0,1603.17271245994,1050.0,0.0006252130899717258,0.0
12173,1663650001000.0,0.0,0.0,0.4,2.505820053767099,0.0,0.0,2.48,1.0,1.0,1603.1782404814467,1050.0,1603.1679124599398,1050.0,0.0006252130899717258,0.0
12174,1663653601000.0,0.0,0.0,0.4,2.505820053767099,0.0,0.0,2.484,1.0,1.0,1603.1782404814467,1050.0,1603.1695124599398,1050.0,0.0006252130899717258,0.0
12175,1663657201000.0,0.0,0.0,0.4,2.505820053767099,0.0,0.0,2.508,1.0,1.0,1603.1782404814467,1050.0,1603.17911245994,1050.0,0.0006252130899717258,0.0
12176,1663660801000.0,0.0,0.0,0.5,2.520255219356156,0.0,0.0,2.499,1.0,1.0,1603.183163139618,1050.0,1603.17253552994,1050.0,0.0007860159953341127,0.0
12177,1663664401000.0,0.0,0.0,0.5,2.520255219356156,0.0,0.0,2.482,1.0,1.0,1603.183163139618,1050.0,1603.16403552994,1050.0,0.0007860159953341127,0.0
12178,1663668001000.0,0.0,0.0,1.2,2.4845230080650653,0.0,0.0,2.46,1.0,1.0,1603.182991009618,1050.0,1603.15356339994,1050.0,0.001859692640451792,0.0
12179,1663671601000.0,0.0,0.0,1.2,2.4845230080650653,0.0,0.0,2.472,1.0,1.0,1603.182991009618,1050.0,1603.16796339994,1050.0,0.001859692640451792,0.0
12180,1663675201000.0,0.0,0.0,1.2,2.4845230080650653,0.0,0.0,2.463,1.0,1.0,1603.182991009618,1050.0,1603.15716339994,1050.0,0.001859692640451792,0.0
12181,1663678801000.0,0.0,0.0,1.2,2.4845230080650653,0.0,0.0,2.459,1.0,1.0,1603.182991009618,1050.0,1603.15236339994,1050.0,0.001859692640451792,0.0
12182,1663682401000.0,0.0,0.0,2.8,2.449938432027885,0.0,0.0,2.452,1.0,1.0,1603.182603169618,1050.0,1603.18837555994,1050.0,0.0042788810183666285,0.0
12183,1663686001000.0,0.0,0.0,0.8,2.449938432027885,0.0,0.0,2.488,1.0,1.0,1603.2226322655633,1050.0,1603.2530815199411,1050.0,0.0012225069096315345,0.0
12184,1663689601000.0,0.0,0.0,0.5,2.495908172474488,0.0,0.0,2.503,1.0,1.0,1603.258161716177,1050.0,1603.2617076299398,1050.0,0.0007783862362511821,0.0
12185,1663693201000.0,0.0,0.0,0.5,2.503144903484693,0.0,0.0,2.482,1.0,1.0,1603.261479541682,1050.0,1603.2509070899398,1050.0,0.0007806415034059999,0.0
12186,1663696801000.0,0.0,0.0,1.2,2.4680603764519558,0.0,0.0,2.442,1.0,1.0,1603.261308531682,1050.0,1603.2300360799397,1050.0,0.0018472799386986649,0.0
12187,1663700401000.0,0.0,0.0,1.2,2.4680603764519558,0.0,0.0,2.459,1.0,1.0,1603.261308531682,1050.0,1603.2504360799396,1050.0,0.0018472799386986649,0.0
12188,1663704001000.0,0.0,0.0,1.2,2.4680603764519558,0.0,0.0,2.467,1.0,1.0,1603.261308531682,1050.0,1603.2600360799397,1050.0,0.0018472799386986649,0.0
12189,1663707601000.0,0.0,0.0,1.2,2.4680603764519558,0.0,0.0,2.455,1.0,1.0,1603.261308531682,1050.0,1603.2456360799397,1050.0,0.0018472799386986649,0.0
12190,1663711201000.0,0.0,0.0,2.8,2.4337401613365524,0.0,0.0,2.395,1.0,1.0,1603.260923251682,1050.0,1603.1524507999397,1050.0,0.0042503826750304955,0.0
12191,1663714801000.0,0.0,0.0,35.5,2.3270020408941505,0.0,0.0,2.326,1.0,1.0,1603.2533438416822,1050.0,1603.2177713899398,1050.0,0.051525588746814906,0.0
12192,1663718401000.0,0.0,0.0,10.1,2.3270020408941505,0.0,0.0,2.353,1.0,1.0,1603.753330822971,1050.0,1604.01591020994,1050.0,0.014654822634706813,0.0
12193,1663722001000.0,0.0,0.0,1.0,2.3270020408941505,0.0,0.0,2.361,1.0,1.0,1603.9387759208332,1050.0,1603.972773879939,1050.0,0.001450804778728665,0.0
12194,1663725601000.0,0.0,0.0,0.5,2.33380122453649,0.0,0.0,2.327,1.0,1.0,1603.9569628822073,1050.0,1603.953562269939,1050.0,0.0007275136673065091,0.0
12195,1663729201000.0,0.0,0.0,0.5,2.33380122453649,0.0,0.0,2.328,1.0,1.0,1603.9569628822073,1050.0,1603.9540622699392,1050.0,0.0007275136673065091,0.0
12196,1663732801000.0,0.0,0.0,0.5,2.33380122453649,0.0,0.0,2.325,1.0,1.0,1603.9569628822073,1050.0,1603.952562269939,1050.0,0.0007275136673065091,0.0
12197,1663736401000.0,0.0,0.0,0.5,2.33380122453649,0.0,0.0,2.34,1.0,1.0,1603.9569628822073,1050.0,1603.960062269939,1050.0,0.0007275136673065091,0.0
12198,1663740001000.0,0.0,0.0,0.5,2.3472084408331364,0.0,0.0,2.337,1.0,1.0,1603.9630782103554,1050.0,1603.9579739899389,1050.0,0.0007316902965908877,0.0
12199,1663743601000.0,0.0,0.0,1.2,2.3144201836804736,0.0,0.0,2.301,1.0,1.0,1603.9629178403554,1050.0,1603.946813619939,1050.0,0.0017315264520928262,0.0
12200,1663747201000.0,0.0,0.0,1.2,2.3144201836804736,0.0,0.0,2.305,1.0,1.0,1603.9629178403554,1050.0,1603.9516136199388,1050.0,0.0017315264520928262,0.0
12201,1663750801000.0,0.0,0.0,1.2,2.3144201836804736,0.0,0.0,2.317,1.0,1.0,1603.9629178403554,1050.0,1603.9660136199388,1050.0,0.0017315264520928262,0.0
12202,1663754401000.0,0.0,0.0,0.6,2.3144201836804736,0.0,0.0,2.343,1.0,1.0,1603.9760255401468,1050.0,1603.9931734299385,1050.0,0.000865756151025168,0.0
12203,1663758001000.0,0.0,0.0,0.5,2.3710678904538773,0.0,0.0,2.376,1.0,1.0,1604.0029234651656,1050.0,1604.0053895199387,1050.0,0.0007391095913128397,0.0
12204,1663761601000.0,0.0,0.0,0.5,2.3710678904538773,0.0,0.0,2.381,1.0,1.0,1604.0029234651656,1050.0,1604.0078895199388,1050.0,0.0007391095913128397,0.0
12205,1663765201000.0,0.0,0.0,0.5,2.3847044405633957,0.0,0.0,2.386,1.0,1.0,1604.0091504602208,1050.0,1604.009798239939,1050.0,0.0007433574926549448,0.0
12206,1663768801000.0,0.0,0.0,0.5,2.3847044405633957,0.0,0.0,2.37,1.0,1.0,1604.0091504602208,1050.0,1604.001798239939,1050.0,0.0007433574926549448,0.0
12207,1663772401000.0,0.0,0.0,0.5,2.3847044405633957,0.0,0.0,2.354,1.0,1.0,1604.0091504602208,1050.0,1603.993798239939,1050.0,0.0007433574926549448,0.0
12208,1663776001000.0,0.0,0.0,1.2,2.3510435169014148,0.0,0.0,2.343,1.0,1.0,1604.0089875702208,1050.0,1603.9993353499392,1050.0,0.0017588755687431507,0.0
12209,1663779601000.0,0.0,0.0,0.6,2.3510435169014148,0.0,0.0,2.366,1.0,1.0,1604.0184194400797,1050.0,1604.0273933299388,1050.0,0.0008794326131449669,0.0
12210,1663783201000.0,0.0,0.0,0.5,2.393982583874254,0.0,0.0,2.398,1.0,1.0,1604.0368833618752,1050.0,1604.0388920699381,1050.0,0.000746236763227272,0.0
12211,1663786801000.0,0.0,0.0,0.5,2.4903183968804568,0.0,0.0,2.495,1.0,1.0,1604.109994928378,1050.0,1604.1123357299377,1050.0,0.0007762305592365713,0.0
12212,1663790401000.0,0.0,0.0,2.8,2.420771142300082,0.0,0.0,2.372,1.0,1.0,1604.109441628378,1050.0,1603.9728824299377,1050.0,0.004225496728926129,0.0
12213,1663794001000.0,0.0,0.0,15.2,2.3519775788447514,0.0,0.0,2.356,1.0,1.0,1604.1065444383778,1050.0,1604.1676852399376,1050.0,0.02228658646296893,0.0
12214,1663797601000.0,0.0,0.0,35.5,2.3148213858715554,0.0,0.0,2.285,1.0,1.0,1604.1019018283778,1050.0,1603.0432426299376,1050.0,0.051228764896279144,0.0
12215,1663801201000.0,0.0,0.0,82.8,2.2720792173724664,0.0,0.0,2.275,1.0,1.0,1604.0913066283779,1050.0,1604.3331474299378,1050.0,0.11728020619590836,0.0
12216,1663804801000.0,0.0,0.0,4.8,2.2720792173724664,0.0,0.0,2.282,1.0,1.0,1605.2372890733257,1050.0,1605.2849088299379,1050.0,0.006793998817261256,0.0
12217,1663808401000.0,0.0,0.0,0.4,2.2720792173724664,0.0,0.0,2.296,1.0,1.0,1605.3136330668863,1050.0,1605.3232013799372,1050.0,0.000566139642888786,0.0
12218,1663812001000.0,0.0,0.0,0.3,2.3039878665714717,0.0,0.0,2.325,1.0,1.0,1605.3286055199087,1050.0,1605.3349091599373,1050.0,0.00043056378463248503,0.0
12219,1663815601000.0,0.0,0.0,0.5,2.3396675365045976,0.0,0.0,2.353,1.0,1.0,1605.3408221681896,1050.0,1605.3474883999372,1050.0,0.0007287136489012404,0.0
12220,1663819201000.0,0.0,0.0,0.5,2.3462005219027584,0.0,0.0,2.335,1.0,1.0,1605.3437944408886,1050.0,1605.3381941799373,1050.0,0.0007307470617905545,0.0
12221,1663822801000.0,0.0,0.0,0.5,2.3462005219027584,0.0,0.0,2.343,1.0,1.0,1605.3437944408886,1050.0,1605.3421941799372,1050.0,0.0007307470617905545,0.0
12222,1663826401000.0,0.0,0.0,0.5,2.3462005219027584,0.0,0.0,2.335,1.0,1.0,1605.3437944408886,1050.0,1605.3381941799373,1050.0,0.0007307470617905545,0.0
12223,1663830001000.0,0.0,0.0,0.5,2.3462005219027584,0.0,0.0,2.338,1.0,1.0,1605.3437944408886,1050.0,1605.3396941799372,1050.0,0.0007307470617905545,0.0
12224,1663833601000.0,0.0,0.0,0.5,2.359752187884993,0.0,0.0,2.371,1.0,1.0,1605.3499809938794,1050.0,1605.355604899937,1050.0,0.000734965028131766,0.0
12225,1663837201000.0,0.0,0.0,0.5,2.3805544725831584,0.0,0.0,2.377,1.0,1.0,1605.3594961162287,1050.0,1605.357718879937,1050.0,0.0007414396832430128,0.0
12226,1663840801000.0,0.0,0.0,0.5,2.3805544725831584,0.0,0.0,2.378,1.0,1.0,1605.3594961162287,1050.0,1605.358218879937,1050.0,0.0007414396832430128,0.0
12227,1663844401000.0,0.0,0.0,0.5,2.3805544725831584,0.0,0.0,2.388,1.0,1.0,1605.3594961162287,1050.0,1605.363218879937,1050.0,0.0007414396832430128,0.0
12228,1663848001000.0,0.0,0.0,0.5,2.401511766077962,0.0,0.0,2.415,1.0,1.0,1605.3690862229762,1050.0,1605.3758303399372,1050.0,0.0007479625049115984,0.0
12229,1663851601000.0,0.0,0.0,0.5,2.401511766077962,0.0,0.0,2.41,1.0,1.0,1605.3690862229762,1050.0,1605.3733303399372,1050.0,0.0007479625049115984,0.0
12230,1663855201000.0,0.0,0.0,0.5,2.401511766077962,0.0,0.0,2.368,1.0,1.0,1605.3690862229762,1050.0,1605.3523303399372,1050.0,0.0007479625049115984,0.0
12231,1663858801000.0,0.0,0.0,0.5,2.401511766077962,0.0,0.0,2.357,1.0,1.0,1605.3690862229762,1050.0,1605.3468303399372,1050.0,0.0007479625049115984,0.0
12232,1663862401000.0,0.0,0.0,0.5,2.401511766077962,0.0,0.0,2.378,1.0,1.0,1605.3690862229762,1050.0,1605.357330339937,1050.0,0.0007479625049115984,0.0
12233,1663866001000.0,0.0,0.0,0.5,2.401511766077962,0.0,0.0,2.401,1.0,1.0,1605.3690862229762,1050.0,1605.3688303399372,1050.0,0.0007479625049115984,0.0
12234,1663869601000.0,0.0,0.0,0.5,2.401511766077962,0.0,0.0,2.409,1.0,1.0,1605.3690862229762,1050.0,1605.3728303399373,1050.0,0.0007479625049115984,0.0
12235,1663873201000.0,0.0,0.0,0.5,2.42757454147284,0.0,0.0,2.424,1.0,1.0,1605.3799257606743,1050.0,1605.3781384899378,1050.0,0.0007560747778512885,0.0
12236,1663876801000.0,0.0,0.0,0.4,2.4467268349302222,0.0,0.0,2.468,1.0,1.0,1605.3892083639098,1050.0,1605.3977176299377,1050.0,0.0006096283249402778,0.0
12237,1663880401000.0,0.0,0.0,0.5,2.46058166057488,0.0,0.0,2.463,1.0,1.0,1605.393935730225,1050.0,1605.3951448999376,1050.0,0.0007663482481811128,0.0
12238,1663884001000.0,0.0,0.0,0.5,2.467948996344928,0.0,0.0,2.466,1.0,1.0,1605.3971202781102,1050.0,1605.3961457799378,1050.0,0.0007686412804569483,0.0
12239,1663887601000.0,0.0,0.0,0.4,2.5311904299680608,0.0,0.0,2.498,1.0,1.0,1605.424442271925,1050.0,1605.4111660999379,1050.0,0.0006306594974687276,0.0
12240,1663891201000.0,0.0,0.0,0.4,2.5311904299680608,0.0,0.0,2.503,1.0,1.0,1605.424442271925,1050.0,1605.4131660999378,1050.0,0.0006306594974687276,0.0
12241,1663894801000.0,0.0,0.0,0.4,2.5311904299680608,0.0,0.0,2.503,1.0,1.0,1605.424442271925,1050.0,1605.4131660999378,1050.0,0.0006306594974687276,0.0
12242,1663898401000.0,0.0,0.0,0.4,2.5311904299680608,0.0,0.0,2.515,1.0,1.0,1605.424442271925,1050.0,1605.4179660999378,1050.0,0.0006306594974687276,0.0
12243,1663902001000.0,0.0,0.0,0.4,2.5311904299680608,0.0,0.0,2.502,1.0,1.0,1605.424442271925,1050.0,1605.412766099938,1050.0,0.0006306594974687276,0.0
12244,1663905601000.0,0.0,0.0,0.4,2.535892822476045,0.0,0.0,2.536,1.0,1.0,1605.4260722489282,1050.0,1605.4261151199378,1050.0,0.0006318304819663709,0.0
12245,1663909201000.0,0.0,0.0,0.4,2.535892822476045,0.0,0.0,2.518,1.0,1.0,1605.4260722489282,1050.0,1605.4189151199378,1050.0,0.0006318304819663709,0.0
12246,1663912801000.0,0.0,0.0,0.4,2.535892822476045,0.0,0.0,2.502,1.0,1.0,1605.4260722489282,1050.0,1605.4125151199378,1050.0,0.0006318304819663709,0.0
12247,1663916401000.0,0.0,0.0,0.4,2.535892822476045,0.0,0.0,2.506,1.0,1.0,1605.4260722489282,1050.0,1605.4141151199378,1050.0,0.0006318304819663709,0.0
12248,1663920001000.0,0.0,0.0,0.9,2.50206347665602,0.0,0.0,2.462,1.0,1.0,1605.4259484989282,1050.0,1605.3898913699377,1050.0,0.0014026540003890572,0.0
12249,1663923601000.0,0.0,0.0,2.1,2.4671700614240084,0.0,0.0,2.425,1.0,1.0,1605.4256555789282,1050.0,1605.3370984499377,1050.0,0.0032272171003285047,0.0
12250,1663927201000.0,0.0,0.0,4.9,2.432787169181718,0.0,0.0,2.432,1.0,1.0,1605.424981618928,1050.0,1605.4211244899377,1050.0,0.007425234604839335,0.0
12251,1663930801000.0,0.0,0.0,4.9,2.432787169181718,0.0,0.0,2.389,1.0,1.0,1605.424981618928,1050.0,1605.2104244899376,1050.0,0.007425234604839335,0.0
12252,1663934401000.0,0.0,0.0,11.4,2.3975576428938963,0.0,0.0,2.396,1.0,1.0,1605.423440468928,1050.0,1605.4056833399375,1050.0,0.01702488978297649,0.0
12253,1663938001000.0,0.0,0.0,3.7,2.3975576428938963,0.0,0.0,2.403,1.0,1.0,1605.5481878386447,1050.0,1605.5683245599373,1050.0,0.005525192794524169,0.0
12254,1663941601000.0,0.0,0.0,0.5,2.409734585736338,0.0,0.0,2.363,1.0,1.0,1605.6292199328052,1050.0,1605.605852639937,1050.0,0.0007504019470439085,0.0
12255,1663945201000.0,0.0,0.0,0.5,2.409734585736338,0.0,0.0,2.378,1.0,1.0,1605.6292199328052,1050.0,1605.613352639937,1050.0,0.0007504019470439085,0.0
12256,1663948801000.0,0.0,0.0,0.5,2.416640751441803,0.0,0.0,2.412,1.0,1.0,1605.6323759556578,1050.0,1605.6300555799369,1050.0,0.0007525510782016464,0.0
12257,1663952401000.0,0.0,0.0,0.5,2.416640751441803,0.0,0.0,2.42,1.0,1.0,1605.6323759556578,1050.0,1605.634055579937,1050.0,0.0007525510782016464,0.0
12258,1663956001000.0,0.0,0.0,0.5,2.416640751441803,0.0,0.0,2.42,1.0,1.0,1605.6323759556578,1050.0,1605.634055579937,1050.0,0.0007525510782016464,0.0
12259,1663959601000.0,0.0,0.0,0.4,2.416640751441803,0.0,0.0,2.395,1.0,1.0,1605.6339875505137,1050.0,1605.6253312499368,1050.0,0.0006020402582853958,0.0
12260,1663963201000.0,0.0,0.0,0.5,2.423584450865082,0.0,0.0,2.436,1.0,1.0,1605.6355504653695,1050.0,1605.641758239937,1050.0,0.0007547118803400443,0.0
12261,1663966801000.0,0.0,0.0,0.5,2.471295044139562,0.0,0.0,2.469,1.0,1.0,1605.6559151720066,1050.0,1605.654767649937,1050.0,0.0007695593497922072,0.0
12262,1663970401000.0,0.0,0.0,0.5,2.478377026483737,0.0,0.0,2.493,1.0,1.0,1605.659156623179,1050.0,1605.6664681099371,1050.0,0.0007717631155593286,0.0
12263,1663974001000.0,0.0,0.0,0.5,2.4938957295341453,0.0,0.0,2.478,1.0,1.0,1605.6657159547046,1050.0,1605.6577680899375,1050.0,0.0007765924453494706,0.0
12264,1663977601000.0,0.0,0.0,0.5,2.4938957295341453,0.0,0.0,2.475,1.0,1.0,1605.6657159547046,1050.0,1605.6562680899376,1050.0,0.0007765924453494706,0.0
12265,1663981201000.0,0.0,0.0,0.5,2.4938957295341453,0.0,0.0,2.485,1.0,1.0,1605.6657159547046,1050.0,1605.6612680899375,1050.0,0.0007765924453494706,0.0
12266,1663984801000.0,0.0,0.0,0.5,2.5011374377204874,0.0,0.0,2.517,1.0,1.0,1605.6690363487978,1050.0,1605.6769676299375,1050.0,0.0007788458832736587,0.0
12267,1663988401000.0,0.0,0.0,0.5,2.5082824626322924,0.0,0.0,2.494,1.0,1.0,1605.6723081212538,1050.0,1605.6651668899376,1050.0,0.0007810692287416834,0.0
12268,1663992001000.0,0.0,0.0,0.5,2.5082824626322924,0.0,0.0,2.492,1.0,1.0,1605.6723081212538,1050.0,1605.6641668899376,1050.0,0.0007810692287416834,0.0
12269,1663995601000.0,0.0,0.0,0.5,2.5082824626322924,0.0,0.0,2.502,1.0,1.0,1605.6723081212538,1050.0,1605.6691668899375,1050.0,0.0007810692287416834,0.0
12270,1663999201000.0,0.0,0.0,0.5,2.5082824626322924,0.0,0.0,2.508,1.0,1.0,1605.6723081212538,1050.0,1605.6721668899377,1050.0,0.0007810692287416834,0.0
12271,1664002801000.0,0.0,0.0,0.5,2.5082824626322924,0.0,0.0,2.492,1.0,1.0,1605.6723081212538,1050.0,1605.6641668899376,1050.0,0.0007810692287416834,0.0
12272,1664006401000.0,0.0,0.0,0.5,2.5082824626322924,0.0,0.0,2.482,1.0,1.0,1605.6723081212538,1050.0,1605.6591668899375,1050.0,0.0007810692287416834,0.0
12273,1664010001000.0,0.0,0.0,0.5,2.5082824626322924,0.0,0.0,2.504,1.0,1.0,1605.6723081212538,1050.0,1605.6701668899377,1050.0,0.0007810692287416834,0.0
12274,1664013601000.0,0.0,0.0,0.5,2.5082824626322924,0.0,0.0,2.482,1.0,1.0,1605.6723081212538,1050.0,1605.6591668899375,1050.0,0.0007810692287416834,0.0
12275,1664017201000.0,0.0,0.0,0.5,2.5082824626322924,0.0,0.0,2.468,1.0,1.0,1605.6723081212538,1050.0,1605.6521668899377,1050.0,0.0007810692287416834,0.0
12276,1664020801000.0,0.0,0.0,0.5,2.5082824626322924,0.0,0.0,2.465,1.0,1.0,1605.6723081212538,1050.0,1605.6506668899376,1050.0,0.0007810692287416834,0.0
12277,1664024401000.0,0.0,0.0,0.5,2.5082824626322924,0.0,0.0,2.495,1.0,1.0,1605.6723081212538,1050.0,1605.6656668899377,1050.0,0.0007810692287416834,0.0
12278,1664028001000.0,0.0,0.0,0.5,2.5082824626322924,0.0,0.0,2.496,1.0,1.0,1605.6723081212538,1050.0,1605.6661668899376,1050.0,0.0007810692287416834,0.0
12279,1664031601000.0,0.0,0.0,0.5,2.5153694775793753,0.0,0.0,2.496,1.0,1.0,1605.6755506087272,1050.0,1605.6658658699375,1050.0,0.0007832745153981371,0.0
12280,1664035201000.0,0.0,0.0,0.5,2.5153694775793753,0.0,0.0,2.494,1.0,1.0,1605.6755506087272,1050.0,1605.6648658699376,1050.0,0.0007832745153981371,0.0
12281,1664038801000.0,0.0,0.0,0.5,2.5153694775793753,0.0,0.0,2.503,1.0,1.0,1605.6755506087272,1050.0,1605.6693658699376,1050.0,0.0007832745153981371,0.0
12282,1664042401000.0,0.0,0.0,0.5,2.5153694775793753,0.0,0.0,2.49,1.0,1.0,1605.6755506087272,1050.0,1605.6628658699376,1050.0,0.0007832745153981371,0.0
12283,1664046001000.0,0.0,0.0,0.5,2.5153694775793753,0.0,0.0,2.496,1.0,1.0,1605.6755506087272,1050.0,1605.6658658699375,1050.0,0.0007832745153981371,0.0
12284,1664049601000.0,0.0,0.0,0.5,2.5153694775793753,0.0,0.0,2.477,1.0,1.0,1605.6755506087272,1050.0,1605.6563658699376,1050.0,0.0007832745153981371,0.0
12285,1664053201000.0,0.0,0.0,0.5,2.5153694775793753,0.0,0.0,2.497,1.0,1.0,1605.6755506087272,1050.0,1605.6663658699376,1050.0,0.0007832745153981371,0.0
12286,1664056801000.0,0.0,0.0,1.2,2.4801539489914064,0.0,0.0,2.44,1.0,1.0,1605.6753787587272,1050.0,1605.6271940199376,1050.0,0.0018535407456334277,0.0
12287,1664060401000.0,0.0,0.0,2.8,2.44578026385346,0.0,0.0,2.411,1.0,1.0,1605.6749915587272,1050.0,1605.5776068199375,1050.0,0.004264988104561393,0.0
12288,1664064001000.0,0.0,0.0,2.8,2.44578026385346,0.0,0.0,2.406,1.0,1.0,1605.6749915587272,1050.0,1605.5636068199376,1050.0,0.004264988104561393,0.0
12289,1664067601000.0,0.0,0.0,2.8,2.44578026385346,0.0,0.0,2.433,1.0,1.0,1605.6749915587272,1050.0,1605.6392068199375,1050.0,0.004264988104561393,0.0
12290,1664071201000.0,0.0,0.0,2.8,2.44578026385346,0.0,0.0,2.426,1.0,1.0,1605.6749915587272,1050.0,1605.6196068199376,1050.0,0.004264988104561393,0.0
12291,1664074801000.0,0.0,0.0,2.8,2.44578026385346,0.0,0.0,2.424,1.0,1.0,1605.6749915587272,1050.0,1605.6140068199375,1050.0,0.004264988104561393,0.0
12292,1664078401000.0,0.0,0.0,2.2,2.44578026385346,0.0,0.0,2.464,1.0,1.0,1605.6845756804153,1050.0,1605.7246590999378,1050.0,0.003351042080103131,0.0
12293,1664082001000.0,0.0,0.0,2.2,2.44578026385346,0.0,0.0,2.442,1.0,1.0,1605.6845756804153,1050.0,1605.6762590999376,1050.0,0.003351042080103131,0.0
12294,1664085601000.0,0.0,0.0,2.2,2.44578026385346,0.0,0.0,2.445,1.0,1.0,1605.6845756804153,1050.0,1605.6828590999376,1050.0,0.003351042080103131,0.0
12295,1664089201000.0,0.0,0.0,2.2,2.44578026385346,0.0,0.0,2.427,1.0,1.0,1605.6845756804153,1050.0,1605.6432590999377,1050.0,0.003351042080103131,0.0
12296,1664092801000.0,0.0,0.0,2.2,2.44578026385346,0.0,0.0,2.425,1.0,1.0,1605.6845756804153,1050.0,1605.6388590999377,1050.0,0.003351042080103131,0.0
12297,1664096401000.0,0.0,0.0,2.2,2.44578026385346,0.0,0.0,2.444,1.0,1.0,1605.6845756804153,1050.0,1605.6806590999377,1050.0,0.003351042080103131,0.0
12298,1664100001000.0,0.0,0.0,2.2,2.44578026385346,0.0,0.0,2.419,1.0,1.0,1605.6845756804153,1050.0,1605.6256590999376,1050.0,0.003351042080103131,0.0
12299,1664103601000.0,0.0,0.0,2.2,2.44578026385346,0.0,0.0,2.43,1.0,1.0,1605.6845756804153,1050.0,1605.6498590999377,1050.0,0.003351042080103131,0.0
12300,1664107201000.0,0.0,0.0,2.2,2.44578026385346,0.0,0.0,2.44,1.0,1.0,1605.6845756804153,1050.0,1605.6718590999376,1050.0,0.003351042080103131,0.0
12301,1664110801000.0,0.0,0.0,2.2,2.44578026385346,0.0,0.0,2.424,1.0,1.0,1605.6845756804153,1050.0,1605.6366590999376,1050.0,0.003351042080103131,0.0
12302,1664114401000.0,0.0,0.0,5.1,2.411787564799532,0.0,0.0,2.39,1.0,1.0,1605.6838837404152,1050.0,1605.5727671599377,1050.0,0.007660359990550995,0.0
12303,1664118001000.0,0.0,0.0,5.1,2.411787564799532,0.0,0.0,2.371,1.0,1.0,1605.6838837404152,1050.0,1605.4758671599377,1050.0,0.007660359990550995,0.0
12304,1664121601000.0,0.0,0.0,5.1,2.411787564799532,0.0,0.0,2.372,1.0,1.0,1605.6838837404152,1050.0,1605.4809671599376,1050.0,0.007660359990550995,0.0
12305,1664125201000.0,0.0,0.0,5.1,2.411787564799532,0.0,0.0,2.357,1.0,1.0,1605.6838837404152,1050.0,1605.4044671599377,1050.0,0.007660359990550995,0.0
12306,1664128801000.0,0.0,0.0,11.9,2.3770518134855134,0.0,0.0,2.371,1.0,1.0,1605.6822850604153,1050.0,1605.6102684799378,1050.0,0.017616758211549483,0.0
12307,1664132401000.0,0.0,0.0,11.9,2.3770518134855134,0.0,0.0,2.366,1.0,1.0,1605.6822850604153,1050.0,1605.5507684799377,1050.0,0.017616758211549483,0.0
12308,1664136001000.0,0.0,0.0,11.9,2.3770518134855134,0.0,0.0,2.364,1.0,1.0,1605.6822850604153,1050.0,1605.5269684799378,1050.0,0.017616758211549483,0.0
12309,1664139601000.0,0.0,0.0,11.9,2.3770518134855134,0.0,0.0,2.347,1.0,1.0,1605.6822850604153,1050.0,1605.3246684799378,1050.0,0.017616758211549483,0.0
12310,1664143201000.0,0.0,0.0,11.9,2.3770518134855134,0.0,0.0,2.317,1.0,1.0,1605.6822850604153,1050.0,1604.9676684799376,1050.0,0.017616758211549483,0.0
12311,1664146801000.0,0.0,0.0,14.5,2.3404178626071084,0.0,0.0,2.325,1.0,1.0,1605.8827163377414,1050.0,1605.6591573299384,1050.0,0.021132339655037302,0.0
12312,1664150401000.0,0.0,0.0,14.5,2.3404178626071084,0.0,0.0,2.316,1.0,1.0,1605.8827163377414,1050.0,1605.5286573299384,1050.0,0.021132339655037302,0.0
12313,1664154001000.0,0.0,0.0,14.5,2.3404178626071084,0.0,0.0,2.291,1.0,1.0,1605.8827163377414,1050.0,1605.1661573299384,1050.0,0.021132339655037302,0.0
12314,1664157601000.0,0.0,0.0,16.4,2.303634881887665,0.0,0.0,2.333,1.0,1.0,1606.2651293028962,1050.0,1606.7467172399386,1050.0,0.023520159513986148,0.0
12315,1664161201000.0,0.0,0.0,0.7,2.303634881887665,0.0,0.0,2.32,1.0,1.0,1606.7989911972593,1050.0,1606.8104467799378,1050.0,0.0010035756968703503,0.0
12316,1664164801000.0,0.0,0.0,0.5,2.3212539527550664,0.0,0.0,2.305,1.0,1.0,1606.8077876863154,1050.0,1606.7996607099378,1050.0,0.0007223184909059661,0.0
12317,1664168401000.0,0.0,0.0,0.5,2.3212539527550664,0.0,0.0,2.287,1.0,1.0,1606.8077876863154,1050.0,1606.7906607099378,1050.0,0.0007223184909059661,0.0
12318,1664172001000.0,0.0,0.0,0.5,2.3212539527550664,0.0,0.0,2.276,1.0,1.0,1606.8077876863154,1050.0,1606.7851607099378,1050.0,0.0007223184909059661,0.0
12319,1664175601000.0,0.0,0.0,1.2,2.288439146981278,0.0,0.0,2.252,1.0,1.0,1606.8076291363154,1050.0,1606.763902159938,1050.0,0.0017090577157973918,0.0
12320,1664179201000.0,0.0,0.0,1.2,2.288439146981278,0.0,0.0,2.279,1.0,1.0,1606.8076291363154,1050.0,1606.7963021599378,1050.0,0.0017090577157973918,0.0
12321,1664182801000.0,0.0,0.0,1.1,2.288439146981278,0.0,0.0,2.3,1.0,1.0,1606.8091621816172,1050.0,1606.8218791199379,1050.0,0.0015666347447643432,0.0
12322,1664186401000.0,0.0,0.0,0.5,2.295063488188767,0.0,0.0,2.28,1.0,1.0,1606.8213804440318,1050.0,1606.8138486999374,1050.0,0.0007141626057883749,0.0
12323,1664190001000.0,0.0,0.0,0.5,2.295063488188767,0.0,0.0,2.284,1.0,1.0,1606.8213804440318,1050.0,1606.8158486999373,1050.0,0.0007141626057883749,0.0
12324,1664193601000.0,0.0,0.0,0.5,2.295063488188767,0.0,0.0,2.276,1.0,1.0,1606.8213804440318,1050.0,1606.8118486999374,1050.0,0.0007141626057883749,0.0
12325,1664197201000.0,0.0,0.0,0.5,2.30223809291326,0.0,0.0,2.31,1.0,1.0,1606.8244752663938,1050.0,1606.8283562199372,1050.0,0.000716393771799989,0.0
12326,1664200801000.0,0.0,0.0,0.5,2.3222594280692643,0.0,0.0,2.329,1.0,1.0,1606.8336069139725,1050.0,1606.8369771999378,1050.0,0.0007226197591576744,0.0
12327,1664204401000.0,0.0,0.0,0.4,2.3222594280692643,0.0,0.0,2.331,1.0,1.0,1606.8351575911656,1050.0,1606.838653819938,1050.0,0.0005780952494344482,0.0
12328,1664208001000.0,0.0,0.0,0.4,2.3222594280692643,0.0,0.0,2.316,1.0,1.0,1606.8351575911656,1050.0,1606.8326538199378,1050.0,0.0005780952494344482,0.0
12329,1664211601000.0,0.0,0.0,0.4,2.3222594280692643,0.0,0.0,2.301,1.0,1.0,1606.8351575911656,1050.0,1606.826653819938,1050.0,0.0005780952494344482,0.0
12330,1664215201000.0,0.0,0.0,0.4,2.3222594280692643,0.0,0.0,2.299,1.0,1.0,1606.8351575911656,1050.0,1606.825853819938,1050.0,0.0005780952494344482,0.0
12331,1664218801000.0,0.0,0.0,0.4,2.3222594280692643,0.0,0.0,2.303,1.0,1.0,1606.8351575911656,1050.0,1606.827453819938,1050.0,0.0005780952494344482,0.0
12332,1664222401000.0,0.0,0.0,0.4,2.3222594280692643,0.0,0.0,2.311,1.0,1.0,1606.8351575911656,1050.0,1606.8306538199379,1050.0,0.0005780952494344482,0.0
12333,1664226001000.0,0.0,0.0,0.4,2.3222594280692643,0.0,0.0,2.292,1.0,1.0,1606.8351575911656,1050.0,1606.823053819938,1050.0,0.0005780952494344482,0.0
12334,1664229601000.0,0.0,0.0,0.4,2.3222594280692643,0.0,0.0,2.286,1.0,1.0,1606.8351575911656,1050.0,1606.820653819938,1050.0,0.0005780952494344482,0.0
12335,1664233201000.0,0.0,0.0,0.4,2.3222594280692643,0.0,0.0,2.305,1.0,1.0,1606.8351575911656,1050.0,1606.828253819938,1050.0,0.0005780952494344482,0.0
12336,1664236801000.0,0.0,0.0,0.4,2.3222594280692643,0.0,0.0,2.323,1.0,1.0,1606.8351575911656,1050.0,1606.8354538199378,1050.0,0.0005780952494344482,0.0
12337,1664240401000.0,0.0,0.0,0.5,2.335773394104935,0.0,0.0,2.333,1.0,1.0,1606.8397765369903,1050.0,1606.8383898399377,1050.0,0.000726822122594861,0.0
12338,1664244001000.0,0.0,0.0,0.5,2.3817287327503998,0.0,0.0,2.374,1.0,1.0,1606.858232466313,1050.0,1606.8543680999378,1050.0,0.000741113523467084,0.0
12339,1664247601000.0,0.0,0.0,0.5,2.3817287327503998,0.0,0.0,2.38,1.0,1.0,1606.858232466313,1050.0,1606.8573680999377,1050.0,0.000741113523467084,0.0
12340,1664251201000.0,0.0,0.0,0.5,2.395582343790144,0.0,0.0,2.394,1.0,1.0,1606.864567111833,1050.0,1606.8637759399378,1050.0,0.0007454213605867067,0.0
12341,1664254801000.0,0.0,0.0,0.5,2.395582343790144,0.0,0.0,2.386,1.0,1.0,1606.864567111833,1050.0,1606.859775939938,1050.0,0.0007454213605867067,0.0
12342,1664258401000.0,0.0,0.0,0.5,2.4025494062740864,0.0,0.0,2.406,1.0,1.0,1606.8677541430745,1050.0,1606.8694794399375,1050.0,0.0007475877837735752,0.0
12343,1664262001000.0,0.0,0.0,0.5,2.4095296437644516,0.0,0.0,2.414,1.0,1.0,1606.8709474818197,1050.0,1606.8731826599376,1050.0,0.0007497582950082285,0.0
12344,1664265601000.0,0.0,0.0,0.5,2.4095296437644516,0.0,0.0,2.393,1.0,1.0,1606.8709474818197,1050.0,1606.8626826599375,1050.0,0.0007497582950082285,0.0
12345,1664269201000.0,0.0,0.0,0.5,2.4095296437644516,0.0,0.0,2.388,1.0,1.0,1606.8709474818197,1050.0,1606.8601826599374,1050.0,0.0007497582950082285,0.0
12346,1664272801000.0,0.0,0.0,0.5,2.4095296437644516,0.0,0.0,2.397,1.0,1.0,1606.8709474818197,1050.0,1606.8646826599374,1050.0,0.0007497582950082285,0.0
12347,1664276401000.0,0.0,0.0,0.5,2.4095296437644516,0.0,0.0,2.38,1.0,1.0,1606.8709474818197,1050.0,1606.8561826599375,1050.0,0.0007497582950082285,0.0
12348,1664280001000.0,0.0,0.0,0.5,2.4095296437644516,0.0,0.0,2.364,1.0,1.0,1606.8709474818197,1050.0,1606.8481826599375,1050.0,0.0007497582950082285,0.0
12349,1664283601000.0,0.0,0.0,0.5,2.4095296437644516,0.0,0.0,2.37,1.0,1.0,1606.8709474818197,1050.0,1606.8511826599374,1050.0,0.0007497582950082285,0.0
12350,1664287201000.0,0.0,0.0,0.5,2.4095296437644516,0.0,0.0,2.374,1.0,1.0,1606.8709474818197,1050.0,1606.8531826599374,1050.0,0.0007497582950082285,0.0
12351,1664290801000.0,0.0,0.0,0.5,2.4095296437644516,0.0,0.0,2.372,1.0,1.0,1606.8709474818197,1050.0,1606.8521826599374,1050.0,0.0007497582950082285,0.0
12352,1664294401000.0,0.0,0.0,1.2,2.3753873515685218,0.0,0.0,2.355,1.0,1.0,1606.8707829118198,1050.0,1606.8463180899375,1050.0,0.0017739228643618016,0.0
12353,1664298001000.0,0.0,0.0,6.5,2.3098099725972654,0.0,0.0,2.292,1.0,1.0,1606.8695665818198,1050.0,1606.7538017599375,1050.0,0.009343486947618248,0.0
12354,1664301601000.0,0.0,0.0,3.1,2.3098099725972654,0.0,0.0,2.286,1.0,1.0,1606.920422174989,1050.0,1606.8466112599374,1050.0,0.004455983517441273,0.0
12355,1664305201000.0,0.0,0.0,3.1,2.3098099725972654,0.0,0.0,2.289,1.0,1.0,1606.920422174989,1050.0,1606.8559112599376,1050.0,0.004455983517441273,0.0
12356,1664308801000.0,0.0,0.0,7.2,2.2774598493127116,0.0,0.0,2.259,1.0,1.0,1606.919498444989,1050.0,1606.7865875299374,1050.0,0.01020443832495625,0.0
12357,1664312401000.0,0.0,0.0,7.2,2.2774598493127116,0.0,0.0,2.248,1.0,1.0,1606.919498444989,1050.0,1606.7073875299375,1050.0,0.01020443832495625,0.0
12358,1664316001000.0,0.0,0.0,7.2,2.2774598493127116,0.0,0.0,2.236,1.0,1.0,1606.919498444989,1050.0,1606.6209875299373,1050.0,0.01020443832495625,0.0
12359,1664319601000.0,0.0,0.0,7.2,2.2774598493127116,0.0,0.0,2.251,1.0,1.0,1606.919498444989,1050.0,1606.7289875299373,1050.0,0.01020443832495625,0.0
12360,1664323201000.0,0.0,0.0,7.2,2.2774598493127116,0.0,0.0,2.261,1.0,1.0,1606.919498444989,1050.0,1606.8009875299374,1050.0,0.01020443832495625,0.0
12361,1664326801000.0,0.0,0.0,7.2,2.2774598493127116,0.0,0.0,2.234,1.0,1.0,1606.919498444989,1050.0,1606.6065875299373,1050.0,0.01020443832495625,0.0
12362,1664330401000.0,0.0,0.0,16.8,2.244054221134019,0.0,0.0,2.205,1.0,1.0,1606.9173682049889,1050.0,1606.2612572899372,1050.0,0.023461138488511404,0.0
12363,1664334001000.0,0.0,0.0,39.2,2.208023237628865,0.0,0.0,2.199,1.0,1.0,1606.912482764989,1050.0,1606.5587718499373,1050.0,0.05386386118932783,0.0
12364,1664337601000.0,0.0,0.0,39.2,2.208023237628865,0.0,0.0,2.194,1.0,1.0,1606.912482764989,1050.0,1606.3627718499374,1050.0,0.05386386118932783,0.0
12365,1664341201000.0,0.0,0.0,39.2,2.208023237628865,0.0,0.0,2.203,1.0,1.0,1606.912482764989,1050.0,1606.7155718499373,1050.0,0.05386386118932783,0.0
12366,1664344801000.0,0.0,0.0,12.0,2.208023237628865,0.0,0.0,2.223,1.0,1.0,1607.3138041414838,1050.0,1607.4935252899375,1050.0,0.01648482006642061,0.0
12367,1664348401000.0,0.0,0.0,9.2,2.208023237628865,0.0,0.0,2.203,1.0,1.0,1607.355116636123,1050.0,1607.3089028499376,1050.0,0.012638037217748345,0.0
12368,1664352001000.0,0.0,0.0,9.2,2.208023237628865,0.0,0.0,2.214,1.0,1.0,1607.355116636123,1050.0,1607.4101028499374,1050.0,0.012638037217748345,0.0
12369,1664355601000.0,0.0,0.0,1.1,2.208023237628865,0.0,0.0,2.231,1.0,1.0,1607.4758276613284,1050.0,1607.5011020999366,1050.0,0.0015109561957926186,0.0
12370,1664359201000.0,0.0,0.0,0.5,2.2255283655463916,0.0,0.0,2.232,1.0,1.0,1607.5000533827094,1050.0,1607.5032891999363,1050.0,0.0006922327501212666,0.0
12371,1664362801000.0,0.0,0.0,0.5,2.2630263657048877,0.0,0.0,2.268,1.0,1.0,1607.5159505827892,1050.0,1607.5184373999368,1050.0,0.0007038892413118668,0.0
12372,1664366401000.0,0.0,0.0,0.4,2.27604949165376,0.0,0.0,2.282,1.0,1.0,1607.523351726598,1050.0,1607.5257319299367,1050.0,0.0005663493445887714,0.0
12373,1664370001000.0,0.0,0.0,0.5,2.2938578169953536,0.0,0.0,2.288,1.0,1.0,1607.5289997884342,1050.0,1607.5260708799365,1050.0,0.0007134732304354219,0.0
12374,1664373601000.0,0.0,0.0,0.5,2.3688601508081417,0.0,0.0,2.379,1.0,1.0,1607.5606631253402,1050.0,1607.5657330499362,1050.0,0.0007367871723741737,0.0
12375,1664377201000.0,0.0,0.0,0.5,2.475400921069366,0.0,0.0,2.428,1.0,1.0,1607.6023109804705,1050.0,1607.5786105199359,1050.0,0.0007699046288256542,0.0
12376,1664380801000.0,0.0,0.0,2.8,2.4066073073338154,0.0,0.0,2.398,1.0,1.0,1607.6017609004705,1050.0,1607.5776604399357,1050.0,0.0041916478473874195,0.0
12377,1664384401000.0,0.0,0.0,0.8,2.4066073073338154,0.0,0.0,2.414,1.0,1.0,1607.634061685803,1050.0,1607.6399758399361,1050.0,0.001197589608077943,0.0
12378,1664388001000.0,0.0,0.0,0.5,2.47271562471858,0.0,0.0,2.456,1.0,1.0,1607.6701710322955,1050.0,1607.6618132199362,1050.0,0.0007690369794977391,0.0
12379,1664391601000.0,0.0,0.0,0.5,2.47271562471858,0.0,0.0,2.447,1.0,1.0,1607.6701710322955,1050.0,1607.6573132199362,1050.0,0.0007690369794977391,0.0
12380,1664395201000.0,0.0,0.0,0.5,2.47271562471858,0.0,0.0,2.479,1.0,1.0,1607.6701710322955,1050.0,1607.673313219936,1050.0,0.0007690369794977391,0.0
12381,1664398801000.0,0.0,0.0,0.5,2.479629374831148,0.0,0.0,2.48,1.0,1.0,1607.6733283273516,1050.0,1607.673513639936,1050.0,0.0007711857039424151,0.0
12382,1664402401000.0,0.0,0.0,0.5,2.479629374831148,0.0,0.0,2.466,1.0,1.0,1607.6733283273516,1050.0,1607.666513639936,1050.0,0.0007711857039424151,0.0
12383,1664406001000.0,0.0,0.0,0.5,2.479629374831148,0.0,0.0,2.46,1.0,1.0,1607.6733283273516,1050.0,1607.663513639936,1050.0,0.0007711857039424151,0.0
12384,1664409601000.0,0.0,0.0,0.5,2.479629374831148,0.0,0.0,2.448,1.0,1.0,1607.6733283273516,1050.0,1607.657513639936,1050.0,0.0007711857039424151,0.0
12385,1664413201000.0,0.0,0.0,1.2,2.4448455728463117,0.0,0.0,2.442,1.0,1.0,1607.6731589273516,1050.0,1607.6697442399359,1050.0,0.0018248825460101799,0.0
12386,1664416801000.0,0.0,0.0,0.4,2.4448455728463117,0.0,0.0,2.45,1.0,1.0,1607.690085169074,1050.0,1607.6921469399356,1050.0,0.0006082877777004384,0.0
12387,1664420401000.0,0.0,0.0,0.4,2.4448455728463117,0.0,0.0,2.427,1.0,1.0,1607.690085169074,1050.0,1607.6829469399356,1050.0,0.0006082877777004384,0.0
12388,1664424001000.0,0.0,0.0,0.4,2.4448455728463117,0.0,0.0,2.418,1.0,1.0,1607.690085169074,1050.0,1607.6793469399356,1050.0,0.0006082877777004384,0.0
12389,1664427601000.0,0.0,0.0,0.4,2.4448455728463117,0.0,0.0,2.427,1.0,1.0,1607.690085169074,1050.0,1607.6829469399356,1050.0,0.0006082877777004384,0.0
12390,1664431201000.0,0.0,0.0,0.4,2.4448455728463117,0.0,0.0,2.407,1.0,1.0,1607.690085169074,1050.0,1607.6749469399356,1050.0,0.0006082877777004384,0.0
12391,1664434801000.0,0.0,0.0,0.4,2.4448455728463117,0.0,0.0,2.394,1.0,1.0,1607.690085169074,1050.0,1607.6697469399355,1050.0,0.0006082877777004384,0.0
12392,1664438401000.0,0.0,0.0,2.1,2.3789229662564404,0.0,0.0,2.358,1.0,1.0,1607.6896833890742,1050.0,1607.6457451599356,1050.0,0.00310740205697365,0.0
12393,1664442001000.0,0.0,0.0,2.1,2.3789229662564404,0.0,0.0,2.352,1.0,1.0,1607.6896833890742,1050.0,1607.6331451599356,1050.0,0.00310740205697365,0.0
12394,1664445601000.0,0.0,0.0,2.1,2.3789229662564404,0.0,0.0,2.362,1.0,1.0,1607.6896833890742,1050.0,1607.6541451599355,1050.0,0.00310740205697365,0.0
12395,1664449201000.0,0.0,0.0,2.1,2.3789229662564404,0.0,0.0,2.367,1.0,1.0,1607.6896833890742,1050.0,1607.6646451599356,1050.0,0.00310740205697365,0.0
12396,1664452801000.0,0.0,0.0,2.1,2.3789229662564404,0.0,0.0,2.368,1.0,1.0,1607.6896833890742,1050.0,1607.6667451599355,1050.0,0.00310740205697365,0.0
12397,1664456401000.0,0.0,0.0,2.1,2.3789229662564404,0.0,0.0,2.355,1.0,1.0,1607.6896833890742,1050.0,1607.6394451599356,1050.0,0.00310740205697365,0.0
12398,1664460001000.0,0.0,0.0,2.1,2.3789229662564404,0.0,0.0,2.344,1.0,1.0,1607.6896833890742,1050.0,1607.6163451599357,1050.0,0.00310740205697365,0.0
12399,1664463601000.0,0.0,0.0,2.1,2.3789229662564404,0.0,0.0,2.373,1.0,1.0,1607.6896833890742,1050.0,1607.6772451599356,1050.0,0.00310740205697365,0.0
12400,1664467201000.0,0.0,0.0,0.5,2.3857537797538644,0.0,0.0,2.392,1.0,1.0,1607.718143029811,1050.0,1607.7212661399342,1050.0,0.0007419689172810519,0.0
12401,1664470801000.0,0.0,0.0,0.5,2.4065548164268344,0.0,0.0,2.395,1.0,1.0,1607.727654408148,1050.0,1607.7218769999347,1050.0,0.0007484336074671671,0.0
12402,1664474401000.0,0.0,0.0,0.5,2.4065548164268344,0.0,0.0,2.363,1.0,1.0,1607.727654408148,1050.0,1607.7058769999346,1050.0,0.0007484336074671671,0.0
12403,1664478001000.0,0.0,0.0,0.5,2.4065548164268344,0.0,0.0,2.388,1.0,1.0,1607.727654408148,1050.0,1607.7183769999347,1050.0,0.0007484336074671671,0.0
12404,1664481601000.0,0.0,0.0,0.5,2.4065548164268344,0.0,0.0,2.399,1.0,1.0,1607.727654408148,1050.0,1607.7238769999346,1050.0,0.0007484336074671671,0.0
12405,1664485201000.0,0.0,0.0,0.5,2.4065548164268344,0.0,0.0,2.416,1.0,1.0,1607.727654408148,1050.0,1607.7323769999346,1050.0,0.0007484336074671671,0.0
12406,1664488801000.0,0.0,0.0,0.4,2.4065548164268344,0.0,0.0,2.399,1.0,1.0,1607.7292746965054,1050.0,1607.7262527699347,1050.0,0.0005987462825496227,0.0
12407,1664492401000.0,0.0,0.0,0.4,2.4065548164268344,0.0,0.0,2.398,1.0,1.0,1607.7292746965054,1050.0,1607.7258527699346,1050.0,0.0005987462825496227,0.0
12408,1664496001000.0,0.0,0.0,0.5,2.4207597339136604,0.0,0.0,2.419,1.0,1.0,1607.7339626868916,1050.0,1607.7330828199347,1050.0,0.0007528483536753856,0.0
12409,1664499601000.0,0.0,0.0,0.5,2.4207597339136604,0.0,0.0,2.426,1.0,1.0,1607.7339626868916,1050.0,1607.7365828199347,1050.0,0.0007528483536753856,0.0
12410,1664503201000.0,0.0,0.0,0.5,2.4207597339136604,0.0,0.0,2.424,1.0,1.0,1607.7339626868916,1050.0,1607.7355828199347,1050.0,0.0007528483536753856,0.0
12411,1664506801000.0,0.0,0.0,0.5,2.4207597339136604,0.0,0.0,2.409,1.0,1.0,1607.7339626868916,1050.0,1607.7280828199348,1050.0,0.0007528483536753856,0.0
12412,1664510401000.0,0.0,0.0,0.5,2.4207597339136604,0.0,0.0,2.403,1.0,1.0,1607.7339626868916,1050.0,1607.7250828199346,1050.0,0.0007528483536753856,0.0
12413,1664514001000.0,0.0,0.0,0.5,2.4207597339136604,0.0,0.0,2.379,1.0,1.0,1607.7339626868916,1050.0,1607.7130828199347,1050.0,0.0007528483536753856,0.0
12414,1664517601000.0,0.0,0.0,0.5,2.4207597339136604,0.0,0.0,2.386,1.0,1.0,1607.7339626868916,1050.0,1607.7165828199347,1050.0,0.0007528483536753856,0.0
12415,1664521201000.0,0.0,0.0,0.5,2.4207597339136604,0.0,0.0,2.383,1.0,1.0,1607.7339626868916,1050.0,1607.7150828199347,1050.0,0.0007528483536753856,0.0
12416,1664524801000.0,0.0,0.0,0.5,2.4207597339136604,0.0,0.0,2.376,1.0,1.0,1607.7339626868916,1050.0,1607.7115828199348,1050.0,0.0007528483536753856,0.0
12417,1664528401000.0,0.0,0.0,0.5,2.4207597339136604,0.0,0.0,2.389,1.0,1.0,1607.7339626868916,1050.0,1607.7180828199348,1050.0,0.0007528483536753856,0.0
12418,1664532001000.0,0.0,0.0,0.5,2.4207597339136604,0.0,0.0,2.367,1.0,1.0,1607.7339626868916,1050.0,1607.7070828199348,1050.0,0.0007528483536753856,0.0
12419,1664535601000.0,0.0,0.0,1.2,2.386483222464025,0.0,0.0,2.359,1.0,1.0,1607.7337973468916,1050.0,1607.7008174799348,1050.0,0.0017812525131229349,0.0
12420,1664539201000.0,0.0,0.0,1.2,2.386483222464025,0.0,0.0,2.341,1.0,1.0,1607.7337973468916,1050.0,1607.6792174799348,1050.0,0.0017812525131229349,0.0
12421,1664542801000.0,0.0,0.0,1.2,2.386483222464025,0.0,0.0,2.356,1.0,1.0,1607.7337973468916,1050.0,1607.6972174799348,1050.0,0.0017812525131229349,0.0
12422,1664546401000.0,0.0,0.0,1.1,2.386483222464025,0.0,0.0,2.399,1.0,1.0,1607.7354249946452,1050.0,1607.7491934499349,1050.0,0.0016328131506582755,0.0
12423,1664550001000.0,0.0,0.0,0.5,2.400493960087049,0.0,0.0,2.409,1.0,1.0,1607.751603689978,1050.0,1607.7558567099345,1050.0,0.0007465375728992073,0.0
12424,1664553601000.0,0.0,0.0,0.5,2.4147378256313377,0.0,0.0,2.378,1.0,1.0,1607.7579319227505,1050.0,1607.7395630099347,1050.0,0.0007509643640020807,0.0
12425,1664557201000.0,0.0,0.0,0.5,2.4147378256313377,0.0,0.0,2.395,1.0,1.0,1607.7579319227505,1050.0,1607.7480630099349,1050.0,0.0007509643640020807,0.0
12426,1664560801000.0,0.0,0.0,0.5,2.4147378256313377,0.0,0.0,2.391,1.0,1.0,1607.7579319227505,1050.0,1607.7460630099347,1050.0,0.0007509643640020807,0.0
12427,1664564401000.0,0.0,0.0,0.5,2.4147378256313377,0.0,0.0,2.388,1.0,1.0,1607.7579319227505,1050.0,1607.7445630099348,1050.0,0.0007509643640020807,0.0
12428,1664568001000.0,0.0,0.0,0.5,2.4147378256313377,0.0,0.0,2.394,1.0,1.0,1607.7579319227505,1050.0,1607.7475630099348,1050.0,0.0007509643640020807,0.0
12429,1664571601000.0,0.0,0.0,0.4,2.4147378256313377,0.0,0.0,2.414,1.0,1.0,1607.7595338301874,1050.0,1607.759238699935,1050.0,0.0006007708926169264,0.0
12430,1664575201000.0,0.0,0.0,0.4,2.4147378256313377,0.0,0.0,2.379,1.0,1.0,1607.7595338301874,1050.0,1607.7452386999348,1050.0,0.0006007708926169264,0.0
12431,1664578801000.0,0.0,0.0,0.9,2.3821057002805945,0.0,0.0,2.349,1.0,1.0,1607.7594160301874,1050.0,1607.7296208999348,1050.0,0.0013334676251165437,0.0
12432,1664582401000.0,0.0,0.0,0.9,2.3821057002805945,0.0,0.0,2.378,1.0,1.0,1607.7594160301874,1050.0,1607.7557208999349,1050.0,0.0013334676251165437,0.0
12433,1664586001000.0,0.0,0.0,0.9,2.3821057002805945,0.0,0.0,2.38,1.0,1.0,1607.7594160301874,1050.0,1607.757520899935,1050.0,0.0013334676251165437,0.0
12434,1664589601000.0,0.0,0.0,0.9,2.3821057002805945,0.0,0.0,2.381,1.0,1.0,1607.7594160301874,1050.0,1607.758420899935,1050.0,0.0013334676251165437,0.0
12435,1664593201000.0,0.0,0.0,0.5,2.3821057002805945,0.0,0.0,2.398,1.0,1.0,1607.7656778300757,1050.0,1607.7736249799354,1050.0,0.0007408124620173533,0.0
12436,1664596801000.0,0.0,0.0,0.5,2.3888634201683567,0.0,0.0,2.392,1.0,1.0,1607.7687607500197,1050.0,1607.7703290399356,1050.0,0.0007429126247775702,0.0
12437,1664600401000.0,0.0,0.0,0.5,2.3888634201683567,0.0,0.0,2.387,1.0,1.0,1607.7687607500197,1050.0,1607.7678290399356,1050.0,0.0007429126247775702,0.0
12438,1664604001000.0,0.0,0.0,0.5,2.3888634201683567,0.0,0.0,2.394,1.0,1.0,1607.7687607500197,1050.0,1607.7713290399356,1050.0,0.0007429126247775702,0.0
12439,1664607601000.0,0.0,0.0,0.5,2.4069453680673427,0.0,0.0,2.383,1.0,1.0,1607.774756873969,1050.0,1607.7627841899352,1050.0,0.0007485331380457852,0.0
12440,1664611201000.0,0.0,0.0,0.5,2.4069453680673427,0.0,0.0,2.392,1.0,1.0,1607.774756873969,1050.0,1607.7672841899353,1050.0,0.0007485331380457852,0.0
12441,1664614801000.0,0.0,0.0,0.5,2.4069453680673427,0.0,0.0,2.383,1.0,1.0,1607.774756873969,1050.0,1607.7627841899352,1050.0,0.0007485331380457852,0.0
12442,1664618401000.0,0.0,0.0,0.5,2.4069453680673427,0.0,0.0,2.386,1.0,1.0,1607.774756873969,1050.0,1607.7642841899353,1050.0,0.0007485331380457852,0.0
12443,1664622001000.0,0.0,0.0,0.5,2.4069453680673427,0.0,0.0,2.371,1.0,1.0,1607.774756873969,1050.0,1607.7567841899354,1050.0,0.0007485331380457852,0.0
12444,1664625601000.0,0.0,0.0,1.2,2.373143903361393,0.0,0.0,2.359,1.0,1.0,1607.774592443969,1050.0,1607.7576197599353,1050.0,0.001771251204874925,0.0
12445,1664629201000.0,0.0,0.0,1.2,2.373143903361393,0.0,0.0,2.359,1.0,1.0,1607.774592443969,1050.0,1607.7576197599353,1050.0,0.001771251204874925,0.0
12446,1664632801000.0,0.0,0.0,1.2,2.373143903361393,0.0,0.0,2.35,1.0,1.0,1607.774592443969,1050.0,1607.7468197599353,1050.0,0.001771251204874925,0.0
12447,1664636401000.0,0.0,0.0,1.2,2.373143903361393,0.0,0.0,2.338,1.0,1.0,1607.774592443969,1050.0,1607.7324197599353,1050.0,0.001771251204874925,0.0
12448,1664640001000.0,0.0,0.0,1.2,2.373143903361393,0.0,0.0,2.34,1.0,1.0,1607.774592443969,1050.0,1607.7348197599351,1050.0,0.001771251204874925,0.0
12449,1664643601000.0,0.0,0.0,2.8,2.3399188157263113,0.0,0.0,2.319,1.0,1.0,1607.7742220439688,1050.0,1607.7156493599352,1050.0,0.004075057675513904,0.0
12450,1664647201000.0,0.0,0.0,2.8,2.3399188157263113,0.0,0.0,2.318,1.0,1.0,1607.7742220439688,1050.0,1607.7128493599353,1050.0,0.004075057675513904,0.0
12451,1664650801000.0,0.0,0.0,2.8,2.3399188157263113,0.0,0.0,2.318,1.0,1.0,1607.7742220439688,1050.0,1607.7128493599353,1050.0,0.004075057675513904,0.0
12452,1664654401000.0,0.0,0.0,2.8,2.3399188157263113,0.0,0.0,2.314,1.0,1.0,1607.7742220439688,1050.0,1607.7016493599351,1050.0,0.004075057675513904,0.0
12453,1664658001000.0,0.0,0.0,2.8,2.3399188157263113,0.0,0.0,2.312,1.0,1.0,1607.7742220439688,1050.0,1607.6960493599352,1050.0,0.004075057675513904,0.0
12454,1664661601000.0,0.0,0.0,2.8,2.3399188157263113,0.0,0.0,2.315,1.0,1.0,1607.7742220439688,1050.0,1607.704449359935,1050.0,0.004075057675513904,0.0
12455,1664665201000.0,0.0,0.0,2.8,2.3399188157263113,0.0,0.0,2.315,1.0,1.0,1607.7742220439688,1050.0,1607.704449359935,1050.0,0.004075057675513904,0.0
12456,1664668801000.0,0.0,0.0,2.8,2.3399188157263113,0.0,0.0,2.316,1.0,1.0,1607.7742220439688,1050.0,1607.707249359935,1050.0,0.004075057675513904,0.0
12457,1664672401000.0,0.0,0.0,2.8,2.3399188157263113,0.0,0.0,2.308,1.0,1.0,1607.7742220439688,1050.0,1607.6848493599352,1050.0,0.004075057675513904,0.0
12458,1664676001000.0,0.0,0.0,2.8,2.3399188157263113,0.0,0.0,2.317,1.0,1.0,1607.7742220439688,1050.0,1607.7100493599353,1050.0,0.004075057675513904,0.0
12459,1664679601000.0,0.0,0.0,2.8,2.3399188157263113,0.0,0.0,2.319,1.0,1.0,1607.7742220439688,1050.0,1607.7156493599352,1050.0,0.004075057675513904,0.0
12460,1664683201000.0,0.0,0.0,2.8,2.3399188157263113,0.0,0.0,2.326,1.0,1.0,1607.7742220439688,1050.0,1607.735249359935,1050.0,0.004075057675513904,0.0
12461,1664686801000.0,0.0,0.0,2.8,2.3399188157263113,0.0,0.0,2.324,1.0,1.0,1607.7742220439688,1050.0,1607.7296493599351,1050.0,0.004075057675513904,0.0
12462,1664690401000.0,0.0,0.0,2.8,2.3399188157263113,0.0,0.0,2.312,1.0,1.0,1607.7742220439688,1050.0,1607.6960493599352,1050.0,0.004075057675513904,0.0
12463,1664694001000.0,0.0,0.0,2.8,2.3399188157263113,0.0,0.0,2.303,1.0,1.0,1607.7742220439688,1050.0,1607.6708493599351,1050.0,0.004075057675513904,0.0
12464,1664697601000.0,0.0,0.0,2.8,2.3399188157263113,0.0,0.0,2.295,1.0,1.0,1607.7742220439688,1050.0,1607.6484493599353,1050.0,0.004075057675513904,0.0
12465,1664701201000.0,0.0,0.0,2.8,2.3399188157263113,0.0,0.0,2.295,1.0,1.0,1607.7742220439688,1050.0,1607.6484493599353,1050.0,0.004075057675513904,0.0
12466,1664704801000.0,0.0,0.0,2.8,2.3399188157263113,0.0,0.0,2.3,1.0,1.0,1607.7742220439688,1050.0,1607.6624493599352,1050.0,0.004075057675513904,0.0
12467,1664708401000.0,0.0,0.0,6.5,2.3069496436974877,0.0,0.0,2.264,1.0,1.0,1607.773377703969,1050.0,1607.4942050199352,1050.0,0.009326670594240088,0.0
12468,1664712001000.0,0.0,0.0,6.5,2.3069496436974877,0.0,0.0,2.266,1.0,1.0,1607.773377703969,1050.0,1607.5072050199353,1050.0,0.009326670594240088,0.0
12469,1664715601000.0,0.0,0.0,6.5,2.3069496436974877,0.0,0.0,2.262,1.0,1.0,1607.773377703969,1050.0,1607.4812050199353,1050.0,0.009326670594240088,0.0
12470,1664719201000.0,0.0,0.0,6.5,2.3069496436974877,0.0,0.0,2.266,1.0,1.0,1607.773377703969,1050.0,1607.5072050199353,1050.0,0.009326670594240088,0.0
12471,1664722801000.0,0.0,0.0,6.5,2.3069496436974877,0.0,0.0,2.254,1.0,1.0,1607.773377703969,1050.0,1607.4292050199351,1050.0,0.009326670594240088,0.0
12472,1664726401000.0,0.0,0.0,15.2,2.2732087292127416,0.0,0.0,2.253,1.0,1.0,1607.7714219439688,1050.0,1607.464249259935,1050.0,0.021491097684928153,0.0
12473,1664730001000.0,0.0,0.0,15.2,2.2732087292127416,0.0,0.0,2.259,1.0,1.0,1607.7714219439688,1050.0,1607.5554492599351,1050.0,0.021491097684928153,0.0
12474,1664733601000.0,0.0,0.0,15.2,2.2732087292127416,0.0,0.0,2.26,1.0,1.0,1607.7714219439688,1050.0,1607.5706492599352,1050.0,0.021491097684928153,0.0
12475,1664737201000.0,0.0,0.0,15.2,2.2732087292127416,0.0,0.0,2.264,1.0,1.0,1607.7714219439688,1050.0,1607.6314492599352,1050.0,0.021491097684928153,0.0
12476,1664740801000.0,0.0,0.0,15.2,2.2732087292127416,0.0,0.0,2.273,1.0,1.0,1607.7714219439688,1050.0,1607.7682492599351,1050.0,0.021491097684928153,0.0
12477,1664744401000.0,0.0,0.0,15.2,2.2732087292127416,0.0,0.0,2.267,1.0,1.0,1607.7714219439688,1050.0,1607.677049259935,1050.0,0.021491097684928153,0.0
12478,1664748001000.0,0.0,0.0,15.2,2.2732087292127416,0.0,0.0,2.262,1.0,1.0,1607.7714219439688,1050.0,1607.601049259935,1050.0,0.021491097684928153,0.0
12479,1664751601000.0,0.0,0.0,15.2,2.2732087292127416,0.0,0.0,2.243,1.0,1.0,1607.7714219439688,1050.0,1607.312249259935,1050.0,0.021491097684928153,0.0
12480,1664755201000.0,0.0,0.0,35.5,2.2376358502544695,0.0,0.0,2.215,1.0,1.0,1607.7669336139688,1050.0,1606.963360929935,1050.0,0.049407703954624675,0.0
12481,1664758801000.0,0.0,0.0,35.5,2.2376358502544695,0.0,0.0,2.228,1.0,1.0,1607.7669336139688,1050.0,1607.4248609299352,1050.0,0.049407703954624675,0.0
12482,1664762401000.0,0.0,0.0,35.5,2.2376358502544695,0.0,0.0,2.245,1.0,1.0,1607.7669336139688,1050.0,1608.0283609299352,1050.0,0.049407703954624675,0.0
12483,1664766001000.0,0.0,0.0,9.6,2.2376358502544695,0.0,0.0,2.247,1.0,1.0,1608.1590298223782,1050.0,1608.2489256599354,1050.0,0.013357698936538338,0.0
12484,1664769601000.0,0.0,0.0,1.6,2.2376358502544695,0.0,0.0,2.249,1.0,1.0,1608.280140620342,1050.0,1608.298323259935,1050.0,0.0022261155068582757,0.0
12485,1664773201000.0,0.0,0.0,1.6,2.2376358502544695,0.0,0.0,2.225,1.0,1.0,1608.280140620342,1050.0,1608.259923259935,1050.0,0.0022261155068582757,0.0
12486,1664776801000.0,0.0,0.0,1.6,2.2376358502544695,0.0,0.0,2.243,1.0,1.0,1608.280140620342,1050.0,1608.2887232599348,1050.0,0.0022261155068582757,0.0
12487,1664780401000.0,0.0,0.0,1.6,2.2376358502544695,0.0,0.0,2.238,1.0,1.0,1608.280140620342,1050.0,1608.280723259935,1050.0,0.0022261155068582757,0.0
12488,1664784001000.0,0.0,0.0,0.7,2.2376358502544695,0.0,0.0,2.247,1.0,1.0,1608.2937655851122,1050.0,1608.300320489934,1050.0,0.0009739172834561588,0.0
12489,1664787601000.0,0.0,0.0,0.5,2.2441815101526816,0.0,0.0,2.249,1.0,1.0,1608.2997760450098,1050.0,1608.3021852899335,1050.0,0.0006976875653341743,0.0
12490,1664791201000.0,0.0,0.0,0.5,2.250508906091609,0.0,0.0,2.258,1.0,1.0,1608.302649362979,1050.0,1608.3063949099333,1050.0,0.0006996534225019764,0.0
12491,1664794801000.0,0.0,0.0,0.5,2.250508906091609,0.0,0.0,2.26,1.0,1.0,1608.302649362979,1050.0,1608.3073949099332,1050.0,0.0006996534225019764,0.0
12492,1664798401000.0,0.0,0.0,0.5,2.250508906091609,0.0,0.0,2.257,1.0,1.0,1608.302649362979,1050.0,1608.3058949099334,1050.0,0.0006996534225019764,0.0
12493,1664802001000.0,0.0,0.0,0.5,2.263463206192979,0.0,0.0,2.264,1.0,1.0,1608.3085449530297,1050.0,1608.3088133499332,1050.0,0.0007036781634021234,0.0
12494,1664805601000.0,0.0,0.0,0.5,2.263463206192979,0.0,0.0,2.255,1.0,1.0,1608.3085449530297,1050.0,1608.3043133499332,1050.0,0.0007036781634021234,0.0
12495,1664809201000.0,0.0,0.0,0.5,2.2728779237157877,0.0,0.0,2.283,1.0,1.0,1608.3115609917913,1050.0,1608.3166220299333,1050.0,0.0007066037386170938,0.0
12496,1664812801000.0,0.0,0.0,0.4,2.2845267542294727,0.0,0.0,2.271,1.0,1.0,1608.3173178016254,1050.0,1608.3119070999337,1050.0,0.0005681781148392143,0.0
12497,1664816401000.0,0.0,0.0,0.4,2.2845267542294727,0.0,0.0,2.282,1.0,1.0,1608.3173178016254,1050.0,1608.3163070999337,1050.0,0.0005681781148392143,0.0
12498,1664820001000.0,0.0,0.0,0.4,2.29786963152261,0.0,0.0,2.294,1.0,1.0,1608.3233705025427,1050.0,1608.3218226499337,1050.0,0.0005714944329397164,0.0
12499,1664823601000.0,0.0,0.0,0.4,2.29786963152261,0.0,0.0,2.279,1.0,1.0,1608.3233705025427,1050.0,1608.3158226499336,1050.0,0.0005714944329397164,0.0
12500,1664827201000.0,0.0,0.0,0.4,2.29786963152261,0.0,0.0,2.278,1.0,1.0,1608.3233705025427,1050.0,1608.3154226499337,1050.0,0.0005714944329397164,0.0
12501,1664830801000.0,0.0,0.0,0.4,2.29786963152261,0.0,0.0,2.3,1.0,1.0,1608.3233705025427,1050.0,1608.3242226499337,1050.0,0.0005714944329397164,0.0
12502,1664834401000.0,0.0,0.0,0.4,2.29786963152261,0.0,0.0,2.292,1.0,1.0,1608.3233705025427,1050.0,1608.3210226499336,1050.0,0.0005714944329397164,0.0
12503,1664838001000.0,0.0,0.0,0.4,2.29786963152261,0.0,0.0,2.295,1.0,1.0,1608.3233705025427,1050.0,1608.3222226499338,1050.0,0.0005714944329397164,0.0
12504,1664841601000.0,0.0,0.0,0.5,2.3109930673481394,0.0,0.0,2.295,1.0,1.0,1608.3278569536076,1050.0,1608.3198604199335,1050.0,0.0007184458869367206,0.0
12505,1664845201000.0,0.0,0.0,0.5,2.3109930673481394,0.0,0.0,2.298,1.0,1.0,1608.3278569536076,1050.0,1608.3213604199334,1050.0,0.0007184458869367206,0.0
12506,1664848801000.0,0.0,0.0,0.5,2.3109930673481394,0.0,0.0,2.281,1.0,1.0,1608.3278569536076,1050.0,1608.3128604199335,1050.0,0.0007184458869367206,0.0
12507,1664852401000.0,0.0,0.0,0.5,2.3109930673481394,0.0,0.0,2.281,1.0,1.0,1608.3278569536076,1050.0,1608.3128604199335,1050.0,0.0007184458869367206,0.0
12508,1664856001000.0,0.0,0.0,0.5,2.3109930673481394,0.0,0.0,2.293,1.0,1.0,1608.3278569536076,1050.0,1608.3188604199336,1050.0,0.0007184458869367206,0.0
12509,1664859601000.0,0.0,0.0,0.5,2.3109930673481394,0.0,0.0,2.291,1.0,1.0,1608.3278569536076,1050.0,1608.3178604199336,1050.0,0.0007184458869367206,0.0
12510,1664863201000.0,0.0,0.0,0.5,2.3109930673481394,0.0,0.0,2.292,1.0,1.0,1608.3278569536076,1050.0,1608.3183604199335,1050.0,0.0007184458869367206,0.0
12511,1664866801000.0,0.0,0.0,0.5,2.3109930673481394,0.0,0.0,2.312,1.0,1.0,1608.3278569536076,1050.0,1608.3283604199335,1050.0,0.0007184458869367206,0.0
12512,1664870401000.0,0.0,0.0,0.4,2.3109930673481394,0.0,0.0,2.31,1.0,1.0,1608.3294343768728,1050.0,1608.3290371499336,1050.0,0.0005747561458373743,0.0
12513,1664874001000.0,0.0,0.0,0.5,2.3242775042453303,0.0,0.0,2.307,1.0,1.0,1608.333912732056,1050.0,1608.3252739799334,1050.0,0.000722573057076534,0.0
12514,1664877601000.0,0.0,0.0,0.5,2.3242775042453303,0.0,0.0,2.309,1.0,1.0,1608.333912732056,1050.0,1608.3262739799334,1050.0,0.000722573057076534,0.0
12515,1664881201000.0,0.0,0.0,0.5,2.3242775042453303,0.0,0.0,2.311,1.0,1.0,1608.333912732056,1050.0,1608.3272739799334,1050.0,0.000722573057076534,0.0
12516,1664884801000.0,0.0,0.0,0.5,2.3242775042453303,0.0,0.0,2.313,1.0,1.0,1608.333912732056,1050.0,1608.3282739799333,1050.0,0.000722573057076534,0.0
12517,1664888401000.0,0.0,0.0,0.5,2.3242775042453303,0.0,0.0,2.327,1.0,1.0,1608.333912732056,1050.0,1608.3352739799334,1050.0,0.000722573057076534,0.0
12518,1664892001000.0,0.0,0.0,0.5,2.3242775042453303,0.0,0.0,2.333,1.0,1.0,1608.333912732056,1050.0,1608.3382739799333,1050.0,0.000722573057076534,0.0
12519,1664895601000.0,0.0,0.0,0.4,2.330966502547198,0.0,0.0,2.336,1.0,1.0,1608.3385434909521,1050.0,1608.3405568899332,1050.0,0.0005797203609851339,0.0
12520,1664899201000.0,0.0,0.0,0.4,2.330966502547198,0.0,0.0,2.339,1.0,1.0,1608.3385434909521,1050.0,1608.3417568899333,1050.0,0.0005797203609851339,0.0
12521,1664902801000.0,0.0,0.0,0.5,2.337779901528319,0.0,0.0,2.328,1.0,1.0,1608.3400764106973,1050.0,1608.335186459933,1050.0,0.0007267679068053502,0.0
12522,1664906401000.0,0.0,0.0,0.5,2.337779901528319,0.0,0.0,2.329,1.0,1.0,1608.3400764106973,1050.0,1608.3356864599332,1050.0,0.0007267679068053502,0.0
12523,1664910001000.0,0.0,0.0,0.5,2.337779901528319,0.0,0.0,2.333,1.0,1.0,1608.3400764106973,1050.0,1608.3376864599331,1050.0,0.0007267679068053502,0.0
12524,1664913601000.0,0.0,0.0,0.5,2.337779901528319,0.0,0.0,2.339,1.0,1.0,1608.3400764106973,1050.0,1608.340686459933,1050.0,0.0007267679068053502,0.0
12525,1664917201000.0,0.0,0.0,0.5,2.3446679409169913,0.0,0.0,2.344,1.0,1.0,1608.3432262503914,1050.0,1608.3428922799328,1050.0,0.000728907829699768,0.0
12526,1664920801000.0,0.0,0.0,0.5,2.3446679409169913,0.0,0.0,2.347,1.0,1.0,1608.3432262503914,1050.0,1608.344392279933,1050.0,0.000728907829699768,0.0
12527,1664924401000.0,0.0,0.0,0.5,2.3446679409169913,0.0,0.0,2.331,1.0,1.0,1608.3432262503914,1050.0,1608.3363922799329,1050.0,0.000728907829699768,0.0
12528,1664928001000.0,0.0,0.0,0.5,2.3446679409169913,0.0,0.0,2.338,1.0,1.0,1608.3432262503914,1050.0,1608.3398922799329,1050.0,0.000728907829699768,0.0
12529,1664931601000.0,0.0,0.0,0.5,2.3446679409169913,0.0,0.0,2.338,1.0,1.0,1608.3432262503914,1050.0,1608.3398922799329,1050.0,0.000728907829699768,0.0
12530,1664935201000.0,0.0,0.0,0.5,2.3446679409169913,0.0,0.0,2.344,1.0,1.0,1608.3432262503914,1050.0,1608.3428922799328,1050.0,0.000728907829699768,0.0
12531,1664938801000.0,0.0,0.0,0.5,2.3446679409169913,0.0,0.0,2.323,1.0,1.0,1608.3432262503914,1050.0,1608.332392279933,1050.0,0.000728907829699768,0.0
12532,1664942401000.0,0.0,0.0,0.5,2.3446679409169913,0.0,0.0,2.317,1.0,1.0,1608.3432262503914,1050.0,1608.3293922799328,1050.0,0.000728907829699768,0.0
12533,1664946001000.0,0.0,0.0,0.5,2.3446679409169913,0.0,0.0,2.329,1.0,1.0,1608.3432262503914,1050.0,1608.3353922799329,1050.0,0.000728907829699768,0.0
12534,1664949601000.0,0.0,0.0,0.5,2.3446679409169913,0.0,0.0,2.336,1.0,1.0,1608.3432262503914,1050.0,1608.338892279933,1050.0,0.000728907829699768,0.0
12535,1664953201000.0,0.0,0.0,0.5,2.357920458730117,0.0,0.0,2.352,1.0,1.0,1608.349263389298,1050.0,1608.3463031599329,1050.0,0.0007330250065714075,0.0
12536,1664956801000.0,0.0,0.0,0.5,2.357920458730117,0.0,0.0,2.337,1.0,1.0,1608.349263389298,1050.0,1608.338803159933,1050.0,0.0007330250065714075,0.0
12537,1664960401000.0,0.0,0.0,1.2,2.3247168578042157,0.0,0.0,2.313,1.0,1.0,1608.3491023192978,1050.0,1608.3350420899328,1050.0,0.0017344867636897158,0.0
12538,1664964001000.0,0.0,0.0,1.2,2.3247168578042157,0.0,0.0,2.316,1.0,1.0,1608.3491023192978,1050.0,1608.3386420899328,1050.0,0.0017344867636897158,0.0
12539,1664967601000.0,0.0,0.0,1.2,2.3247168578042157,0.0,0.0,2.314,1.0,1.0,1608.3491023192978,1050.0,1608.3362420899327,1050.0,0.0017344867636897158,0.0
12540,1664971201000.0,0.0,0.0,1.2,2.3247168578042157,0.0,0.0,2.304,1.0,1.0,1608.3491023192978,1050.0,1608.3242420899328,1050.0,0.0017344867636897158,0.0
12541,1664974801000.0,0.0,0.0,1.2,2.3247168578042157,0.0,0.0,2.29,1.0,1.0,1608.3491023192978,1050.0,1608.3074420899327,1050.0,0.0017344867636897158,0.0
12542,1664978401000.0,0.0,0.0,2.8,2.2923072247732357,0.0,0.0,2.28,1.0,1.0,1608.3487394392978,1050.0,1608.3142792099327,1050.0,0.003990714247460201,0.0
12543,1664982001000.0,0.0,0.0,2.8,2.2923072247732357,0.0,0.0,2.278,1.0,1.0,1608.3487394392978,1050.0,1608.3086792099327,1050.0,0.003990714247460201,0.0
12544,1664985601000.0,0.0,0.0,2.8,2.2923072247732357,0.0,0.0,2.298,1.0,1.0,1608.3487394392978,1050.0,1608.3646792099328,1050.0,0.003990714247460201,0.0
12545,1664989201000.0,0.0,0.0,1.0,2.2923072247732357,0.0,0.0,2.308,1.0,1.0,1608.376570994707,1050.0,1608.3922637699338,1050.0,0.0014252304255809626,0.0
12546,1664992801000.0,0.0,0.0,0.5,2.3060306009183646,0.0,0.0,2.304,1.0,1.0,1608.3903786903943,1050.0,1608.3893633899352,1050.0,0.000716875278374897,0.0
12547,1664996401000.0,0.0,0.0,0.5,2.3060306009183646,0.0,0.0,2.314,1.0,1.0,1608.3903786903943,1050.0,1608.394363389935,1050.0,0.000716875278374897,0.0
12548,1665000001000.0,0.0,0.0,0.5,2.312818360551019,0.0,0.0,2.308,1.0,1.0,1608.3934796702108,1050.0,1608.3910704899354,1050.0,0.000718984001671421,0.0
12549,1665003601000.0,0.0,0.0,0.5,2.312818360551019,0.0,0.0,2.302,1.0,1.0,1608.3934796702108,1050.0,1608.3880704899352,1050.0,0.000718984001671421,0.0
12550,1665007201000.0,0.0,0.0,0.5,2.312818360551019,0.0,0.0,2.306,1.0,1.0,1608.3934796702108,1050.0,1608.3900704899354,1050.0,0.000718984001671421,0.0
12551,1665010801000.0,0.0,0.0,0.5,2.312818360551019,0.0,0.0,2.322,1.0,1.0,1608.3934796702108,1050.0,1608.3980704899352,1050.0,0.000718984001671421,0.0
12552,1665014401000.0,0.0,0.0,0.5,2.3192910163306113,0.0,0.0,2.329,1.0,1.0,1608.3964228581006,1050.0,1608.4012773499353,1050.0,0.0007209948316750357,0.0
12553,1665018001000.0,0.0,0.0,0.5,2.339670859527412,0.0,0.0,2.333,1.0,1.0,1608.4057316796989,1050.0,1608.4023962499352,1050.0,0.0007273260762021888,0.0
12554,1665021601000.0,0.0,0.0,0.4,2.339670859527412,0.0,0.0,2.352,1.0,1.0,1608.4072410437461,1050.0,1608.4121726999351,1050.0,0.0005818603149309688,0.0
12555,1665025201000.0,0.0,0.0,0.5,2.347802515716447,0.0,0.0,2.348,1.0,1.0,1608.4087032077935,1050.0,1608.4088019499352,1050.0,0.0007298525900270293,0.0
12556,1665028801000.0,0.0,0.0,0.5,2.347802515716447,0.0,0.0,2.349,1.0,1.0,1608.4087032077935,1050.0,1608.4093019499353,1050.0,0.0007298525900270293,0.0
12557,1665032401000.0,0.0,0.0,0.5,2.347802515716447,0.0,0.0,2.342,1.0,1.0,1608.4087032077935,1050.0,1608.4058019499353,1050.0,0.0007298525900270293,0.0
12558,1665036001000.0,0.0,0.0,0.5,2.347802515716447,0.0,0.0,2.348,1.0,1.0,1608.4087032077935,1050.0,1608.4088019499352,1050.0,0.0007298525900270293,0.0
12559,1665039601000.0,0.0,0.0,0.5,2.347802515716447,0.0,0.0,2.308,1.0,1.0,1608.4087032077935,1050.0,1608.3888019499352,1050.0,0.0007298525900270293,0.0
12560,1665043201000.0,0.0,0.0,0.5,2.347802515716447,0.0,0.0,2.307,1.0,1.0,1608.4087032077935,1050.0,1608.3883019499353,1050.0,0.0007298525900270293,0.0
12561,1665046801000.0,0.0,0.0,1.2,2.3146677148818533,0.0,0.0,2.3,1.0,1.0,1608.4085428377934,1050.0,1608.3909415799353,1050.0,0.001726925208291649,0.0
12562,1665050401000.0,0.0,0.0,1.2,2.3146677148818533,0.0,0.0,2.287,1.0,1.0,1608.4085428377934,1050.0,1608.3753415799351,1050.0,0.001726925208291649,0.0
12563,1665054001000.0,0.0,0.0,1.2,2.3146677148818533,0.0,0.0,2.29,1.0,1.0,1608.4085428377934,1050.0,1608.3789415799351,1050.0,0.001726925208291649,0.0
12564,1665057601000.0,0.0,0.0,1.2,2.3146677148818533,0.0,0.0,2.303,1.0,1.0,1608.4085428377934,1050.0,1608.3945415799353,1050.0,0.001726925208291649,0.0
12565,1665061201000.0,0.0,0.0,1.2,2.3146677148818533,0.0,0.0,2.3,1.0,1.0,1608.4085428377934,1050.0,1608.3909415799353,1050.0,0.001726925208291649,0.0
12566,1665064801000.0,0.0,0.0,1.2,2.3146677148818533,0.0,0.0,2.297,1.0,1.0,1608.4085428377934,1050.0,1608.3873415799353,1050.0,0.001726925208291649,0.0
12567,1665068401000.0,0.0,0.0,1.2,2.3146677148818533,0.0,0.0,2.294,1.0,1.0,1608.4085428377934,1050.0,1608.3837415799353,1050.0,0.001726925208291649,0.0
12568,1665072001000.0,0.0,0.0,1.2,2.3146677148818533,0.0,0.0,2.284,1.0,1.0,1608.4085428377934,1050.0,1608.3717415799351,1050.0,0.001726925208291649,0.0
12569,1665075601000.0,0.0,0.0,1.2,2.3146677148818533,0.0,0.0,2.278,1.0,1.0,1608.4085428377934,1050.0,1608.3645415799351,1050.0,0.001726925208291649,0.0
12570,1665079201000.0,0.0,0.0,1.2,2.3146677148818533,0.0,0.0,2.293,1.0,1.0,1608.4085428377934,1050.0,1608.3825415799352,1050.0,0.001726925208291649,0.0
12571,1665082801000.0,0.0,0.0,1.2,2.3146677148818533,0.0,0.0,2.276,1.0,1.0,1608.4085428377934,1050.0,1608.3621415799353,1050.0,0.001726925208291649,0.0
12572,1665086401000.0,0.0,0.0,1.2,2.3146677148818533,0.0,0.0,2.277,1.0,1.0,1608.4085428377934,1050.0,1608.3633415799352,1050.0,0.001726925208291649,0.0
12573,1665090001000.0,0.0,0.0,1.2,2.3146677148818533,0.0,0.0,2.281,1.0,1.0,1608.4085428377934,1050.0,1608.3681415799351,1050.0,0.001726925208291649,0.0
12574,1665093601000.0,0.0,0.0,2.8,2.2822861635207943,0.0,0.0,2.253,1.0,1.0,1608.4081815577933,1050.0,1608.326180299935,1050.0,0.0039731215814066065,0.0
12575,1665097201000.0,0.0,0.0,2.8,2.2822861635207943,0.0,0.0,2.247,1.0,1.0,1608.4081815577933,1050.0,1608.3093802999351,1050.0,0.0039731215814066065,0.0
12576,1665100801000.0,0.0,0.0,2.8,2.2822861635207943,0.0,0.0,2.254,1.0,1.0,1608.4081815577933,1050.0,1608.3289802999352,1050.0,0.0039731215814066065,0.0
12577,1665104401000.0,0.0,0.0,2.8,2.2822861635207943,0.0,0.0,2.266,1.0,1.0,1608.4081815577933,1050.0,1608.3625802999352,1050.0,0.0039731215814066065,0.0
12578,1665108001000.0,0.0,0.0,2.8,2.2822861635207943,0.0,0.0,2.259,1.0,1.0,1608.4081815577933,1050.0,1608.342980299935,1050.0,0.0039731215814066065,0.0
12579,1665111601000.0,0.0,0.0,2.8,2.2822861635207943,0.0,0.0,2.272,1.0,1.0,1608.4081815577933,1050.0,1608.379380299935,1050.0,0.0039731215814066065,0.0
12580,1665115201000.0,0.0,0.0,2.8,2.2822861635207943,0.0,0.0,2.271,1.0,1.0,1608.4081815577933,1050.0,1608.376580299935,1050.0,0.0039731215814066065,0.0
12581,1665118801000.0,0.0,0.0,2.8,2.2822861635207943,0.0,0.0,2.27,1.0,1.0,1608.4081815577933,1050.0,1608.373780299935,1050.0,0.0039731215814066065,0.0
12582,1665122401000.0,0.0,0.0,2.8,2.2822861635207943,0.0,0.0,2.279,1.0,1.0,1608.4081815577933,1050.0,1608.3989802999351,1050.0,0.0039731215814066065,0.0
12583,1665126001000.0,0.0,0.0,2.8,2.2822861635207943,0.0,0.0,2.275,1.0,1.0,1608.4081815577933,1050.0,1608.3877802999352,1050.0,0.0039731215814066065,0.0
12584,1665129601000.0,0.0,0.0,2.8,2.2822861635207943,0.0,0.0,2.276,1.0,1.0,1608.4081815577933,1050.0,1608.3905802999352,1050.0,0.0039731215814066065,0.0
12585,1665133201000.0,0.0,0.0,2.8,2.2822861635207943,0.0,0.0,2.28,1.0,1.0,1608.4081815577933,1050.0,1608.4017802999351,1050.0,0.0039731215814066065,0.0
12586,1665136801000.0,0.0,0.0,2.8,2.2822861635207943,0.0,0.0,2.283,1.0,1.0,1608.4081815577933,1050.0,1608.410180299935,1050.0,0.0039731215814066065,0.0
12587,1665140401000.0,0.0,0.0,2.8,2.2822861635207943,0.0,0.0,2.279,1.0,1.0,1608.4081815577933,1050.0,1608.3989802999351,1050.0,0.0039731215814066065,0.0
12588,1665144001000.0,0.0,0.0,2.8,2.2822861635207943,0.0,0.0,2.273,1.0,1.0,1608.4081815577933,1050.0,1608.382180299935,1050.0,0.0039731215814066065,0.0
12589,1665147601000.0,0.0,0.0,6.5,2.2502463473628036,0.0,0.0,2.236,1.0,1.0,1608.4073579377934,1050.0,1608.3147566799353,1050.0,0.009093841299390474,0.0
12590,1665151201000.0,0.0,0.0,6.5,2.2502463473628036,0.0,0.0,2.249,1.0,1.0,1608.4073579377934,1050.0,1608.3992566799352,1050.0,0.009093841299390474,0.0
12591,1665154801000.0,0.0,0.0,6.5,2.2502463473628036,0.0,0.0,2.255,1.0,1.0,1608.4073579377934,1050.0,1608.4382566799352,1050.0,0.009093841299390474,0.0
12592,1665158401000.0,0.0,0.0,6.5,2.2502463473628036,0.0,0.0,2.254,1.0,1.0,1608.4073579377934,1050.0,1608.4317566799352,1050.0,0.009093841299390474,0.0
12593,1665162001000.0,0.0,0.0,0.5,2.2565478084176824,0.0,0.0,2.236,1.0,1.0,1608.497380964146,1050.0,1608.4871070599372,1050.0,0.0007014459069448686,0.0
12594,1665165601000.0,0.0,0.0,0.5,2.2565478084176824,0.0,0.0,2.241,1.0,1.0,1608.497380964146,1050.0,1608.4896070599373,1050.0,0.0007014459069448686,0.0
12595,1665169201000.0,0.0,0.0,0.5,2.2565478084176824,0.0,0.0,2.24,1.0,1.0,1608.497380964146,1050.0,1608.4891070599372,1050.0,0.0007014459069448686,0.0
12596,1665172801000.0,0.0,0.0,0.5,2.2565478084176824,0.0,0.0,2.248,1.0,1.0,1608.497380964146,1050.0,1608.4931070599373,1050.0,0.0007014459069448686,0.0
12597,1665176401000.0,0.0,0.0,0.5,2.2565478084176824,0.0,0.0,2.248,1.0,1.0,1608.497380964146,1050.0,1608.4931070599373,1050.0,0.0007014459069448686,0.0
12598,1665180001000.0,0.0,0.0,0.5,2.2565478084176824,0.0,0.0,2.246,1.0,1.0,1608.497380964146,1050.0,1608.492107059937,1050.0,0.0007014459069448686,0.0
12599,1665183601000.0,0.0,0.0,0.5,2.2565478084176824,0.0,0.0,2.245,1.0,1.0,1608.497380964146,1050.0,1608.4916070599372,1050.0,0.0007014459069448686,0.0
12600,1665187201000.0,0.0,0.0,0.5,2.2565478084176824,0.0,0.0,2.249,1.0,1.0,1608.497380964146,1050.0,1608.4936070599372,1050.0,0.0007014459069448686,0.0
12601,1665190801000.0,0.0,0.0,0.5,2.2565478084176824,0.0,0.0,2.257,1.0,1.0,1608.497380964146,1050.0,1608.497607059937,1050.0,0.0007014459069448686,0.0
12602,1665194401000.0,0.0,0.0,0.5,2.2565478084176824,0.0,0.0,2.257,1.0,1.0,1608.497380964146,1050.0,1608.497607059937,1050.0,0.0007014459069448686,0.0
12603,1665198001000.0,0.0,0.0,0.5,2.2565478084176824,0.0,0.0,2.258,1.0,1.0,1608.497380964146,1050.0,1608.4981070599372,1050.0,0.0007014459069448686,0.0
12604,1665201601000.0,0.0,0.0,0.5,2.2565478084176824,0.0,0.0,2.252,1.0,1.0,1608.497380964146,1050.0,1608.4951070599373,1050.0,0.0007014459069448686,0.0
12605,1665205201000.0,0.0,0.0,0.5,2.2565478084176824,0.0,0.0,2.242,1.0,1.0,1608.497380964146,1050.0,1608.4901070599371,1050.0,0.0007014459069448686,0.0
12606,1665208801000.0,0.0,0.0,0.5,2.2565478084176824,0.0,0.0,2.251,1.0,1.0,1608.497380964146,1050.0,1608.4946070599372,1050.0,0.0007014459069448686,0.0
12607,1665212401000.0,0.0,0.0,0.5,2.2565478084176824,0.0,0.0,2.25,1.0,1.0,1608.497380964146,1050.0,1608.4941070599373,1050.0,0.0007014459069448686,0.0
12608,1665216001000.0,0.0,0.0,0.5,2.2565478084176824,0.0,0.0,2.246,1.0,1.0,1608.497380964146,1050.0,1608.492107059937,1050.0,0.0007014459069448686,0.0
12609,1665219601000.0,0.0,0.0,0.5,2.2565478084176824,0.0,0.0,2.241,1.0,1.0,1608.497380964146,1050.0,1608.4896070599373,1050.0,0.0007014459069448686,0.0
12610,1665223201000.0,0.0,0.0,0.5,2.2565478084176824,0.0,0.0,2.243,1.0,1.0,1608.497380964146,1050.0,1608.4906070599372,1050.0,0.0007014459069448686,0.0
12611,1665226801000.0,0.0,0.0,0.5,2.2565478084176824,0.0,0.0,2.252,1.0,1.0,1608.497380964146,1050.0,1608.4951070599373,1050.0,0.0007014459069448686,0.0
12612,1665230401000.0,0.0,0.0,0.5,2.2565478084176824,0.0,0.0,2.25,1.0,1.0,1608.497380964146,1050.0,1608.4941070599373,1050.0,0.0007014459069448686,0.0
12613,1665234001000.0,0.0,0.0,0.5,2.2565478084176824,0.0,0.0,2.245,1.0,1.0,1608.497380964146,1050.0,1608.4916070599372,1050.0,0.0007014459069448686,0.0
12614,1665237601000.0,0.0,0.0,0.5,2.2565478084176824,0.0,0.0,2.238,1.0,1.0,1608.497380964146,1050.0,1608.4881070599372,1050.0,0.0007014459069448686,0.0
12615,1665241201000.0,0.0,0.0,0.5,2.2565478084176824,0.0,0.0,2.238,1.0,1.0,1608.497380964146,1050.0,1608.4881070599372,1050.0,0.0007014459069448686,0.0
12616,1665244801000.0,0.0,0.0,0.5,2.2565478084176824,0.0,0.0,2.235,1.0,1.0,1608.497380964146,1050.0,1608.4866070599371,1050.0,0.0007014459069448686,0.0
12617,1665248401000.0,0.0,0.0,0.5,2.2565478084176824,0.0,0.0,2.243,1.0,1.0,1608.497380964146,1050.0,1608.4906070599372,1050.0,0.0007014459069448686,0.0
12618,1665252001000.0,0.0,0.0,0.5,2.2565478084176824,0.0,0.0,2.242,1.0,1.0,1608.497380964146,1050.0,1608.4901070599371,1050.0,0.0007014459069448686,0.0
12619,1665255601000.0,0.0,0.0,0.5,2.2565478084176824,0.0,0.0,2.238,1.0,1.0,1608.497380964146,1050.0,1608.4881070599372,1050.0,0.0007014459069448686,0.0
12620,1665259201000.0,0.0,0.0,0.5,2.2565478084176824,0.0,0.0,2.234,1.0,1.0,1608.497380964146,1050.0,1608.4861070599372,1050.0,0.0007014459069448686,0.0
12621,1665262801000.0,0.0,0.0,0.5,2.2565478084176824,0.0,0.0,2.232,1.0,1.0,1608.497380964146,1050.0,1608.4851070599373,1050.0,0.0007014459069448686,0.0
12622,1665266401000.0,0.0,0.0,1.2,2.224728253507368,0.0,0.0,2.203,1.0,1.0,1608.497226824146,1050.0,1608.4711529199371,1050.0,0.0016597317419563768,0.0
12623,1665270001000.0,0.0,0.0,1.2,2.224728253507368,0.0,0.0,2.208,1.0,1.0,1608.497226824146,1050.0,1608.4771529199372,1050.0,0.0016597317419563768,0.0
12624,1665273601000.0,0.0,0.0,1.2,2.224728253507368,0.0,0.0,2.212,1.0,1.0,1608.497226824146,1050.0,1608.4819529199372,1050.0,0.0016597317419563768,0.0
12625,1665277201000.0,0.0,0.0,1.2,2.224728253507368,0.0,0.0,2.211,1.0,1.0,1608.497226824146,1050.0,1608.4807529199372,1050.0,0.0016597317419563768,0.0
12626,1665280801000.0,0.0,0.0,1.2,2.224728253507368,0.0,0.0,2.215,1.0,1.0,1608.497226824146,1050.0,1608.4855529199372,1050.0,0.0016597317419563768,0.0
12627,1665284401000.0,0.0,0.0,1.2,2.224728253507368,0.0,0.0,2.207,1.0,1.0,1608.497226824146,1050.0,1608.4759529199373,1050.0,0.0016597317419563768,0.0
12628,1665288001000.0,0.0,0.0,1.2,2.224728253507368,0.0,0.0,2.209,1.0,1.0,1608.497226824146,1050.0,1608.4783529199372,1050.0,0.0016597317419563768,0.0
12629,1665291601000.0,0.0,0.0,1.2,2.224728253507368,0.0,0.0,2.217,1.0,1.0,1608.497226824146,1050.0,1608.4879529199372,1050.0,0.0016597317419563768,0.0
12630,1665295201000.0,0.0,0.0,1.2,2.224728253507368,0.0,0.0,2.223,1.0,1.0,1608.497226824146,1050.0,1608.4951529199373,1050.0,0.0016597317419563768,0.0
12631,1665298801000.0,0.0,0.0,1.2,2.224728253507368,0.0,0.0,2.233,1.0,1.0,1608.497226824146,1050.0,1608.5071529199372,1050.0,0.0016597317419563768,0.0
12632,1665302401000.0,0.0,0.0,1.1,2.224728253507368,0.0,0.0,2.232,1.0,1.0,1608.4987315987953,1050.0,1608.5067305199373,1050.0,0.001521419340148106,0.0
12633,1665306001000.0,0.0,0.0,1.1,2.224728253507368,0.0,0.0,2.236,1.0,1.0,1608.4987315987953,1050.0,1608.5111305199373,1050.0,0.001521419340148106,0.0
12634,1665309601000.0,0.0,0.0,0.5,2.2312369521044206,0.0,0.0,2.239,1.0,1.0,1608.510724975989,1050.0,1608.5146064999367,1050.0,0.0006935722956207604,0.0
12635,1665313201000.0,0.0,0.0,0.5,2.2449253027575913,0.0,0.0,2.248,1.0,1.0,1608.5165891113154,1050.0,1608.5181264599366,1050.0,0.0006978247280613635,0.0
12636,1665316801000.0,0.0,0.0,0.5,2.2449253027575913,0.0,0.0,2.246,1.0,1.0,1608.5165891113154,1050.0,1608.5171264599367,1050.0,0.0006978247280613635,0.0
12637,1665320401000.0,0.0,0.0,0.5,2.2513551816545547,0.0,0.0,2.262,1.0,1.0,1608.5195136307639,1050.0,1608.5248360399366,1050.0,0.0006998221540293213,0.0
12638,1665324001000.0,0.0,0.0,0.5,2.2513551816545547,0.0,0.0,2.256,1.0,1.0,1608.5195136307639,1050.0,1608.5218360399365,1050.0,0.0006998221540293213,0.0
12639,1665327601000.0,0.0,0.0,0.5,2.2513551816545547,0.0,0.0,2.263,1.0,1.0,1608.5195136307639,1050.0,1608.5253360399365,1050.0,0.0006998221540293213,0.0
12640,1665331201000.0,0.0,0.0,0.5,2.258013108992733,0.0,0.0,2.263,1.0,1.0,1608.522551894433,1050.0,1608.5250453399367,1050.0,0.0007018904106545986,0.0
12641,1665334801000.0,0.0,0.0,0.5,2.258013108992733,0.0,0.0,2.251,1.0,1.0,1608.522551894433,1050.0,1608.5190453399366,1050.0,0.0007018904106545986,0.0
12642,1665338401000.0,0.0,0.0,0.5,2.258013108992733,0.0,0.0,2.252,1.0,1.0,1608.522551894433,1050.0,1608.5195453399367,1050.0,0.0007018904106545986,0.0
12643,1665342001000.0,0.0,0.0,0.5,2.258013108992733,0.0,0.0,2.255,1.0,1.0,1608.522551894433,1050.0,1608.5210453399366,1050.0,0.0007018904106545986,0.0
12644,1665345601000.0,0.0,0.0,0.5,2.258013108992733,0.0,0.0,2.251,1.0,1.0,1608.522551894433,1050.0,1608.5190453399366,1050.0,0.0007018904106545986,0.0
12645,1665349201000.0,0.0,0.0,0.5,2.258013108992733,0.0,0.0,2.249,1.0,1.0,1608.522551894433,1050.0,1608.5180453399366,1050.0,0.0007018904106545986,0.0
12646,1665352801000.0,0.0,0.0,0.5,2.258013108992733,0.0,0.0,2.245,1.0,1.0,1608.522551894433,1050.0,1608.5160453399367,1050.0,0.0007018904106545986,0.0
12647,1665356401000.0,0.0,0.0,0.5,2.258013108992733,0.0,0.0,2.241,1.0,1.0,1608.522551894433,1050.0,1608.5140453399367,1050.0,0.0007018904106545986,0.0
12648,1665360001000.0,0.0,0.0,0.5,2.258013108992733,0.0,0.0,2.248,1.0,1.0,1608.522551894433,1050.0,1608.5175453399368,1050.0,0.0007018904106545986,0.0
12649,1665363601000.0,0.0,0.0,0.4,2.258013108992733,0.0,0.0,2.272,1.0,1.0,1608.5240278535339,1050.0,1608.5296226099367,1050.0,0.0005615118132878371,0.0
12650,1665367201000.0,0.0,0.0,0.5,2.26440786539564,0.0,0.0,2.268,1.0,1.0,1608.5254583326348,1050.0,1608.527254399937,1050.0,0.0007038769121325813,0.0
12651,1665370801000.0,0.0,0.0,0.5,2.26440786539564,0.0,0.0,2.268,1.0,1.0,1608.5254583326348,1050.0,1608.527254399937,1050.0,0.0007038769121325813,0.0
12652,1665374401000.0,0.0,0.0,0.5,2.26440786539564,0.0,0.0,2.269,1.0,1.0,1608.5254583326348,1050.0,1608.527754399937,1050.0,0.0007038769121325813,0.0
12653,1665378001000.0,0.0,0.0,0.5,2.271044719237384,0.0,0.0,2.271,1.0,1.0,1608.528485539556,1050.0,1608.5284631799373,1050.0,0.0007059386077566408,0.0
12654,1665381601000.0,0.0,0.0,0.5,2.271044719237384,0.0,0.0,2.254,1.0,1.0,1608.528485539556,1050.0,1608.5199631799373,1050.0,0.0007059386077566408,0.0
12655,1665385201000.0,0.0,0.0,0.5,2.271044719237384,0.0,0.0,2.253,1.0,1.0,1608.528485539556,1050.0,1608.5194631799372,1050.0,0.0007059386077566408,0.0
12656,1665388801000.0,0.0,0.0,0.5,2.271044719237384,0.0,0.0,2.253,1.0,1.0,1608.528485539556,1050.0,1608.5194631799372,1050.0,0.0007059386077566408,0.0
12657,1665392401000.0,0.0,0.0,1.2,2.2389352996822436,0.0,0.0,2.213,1.0,1.0,1608.528330419556,1050.0,1608.4972080599373,1050.0,0.0016702984391440024,0.0
12658,1665396001000.0,0.0,0.0,1.2,2.2389352996822436,0.0,0.0,2.222,1.0,1.0,1608.528330419556,1050.0,1608.5080080599373,1050.0,0.0016702984391440024,0.0
12659,1665399601000.0,0.0,0.0,1.2,2.2389352996822436,0.0,0.0,2.211,1.0,1.0,1608.528330419556,1050.0,1608.4948080599372,1050.0,0.0016702984391440024,0.0
12660,1665403201000.0,0.0,0.0,1.2,2.2389352996822436,0.0,0.0,2.218,1.0,1.0,1608.528330419556,1050.0,1608.5032080599372,1050.0,0.0016702984391440024,0.0
12661,1665406801000.0,0.0,0.0,1.2,2.2389352996822436,0.0,0.0,2.215,1.0,1.0,1608.528330419556,1050.0,1608.4996080599371,1050.0,0.0016702984391440024,0.0
12662,1665410401000.0,0.0,0.0,1.2,2.2389352996822436,0.0,0.0,2.204,1.0,1.0,1608.528330419556,1050.0,1608.4864080599373,1050.0,0.0016702984391440024,0.0
12663,1665414001000.0,0.0,0.0,2.8,2.2075436998638187,0.0,0.0,2.188,1.0,1.0,1608.5279809795559,1050.0,1608.4732586199373,1050.0,0.0038427198237823215,0.0
12664,1665417601000.0,0.0,0.0,2.8,2.2075436998638187,0.0,0.0,2.194,1.0,1.0,1608.5279809795559,1050.0,1608.4900586199371,1050.0,0.0038427198237823215,0.0
12665,1665421201000.0,0.0,0.0,2.8,2.2075436998638187,0.0,0.0,2.178,1.0,1.0,1608.5279809795559,1050.0,1608.4452586199372,1050.0,0.0038427198237823215,0.0
12666,1665424801000.0,0.0,0.0,2.8,2.2075436998638187,0.0,0.0,2.198,1.0,1.0,1608.5279809795559,1050.0,1608.5012586199373,1050.0,0.0038427198237823215,0.0
12667,1665428401000.0,0.0,0.0,2.8,2.2075436998638187,0.0,0.0,2.188,1.0,1.0,1608.5279809795559,1050.0,1608.4732586199373,1050.0,0.0038427198237823215,0.0
12668,1665432001000.0,0.0,0.0,2.8,2.2075436998638187,0.0,0.0,2.187,1.0,1.0,1608.5279809795559,1050.0,1608.4704586199373,1050.0,0.0038427198237823215,0.0
12669,1665435601000.0,0.0,0.0,2.8,2.2075436998638187,0.0,0.0,2.184,1.0,1.0,1608.5279809795559,1050.0,1608.4620586199371,1050.0,0.0038427198237823215,0.0
12670,1665439201000.0,0.0,0.0,2.8,2.2075436998638187,0.0,0.0,2.182,1.0,1.0,1608.5279809795559,1050.0,1608.4564586199372,1050.0,0.0038427198237823215,0.0
12671,1665442801000.0,0.0,0.0,15.2,2.14473173418544,0.0,0.0,2.129,1.0,1.0,1608.5253390995558,1050.0,1608.2862167399371,1050.0,0.020266962271087353,0.0
12672,1665446401000.0,0.0,0.0,15.2,2.14473173418544,0.0,0.0,2.115,1.0,1.0,1608.5253390995558,1050.0,1608.073416739937,1050.0,0.020266962271087353,0.0
12673,1665450001000.0,0.0,0.0,82.8,2.072788917386699,0.0,0.0,2.082,1.0,1.0,1608.5114363995558,1050.0,1609.274114039937,1050.0,0.1066992241869186,0.0
12674,1665453601000.0,0.0,0.0,5.4,2.072788917386699,0.0,0.0,2.088,1.0,1.0,1609.5952208138258,1050.0,1609.6773606599377,1050.0,0.006953959609937749,0.0
12675,1665457201000.0,0.0,0.0,3.3,2.072788917386699,0.0,0.0,2.082,1.0,1.0,1609.624625817314,1050.0,1609.6550223899378,1050.0,0.004249564350385655,0.0
12676,1665460801000.0,0.0,0.0,3.3,2.072788917386699,0.0,0.0,2.061,1.0,1.0,1609.624625817314,1050.0,1609.585722389938,1050.0,0.004249564350385655,0.0
12677,1665464401000.0,0.0,0.0,3.3,2.072788917386699,0.0,0.0,2.065,1.0,1.0,1609.624625817314,1050.0,1609.5989223899378,1050.0,0.004249564350385655,0.0
12678,1665468001000.0,0.0,0.0,3.3,2.072788917386699,0.0,0.0,2.067,1.0,1.0,1609.624625817314,1050.0,1609.6055223899377,1050.0,0.004249564350385655,0.0
12679,1665471601000.0,0.0,0.0,1.2,2.072788917386699,0.0,0.0,2.073,1.0,1.0,1609.654030820802,1050.0,1609.654284119938,1050.0,0.0015452678980934058,0.0
12680,1665475201000.0,0.0,0.0,1.2,2.072788917386699,0.0,0.0,2.079,1.0,1.0,1609.654030820802,1050.0,1609.661484119938,1050.0,0.0015452678980934058,0.0
12681,1665478801000.0,0.0,0.0,0.5,2.0788733504320196,0.0,0.0,2.088,1.0,1.0,1609.6665912051542,1050.0,1609.6711545299381,1050.0,0.0006457465669569408,0.0
12682,1665482401000.0,0.0,0.0,0.5,2.0788733504320196,0.0,0.0,2.071,1.0,1.0,1609.6665912051542,1050.0,1609.6626545299382,1050.0,0.0006457465669569408,0.0
12683,1665486001000.0,0.0,0.0,0.5,2.0788733504320196,0.0,0.0,2.078,1.0,1.0,1609.6665912051542,1050.0,1609.6661545299382,1050.0,0.0006457465669569408,0.0
12684,1665489601000.0,0.0,0.0,0.5,2.0788733504320196,0.0,0.0,2.092,1.0,1.0,1609.6665912051542,1050.0,1609.673154529938,1050.0,0.0006457465669569408,0.0
12685,1665493201000.0,0.0,0.0,0.5,2.0969726436933165,0.0,0.0,2.098,1.0,1.0,1609.6747889117853,1050.0,1609.6753025899386,1050.0,0.0006513653124650623,0.0
12686,1665496801000.0,0.0,0.0,0.5,2.0969726436933165,0.0,0.0,2.066,1.0,1.0,1609.6747889117853,1050.0,1609.6593025899385,1050.0,0.0006513653124650623,0.0
12687,1665500401000.0,0.0,0.0,0.5,2.0969726436933165,0.0,0.0,2.075,1.0,1.0,1609.6747889117853,1050.0,1609.6638025899385,1050.0,0.0006513653124650623,0.0
12688,1665504001000.0,0.0,0.0,0.5,2.0969726436933165,0.0,0.0,2.092,1.0,1.0,1609.6747889117853,1050.0,1609.6723025899387,1050.0,0.0006513653124650623,0.0
12689,1665507601000.0,0.0,0.0,0.5,2.0969726436933165,0.0,0.0,2.095,1.0,1.0,1609.6747889117853,1050.0,1609.6738025899385,1050.0,0.0006513653124650623,0.0
12690,1665511201000.0,0.0,0.0,0.5,2.0969726436933165,0.0,0.0,2.089,1.0,1.0,1609.6747889117853,1050.0,1609.6708025899386,1050.0,0.0006513653124650623,0.0
12691,1665514801000.0,0.0,0.0,0.5,2.0969726436933165,0.0,0.0,2.065,1.0,1.0,1609.6747889117853,1050.0,1609.6588025899387,1050.0,0.0006513653124650623,0.0
12692,1665518401000.0,0.0,0.0,0.5,2.0969726436933165,0.0,0.0,2.059,1.0,1.0,1609.6747889117853,1050.0,1609.6558025899387,1050.0,0.0006513653124650623,0.0
12693,1665522001000.0,0.0,0.0,0.5,2.0969726436933165,0.0,0.0,2.06,1.0,1.0,1609.6747889117853,1050.0,1609.6563025899386,1050.0,0.0006513653124650623,0.0
12694,1665525601000.0,0.0,0.0,0.5,2.0969726436933165,0.0,0.0,2.057,1.0,1.0,1609.6747889117853,1050.0,1609.6548025899388,1050.0,0.0006513653124650623,0.0
12695,1665529201000.0,0.0,0.0,0.5,2.0969726436933165,0.0,0.0,2.068,1.0,1.0,1609.6747889117853,1050.0,1609.6603025899387,1050.0,0.0006513653124650623,0.0
12696,1665532801000.0,0.0,0.0,1.2,2.067238601538882,0.0,0.0,2.062,1.0,1.0,1609.6746456917854,1050.0,1609.6683593699388,1050.0,0.0015411103905289757,0.0
12697,1665536401000.0,0.0,0.0,0.7,2.067238601538882,0.0,0.0,2.088,1.0,1.0,1609.6814223410158,1050.0,1609.6959553199385,1050.0,0.0008989772764928213,0.0
12698,1665540001000.0,0.0,0.0,0.6,2.072159067692588,0.0,0.0,2.082,1.0,1.0,1609.685446690554,1050.0,1609.6913512499384,1050.0,0.0007723840972605649,0.0
12699,1665543601000.0,0.0,0.0,0.6,2.072159067692588,0.0,0.0,2.068,1.0,1.0,1609.685446690554,1050.0,1609.6829512499385,1050.0,0.0007723840972605649,0.0
12700,1665547201000.0,0.0,0.0,0.6,2.072159067692588,0.0,0.0,2.063,1.0,1.0,1609.685446690554,1050.0,1609.6799512499385,1050.0,0.0007723840972605649,0.0
12701,1665550801000.0,0.0,0.0,0.5,2.0780954406155527,0.0,0.0,2.077,1.0,1.0,1609.6894946502468,1050.0,1609.688946929939,1050.0,0.0006454957454596177,0.0
12702,1665554401000.0,0.0,0.0,0.5,2.0780954406155527,0.0,0.0,2.078,1.0,1.0,1609.6894946502468,1050.0,1609.689446929939,1050.0,0.0006454957454596177,0.0
12703,1665558001000.0,0.0,0.0,0.4,2.084057264369332,0.0,0.0,2.088,1.0,1.0,1609.6935651556869,1050.0,1609.6951422499392,1050.0,0.0005178767709536729,0.0
12704,1665561601000.0,0.0,0.0,0.6,2.0830381762462213,0.0,0.0,2.091,1.0,1.0,1609.6935235356868,1050.0,1609.698300629939,1050.0,0.0007764353198132404,0.0
12705,1665565201000.0,0.0,0.0,0.4,2.0934229057477327,0.0,0.0,2.106,1.0,1.0,1609.7012434022386,1050.0,1609.7062742399394,1050.0,0.0005202015999746905,0.0
12706,1665568801000.0,0.0,0.0,0.5,2.0996537434486395,0.0,0.0,2.099,1.0,1.0,1609.702637851664,1050.0,1609.7023109799395,1050.0,0.0006521868368964322,0.0
12707,1665572401000.0,0.0,0.0,0.5,2.0996537434486395,0.0,0.0,2.093,1.0,1.0,1609.702637851664,1050.0,1609.6993109799396,1050.0,0.0006521868368964322,0.0
12708,1665576001000.0,0.0,0.0,0.5,2.0996537434486395,0.0,0.0,2.091,1.0,1.0,1609.702637851664,1050.0,1609.6983109799396,1050.0,0.0006521868368964322,0.0
12709,1665579601000.0,0.0,0.0,0.5,2.0996537434486395,0.0,0.0,2.076,1.0,1.0,1609.702637851664,1050.0,1609.6908109799397,1050.0,0.0006521868368964322,0.0
12710,1665583201000.0,0.0,0.0,0.5,2.0996537434486395,0.0,0.0,2.081,1.0,1.0,1609.702637851664,1050.0,1609.6933109799395,1050.0,0.0006521868368964322,0.0
12711,1665586801000.0,0.0,0.0,0.5,2.0996537434486395,0.0,0.0,2.071,1.0,1.0,1609.702637851664,1050.0,1609.6883109799396,1050.0,0.0006521868368964322,0.0
12712,1665590401000.0,0.0,0.0,0.5,2.0996537434486395,0.0,0.0,2.076,1.0,1.0,1609.702637851664,1050.0,1609.6908109799397,1050.0,0.0006521868368964322,0.0
12713,1665594001000.0,0.0,0.0,0.5,2.0996537434486395,0.0,0.0,2.066,1.0,1.0,1609.702637851664,1050.0,1609.6858109799396,1050.0,0.0006521868368964322,0.0
12714,1665597601000.0,0.0,0.0,1.2,2.0701057264369336,0.0,0.0,2.047,1.0,1.0,1609.702494421664,1050.0,1609.6747675499396,1050.0,0.0015432211109400191,0.0
12715,1665601201000.0,0.0,0.0,1.2,2.0701057264369336,0.0,0.0,2.046,1.0,1.0,1609.702494421664,1050.0,1609.6735675499397,1050.0,0.0015432211109400191,0.0
12716,1665604801000.0,0.0,0.0,1.2,2.0701057264369336,0.0,0.0,2.059,1.0,1.0,1609.702494421664,1050.0,1609.6891675499396,1050.0,0.0015432211109400191,0.0
12717,1665608401000.0,0.0,0.0,1.2,2.0701057264369336,0.0,0.0,2.059,1.0,1.0,1609.702494421664,1050.0,1609.6891675499396,1050.0,0.0015432211109400191,0.0
12718,1665612001000.0,0.0,0.0,1.2,2.0701057264369336,0.0,0.0,2.054,1.0,1.0,1609.702494421664,1050.0,1609.6831675499395,1050.0,0.0015432211109400191,0.0
12719,1665615601000.0,0.0,0.0,1.2,2.0701057264369336,0.0,0.0,2.057,1.0,1.0,1609.702494421664,1050.0,1609.6867675499395,1050.0,0.0015432211109400191,0.0
12720,1665619201000.0,0.0,0.0,1.2,2.0701057264369336,0.0,0.0,2.061,1.0,1.0,1609.702494421664,1050.0,1609.6915675499397,1050.0,0.0015432211109400191,0.0
12721,1665622801000.0,0.0,0.0,1.2,2.0701057264369336,0.0,0.0,2.067,1.0,1.0,1609.702494421664,1050.0,1609.6987675499397,1050.0,0.0015432211109400191,0.0
12722,1665626401000.0,0.0,0.0,1.2,2.0701057264369336,0.0,0.0,2.039,1.0,1.0,1609.702494421664,1050.0,1609.6651675499395,1050.0,0.0015432211109400191,0.0
12723,1665630001000.0,0.0,0.0,6.5,2.0127425956498954,0.0,0.0,2.01,1.0,1.0,1609.701434551664,1050.0,1609.6836076799398,1050.0,0.008127486620130997,0.0
12724,1665633601000.0,0.0,0.0,2.0,2.0127425956498954,0.0,0.0,2.021,1.0,1.0,1609.760181171239,1050.0,1609.7766959799394,1050.0,0.0025006738509154225,0.0
12725,1665637201000.0,0.0,0.0,1.0,2.0127425956498954,0.0,0.0,2.037,1.0,1.0,1609.7798353155893,1050.0,1609.8040927199393,1050.0,0.001250321659828288,0.0
12726,1665640801000.0,0.0,0.0,0.6,2.0248283970999306,0.0,0.0,2.037,1.0,1.0,1609.7920267781997,1050.0,1609.7993297399398,1050.0,0.0007546919217207361,0.0
12727,1665644401000.0,0.0,0.0,0.5,2.0248283970999306,0.0,0.0,2.001,1.0,1.0,1609.7934235484897,1050.0,1609.7815093499398,1050.0,0.0006289093890806727,0.0
12728,1665648001000.0,0.0,0.0,2.1,1.9409867997769177,0.0,0.0,1.949,1.0,1.0,1609.8629600394718,1050.0,1609.8797877599402,1050.0,0.0025319374261717205,0.0
12729,1665651601000.0,0.0,0.0,0.8,1.9409867997769177,0.0,0.0,1.94,1.0,1.0,1609.8796231797614,1050.0,1609.8788337399399,1050.0,0.00096453760732404,0.0
12730,1665655201000.0,0.0,0.0,0.8,1.9409867997769177,0.0,0.0,1.933,1.0,1.0,1609.8796231797614,1050.0,1609.87323373994,1050.0,0.00096453760732404,0.0
12731,1665658801000.0,0.0,0.0,0.6,1.8984680969426566,0.0,0.0,1.919,1.0,1.0,1609.9463393881051,1050.0,1609.9586585299396,1050.0,0.000707527220192026,0.0
12732,1665662401000.0,0.0,0.0,0.6,1.9488079274378125,0.0,0.0,1.944,1.0,1.0,1609.969301196402,1050.0,1609.9664164399394,1050.0,0.0007262776722473946,0.0
12733,1665666001000.0,0.0,0.0,0.6,1.943640570159491,0.0,0.0,1.956,1.0,1.0,1609.989515012034,1050.0,1609.9969306699384,1050.0,0.0007243428179015053,0.0
12734,1665669601000.0,0.0,0.0,0.6,1.9675287993625674,0.0,0.0,1.98,1.0,1.0,1610.002454529556,1050.0,1610.0099372499385,1050.0,0.0007332394284842805,0.0
12735,1665673201000.0,0.0,0.0,0.6,1.9922918583522726,0.0,0.0,2.0,1.0,1.0,1610.0157140449496,1050.0,1610.0203389299384,1050.0,0.0007424617689029526,0.0
12736,1665676801000.0,0.0,0.0,0.4,2.0819822583378307,0.0,0.0,2.087,1.0,1.0,1610.061183973273,1050.0,1610.0631910699378,1050.0,0.000517243016367853,0.0
12737,1665680401000.0,0.0,0.0,0.5,2.1448880400352817,0.0,0.0,2.142,1.0,1.0,1610.0893077999563,1050.0,1610.0878637799385,1050.0,0.0006660773503819115,0.0
12738,1665684001000.0,0.0,0.0,0.5,2.1696254899885723,0.0,0.0,2.157,1.0,1.0,1610.1005294849328,1050.0,1610.0942167399385,1050.0,0.0006737546663259064,0.0
12739,1665687601000.0,0.0,0.0,0.5,2.194591463502519,0.0,0.0,2.193,1.0,1.0,1610.1118614316888,1050.0,1610.1110656999376,1050.0,0.0006815027937099722,0.0
12740,1665691201000.0,0.0,0.0,0.5,2.227109032201956,0.0,0.0,2.211,1.0,1.0,1610.1264755760387,1050.0,1610.1184210599376,1050.0,0.0006915944386931424,0.0
12741,1665694801000.0,0.0,0.0,0.5,2.227109032201956,0.0,0.0,2.201,1.0,1.0,1610.1264755760387,1050.0,1610.1134210599378,1050.0,0.0006915944386931424,0.0
12742,1665698401000.0,0.0,0.0,0.5,2.227109032201956,0.0,0.0,2.207,1.0,1.0,1610.1264755760387,1050.0,1610.1164210599377,1050.0,0.0006915944386931424,0.0
12743,1665702001000.0,0.0,0.0,0.5,2.227109032201956,0.0,0.0,2.201,1.0,1.0,1610.1264755760387,1050.0,1610.1134210599378,1050.0,0.0006915944386931424,0.0
12744,1665705601000.0,0.0,0.0,0.5,2.227109032201956,0.0,0.0,2.179,1.0,1.0,1610.1264755760387,1050.0,1610.1024210599378,1050.0,0.0006915944386931424,0.0
12745,1665709201000.0,0.0,0.0,0.5,2.227109032201956,0.0,0.0,2.18,1.0,1.0,1610.1264755760387,1050.0,1610.1029210599377,1050.0,0.0006915944386931424,0.0
12746,1665712801000.0,0.0,0.0,0.5,2.241279251592704,0.0,0.0,2.235,1.0,1.0,1610.1323809457342,1050.0,1610.1292413199378,1050.0,0.0006959922296191127,0.0
12747,1665716401000.0,0.0,0.0,0.5,2.241279251592704,0.0,0.0,2.231,1.0,1.0,1610.1323809457342,1050.0,1610.1272413199379,1050.0,0.0006959922296191127,0.0
12748,1665720001000.0,0.0,0.0,0.5,2.241279251592704,0.0,0.0,2.213,1.0,1.0,1610.1323809457342,1050.0,1610.1182413199379,1050.0,0.0006959922296191127,0.0
12749,1665723601000.0,0.0,0.0,0.5,2.241279251592704,0.0,0.0,2.206,1.0,1.0,1610.1323809457342,1050.0,1610.1147413199378,1050.0,0.0006959922296191127,0.0
12750,1665727201000.0,0.0,0.0,0.5,2.241279251592704,0.0,0.0,2.196,1.0,1.0,1610.1323809457342,1050.0,1610.109741319938,1050.0,0.0006959922296191127,0.0
12751,1665730801000.0,0.0,0.0,1.2,2.209616354830293,0.0,0.0,2.184,1.0,1.0,1610.1322278557343,1050.0,1610.101488229938,1050.0,0.0016467837733597156,0.0
12752,1665734401000.0,0.0,0.0,1.2,2.209616354830293,0.0,0.0,2.182,1.0,1.0,1610.1322278557343,1050.0,1610.099088229938,1050.0,0.0016467837733597156,0.0
12753,1665738001000.0,0.0,0.0,2.5,2.1789784377844117,0.0,0.0,2.193,1.0,1.0,1610.1363235443991,1050.0,1610.171377449938,1050.0,0.003383220423516405,0.0
12754,1665741601000.0,0.0,0.0,2.5,2.1789784377844117,0.0,0.0,2.181,1.0,1.0,1610.1363235443991,1050.0,1610.141377449938,1050.0,0.003383220423516405,0.0
12755,1665745201000.0,0.0,0.0,2.5,2.1789784377844117,0.0,0.0,2.167,1.0,1.0,1610.1363235443991,1050.0,1610.106377449938,1050.0,0.003383220423516405,0.0
12756,1665748801000.0,0.0,0.0,2.5,2.1789784377844117,0.0,0.0,2.129,1.0,1.0,1610.1363235443991,1050.0,1610.0113774499382,1050.0,0.003383220423516405,0.0
12757,1665752401000.0,0.0,0.0,2.5,2.1789784377844117,0.0,0.0,2.173,1.0,1.0,1610.1363235443991,1050.0,1610.121377449938,1050.0,0.003383220423516405,0.0
12758,1665756001000.0,0.0,0.0,2.5,2.1789784377844117,0.0,0.0,2.154,1.0,1.0,1610.1363235443991,1050.0,1610.0738774499382,1050.0,0.003383220423516405,0.0
12759,1665759601000.0,0.0,0.0,5.8,2.1482665680105226,0.0,0.0,2.123,1.0,1.0,1610.1356222943991,1050.0,1609.9890761999382,1050.0,0.007738445086200844,0.0
12760,1665763201000.0,0.0,0.0,13.5,2.1173145255156323,0.0,0.0,2.097,1.0,1.0,1610.134009914399,1050.0,1609.859763819938,1050.0,0.01775240192335336,0.0
12761,1665766801000.0,0.0,0.0,13.5,2.1173145255156323,0.0,0.0,2.083,1.0,1.0,1610.134009914399,1050.0,1609.670763819938,1050.0,0.01775240192335336,0.0
12762,1665770401000.0,0.0,0.0,13.5,2.1173145255156323,0.0,0.0,2.097,1.0,1.0,1610.134009914399,1050.0,1609.859763819938,1050.0,0.01775240192335336,0.0
12763,1665774001000.0,0.0,0.0,13.5,2.1173145255156323,0.0,0.0,2.086,1.0,1.0,1610.134009914399,1050.0,1609.711263819938,1050.0,0.01775240192335336,0.0
12764,1665777601000.0,0.0,0.0,31.5,2.084563368078128,0.0,0.0,2.065,1.0,1.0,1610.130301914399,1050.0,1609.514055819938,1050.0,0.040781634887803,0.0
12765,1665781201000.0,0.0,0.0,31.5,2.084563368078128,0.0,0.0,2.078,1.0,1.0,1610.130301914399,1050.0,1609.923555819938,1050.0,0.040781634887803,0.0
12766,1665784801000.0,0.0,0.0,31.5,2.084563368078128,0.0,0.0,2.042,1.0,1.0,1610.130301914399,1050.0,1608.789555819938,1050.0,0.040781634887803,0.0
12767,1665788401000.0,0.0,0.0,31.5,2.084563368078128,0.0,0.0,2.065,1.0,1.0,1610.130301914399,1050.0,1609.514055819938,1050.0,0.040781634887803,0.0
12768,1665792001000.0,0.0,0.0,31.5,2.084563368078128,0.0,0.0,2.068,1.0,1.0,1610.130301914399,1050.0,1609.6085558199381,1050.0,0.040781634887803,0.0
12769,1665795601000.0,0.0,0.0,31.5,2.084563368078128,0.0,0.0,2.054,1.0,1.0,1610.130301914399,1050.0,1609.1675558199381,1050.0,0.040781634887803,0.0
12770,1665799201000.0,0.0,0.0,31.5,2.084563368078128,0.0,0.0,2.069,1.0,1.0,1610.130301914399,1050.0,1609.640055819938,1050.0,0.040781634887803,0.0
12771,1665802801000.0,0.0,0.0,31.5,2.084563368078128,0.0,0.0,2.073,1.0,1.0,1610.130301914399,1050.0,1609.766055819938,1050.0,0.040781634887803,0.0
12772,1665806401000.0,0.0,0.0,31.5,2.084563368078128,0.0,0.0,2.076,1.0,1.0,1610.130301914399,1050.0,1609.860555819938,1050.0,0.040781634887803,0.0
12773,1665810001000.0,0.0,0.0,31.5,2.084563368078128,0.0,0.0,2.077,1.0,1.0,1610.130301914399,1050.0,1609.892055819938,1050.0,0.040781634887803,0.0
12774,1665813601000.0,0.0,0.0,31.5,2.084563368078128,0.0,0.0,2.072,1.0,1.0,1610.130301914399,1050.0,1609.7345558199381,1050.0,0.040781634887803,0.0
12775,1665817201000.0,0.0,0.0,31.5,2.084563368078128,0.0,0.0,2.06,1.0,1.0,1610.130301914399,1050.0,1609.356555819938,1050.0,0.040781634887803,0.0
12776,1665820801000.0,0.0,0.0,31.5,2.084563368078128,0.0,0.0,2.067,1.0,1.0,1610.130301914399,1050.0,1609.577055819938,1050.0,0.040781634887803,0.0
12777,1665824401000.0,0.0,0.0,31.5,2.084563368078128,0.0,0.0,2.051,1.0,1.0,1610.130301914399,1050.0,1609.073055819938,1050.0,0.040781634887803,0.0
12778,1665828001000.0,0.0,0.0,31.5,2.084563368078128,0.0,0.0,2.066,1.0,1.0,1610.130301914399,1050.0,1609.545555819938,1050.0,0.040781634887803,0.0
12779,1665831601000.0,0.0,0.0,31.5,2.084563368078128,0.0,0.0,2.084,1.0,1.0,1610.130301914399,1050.0,1610.112555819938,1050.0,0.040781634887803,0.0
12780,1665835201000.0,0.0,0.0,0.5,2.099538020846877,0.0,0.0,2.122,1.0,1.0,1610.5950314203603,1050.0,1610.6062624099368,1050.0,0.0006517895497899696,0.0
12781,1665838801000.0,0.0,0.0,0.5,2.106122812508126,0.0,0.0,2.088,1.0,1.0,1610.5978392161912,1050.0,1610.5887778099373,1050.0,0.000653832620790391,0.0
12782,1665842401000.0,0.0,0.0,0.5,2.106122812508126,0.0,0.0,2.108,1.0,1.0,1610.5978392161912,1050.0,1610.5987778099372,1050.0,0.000653832620790391,0.0
12783,1665846001000.0,0.0,0.0,0.5,2.106122812508126,0.0,0.0,2.104,1.0,1.0,1610.5978392161912,1050.0,1610.596777809937,1050.0,0.000653832620790391,0.0
12784,1665849601000.0,0.0,0.0,0.5,2.106122812508126,0.0,0.0,2.09,1.0,1.0,1610.5978392161912,1050.0,1610.5897778099372,1050.0,0.000653832620790391,0.0
12785,1665853201000.0,0.0,0.0,0.5,2.106122812508126,0.0,0.0,2.086,1.0,1.0,1610.5978392161912,1050.0,1610.5877778099373,1050.0,0.000653832620790391,0.0
12786,1665856801000.0,0.0,0.0,0.5,2.106122812508126,0.0,0.0,2.071,1.0,1.0,1610.5978392161912,1050.0,1610.5802778099371,1050.0,0.000653832620790391,0.0
12787,1665860401000.0,0.0,0.0,0.5,2.106122812508126,0.0,0.0,2.058,1.0,1.0,1610.5978392161912,1050.0,1610.5737778099372,1050.0,0.000653832620790391,0.0
12788,1665864001000.0,0.0,0.0,1.2,2.076301171878386,0.0,0.0,2.054,1.0,1.0,1610.5976953661911,1050.0,1610.570933959937,1050.0,0.0015469793688532337,0.0
12789,1665867601000.0,0.0,0.0,1.2,2.076301171878386,0.0,0.0,2.055,1.0,1.0,1610.5976953661911,1050.0,1610.572133959937,1050.0,0.0015469793688532337,0.0
12790,1665871201000.0,0.0,0.0,1.2,2.076301171878386,0.0,0.0,2.058,1.0,1.0,1610.5976953661911,1050.0,1610.575733959937,1050.0,0.0015469793688532337,0.0
12791,1665874801000.0,0.0,0.0,1.2,2.076301171878386,0.0,0.0,2.059,1.0,1.0,1610.5976953661911,1050.0,1610.5769339599372,1050.0,0.0015469793688532337,0.0
12792,1665878401000.0,0.0,0.0,1.2,2.076301171878386,0.0,0.0,2.057,1.0,1.0,1610.5976953661911,1050.0,1610.574533959937,1050.0,0.0015469793688532337,0.0
12793,1665882001000.0,0.0,0.0,1.2,2.076301171878386,0.0,0.0,2.079,1.0,1.0,1610.5976953661911,1050.0,1610.600933959937,1050.0,0.0015469793688532337,0.0
12794,1665885601000.0,0.0,0.0,1.2,2.076301171878386,0.0,0.0,2.086,1.0,1.0,1610.5976953661911,1050.0,1610.609333959937,1050.0,0.0015469793688532337,0.0
12795,1665889201000.0,0.0,0.0,0.5,2.082180703127032,0.0,0.0,2.077,1.0,1.0,1610.6097943915015,1050.0,1610.607204039938,1050.0,0.0006463951449872105,0.0
12796,1665892801000.0,0.0,0.0,0.5,2.082180703127032,0.0,0.0,2.074,1.0,1.0,1610.6097943915015,1050.0,1610.605704039938,1050.0,0.0006463951449872105,0.0
12797,1665896401000.0,0.0,0.0,0.5,2.082180703127032,0.0,0.0,2.079,1.0,1.0,1610.6097943915015,1050.0,1610.608204039938,1050.0,0.0006463951449872105,0.0
12798,1665900001000.0,0.0,0.0,0.5,2.082180703127032,0.0,0.0,2.084,1.0,1.0,1610.6097943915015,1050.0,1610.610704039938,1050.0,0.0006463951449872105,0.0
12799,1665903601000.0,0.0,0.0,0.5,2.082180703127032,0.0,0.0,2.086,1.0,1.0,1610.6097943915015,1050.0,1610.611704039938,1050.0,0.0006463951449872105,0.0
12800,1665907201000.0,0.0,0.0,0.4,2.082180703127032,0.0,0.0,2.091,1.0,1.0,1610.6111553611888,1050.0,1610.614683079938,1050.0,0.0005171156790256034,0.0
12801,1665910801000.0,0.0,0.0,0.5,2.094065053125732,0.0,0.0,2.101,1.0,1.0,1610.6151686065007,1050.0,1610.618636079938,1050.0,0.0006500823703707915,0.0
12802,1665914401000.0,0.0,0.0,0.5,2.094065053125732,0.0,0.0,2.099,1.0,1.0,1610.6151686065007,1050.0,1610.6176360799377,1050.0,0.0006500823703707915,0.0
12803,1665918001000.0,0.0,0.0,0.5,2.094065053125732,0.0,0.0,2.082,1.0,1.0,1610.6151686065007,1050.0,1610.6091360799378,1050.0,0.0006500823703707915,0.0
12804,1665921601000.0,0.0,0.0,0.5,2.094065053125732,0.0,0.0,2.1,1.0,1.0,1610.6151686065007,1050.0,1610.6181360799378,1050.0,0.0006500823703707915,0.0
12805,1665925201000.0,0.0,0.0,0.5,2.1060234191252634,0.0,0.0,2.108,1.0,1.0,1610.6205788695006,1050.0,1610.621567159938,1050.0,0.0006537925339944084,0.0
12806,1665928801000.0,0.0,0.0,0.5,2.142001092642708,0.0,0.0,2.136,1.0,1.0,1610.6368551862588,1050.0,1610.6338546399375,1050.0,0.0006649546996721992,0.0
12807,1665932401000.0,0.0,0.0,0.5,2.154400393351375,0.0,0.0,2.145,1.0,1.0,1610.642482036613,1050.0,1610.6377818399374,1050.0,0.0006688015550872577,0.0
12808,1665936001000.0,0.0,0.0,0.3,2.173510484963897,0.0,0.0,2.199,1.0,1.0,1610.6538301054256,1050.0,1610.6614769599364,1050.0,0.0004048375469026071,0.0
12809,1665939601000.0,0.0,0.0,0.5,2.2097129059008807,0.0,0.0,2.217,1.0,1.0,1610.6649798828867,1050.0,1610.6686234299361,1050.0,0.0006859629201292845,0.0
12810,1665943201000.0,0.0,0.0,0.5,2.2295219876745906,0.0,0.0,2.223,1.0,1.0,1610.673816583773,1050.0,1610.6705555899357,1050.0,0.0006921084718454634,0.0
12811,1665946801000.0,0.0,0.0,0.5,2.2295219876745906,0.0,0.0,2.227,1.0,1.0,1610.673816583773,1050.0,1610.6725555899357,1050.0,0.0006921084718454634,0.0
12812,1665950401000.0,0.0,0.0,0.5,2.2774766155141677,0.0,0.0,2.287,1.0,1.0,1610.6947592576932,1050.0,1610.6995209499362,1050.0,0.0007069857905801371,0.0
12813,1665954001000.0,0.0,0.0,0.5,2.327882524973429,0.0,0.0,2.301,1.0,1.0,1610.7152059924233,1050.0,1610.7017647299365,1050.0,0.0007226238742618474,0.0
12814,1665957601000.0,0.0,0.0,1.2,2.295284385405595,0.0,0.0,2.272,1.0,1.0,1610.7150469524233,1050.0,1610.6871056899365,1050.0,0.0017100115055720781,0.0
12815,1665961201000.0,0.0,0.0,0.7,2.295284385405595,0.0,0.0,2.305,1.0,1.0,1610.7227892097208,1050.0,1610.7295901399368,1050.0,0.0009975019168706376,0.0
12816,1665964801000.0,0.0,0.0,0.7,2.295284385405595,0.0,0.0,2.282,1.0,1.0,1610.7227892097208,1050.0,1610.7134901399368,1050.0,0.0009975019168706376,0.0
12817,1665968401000.0,0.0,0.0,0.7,2.295284385405595,0.0,0.0,2.259,1.0,1.0,1610.7227892097208,1050.0,1610.697390139937,1050.0,0.0009975019168706376,0.0
12818,1665972001000.0,0.0,0.0,0.7,2.295284385405595,0.0,0.0,2.244,1.0,1.0,1610.7227892097208,1050.0,1610.6868901399368,1050.0,0.0009975019168706376,0.0
12819,1665975601000.0,0.0,0.0,0.7,2.295284385405595,0.0,0.0,2.271,1.0,1.0,1610.7227892097208,1050.0,1610.7057901399369,1050.0,0.0009975019168706376,0.0
12820,1665979201000.0,0.0,0.0,0.7,2.295284385405595,0.0,0.0,2.272,1.0,1.0,1610.7227892097208,1050.0,1610.706490139937,1050.0,0.0009975019168706376,0.0
12821,1665982801000.0,0.0,0.0,0.7,2.295284385405595,0.0,0.0,2.276,1.0,1.0,1610.7227892097208,1050.0,1610.709290139937,1050.0,0.0009975019168706376,0.0
12822,1665986401000.0,0.0,0.0,0.7,2.295284385405595,0.0,0.0,2.262,1.0,1.0,1610.7227892097208,1050.0,1610.6994901399369,1050.0,0.0009975019168706376,0.0
12823,1665990001000.0,0.0,0.0,0.7,2.295284385405595,0.0,0.0,2.262,1.0,1.0,1610.7227892097208,1050.0,1610.6994901399369,1050.0,0.0009975019168706376,0.0
12824,1665993601000.0,0.0,0.0,0.5,2.301970631243357,0.0,0.0,2.302,1.0,1.0,1610.7289367755586,1050.0,1610.728951459937,1050.0,0.0007145741839876429,0.0
12825,1665997201000.0,0.0,0.0,0.5,2.301970631243357,0.0,0.0,2.29,1.0,1.0,1610.7289367755586,1050.0,1610.722951459937,1050.0,0.0007145741839876429,0.0
12826,1666000801000.0,0.0,0.0,0.5,2.3152694272476086,0.0,0.0,2.317,1.0,1.0,1610.7350004535608,1050.0,1610.735865739937,1050.0,0.0007186996702113199,0.0
12827,1666004401000.0,0.0,0.0,0.5,2.3152694272476086,0.0,0.0,2.313,1.0,1.0,1610.7350004535608,1050.0,1610.733865739937,1050.0,0.0007186996702113199,0.0
12828,1666008001000.0,0.0,0.0,0.5,2.3152694272476086,0.0,0.0,2.298,1.0,1.0,1610.7350004535608,1050.0,1610.726365739937,1050.0,0.0007186996702113199,0.0
12829,1666011601000.0,0.0,0.0,0.5,2.3152694272476086,0.0,0.0,2.304,1.0,1.0,1610.7350004535608,1050.0,1610.729365739937,1050.0,0.0007186996702113199,0.0
12830,1666015201000.0,0.0,0.0,0.4,2.3407861962854835,0.0,0.0,2.334,1.0,1.0,1610.7470754484516,1050.0,1610.7443609699374,1050.0,0.0005812920555845257,0.0
12831,1666018801000.0,0.0,0.0,0.4,2.3607144785141934,0.0,0.0,2.349,1.0,1.0,1610.7530045113429,1050.0,1610.7483187199373,1050.0,0.0005862387273287421,0.0
12832,1666022401000.0,0.0,0.0,0.5,2.3782857914056774,0.0,0.0,2.371,1.0,1.0,1610.75734225564,1050.0,1610.7536993599372,1050.0,0.000738250799488898,0.0
12833,1666026001000.0,0.0,0.0,0.5,2.3782857914056774,0.0,0.0,2.337,1.0,1.0,1610.75734225564,1050.0,1610.7366993599371,1050.0,0.000738250799488898,0.0
12834,1666029601000.0,0.0,0.0,1.2,2.3448690797523657,0.0,0.0,2.322,1.0,1.0,1610.75717978564,1050.0,1610.7297368899372,1050.0,0.0017469069398016316,0.0
12835,1666033201000.0,0.0,0.0,1.2,2.3448690797523657,0.0,0.0,2.316,1.0,1.0,1610.75717978564,1050.0,1610.7225368899371,1050.0,0.0017469069398016316,0.0
12836,1666036801000.0,0.0,0.0,1.2,2.3448690797523657,0.0,0.0,2.31,1.0,1.0,1610.75717978564,1050.0,1610.7153368899371,1050.0,0.0017469069398016316,0.0
12837,1666040401000.0,0.0,0.0,1.2,2.3448690797523657,0.0,0.0,2.311,1.0,1.0,1610.75717978564,1050.0,1610.716536889937,1050.0,0.0017469069398016316,0.0
12838,1666044001000.0,0.0,0.0,1.2,2.3448690797523657,0.0,0.0,2.316,1.0,1.0,1610.75717978564,1050.0,1610.7225368899371,1050.0,0.0017469069398016316,0.0
12839,1666047601000.0,0.0,0.0,1.2,2.3448690797523657,0.0,0.0,2.316,1.0,1.0,1610.75717978564,1050.0,1610.7225368899371,1050.0,0.0017469069398016316,0.0
12840,1666051201000.0,0.0,0.0,1.2,2.3448690797523657,0.0,0.0,2.327,1.0,1.0,1610.75717978564,1050.0,1610.735736889937,1050.0,0.0017469069398016316,0.0
12841,1666054801000.0,0.0,0.0,1.2,2.3448690797523657,0.0,0.0,2.312,1.0,1.0,1610.75717978564,1050.0,1610.717736889937,1050.0,0.0017469069398016316,0.0
12842,1666058401000.0,0.0,0.0,2.8,2.3123724627510143,0.0,0.0,2.296,1.0,1.0,1610.7568137056398,1050.0,1610.710970809937,1050.0,0.004019627817564556,0.0
12843,1666062001000.0,0.0,0.0,2.8,2.3123724627510143,0.0,0.0,2.306,1.0,1.0,1610.7568137056398,1050.0,1610.738970809937,1050.0,0.004019627817564556,0.0
12844,1666065601000.0,0.0,0.0,0.7,2.3123724627510143,0.0,0.0,2.328,1.0,1.0,1610.795642003863,1050.0,1610.8065812799373,1050.0,0.0010048827310657872,0.0
12845,1666069201000.0,0.0,0.0,0.5,2.326054086590365,0.0,0.0,2.339,1.0,1.0,1610.8047751832326,1050.0,1610.8112481399373,1050.0,0.0007220161382765244,0.0
12846,1666072801000.0,0.0,0.0,0.5,2.337632451954219,0.0,0.0,2.321,1.0,1.0,1610.8090703059145,1050.0,1610.8007540799374,1050.0,0.0007256081726403089,0.0
12847,1666076401000.0,0.0,0.0,0.5,2.337632451954219,0.0,0.0,2.31,1.0,1.0,1610.8090703059145,1050.0,1610.7952540799374,1050.0,0.0007256081726403089,0.0
12848,1666080001000.0,0.0,0.0,0.5,2.337632451954219,0.0,0.0,2.298,1.0,1.0,1610.8090703059145,1050.0,1610.7892540799373,1050.0,0.0007256081726403089,0.0
12849,1666083601000.0,0.0,0.0,1.2,2.304596854980925,0.0,0.0,2.272,1.0,1.0,1610.8089106359146,1050.0,1610.7697944099375,1050.0,0.001716849346757922,0.0
12850,1666087201000.0,0.0,0.0,1.2,2.304596854980925,0.0,0.0,2.269,1.0,1.0,1610.8089106359146,1050.0,1610.7661944099375,1050.0,0.001716849346757922,0.0
12851,1666090801000.0,0.0,0.0,1.2,2.304596854980925,0.0,0.0,2.282,1.0,1.0,1610.8089106359146,1050.0,1610.7817944099374,1050.0,0.001716849346757922,0.0
12852,1666094401000.0,0.0,0.0,1.2,2.304596854980925,0.0,0.0,2.3,1.0,1.0,1610.8089106359146,1050.0,1610.8033944099375,1050.0,0.001716849346757922,0.0
12853,1666098001000.0,0.0,0.0,1.2,2.304596854980925,0.0,0.0,2.3,1.0,1.0,1610.8089106359146,1050.0,1610.8033944099375,1050.0,0.001716849346757922,0.0
12854,1666101601000.0,0.0,0.0,1.2,2.304596854980925,0.0,0.0,2.273,1.0,1.0,1610.8089106359146,1050.0,1610.7709944099374,1050.0,0.001716849346757922,0.0
12855,1666105201000.0,0.0,0.0,2.8,2.2728272235632536,0.0,0.0,2.255,1.0,1.0,1610.8085507959145,1050.0,1610.7586345699374,1050.0,0.003950758904795138,0.0
12856,1666108801000.0,0.0,0.0,2.8,2.2728272235632536,0.0,0.0,2.264,1.0,1.0,1610.8085507959145,1050.0,1610.7838345699374,1050.0,0.003950758904795138,0.0
12857,1666112401000.0,0.0,0.0,0.5,2.2908578004827715,0.0,0.0,2.303,1.0,1.0,1610.8633519901778,1050.0,1610.8694230899364,1050.0,0.00071106521780773,0.0
12858,1666116001000.0,0.0,0.0,0.5,2.3362411095393245,0.0,0.0,2.334,1.0,1.0,1610.8826847247058,1050.0,1610.8815641699362,1050.0,0.0007251431565106741,0.0
12859,1666119601000.0,0.0,0.0,1.2,2.3034337956413853,0.0,0.0,2.302,1.0,1.0,1610.8825251247058,1050.0,1610.8808045699361,1050.0,0.0017159044881660003,0.0
12860,1666123201000.0,0.0,0.0,0.4,2.3514710799434155,0.0,0.0,2.346,1.0,1.0,1610.9110851319128,1050.0,1610.9088966999354,1050.0,0.0005838860013185297,0.0
12861,1666126801000.0,0.0,0.0,0.5,2.378625851960667,0.0,0.0,2.373,1.0,1.0,1610.9219528159163,1050.0,1610.9191398899359,1050.0,0.0007382809104447278,0.0
12862,1666130401000.0,0.0,0.0,0.5,2.378625851960667,0.0,0.0,2.356,1.0,1.0,1610.9219528159163,1050.0,1610.910639889936,1050.0,0.0007382809104447278,0.0
12863,1666134001000.0,0.0,0.0,0.5,2.378625851960667,0.0,0.0,2.35,1.0,1.0,1610.9219528159163,1050.0,1610.907639889936,1050.0,0.0007382809104447278,0.0
12864,1666137601000.0,0.0,0.0,0.5,2.378625851960667,0.0,0.0,2.365,1.0,1.0,1610.9219528159163,1050.0,1610.915139889936,1050.0,0.0007382809104447278,0.0
12865,1666141201000.0,0.0,0.0,0.5,2.378625851960667,0.0,0.0,2.337,1.0,1.0,1610.9219528159163,1050.0,1610.9011398899358,1050.0,0.0007382809104447278,0.0
12866,1666144801000.0,0.0,0.0,0.5,2.378625851960667,0.0,0.0,2.346,1.0,1.0,1610.9219528159163,1050.0,1610.9056398899359,1050.0,0.0007382809104447278,0.0
12867,1666148401000.0,0.0,0.0,1.2,2.345010771650278,0.0,0.0,2.333,1.0,1.0,1610.9217903459162,1050.0,1610.9073774199358,1050.0,0.001746833982161279,0.0
12868,1666152001000.0,0.0,0.0,1.2,2.345010771650278,0.0,0.0,2.333,1.0,1.0,1610.9217903459162,1050.0,1610.9073774199358,1050.0,0.001746833982161279,0.0
12869,1666155601000.0,0.0,0.0,1.2,2.345010771650278,0.0,0.0,2.325,1.0,1.0,1610.9217903459162,1050.0,1610.897777419936,1050.0,0.001746833982161279,0.0
12870,1666159201000.0,0.0,0.0,1.2,2.345010771650278,0.0,0.0,2.311,1.0,1.0,1610.9217903459162,1050.0,1610.8809774199358,1050.0,0.001746833982161279,0.0
12871,1666162801000.0,0.0,0.0,1.2,2.345010771650278,0.0,0.0,2.304,1.0,1.0,1610.9217903459162,1050.0,1610.8725774199359,1050.0,0.001746833982161279,0.0
12872,1666166401000.0,0.0,0.0,1.2,2.345010771650278,0.0,0.0,2.325,1.0,1.0,1610.9217903459162,1050.0,1610.897777419936,1050.0,0.001746833982161279,0.0
12873,1666170001000.0,0.0,0.0,1.2,2.345010771650278,0.0,0.0,2.32,1.0,1.0,1610.9217903459162,1050.0,1610.8917774199358,1050.0,0.001746833982161279,0.0
12874,1666173601000.0,0.0,0.0,1.2,2.345010771650278,0.0,0.0,2.336,1.0,1.0,1610.9217903459162,1050.0,1610.9109774199358,1050.0,0.001746833982161279,0.0
12875,1666177201000.0,0.0,0.0,1.2,2.345010771650278,0.0,0.0,2.356,1.0,1.0,1610.9217903459162,1050.0,1610.9349774199359,1050.0,0.001746833982161279,0.0
12876,1666180801000.0,0.0,0.0,0.9,2.345010771650278,0.0,0.0,2.348,1.0,1.0,1610.9265162844213,1050.0,1610.929206589936,1050.0,0.001310121643135598,0.0
12877,1666184401000.0,0.0,0.0,0.9,2.345010771650278,0.0,0.0,2.335,1.0,1.0,1610.9265162844213,1050.0,1610.917506589936,1050.0,0.001310121643135598,0.0
12878,1666188001000.0,0.0,0.0,0.5,2.37049032667646,0.0,0.0,2.38,1.0,1.0,1610.9432725532747,1050.0,1610.9480273899364,1050.0,0.0007357460585559094,0.0
12879,1666191601000.0,0.0,0.0,0.5,2.412803964224846,0.0,0.0,2.388,1.0,1.0,1610.9584956020492,1050.0,1610.9460936199368,1050.0,0.0007488721685915099,0.0
12880,1666195201000.0,0.0,0.0,0.4,2.4266094271209444,0.0,0.0,2.443,1.0,1.0,1610.966418320785,1050.0,1610.9729745499365,1050.0,0.0006025226595723472,0.0
12881,1666198801000.0,0.0,0.0,0.4,2.4266094271209444,0.0,0.0,2.396,1.0,1.0,1610.966418320785,1050.0,1610.9541745499366,1050.0,0.0006025226595723472,0.0
12882,1666202401000.0,0.0,0.0,0.4,2.4266094271209444,0.0,0.0,2.391,1.0,1.0,1610.966418320785,1050.0,1610.9521745499364,1050.0,0.0006025226595723472,0.0
12883,1666206001000.0,0.0,0.0,0.4,2.4266094271209444,0.0,0.0,2.371,1.0,1.0,1610.966418320785,1050.0,1610.9441745499364,1050.0,0.0006025226595723472,0.0
12884,1666209601000.0,0.0,0.0,0.9,2.3940486342759755,0.0,0.0,2.368,1.0,1.0,1610.9662999207849,1050.0,1610.9428561499365,1050.0,0.0013374853160828548,0.0
12885,1666213201000.0,0.0,0.0,0.9,2.3940486342759755,0.0,0.0,2.38,1.0,1.0,1610.9662999207849,1050.0,1610.9536561499365,1050.0,0.0013374853160828548,0.0
12886,1666216801000.0,0.0,0.0,0.9,2.3940486342759755,0.0,0.0,2.379,1.0,1.0,1610.9662999207849,1050.0,1610.9527561499365,1050.0,0.0013374853160828548,0.0
12887,1666220401000.0,0.0,0.0,2.1,2.360877986118275,0.0,0.0,2.312,1.0,1.0,1610.9660196007849,1050.0,1610.8633758299366,1050.0,0.003077559495685071,0.0
12888,1666224001000.0,0.0,0.0,11.4,2.2942757693726645,0.0,0.0,2.281,1.0,1.0,1610.963899910785,1050.0,1610.8125561399365,1050.0,0.016235462366535232,0.0
12889,1666227601000.0,0.0,0.0,11.4,2.2942757693726645,0.0,0.0,2.265,1.0,1.0,1610.963899910785,1050.0,1610.6301561399366,1050.0,0.016235462366535232,0.0
12890,1666231201000.0,0.0,0.0,11.4,2.2942757693726645,0.0,0.0,2.27,1.0,1.0,1610.963899910785,1050.0,1610.6871561399366,1050.0,0.016235462366535232,0.0
12891,1666234801000.0,0.0,0.0,11.4,2.2942757693726645,0.0,0.0,2.278,1.0,1.0,1610.963899910785,1050.0,1610.7783561399365,1050.0,0.016235462366535232,0.0
12892,1666238401000.0,0.0,0.0,11.4,2.2942757693726645,0.0,0.0,2.269,1.0,1.0,1610.963899910785,1050.0,1610.6757561399365,1050.0,0.016235462366535232,0.0
12893,1666242001000.0,0.0,0.0,4.7,2.2942757693726645,0.0,0.0,2.308,1.0,1.0,1611.0677045559876,1050.0,1611.132208439936,1050.0,0.006693136536445785,0.0
12894,1666245601000.0,0.0,0.0,0.5,2.3346640038264184,0.0,0.0,2.346,1.0,1.0,1611.171901981848,1050.0,1611.1775699799348,1050.0,0.0007245235598245685,0.0
12895,1666249201000.0,0.0,0.0,0.5,2.3738564329375422,0.0,0.0,2.382,1.0,1.0,1611.188524086403,1050.0,1611.1925958699342,1050.0,0.000736678668402134,0.0
12896,1666252801000.0,0.0,0.0,0.5,2.381113859762525,0.0,0.0,2.364,1.0,1.0,1611.1916571598156,1050.0,1611.1831002299343,1050.0,0.0007389294281599984,0.0
12897,1666256401000.0,0.0,0.0,1.2,2.3477974415677187,0.0,0.0,2.324,1.0,1.0,1611.1914944798157,1050.0,1611.1629375499344,1050.0,0.001748617057335488,0.0
12898,1666260001000.0,0.0,0.0,1.2,2.3477974415677187,0.0,0.0,2.31,1.0,1.0,1611.1914944798157,1050.0,1611.1461375499343,1050.0,0.001748617057335488,0.0
12899,1666263601000.0,0.0,0.0,2.8,2.31534176067188,0.0,0.0,2.32,1.0,1.0,1611.1911279198157,1050.0,1611.2041709899345,1050.0,0.0040237044615875645,0.0
12900,1666267201000.0,0.0,0.0,2.8,2.31534176067188,0.0,0.0,2.305,1.0,1.0,1611.1911279198157,1050.0,1611.1621709899343,1050.0,0.0040237044615875645,0.0
12901,1666270801000.0,0.0,0.0,2.8,2.31534176067188,0.0,0.0,2.285,1.0,1.0,1611.1911279198157,1050.0,1611.1061709899345,1050.0,0.0040237044615875645,0.0
12902,1666274401000.0,0.0,0.0,2.8,2.31534176067188,0.0,0.0,2.291,1.0,1.0,1611.1911279198157,1050.0,1611.1229709899344,1050.0,0.0040237044615875645,0.0
12903,1666278001000.0,0.0,0.0,2.8,2.31534176067188,0.0,0.0,2.303,1.0,1.0,1611.1911279198157,1050.0,1611.1565709899344,1050.0,0.0040237044615875645,0.0
12904,1666281601000.0,0.0,0.0,2.8,2.31534176067188,0.0,0.0,2.272,1.0,1.0,1611.1911279198157,1050.0,1611.0697709899343,1050.0,0.0040237044615875645,0.0
12905,1666285201000.0,0.0,0.0,6.5,2.2827010661355787,0.0,0.0,2.256,1.0,1.0,1611.1902924598157,1050.0,1611.0167355299345,1050.0,0.009209065496061708,0.0
12906,1666288801000.0,0.0,0.0,6.5,2.2827010661355787,0.0,0.0,2.235,1.0,1.0,1611.1902924598157,1050.0,1610.8802355299345,1050.0,0.009209065496061708,0.0
12907,1666292401000.0,0.0,0.0,15.2,2.2491024295974515,0.0,0.0,2.241,1.0,1.0,1611.1883575798158,1050.0,1611.0652006499345,1050.0,0.02121810076956674,0.0
12908,1666296001000.0,0.0,0.0,15.2,2.2491024295974515,0.0,0.0,2.241,1.0,1.0,1611.1883575798158,1050.0,1611.0652006499345,1050.0,0.02121810076956674,0.0
12909,1666299601000.0,0.0,0.0,15.2,2.2491024295974515,0.0,0.0,2.254,1.0,1.0,1611.1883575798158,1050.0,1611.2628006499347,1050.0,0.02121810076956674,0.0
12910,1666303201000.0,0.0,0.0,3.8,2.2491024295974515,0.0,0.0,2.254,1.0,1.0,1611.355608922405,1050.0,1611.3742196899348,1050.0,0.005303974606937231,0.0
12911,1666306801000.0,0.0,0.0,3.8,2.2491024295974515,0.0,0.0,2.249,1.0,1.0,1611.355608922405,1050.0,1611.3552196899348,1050.0,0.005303974606937231,0.0
12912,1666310401000.0,0.0,0.0,3.8,2.2491024295974515,0.0,0.0,2.24,1.0,1.0,1611.355608922405,1050.0,1611.3210196899347,1050.0,0.005303974606937231,0.0
12913,1666314001000.0,0.0,0.0,3.8,2.2491024295974515,0.0,0.0,2.217,1.0,1.0,1611.355608922405,1050.0,1611.2336196899348,1050.0,0.005303974606937231,0.0
12914,1666317601000.0,0.0,0.0,3.8,2.2491024295974515,0.0,0.0,2.21,1.0,1.0,1611.355608922405,1050.0,1611.2070196899347,1050.0,0.005303974606937231,0.0
12915,1666321201000.0,0.0,0.0,8.9,2.216953846344979,0.0,0.0,2.194,1.0,1.0,1611.3544904924051,1050.0,1611.1502012599349,1050.0,0.012244909080459917,0.0
12916,1666324801000.0,0.0,0.0,8.9,2.216953846344979,0.0,0.0,2.172,1.0,1.0,1611.3544904924051,1050.0,1610.954401259935,1050.0,0.012244909080459917,0.0
12917,1666328401000.0,0.0,0.0,8.9,2.216953846344979,0.0,0.0,2.196,1.0,1.0,1611.3544904924051,1050.0,1611.1680012599347,1050.0,0.012244909080459917,0.0
12918,1666332001000.0,0.0,0.0,8.9,2.216953846344979,0.0,0.0,2.187,1.0,1.0,1611.3544904924051,1050.0,1611.0879012599348,1050.0,0.012244909080459917,0.0
12919,1666335601000.0,0.0,0.0,8.9,2.216953846344979,0.0,0.0,2.188,1.0,1.0,1611.3544904924051,1050.0,1611.0968012599349,1050.0,0.012244909080459917,0.0
12920,1666339201000.0,0.0,0.0,8.9,2.216953846344979,0.0,0.0,2.183,1.0,1.0,1611.3544904924051,1050.0,1611.052301259935,1050.0,0.012244909080459917,0.0
12921,1666342801000.0,0.0,0.0,20.8,2.1837975592533803,0.0,0.0,2.165,1.0,1.0,1611.351921282405,1050.0,1610.9609320499349,1050.0,0.02818936610465585,0.0
12922,1666346401000.0,0.0,0.0,20.8,2.1837975592533803,0.0,0.0,2.184,1.0,1.0,1611.351921282405,1050.0,1611.3561320499348,1050.0,0.02818936610465585,0.0
12923,1666350001000.0,0.0,0.0,20.8,2.1837975592533803,0.0,0.0,2.178,1.0,1.0,1611.351921282405,1050.0,1611.2313320499347,1050.0,0.02818936610465585,0.0
12924,1666353601000.0,0.0,0.0,20.8,2.1837975592533803,0.0,0.0,2.151,1.0,1.0,1611.351921282405,1050.0,1610.6697320499347,1050.0,0.02818936610465585,0.0
12925,1666357201000.0,0.0,0.0,4.5,2.147931736751965,0.0,0.0,2.173,1.0,1.0,1611.9735350953185,1050.0,1612.0863422799348,1050.0,0.005996185796445036,0.0
12926,1666360801000.0,0.0,0.0,0.5,2.1897652631098996,0.0,0.0,2.205,1.0,1.0,1612.1248282414895,1050.0,1612.1324456099346,1050.0,0.0006791549961731257,0.0
12927,1666364401000.0,0.0,0.0,0.4,2.19665915786594,0.0,0.0,2.183,1.0,1.0,1612.129298913081,1050.0,1612.1238352499345,1050.0,0.0005450329968810707,0.0
12928,1666368001000.0,0.0,0.0,0.3,2.19665915786594,0.0,0.0,2.217,1.0,1.0,1612.1308108772944,1050.0,1612.1369131299346,1050.0,0.0004087743642844754,0.0
12929,1666371601000.0,0.0,0.0,0.5,2.213063663146376,0.0,0.0,2.211,1.0,1.0,1612.1333560115079,1050.0,1612.1323241799346,1050.0,0.0006863773567161954,0.0
12930,1666375201000.0,0.0,0.0,0.4,2.213063663146376,0.0,0.0,2.216,1.0,1.0,1612.1348273651934,1050.0,1612.1360018999349,1050.0,0.0005491013842218932,0.0
12931,1666378801000.0,0.0,0.0,0.4,2.213063663146376,0.0,0.0,2.213,1.0,1.0,1612.1348273651934,1050.0,1612.1348018999347,1050.0,0.0005491013842218932,0.0
12932,1666382401000.0,0.0,0.0,0.4,2.213063663146376,0.0,0.0,2.212,1.0,1.0,1612.1348273651934,1050.0,1612.1344018999348,1050.0,0.0005491013842218932,0.0
12933,1666386001000.0,0.0,0.0,0.4,2.213063663146376,0.0,0.0,2.198,1.0,1.0,1612.1348273651934,1050.0,1612.1288018999348,1050.0,0.0005491013842218932,0.0
12934,1666389601000.0,0.0,0.0,0.4,2.213063663146376,0.0,0.0,2.194,1.0,1.0,1612.1348273651934,1050.0,1612.1272018999348,1050.0,0.0005491013842218932,0.0
12935,1666393201000.0,0.0,0.0,0.4,2.213063663146376,0.0,0.0,2.206,1.0,1.0,1612.1348273651934,1050.0,1612.1320018999347,1050.0,0.0005491013842218932,0.0
12936,1666396801000.0,0.0,0.0,0.4,2.213063663146376,0.0,0.0,2.2,1.0,1.0,1612.1348273651934,1050.0,1612.1296018999349,1050.0,0.0005491013842218932,0.0
12937,1666400401000.0,0.0,0.0,0.4,2.213063663146376,0.0,0.0,2.212,1.0,1.0,1612.1348273651934,1050.0,1612.1344018999348,1050.0,0.0005491013842218932,0.0
12938,1666404001000.0,0.0,0.0,0.4,2.213063663146376,0.0,0.0,2.203,1.0,1.0,1612.1348273651934,1050.0,1612.1308018999348,1050.0,0.0005491013842218932,0.0
12939,1666407601000.0,0.0,0.0,0.4,2.213063663146376,0.0,0.0,2.204,1.0,1.0,1612.1348273651934,1050.0,1612.131201899935,1050.0,0.0005491013842218932,0.0
12940,1666411201000.0,0.0,0.0,0.4,2.213063663146376,0.0,0.0,2.21,1.0,1.0,1612.1348273651934,1050.0,1612.1336018999348,1050.0,0.0005491013842218932,0.0
12941,1666414801000.0,0.0,0.0,0.4,2.213063663146376,0.0,0.0,2.193,1.0,1.0,1612.1348273651934,1050.0,1612.126801899935,1050.0,0.0005491013842218932,0.0
12942,1666418401000.0,0.0,0.0,0.4,2.213063663146376,0.0,0.0,2.196,1.0,1.0,1612.1348273651934,1050.0,1612.1280018999348,1050.0,0.0005491013842218932,0.0
12943,1666422001000.0,0.0,0.0,0.4,2.213063663146376,0.0,0.0,2.22,1.0,1.0,1612.1348273651934,1050.0,1612.137601899935,1050.0,0.0005491013842218932,0.0
12944,1666425601000.0,0.0,0.0,0.5,2.225662918732695,0.0,0.0,2.231,1.0,1.0,1612.1390771193012,1050.0,1612.141745659935,1050.0,0.000690282541475791,0.0
12945,1666429201000.0,0.0,0.0,0.5,2.2451111904462624,0.0,0.0,2.249,1.0,1.0,1612.1479315151582,1050.0,1612.149875919935,1050.0,0.0006963105390509111,0.0
12946,1666432801000.0,0.0,0.0,0.5,2.258080028560655,0.0,0.0,2.242,1.0,1.0,1612.1538348142155,1050.0,1612.1457947999352,1050.0,0.000700330197961808,0.0
12947,1666436401000.0,0.0,0.0,0.5,2.258080028560655,0.0,0.0,2.242,1.0,1.0,1612.1538348142155,1050.0,1612.1457947999352,1050.0,0.000700330197961808,0.0
12948,1666440001000.0,0.0,0.0,0.5,2.258080028560655,0.0,0.0,2.237,1.0,1.0,1612.1538348142155,1050.0,1612.1432947999351,1050.0,0.000700330197961808,0.0
12949,1666443601000.0,0.0,0.0,0.5,2.258080028560655,0.0,0.0,2.228,1.0,1.0,1612.1538348142155,1050.0,1612.138794799935,1050.0,0.000700330197961808,0.0
12950,1666447201000.0,0.0,0.0,0.5,2.258080028560655,0.0,0.0,2.225,1.0,1.0,1612.1538348142155,1050.0,1612.1372947999353,1050.0,0.000700330197961808,0.0
12951,1666450801000.0,0.0,0.0,0.5,2.258080028560655,0.0,0.0,2.237,1.0,1.0,1612.1538348142155,1050.0,1612.1432947999351,1050.0,0.000700330197961808,0.0
12952,1666454401000.0,0.0,0.0,0.5,2.258080028560655,0.0,0.0,2.236,1.0,1.0,1612.1538348142155,1050.0,1612.1427947999352,1050.0,0.000700330197961808,0.0
12953,1666458001000.0,0.0,0.0,0.5,2.258080028560655,0.0,0.0,2.22,1.0,1.0,1612.1538348142155,1050.0,1612.1347947999352,1050.0,0.000700330197961808,0.0
12954,1666461601000.0,0.0,0.0,0.5,2.258080028560655,0.0,0.0,2.21,1.0,1.0,1612.1538348142155,1050.0,1612.1297947999353,1050.0,0.000700330197961808,0.0
12955,1666465201000.0,0.0,0.0,1.2,2.2265333452336065,0.0,0.0,2.212,1.0,1.0,1612.1536805342155,1050.0,1612.1362405199352,1050.0,0.0016573109912170199,0.0
12956,1666468801000.0,0.0,0.0,1.2,2.2265333452336065,0.0,0.0,2.207,1.0,1.0,1612.1536805342155,1050.0,1612.1302405199351,1050.0,0.0016573109912170199,0.0
12957,1666472401000.0,0.0,0.0,1.2,2.2265333452336065,0.0,0.0,2.218,1.0,1.0,1612.1536805342155,1050.0,1612.1434405199352,1050.0,0.0016573109912170199,0.0
12958,1666476001000.0,0.0,0.0,1.2,2.2265333452336065,0.0,0.0,2.212,1.0,1.0,1612.1536805342155,1050.0,1612.1362405199352,1050.0,0.0016573109912170199,0.0
12959,1666479601000.0,0.0,0.0,1.2,2.2265333452336065,0.0,0.0,2.202,1.0,1.0,1612.1536805342155,1050.0,1612.1242405199353,1050.0,0.0016573109912170199,0.0
12960,1666483201000.0,0.0,0.0,1.2,2.2265333452336065,0.0,0.0,2.209,1.0,1.0,1612.1536805342155,1050.0,1612.1326405199352,1050.0,0.0016573109912170199,0.0
12961,1666486801000.0,0.0,0.0,1.2,2.2265333452336065,0.0,0.0,2.207,1.0,1.0,1612.1536805342155,1050.0,1612.1302405199351,1050.0,0.0016573109912170199,0.0
12962,1666490401000.0,0.0,0.0,1.2,2.2265333452336065,0.0,0.0,2.201,1.0,1.0,1612.1536805342155,1050.0,1612.123040519935,1050.0,0.0016573109912170199,0.0
12963,1666494001000.0,0.0,0.0,1.2,2.2265333452336065,0.0,0.0,2.227,1.0,1.0,1612.1536805342155,1050.0,1612.1542405199352,1050.0,0.0016573109912170199,0.0
12964,1666497601000.0,0.0,0.0,1.2,2.2265333452336065,0.0,0.0,2.221,1.0,1.0,1612.1536805342155,1050.0,1612.1470405199352,1050.0,0.0016573109912170199,0.0
12965,1666501201000.0,0.0,0.0,1.2,2.2265333452336065,0.0,0.0,2.216,1.0,1.0,1612.1536805342155,1050.0,1612.1410405199351,1050.0,0.0016573109912170199,0.0
12966,1666504801000.0,0.0,0.0,1.2,2.2265333452336065,0.0,0.0,2.213,1.0,1.0,1612.1536805342155,1050.0,1612.1374405199351,1050.0,0.0016573109912170199,0.0
12967,1666508401000.0,0.0,0.0,1.2,2.2265333452336065,0.0,0.0,2.21,1.0,1.0,1612.1536805342155,1050.0,1612.1338405199351,1050.0,0.0016573109912170199,0.0
12968,1666512001000.0,0.0,0.0,1.2,2.2265333452336065,0.0,0.0,2.203,1.0,1.0,1612.1536805342155,1050.0,1612.1254405199352,1050.0,0.0016573109912170199,0.0
12969,1666515601000.0,0.0,0.0,1.2,2.2265333452336065,0.0,0.0,2.21,1.0,1.0,1612.1536805342155,1050.0,1612.1338405199351,1050.0,0.0016573109912170199,0.0
12970,1666519201000.0,0.0,0.0,1.2,2.2265333452336065,0.0,0.0,2.194,1.0,1.0,1612.1536805342155,1050.0,1612.1146405199352,1050.0,0.0016573109912170199,0.0
12971,1666522801000.0,0.0,0.0,1.2,2.2265333452336065,0.0,0.0,2.176,1.0,1.0,1612.1536805342155,1050.0,1612.0930405199351,1050.0,0.0016573109912170199,0.0
12972,1666526401000.0,0.0,0.0,2.8,2.195371433671546,0.0,0.0,2.149,1.0,1.0,1612.1533330142154,1050.0,1612.0234929999351,1050.0,0.0038129375713830604,0.0
12973,1666530001000.0,0.0,0.0,6.5,2.1644215406585117,0.0,0.0,2.162,1.0,1.0,1612.1525408442153,1050.0,1612.136800829935,1050.0,0.008726680421266545,0.0
12974,1666533601000.0,0.0,0.0,6.5,2.1644215406585117,0.0,0.0,2.154,1.0,1.0,1612.1525408442153,1050.0,1612.084800829935,1050.0,0.008726680421266545,0.0
12975,1666537201000.0,0.0,0.0,6.5,2.1644215406585117,0.0,0.0,2.167,1.0,1.0,1612.1525408442153,1050.0,1612.169300829935,1050.0,0.008726680421266545,0.0
12976,1666540801000.0,0.0,0.0,6.5,2.1644215406585117,0.0,0.0,2.165,1.0,1.0,1612.1525408442153,1050.0,1612.156300829935,1050.0,0.008726680421266545,0.0
12977,1666544401000.0,0.0,0.0,5.7,2.1644215406585117,0.0,0.0,2.163,1.0,1.0,1612.1640292916884,1050.0,1612.155926509935,1050.0,0.007652572912927429,0.0
12978,1666548001000.0,0.0,0.0,2.5,2.1644215406585117,0.0,0.0,2.178,1.0,1.0,1612.2099830815814,1050.0,1612.243929229935,1050.0,0.0033562959592295665,0.0
12979,1666551601000.0,0.0,0.0,0.5,2.181671754637064,0.0,0.0,2.185,1.0,1.0,1612.2551531872543,1050.0,1612.2568173099357,1050.0,0.0006765901012392904,0.0
12980,1666555201000.0,0.0,0.0,0.4,2.199401831669343,0.0,0.0,2.212,1.0,1.0,1612.2634793226036,1050.0,1612.2685185899359,1050.0,0.0005456680895838258,0.0
12981,1666558801000.0,0.0,0.0,0.5,2.2125846594009637,0.0,0.0,2.219,1.0,1.0,1612.2678555996365,1050.0,1612.2710632699361,1050.0,0.0006861715476483456,0.0
12982,1666562401000.0,0.0,0.0,0.5,2.2296338637603856,0.0,0.0,2.231,1.0,1.0,1612.2735460118163,1050.0,1612.274229079936,1050.0,0.0006914564433795048,0.0
12983,1666566001000.0,0.0,0.0,0.5,2.2644560092460075,0.0,0.0,2.267,1.0,1.0,1612.2883052245602,1050.0,1612.2895772199372,1050.0,0.0007022490958683141,0.0
12984,1666569601000.0,0.0,0.0,0.5,2.2644560092460075,0.0,0.0,2.267,1.0,1.0,1612.2883052245602,1050.0,1612.2895772199372,1050.0,0.0007022490958683141,0.0
12985,1666573201000.0,0.0,0.0,0.5,2.2710736055476044,0.0,0.0,2.258,1.0,1.0,1612.291322802711,1050.0,1612.2847859999372,1050.0,0.0007043000149624652,0.0
12986,1666576801000.0,0.0,0.0,0.5,2.2710736055476044,0.0,0.0,2.258,1.0,1.0,1612.291322802711,1050.0,1612.2847859999372,1050.0,0.0007043000149624652,0.0
12987,1666580401000.0,0.0,0.0,0.5,2.2710736055476044,0.0,0.0,2.248,1.0,1.0,1612.291322802711,1050.0,1612.279785999937,1050.0,0.0007043000149624652,0.0
12988,1666584001000.0,0.0,0.0,0.5,2.2710736055476044,0.0,0.0,2.245,1.0,1.0,1612.291322802711,1050.0,1612.2782859999372,1050.0,0.0007043000149624652,0.0
12989,1666587601000.0,0.0,0.0,0.5,2.2710736055476044,0.0,0.0,2.251,1.0,1.0,1612.291322802711,1050.0,1612.2812859999372,1050.0,0.0007043000149624652,0.0
12990,1666591201000.0,0.0,0.0,0.5,2.2710736055476044,0.0,0.0,2.259,1.0,1.0,1612.291322802711,1050.0,1612.285285999937,1050.0,0.0007043000149624652,0.0
12991,1666594801000.0,0.0,0.0,0.5,2.2840664979971375,0.0,0.0,2.272,1.0,1.0,1612.297236048936,1050.0,1612.2912027999373,1050.0,0.0007083267424046531,0.0
12992,1666598401000.0,0.0,0.0,0.5,2.2840664979971375,0.0,0.0,2.287,1.0,1.0,1612.297236048936,1050.0,1612.2987027999375,1050.0,0.0007083267424046531,0.0
12993,1666602001000.0,0.0,0.0,0.5,2.2840664979971375,0.0,0.0,2.291,1.0,1.0,1612.297236048936,1050.0,1612.3007027999374,1050.0,0.0007083267424046531,0.0
12994,1666605601000.0,0.0,0.0,0.5,2.2912398987982825,0.0,0.0,2.287,1.0,1.0,1612.3001307293366,1050.0,1612.2980107799374,1050.0,0.0007105500567570574,0.0
12995,1666609201000.0,0.0,0.0,0.5,2.2912398987982825,0.0,0.0,2.277,1.0,1.0,1612.3001307293366,1050.0,1612.2930107799375,1050.0,0.0007105500567570574,0.0
12996,1666612801000.0,0.0,0.0,0.5,2.2912398987982825,0.0,0.0,2.279,1.0,1.0,1612.3001307293366,1050.0,1612.2940107799375,1050.0,0.0007105500567570574,0.0
12997,1666616401000.0,0.0,0.0,0.5,2.2912398987982825,0.0,0.0,2.268,1.0,1.0,1612.3001307293366,1050.0,1612.2885107799375,1050.0,0.0007105500567570574,0.0
12998,1666620001000.0,0.0,0.0,0.5,2.2912398987982825,0.0,0.0,2.267,1.0,1.0,1612.3001307293366,1050.0,1612.2880107799374,1050.0,0.0007105500567570574,0.0
12999,1666623601000.0,0.0,0.0,1.2,2.2590166244992846,0.0,0.0,2.223,1.0,1.0,1612.2999742093366,1050.0,1612.2567542599375,1050.0,0.001681337215631051,0.0
13000,1666627201000.0,0.0,0.0,1.2,2.2590166244992846,0.0,0.0,2.214,1.0,1.0,1612.2999742093366,1050.0,1612.2459542599374,1050.0,0.001681337215631051,0.0
13001,1666630801000.0,0.0,0.0,2.8,2.2275785533568366,0.0,0.0,2.198,1.0,1.0,1612.2996215693365,1050.0,1612.2168016199373,1050.0,0.003868524104302726,0.0
13002,1666634401000.0,0.0,0.0,2.8,2.2275785533568366,0.0,0.0,2.188,1.0,1.0,1612.2996215693365,1050.0,1612.1888016199373,1050.0,0.003868524104302726,0.0
13003,1666638001000.0,0.0,0.0,2.8,2.2275785533568366,0.0,0.0,2.209,1.0,1.0,1612.2996215693365,1050.0,1612.2476016199373,1050.0,0.003868524104302726,0.0
13004,1666641601000.0,0.0,0.0,2.8,2.2275785533568366,0.0,0.0,2.215,1.0,1.0,1612.2996215693365,1050.0,1612.2644016199374,1050.0,0.003868524104302726,0.0
13005,1666645201000.0,0.0,0.0,2.8,2.2275785533568366,0.0,0.0,2.217,1.0,1.0,1612.2996215693365,1050.0,1612.2700016199374,1050.0,0.003868524104302726,0.0
13006,1666648801000.0,0.0,0.0,2.8,2.2275785533568366,0.0,0.0,2.205,1.0,1.0,1612.2996215693365,1050.0,1612.2364016199374,1050.0,0.003868524104302726,0.0
13007,1666652401000.0,0.0,0.0,2.8,2.2275785533568366,0.0,0.0,2.204,1.0,1.0,1612.2996215693365,1050.0,1612.2336016199374,1050.0,0.003868524104302726,0.0
13008,1666656001000.0,0.0,0.0,2.8,2.2275785533568366,0.0,0.0,2.189,1.0,1.0,1612.2996215693365,1050.0,1612.1916016199373,1050.0,0.003868524104302726,0.0
13009,1666659601000.0,0.0,0.0,2.8,2.2275785533568366,0.0,0.0,2.208,1.0,1.0,1612.2996215693365,1050.0,1612.2448016199373,1050.0,0.003868524104302726,0.0
13010,1666663201000.0,0.0,0.0,2.8,2.2275785533568366,0.0,0.0,2.213,1.0,1.0,1612.2996215693365,1050.0,1612.2588016199375,1050.0,0.003868524104302726,0.0
13011,1666666801000.0,0.0,0.0,2.8,2.2275785533568366,0.0,0.0,2.214,1.0,1.0,1612.2996215693365,1050.0,1612.2616016199374,1050.0,0.003868524104302726,0.0
13012,1666670401000.0,0.0,0.0,2.8,2.2275785533568366,0.0,0.0,2.237,1.0,1.0,1612.2996215693365,1050.0,1612.3260016199374,1050.0,0.003868524104302726,0.0
13013,1666674001000.0,0.0,0.0,2.0,2.2275785533568366,0.0,0.0,2.234,1.0,1.0,1612.3117792866512,1050.0,1612.3246221799375,1050.0,0.0027632106667885327,0.0
13014,1666677601000.0,0.0,0.0,2.0,2.2275785533568366,0.0,0.0,2.239,1.0,1.0,1612.3117792866512,1050.0,1612.3346221799375,1050.0,0.0027632106667885327,0.0
13015,1666681201000.0,0.0,0.0,1.0,2.2275785533568366,0.0,0.0,2.231,1.0,1.0,1612.3269764332954,1050.0,1612.3303978799386,1050.0,0.0013815923109371823,0.0
13016,1666684801000.0,0.0,0.0,1.0,2.2275785533568366,0.0,0.0,2.225,1.0,1.0,1612.3269764332954,1050.0,1612.3243978799385,1050.0,0.0013815923109371823,0.0
13017,1666688401000.0,0.0,0.0,1.0,2.2275785533568366,0.0,0.0,2.222,1.0,1.0,1612.3269764332954,1050.0,1612.3213978799386,1050.0,0.0013815923109371823,0.0
13018,1666692001000.0,0.0,0.0,1.0,2.2275785533568366,0.0,0.0,2.218,1.0,1.0,1612.3269764332954,1050.0,1612.3173978799387,1050.0,0.0013815923109371823,0.0
13019,1666695601000.0,0.0,0.0,0.5,2.234147132014102,0.0,0.0,2.235,1.0,1.0,1612.3375695559469,1050.0,1612.3379959899398,1050.0,0.0006928285906745345,0.0
13020,1666699201000.0,0.0,0.0,0.5,2.247092967525077,0.0,0.0,2.254,1.0,1.0,1612.3434622337027,1050.0,1612.34691574994,1050.0,0.0006968406608639101,0.0
13021,1666702801000.0,0.0,0.0,0.5,2.253455780515046,0.0,0.0,2.257,1.0,1.0,1612.3463531401978,1050.0,1612.3481252499403,1050.0,0.0006988125647216638,0.0
13022,1666706401000.0,0.0,0.0,0.3,2.2848702691547498,0.0,0.0,2.301,1.0,1.0,1612.3624752306864,1050.0,1612.36731414994,1050.0,0.00042512840088786705,0.0
13023,1666710001000.0,0.0,0.0,0.5,2.30223329689571,0.0,0.0,2.294,1.0,1.0,1612.3653920983875,1050.0,1612.3612754499395,1050.0,0.0007139303870506377,0.0
13024,1666713601000.0,0.0,0.0,0.4,2.308939978137426,0.0,0.0,2.307,1.0,1.0,1612.3700354511948,1050.0,1612.3692594599397,1050.0,0.0005728064718075234,0.0
13025,1666717201000.0,0.0,0.0,0.4,2.308939978137426,0.0,0.0,2.317,1.0,1.0,1612.3700354511948,1050.0,1612.3732594599398,1050.0,0.0005728064718075234,0.0
13026,1666720801000.0,0.0,0.0,0.4,2.3286583921294732,0.0,0.0,2.334,1.0,1.0,1612.3773358967917,1050.0,1612.3794725399398,1050.0,0.000577695639919,0.0
13027,1666724401000.0,0.0,0.0,0.5,2.34319702116661,0.0,0.0,2.333,1.0,1.0,1612.3819065505234,1050.0,1612.37680803994,1050.0,0.0007266259350985799,0.0
13028,1666728001000.0,0.0,0.0,0.5,2.34319702116661,0.0,0.0,2.341,1.0,1.0,1612.3819065505234,1050.0,1612.3808080399401,1050.0,0.0007266259350985799,0.0
13029,1666731601000.0,0.0,0.0,0.5,2.34319702116661,0.0,0.0,2.303,1.0,1.0,1612.3819065505234,1050.0,1612.3618080399401,1050.0,0.0007266259350985799,0.0
13030,1666735201000.0,0.0,0.0,0.5,2.34319702116661,0.0,0.0,2.314,1.0,1.0,1612.3819065505234,1050.0,1612.36730803994,1050.0,0.0007266259350985799,0.0
13031,1666738801000.0,0.0,0.0,1.2,2.3104154254860876,0.0,0.0,2.297,1.0,1.0,1612.3817464605233,1050.0,1612.36564794994,1050.0,0.0017195050221012816,0.0
13032,1666742401000.0,0.0,0.0,1.2,2.3104154254860876,0.0,0.0,2.292,1.0,1.0,1612.3817464605233,1050.0,1612.35964794994,1050.0,0.0017195050221012816,0.0
13033,1666746001000.0,0.0,0.0,0.4,2.3104154254860876,0.0,0.0,2.334,1.0,1.0,1612.3940280401346,1050.0,1612.4034618699402,1050.0,0.0005731639748863119,0.0
13034,1666749601000.0,0.0,0.0,0.4,2.384091157104799,0.0,0.0,2.388,1.0,1.0,1612.4213293327825,1050.0,1612.4228928699406,1050.0,0.0005914313123335655,0.0
13035,1666753201000.0,0.0,0.0,0.5,2.4103876899346366,0.0,0.0,2.408,1.0,1.0,1612.4305211649078,1050.0,1612.4293273199405,1050.0,0.0007474392410388141,0.0
13036,1666756801000.0,0.0,0.0,0.5,2.4246995683764694,0.0,0.0,2.416,1.0,1.0,1612.4368826041282,1050.0,1612.43253281994,1050.0,0.0007518742576951339,0.0
13037,1666760401000.0,0.0,0.0,0.5,2.4246995683764694,0.0,0.0,2.416,1.0,1.0,1612.4368826041282,1050.0,1612.43253281994,1050.0,0.0007518742576951339,0.0
13038,1666764001000.0,0.0,0.0,0.5,2.431619741025882,0.0,0.0,2.424,1.0,1.0,1612.440045030453,1050.0,1612.43623515994,1050.0,0.0007540186528237575,0.0
13039,1666767601000.0,0.0,0.0,0.4,2.4455431067693176,0.0,0.0,2.448,1.0,1.0,1612.4480316226472,1050.0,1612.4490143799396,1050.0,0.0006066659039692103,0.0
13040,1666771201000.0,0.0,0.0,0.5,2.452525864061591,0.0,0.0,2.431,1.0,1.0,1612.4496034319704,1050.0,1612.4388404999397,1050.0,0.0007604969044742809,0.0
13041,1666774801000.0,0.0,0.0,0.4,2.452525864061591,0.0,0.0,2.456,1.0,1.0,1612.4512261555644,1050.0,1612.4526158099397,1050.0,0.0006083969113060115,0.0
13042,1666778401000.0,0.0,0.0,0.4,2.452525864061591,0.0,0.0,2.431,1.0,1.0,1612.4512261555644,1050.0,1612.4426158099398,1050.0,0.0006083969113060115,0.0
13043,1666782001000.0,0.0,0.0,0.4,2.452525864061591,0.0,0.0,2.424,1.0,1.0,1612.4512261555644,1050.0,1612.4398158099398,1050.0,0.0006083969113060115,0.0
13044,1666785601000.0,0.0,0.0,0.4,2.452525864061591,0.0,0.0,2.404,1.0,1.0,1612.4512261555644,1050.0,1612.4318158099397,1050.0,0.0006083969113060115,0.0
13045,1666789201000.0,0.0,0.0,0.5,2.4264735637497576,0.0,0.0,2.43,1.0,1.0,1612.462137911815,1050.0,1612.4639011299403,1050.0,0.0007524125704099046,0.0
13046,1666792801000.0,0.0,0.0,0.5,2.4663941738619686,0.0,0.0,2.467,1.0,1.0,1612.4777039768715,1050.0,1612.4780068899404,1050.0,0.0007647839619050464,0.0
13047,1666796401000.0,0.0,0.0,0.5,2.4734365043171813,0.0,0.0,2.443,1.0,1.0,1612.480925802099,1050.0,1612.4657075499404,1050.0,0.0007669661280138294,0.0
13048,1666800001000.0,0.0,0.0,0.5,2.4734365043171813,0.0,0.0,2.453,1.0,1.0,1612.480925802099,1050.0,1612.4707075499402,1050.0,0.0007669661280138294,0.0
13049,1666803601000.0,0.0,0.0,0.5,2.4734365043171813,0.0,0.0,2.435,1.0,1.0,1612.480925802099,1050.0,1612.4617075499402,1050.0,0.0007669661280138294,0.0
13050,1666807201000.0,0.0,0.0,0.5,2.4734365043171813,0.0,0.0,2.443,1.0,1.0,1612.480925802099,1050.0,1612.4657075499404,1050.0,0.0007669661280138294,0.0
13051,1666810801000.0,0.0,0.0,0.5,2.4734365043171813,0.0,0.0,2.431,1.0,1.0,1612.480925802099,1050.0,1612.4597075499403,1050.0,0.0007669661280138294,0.0
13052,1666814401000.0,0.0,0.0,0.5,2.4734365043171813,0.0,0.0,2.427,1.0,1.0,1612.480925802099,1050.0,1612.4577075499403,1050.0,0.0007669661280138294,0.0
13053,1666818001000.0,0.0,0.0,0.5,2.4734365043171813,0.0,0.0,2.43,1.0,1.0,1612.480925802099,1050.0,1612.4592075499404,1050.0,0.0007669661280138294,0.0
13054,1666821601000.0,0.0,0.0,0.5,2.4734365043171813,0.0,0.0,2.426,1.0,1.0,1612.480925802099,1050.0,1612.4572075499402,1050.0,0.0007669661280138294,0.0
13055,1666825201000.0,0.0,0.0,1.2,2.438765210132159,0.0,0.0,2.435,1.0,1.0,1612.480756822099,1050.0,1612.4762385699405,1050.0,0.0018149166988672882,0.0
13056,1666828801000.0,0.0,0.0,1.2,2.438765210132159,0.0,0.0,2.438,1.0,1.0,1612.480756822099,1050.0,1612.4798385699405,1050.0,0.0018149166988672882,0.0
13057,1666832401000.0,0.0,0.0,0.4,2.479363822739877,0.0,0.0,2.489,1.0,1.0,1612.5132920990366,1050.0,1612.5171465699407,1050.0,0.000615030917236644,0.0
13058,1666836001000.0,0.0,0.0,0.5,2.493850976186356,0.0,0.0,2.47,1.0,1.0,1612.518096998034,1050.0,1612.506171509941,1050.0,0.000773278445937775,0.0
13059,1666839601000.0,0.0,0.0,1.2,2.458937906744315,0.0,0.0,2.425,1.0,1.0,1612.517926618034,1050.0,1612.4772011299408,1050.0,0.0018298869360676153,0.0
13060,1666843201000.0,0.0,0.0,1.2,2.458937906744315,0.0,0.0,2.441,1.0,1.0,1612.517926618034,1050.0,1612.4964011299408,1050.0,0.0018298869360676153,0.0
13061,1666846801000.0,0.0,0.0,1.2,2.458937906744315,0.0,0.0,2.427,1.0,1.0,1612.517926618034,1050.0,1612.4796011299406,1050.0,0.0018298869360676153,0.0
13062,1666850401000.0,0.0,0.0,1.2,2.458937906744315,0.0,0.0,2.451,1.0,1.0,1612.517926618034,1050.0,1612.5084011299407,1050.0,0.0018298869360676153,0.0
13063,1666854001000.0,0.0,0.0,0.5,2.465762744046589,0.0,0.0,2.445,1.0,1.0,1612.5321102319635,1050.0,1612.5217288599401,1050.0,0.0007645623700764284,0.0
13064,1666857601000.0,0.0,0.0,1.2,2.4309011433527457,0.0,0.0,2.433,1.0,1.0,1612.5319418119636,1050.0,1612.5344604399404,1050.0,0.0018090068769400253,0.0
13065,1666861201000.0,0.0,0.0,0.5,2.4578426469641927,0.0,0.0,2.469,1.0,1.0,1612.5552148934225,1050.0,1612.5607935699404,1050.0,0.0007620956554739235,0.0
13066,1666864801000.0,0.0,0.0,0.5,2.4578426469641927,0.0,0.0,2.446,1.0,1.0,1612.5552148934225,1050.0,1612.5492935699403,1050.0,0.0007620956554739235,0.0
13067,1666868401000.0,0.0,0.0,0.5,2.4578426469641927,0.0,0.0,2.431,1.0,1.0,1612.5552148934225,1050.0,1612.5417935699404,1050.0,0.0007620956554739235,0.0
13068,1666872001000.0,0.0,0.0,0.5,2.4578426469641927,0.0,0.0,2.467,1.0,1.0,1612.5552148934225,1050.0,1612.5597935699404,1050.0,0.0007620956554739235,0.0
13069,1666875601000.0,0.0,0.0,0.4,2.493397044227936,0.0,0.0,2.514,1.0,1.0,1612.5729294476314,1050.0,1612.5811706299403,1050.0,0.0006184891234859117,0.0
13070,1666879201000.0,0.0,0.0,0.9,2.459843130767972,0.0,0.0,2.442,1.0,1.0,1612.5728077976314,1050.0,1612.5567489799403,1050.0,0.0013728737127316124,0.0
13071,1666882801000.0,0.0,0.0,0.5,2.4805741162458816,0.0,0.0,2.455,1.0,1.0,1612.5886389780635,1050.0,1612.5758519199405,1050.0,0.0007691279897078655,0.0
13072,1666886401000.0,0.0,0.0,0.5,2.4805741162458816,0.0,0.0,2.455,1.0,1.0,1612.5886389780635,1050.0,1612.5758519199405,1050.0,0.0007691279897078655,0.0
13073,1666890001000.0,0.0,0.0,0.5,2.4805741162458816,0.0,0.0,2.454,1.0,1.0,1612.5886389780635,1050.0,1612.5753519199407,1050.0,0.0007691279897078655,0.0
13074,1666893601000.0,0.0,0.0,0.5,2.4805741162458816,0.0,0.0,2.458,1.0,1.0,1612.5886389780635,1050.0,1612.5773519199406,1050.0,0.0007691279897078655,0.0
13075,1666897201000.0,0.0,0.0,0.5,2.4805741162458816,0.0,0.0,2.455,1.0,1.0,1612.5886389780635,1050.0,1612.5758519199405,1050.0,0.0007691279897078655,0.0
13076,1666900801000.0,0.0,0.0,0.5,2.4805741162458816,0.0,0.0,2.464,1.0,1.0,1612.5886389780635,1050.0,1612.5803519199405,1050.0,0.0007691279897078655,0.0
13077,1666904401000.0,0.0,0.0,2.8,2.411638235043908,0.0,0.0,2.418,1.0,1.0,1612.5880877480636,1050.0,1612.6059006899407,1050.0,0.004187422138007202,0.0
13078,1666908001000.0,0.0,0.0,2.8,2.411638235043908,0.0,0.0,2.411,1.0,1.0,1612.5880877480636,1050.0,1612.5863006899406,1050.0,0.004187422138007202,0.0
13079,1666911601000.0,0.0,0.0,2.8,2.411638235043908,0.0,0.0,2.398,1.0,1.0,1612.5880877480636,1050.0,1612.5499006899406,1050.0,0.004187422138007202,0.0
13080,1666915201000.0,0.0,0.0,2.8,2.411638235043908,0.0,0.0,2.385,1.0,1.0,1612.5880877480636,1050.0,1612.5135006899407,1050.0,0.004187422138007202,0.0
13081,1666918801000.0,0.0,0.0,2.8,2.411638235043908,0.0,0.0,2.396,1.0,1.0,1612.5880877480636,1050.0,1612.5443006899407,1050.0,0.004187422138007202,0.0
13082,1666922401000.0,0.0,0.0,2.8,2.411638235043908,0.0,0.0,2.407,1.0,1.0,1612.5880877480636,1050.0,1612.5751006899407,1050.0,0.004187422138007202,0.0
13083,1666926001000.0,0.0,0.0,6.5,2.3776903166342986,0.0,0.0,2.358,1.0,1.0,1612.5872175080635,1050.0,1612.4592304499406,1050.0,0.00958396971669265,0.0
13084,1666929601000.0,0.0,0.0,6.5,2.3776903166342986,0.0,0.0,2.355,1.0,1.0,1612.5872175080635,1050.0,1612.4397304499405,1050.0,0.00958396971669265,0.0
13085,1666933201000.0,0.0,0.0,6.5,2.3776903166342986,0.0,0.0,2.354,1.0,1.0,1612.5872175080635,1050.0,1612.4332304499405,1050.0,0.00958396971669265,0.0
13086,1666936801000.0,0.0,0.0,6.5,2.3776903166342986,0.0,0.0,2.347,1.0,1.0,1612.5872175080635,1050.0,1612.3877304499406,1050.0,0.00958396971669265,0.0
13087,1666940401000.0,0.0,0.0,6.5,2.3776903166342986,0.0,0.0,2.343,1.0,1.0,1612.5872175080635,1050.0,1612.3617304499405,1050.0,0.00958396971669265,0.0
13088,1666944001000.0,0.0,0.0,15.2,2.3429530959291407,0.0,0.0,2.327,1.0,1.0,1612.5852017180634,1050.0,1612.3427146599406,1050.0,0.022084344455214292,0.0
13089,1666947601000.0,0.0,0.0,15.2,2.3429530959291407,0.0,0.0,2.333,1.0,1.0,1612.5852017180634,1050.0,1612.4339146599405,1050.0,0.022084344455214292,0.0
13090,1666951201000.0,0.0,0.0,15.2,2.3429530959291407,0.0,0.0,2.34,1.0,1.0,1612.5852017180634,1050.0,1612.5403146599406,1050.0,0.022084344455214292,0.0
13091,1666954801000.0,0.0,0.0,15.2,2.3429530959291407,0.0,0.0,2.336,1.0,1.0,1612.5852017180634,1050.0,1612.4795146599406,1050.0,0.022084344455214292,0.0
13092,1666958401000.0,0.0,0.0,15.2,2.3429530959291407,0.0,0.0,2.329,1.0,1.0,1612.5852017180634,1050.0,1612.3731146599405,1050.0,0.022084344455214292,0.0
13093,1666962001000.0,0.0,0.0,15.2,2.3429530959291407,0.0,0.0,2.337,1.0,1.0,1612.5852017180634,1050.0,1612.4947146599404,1050.0,0.022084344455214292,0.0
13094,1666965601000.0,0.0,0.0,0.7,2.3429530959291407,0.0,0.0,2.368,1.0,1.0,1612.8791548070908,1050.0,1612.8966876399404,1050.0,0.0010168568192243513,0.0
13095,1666969201000.0,0.0,0.0,0.5,2.3790572458137964,0.0,0.0,2.38,1.0,1.0,1612.8991359928473,1050.0,1612.8996073699404,1050.0,0.0007375096162939314,0.0
13096,1666972801000.0,0.0,0.0,0.5,2.3858343474882777,0.0,0.0,2.397,1.0,1.0,1612.9022287236846,1050.0,1612.9078115499406,1050.0,0.0007396091049412917,0.0
13097,1666976401000.0,0.0,0.0,0.5,2.4276595993164127,0.0,0.0,2.437,1.0,1.0,1612.9211605295989,1050.0,1612.9258307299406,1050.0,0.0007525661076079182,0.0
13098,1666980001000.0,0.0,0.0,0.5,2.4345957595898478,0.0,0.0,2.43,1.0,1.0,1612.9243308297357,1050.0,1612.9220329499408,1050.0,0.0007547148099431981,0.0
13099,1666983601000.0,0.0,0.0,0.5,2.4345957595898478,0.0,0.0,2.423,1.0,1.0,1612.9243308297357,1050.0,1612.9185329499408,1050.0,0.0007547148099431981,0.0
13100,1666987201000.0,0.0,0.0,0.5,2.4345957595898478,0.0,0.0,2.436,1.0,1.0,1612.9243308297357,1050.0,1612.9250329499407,1050.0,0.0007547148099431981,0.0
13101,1666990801000.0,0.0,0.0,0.5,2.4419574557539088,0.0,0.0,2.436,1.0,1.0,1612.9275135978176,1050.0,1612.9245348699405,1050.0,0.0007569954121207983,0.0
13102,1666994401000.0,0.0,0.0,0.5,2.4419574557539088,0.0,0.0,2.435,1.0,1.0,1612.9275135978176,1050.0,1612.9240348699407,1050.0,0.0007569954121207983,0.0
13103,1666998001000.0,0.0,0.0,0.5,2.4419574557539088,0.0,0.0,2.434,1.0,1.0,1612.9275135978176,1050.0,1612.9235348699406,1050.0,0.0007569954121207983,0.0
13104,1667001601000.0,0.0,0.0,0.5,2.4419574557539088,0.0,0.0,2.416,1.0,1.0,1612.9275135978176,1050.0,1612.9145348699406,1050.0,0.0007569954121207983,0.0
13105,1667005201000.0,0.0,0.0,0.5,2.4419574557539088,0.0,0.0,2.416,1.0,1.0,1612.9275135978176,1050.0,1612.9145348699406,1050.0,0.0007569954121207983,0.0
13106,1667008801000.0,0.0,0.0,0.5,2.4419574557539088,0.0,0.0,2.416,1.0,1.0,1612.9275135978176,1050.0,1612.9145348699406,1050.0,0.0007569954121207983,0.0
13107,1667012401000.0,0.0,0.0,0.5,2.4419574557539088,0.0,0.0,2.416,1.0,1.0,1612.9275135978176,1050.0,1612.9145348699406,1050.0,0.0007569954121207983,0.0
13108,1667016001000.0,0.0,0.0,0.5,2.4419574557539088,0.0,0.0,2.416,1.0,1.0,1612.9275135978176,1050.0,1612.9145348699406,1050.0,0.0007569954121207983,0.0
13109,1667019601000.0,0.0,0.0,0.5,2.4419574557539088,0.0,0.0,2.416,1.0,1.0,1612.9275135978176,1050.0,1612.9145348699406,1050.0,0.0007569954121207983,0.0
13110,1667023201000.0,0.0,0.0,0.5,2.4419574557539088,0.0,0.0,2.416,1.0,1.0,1612.9275135978176,1050.0,1612.9145348699406,1050.0,0.0007569954121207983,0.0
13111,1667026801000.0,0.0,0.0,0.5,2.4419574557539088,0.0,0.0,2.416,1.0,1.0,1612.9275135978176,1050.0,1612.9145348699406,1050.0,0.0007569954121207983,0.0
13112,1667030401000.0,0.0,0.0,0.5,2.4419574557539088,0.0,0.0,2.416,1.0,1.0,1612.9275135978176,1050.0,1612.9145348699406,1050.0,0.0007569954121207983,0.0
13113,1667034001000.0,0.0,0.0,0.5,2.4419574557539088,0.0,0.0,2.416,1.0,1.0,1612.9275135978176,1050.0,1612.9145348699406,1050.0,0.0007569954121207983,0.0
13114,1667037601000.0,0.0,0.0,0.5,2.4419574557539088,0.0,0.0,2.416,1.0,1.0,1612.9275135978176,1050.0,1612.9145348699406,1050.0,0.0007569954121207983,0.0
13115,1667041201000.0,0.0,0.0,0.5,2.4419574557539088,0.0,0.0,2.416,1.0,1.0,1612.9275135978176,1050.0,1612.9145348699406,1050.0,0.0007569954121207983,0.0
13116,1667044801000.0,0.0,0.0,0.5,2.4419574557539088,0.0,0.0,2.416,1.0,1.0,1612.9275135978176,1050.0,1612.9145348699406,1050.0,0.0007569954121207983,0.0
13117,1667048401000.0,0.0,0.0,0.5,2.4419574557539088,0.0,0.0,2.416,1.0,1.0,1612.9275135978176,1050.0,1612.9145348699406,1050.0,0.0007569954121207983,0.0
13118,1667052001000.0,0.0,0.0,0.5,2.4419574557539088,0.0,0.0,2.416,1.0,1.0,1612.9275135978176,1050.0,1612.9145348699406,1050.0,0.0007569954121207983,0.0
13119,1667055601000.0,0.0,0.0,0.5,2.4419574557539088,0.0,0.0,2.416,1.0,1.0,1612.9275135978176,1050.0,1612.9145348699406,1050.0,0.0007569954121207983,0.0
13120,1667059201000.0,0.0,0.0,0.5,2.4419574557539088,0.0,0.0,2.416,1.0,1.0,1612.9275135978176,1050.0,1612.9145348699406,1050.0,0.0007569954121207983,0.0
13121,1667062801000.0,0.0,0.0,0.5,2.4419574557539088,0.0,0.0,2.416,1.0,1.0,1612.9275135978176,1050.0,1612.9145348699406,1050.0,0.0007569954121207983,0.0
13122,1667066401000.0,0.0,0.0,0.5,2.4419574557539088,0.0,0.0,2.416,1.0,1.0,1612.9275135978176,1050.0,1612.9145348699406,1050.0,0.0007569954121207983,0.0
13123,1667070001000.0,0.0,0.0,0.5,2.4419574557539088,0.0,0.0,2.416,1.0,1.0,1612.9275135978176,1050.0,1612.9145348699406,1050.0,0.0007569954121207983,0.0
13124,1667073601000.0,0.0,0.0,0.5,2.4419574557539088,0.0,0.0,2.416,1.0,1.0,1612.9275135978176,1050.0,1612.9145348699406,1050.0,0.0007569954121207983,0.0
13125,1667077201000.0,0.0,0.0,0.5,2.4419574557539088,0.0,0.0,2.416,1.0,1.0,1612.9275135978176,1050.0,1612.9145348699406,1050.0,0.0007569954121207983,0.0
13126,1667080801000.0,0.0,0.0,0.5,2.4419574557539088,0.0,0.0,2.416,1.0,1.0,1612.9275135978176,1050.0,1612.9145348699406,1050.0,0.0007569954121207983,0.0
13127,1667084401000.0,0.0,0.0,0.5,2.4419574557539088,0.0,0.0,2.416,1.0,1.0,1612.9275135978176,1050.0,1612.9145348699406,1050.0,0.0007569954121207983,0.0
13128,1667088001000.0,0.0,0.0,0.0,2.4419574557539088,0.0,0.0,2.526,1.0,1.0,1612.9488106299405,1050.0,1612.9488106299405,1050.0,0.0,0.0
13129,1667091601000.0,0.0,0.0,0.5,2.5342000000000002,0.0,0.0,2.514,1.0,1.0,1612.9519824999406,1050.0,1612.9418824999407,1050.0,0.0007855782526371933,0.0
13130,1667095201000.0,0.0,0.0,0.5,2.5342000000000002,0.0,0.0,2.536,1.0,1.0,1612.9519824999406,1050.0,1612.9528824999406,1050.0,0.0007855782526371933,0.0
13131,1667098801000.0,0.0,0.0,0.5,2.5342000000000002,0.0,0.0,2.537,1.0,1.0,1612.9519824999406,1050.0,1612.9533824999407,1050.0,0.0007855782526371933,0.0
13132,1667102401000.0,0.0,0.0,0.4,2.5432374999999996,0.0,0.0,2.557,1.0,1.0,1612.956949829941,1050.0,1612.9624548299412,1050.0,0.0006307018920171777,0.0
13133,1667106001000.0,0.0,0.0,0.4,2.5432374999999996,0.0,0.0,2.523,1.0,1.0,1612.956949829941,1050.0,1612.9488548299412,1050.0,0.0006307018920171777,0.0
13134,1667109601000.0,0.0,0.0,0.4,2.5432374999999996,0.0,0.0,2.524,1.0,1.0,1612.956949829941,1050.0,1612.949254829941,1050.0,0.0006307018920171777,0.0
13135,1667113201000.0,0.0,0.0,0.4,2.5432374999999996,0.0,0.0,2.545,1.0,1.0,1612.956949829941,1050.0,1612.957654829941,1050.0,0.0006307018920171777,0.0
13136,1667116801000.0,0.0,0.0,0.4,2.5665797973632802,0.0,0.0,2.572,1.0,1.0,1612.9652296888862,1050.0,1612.9673977699408,1050.0,0.000636487321641355,0.0
13137,1667120401000.0,0.0,0.0,0.4,2.5665797973632802,0.0,0.0,2.535,1.0,1.0,1612.9652296888862,1050.0,1612.952597769941,1050.0,0.000636487321641355,0.0
13138,1667124001000.0,0.0,0.0,0.9,2.5323687988281245,0.0,0.0,2.495,1.0,1.0,1612.965104438886,1050.0,1612.9314725199408,1050.0,0.001413007580060556,0.0
13139,1667127601000.0,0.0,0.0,0.9,2.5323687988281245,0.0,0.0,2.521,1.0,1.0,1612.965104438886,1050.0,1612.9548725199409,1050.0,0.001413007580060556,0.0
13140,1667131201000.0,0.0,0.0,0.9,2.5323687988281245,0.0,0.0,2.507,1.0,1.0,1612.965104438886,1050.0,1612.9422725199408,1050.0,0.001413007580060556,0.0
13141,1667134801000.0,0.0,0.0,0.9,2.5323687988281245,0.0,0.0,2.508,1.0,1.0,1612.965104438886,1050.0,1612.9431725199408,1050.0,0.001413007580060556,0.0
13142,1667138401000.0,0.0,0.0,2.1,2.497300913783482,0.0,0.0,2.485,1.0,1.0,1612.9648079188862,1050.0,1612.9389759999408,1050.0,0.0032513616498005093,0.0
13143,1667142001000.0,0.0,0.0,2.1,2.497300913783482,0.0,0.0,2.51,1.0,1.0,1612.9648079188862,1050.0,1612.9914759999408,1050.0,0.0032513616498005093,0.0
13144,1667145601000.0,0.0,0.0,2.1,2.497300913783482,0.0,0.0,2.457,1.0,1.0,1612.9648079188862,1050.0,1612.880175999941,1050.0,0.0032513616498005093,0.0
13145,1667149201000.0,0.0,0.0,2.1,2.497300913783482,0.0,0.0,2.453,1.0,1.0,1612.9648079188862,1050.0,1612.8717759999408,1050.0,0.0032513616498005093,0.0
13146,1667152801000.0,0.0,0.0,2.1,2.497300913783482,0.0,0.0,2.466,1.0,1.0,1612.9648079188862,1050.0,1612.8990759999408,1050.0,0.0032513616498005093,0.0
13147,1667156401000.0,0.0,0.0,2.1,2.497300913783482,0.0,0.0,2.467,1.0,1.0,1612.9648079188862,1050.0,1612.901175999941,1050.0,0.0032513616498005093,0.0
13148,1667160001000.0,0.0,0.0,2.1,2.497300913783482,0.0,0.0,2.465,1.0,1.0,1612.9648079188862,1050.0,1612.8969759999409,1050.0,0.0032513616498005093,0.0
13149,1667163601000.0,0.0,0.0,2.1,2.497300913783482,0.0,0.0,2.47,1.0,1.0,1612.9648079188862,1050.0,1612.907475999941,1050.0,0.0032513616498005093,0.0
13150,1667167201000.0,0.0,0.0,2.1,2.497300913783482,0.0,0.0,2.471,1.0,1.0,1612.9648079188862,1050.0,1612.909575999941,1050.0,0.0032513616498005093,0.0
13151,1667170801000.0,0.0,0.0,4.9,2.4622718201929206,0.0,0.0,2.437,1.0,1.0,1612.9641258388863,1050.0,1612.840293919941,1050.0,0.007480099356004188,0.0
13152,1667174401000.0,0.0,0.0,4.9,2.4622718201929206,0.0,0.0,2.442,1.0,1.0,1612.9641258388863,1050.0,1612.864793919941,1050.0,0.007480099356004188,0.0
13153,1667178001000.0,0.0,0.0,4.9,2.4622718201929206,0.0,0.0,2.423,1.0,1.0,1612.9641258388863,1050.0,1612.771693919941,1050.0,0.007480099356004188,0.0
13154,1667181601000.0,0.0,0.0,4.9,2.4622718201929206,0.0,0.0,2.425,1.0,1.0,1612.9641258388863,1050.0,1612.7814939199409,1050.0,0.007480099356004188,0.0
13155,1667185201000.0,0.0,0.0,11.4,2.4267659578022203,0.0,0.0,2.411,1.0,1.0,1612.9625658388863,1050.0,1612.7828339199411,1050.0,0.017151750762769216,0.0
13156,1667188801000.0,0.0,0.0,5.3,2.4267659578022203,0.0,0.0,2.445,1.0,1.0,1613.0601032662928,1050.0,1613.156743689941,1050.0,0.007973577395106188,0.0
13157,1667192401000.0,0.0,0.0,2.3,2.4267659578022203,0.0,0.0,2.445,1.0,1.0,1613.1080724928865,1050.0,1613.1500107899415,1050.0,0.0034601288023556895,0.0
13158,1667196001000.0,0.0,0.0,0.4,2.4267659578022203,0.0,0.0,2.436,1.0,1.0,1613.138453003063,1050.0,1613.1421466199422,1050.0,0.0006017501977674604,0.0
13159,1667199601000.0,0.0,0.0,0.5,2.4336595746813323,0.0,0.0,2.428,1.0,1.0,1613.140003097283,1050.0,1613.1371733099422,1050.0,0.000754323731978819,0.0
13160,1667203201000.0,0.0,0.0,0.5,2.4336595746813323,0.0,0.0,2.434,1.0,1.0,1613.140003097283,1050.0,1613.1401733099424,1050.0,0.000754323731978819,0.0
13161,1667206801000.0,0.0,0.0,0.5,2.4336595746813323,0.0,0.0,2.4,1.0,1.0,1613.140003097283,1050.0,1613.1231733099423,1050.0,0.000754323731978819,0.0
13162,1667210401000.0,0.0,0.0,0.5,2.4477974468852794,0.0,0.0,2.454,1.0,1.0,1613.1462756933847,1050.0,1613.149376969942,1050.0,0.0007587028788920997,0.0
13163,1667214001000.0,0.0,0.0,0.5,2.4620070808787005,0.0,0.0,2.472,1.0,1.0,1613.1525830503817,1050.0,1613.1575795099425,1050.0,0.0007631042180223219,0.0
13164,1667217601000.0,0.0,0.0,0.5,2.4763225491163325,0.0,0.0,2.486,1.0,1.0,1613.1591421445007,1050.0,1613.1639808699426,1050.0,0.0007675382063744684,0.0
13165,1667221201000.0,0.0,0.0,0.5,2.4904361176818797,0.0,0.0,2.485,1.0,1.0,1613.1655991687833,1050.0,1613.1628811099424,1050.0,0.0007719096287960542,0.0
13166,1667224801000.0,0.0,0.0,1.2,2.469365417652282,0.0,0.0,2.428,1.0,1.0,1613.1718476311255,1050.0,1613.1222091299428,1050.0,0.0018369019429232715,0.0
13167,1667228401000.0,0.0,0.0,1.2,2.469365417652282,0.0,0.0,2.436,1.0,1.0,1613.1718476311255,1050.0,1613.1318091299427,1050.0,0.0018369019429232715,0.0
13168,1667232001000.0,0.0,0.0,1.2,2.469365417652282,0.0,0.0,2.449,1.0,1.0,1613.1718476311255,1050.0,1613.1474091299428,1050.0,0.0018369019429232715,0.0
13169,1667235601000.0,0.0,0.0,1.2,2.469365417652282,0.0,0.0,2.447,1.0,1.0,1613.1718476311255,1050.0,1613.1450091299428,1050.0,0.0018369019429232715,0.0
13170,1667239201000.0,0.0,0.0,1.2,2.469365417652282,0.0,0.0,2.445,1.0,1.0,1613.1718476311255,1050.0,1613.1426091299427,1050.0,0.0018369019429232715,0.0
13171,1667242801000.0,0.0,0.0,1.2,2.469365417652282,0.0,0.0,2.46,1.0,1.0,1613.1718476311255,1050.0,1613.1606091299427,1050.0,0.0018369019429232715,0.0
13172,1667246401000.0,0.0,0.0,1.2,2.469365417652282,0.0,0.0,2.474,1.0,1.0,1613.1718476311255,1050.0,1613.1774091299428,1050.0,0.0018369019429232715,0.0
13173,1667250001000.0,0.0,0.0,0.5,2.5020869302128927,0.0,0.0,2.503,1.0,1.0,1613.1970776850503,1050.0,1613.197534219944,1050.0,0.0007755056604129874,0.0
13174,1667253601000.0,0.0,0.0,0.5,2.5020869302128927,0.0,0.0,2.488,1.0,1.0,1613.1970776850503,1050.0,1613.190034219944,1050.0,0.0007755056604129874,0.0
13175,1667257201000.0,0.0,0.0,0.5,2.509252158127736,0.0,0.0,2.516,1.0,1.0,1613.2003595190076,1050.0,1613.2037334399438,1050.0,0.0007777248942827831,0.0
13176,1667260801000.0,0.0,0.0,0.5,2.509252158127736,0.0,0.0,2.502,1.0,1.0,1613.2003595190076,1050.0,1613.1967334399437,1050.0,0.0007777248942827831,0.0
13177,1667264401000.0,0.0,0.0,0.5,2.5163512948766416,0.0,0.0,2.507,1.0,1.0,1613.2036080273817,1050.0,1613.1989323799435,1050.0,0.0007799236507887633,0.0
13178,1667268001000.0,0.0,0.0,0.5,2.523410776925985,0.0,0.0,2.53,1.0,1.0,1613.2068364284064,1050.0,1613.2101310399435,1050.0,0.0007821101175447359,0.0
13179,1667271601000.0,0.0,0.0,0.4,2.5605553659819185,0.0,0.0,2.562,1.0,1.0,1613.2233676563364,1050.0,1613.2239455099436,1050.0,0.0006348917124109973,0.0
13180,1667275201000.0,0.0,0.0,0.4,2.569624893364829,0.0,0.0,2.577,1.0,1.0,1613.2266922472895,1050.0,1613.2296422899435,1050.0,0.0006371391958027271,0.0
13181,1667278801000.0,0.0,0.0,0.4,2.5881820951662147,0.0,0.0,2.548,1.0,1.0,1613.2334075580102,1050.0,1613.2173347199437,1050.0,0.0006417377877350079,0.0
13182,1667282401000.0,0.0,0.0,0.4,2.5881820951662147,0.0,0.0,2.545,1.0,1.0,1613.2334075580102,1050.0,1613.2161347199437,1050.0,0.0006417377877350079,0.0
13183,1667286001000.0,0.0,0.0,0.4,2.5881820951662147,0.0,0.0,2.557,1.0,1.0,1613.2334075580102,1050.0,1613.2209347199437,1050.0,0.0006417377877350079,0.0
13184,1667289601000.0,0.0,0.0,0.4,2.5881820951662147,0.0,0.0,2.549,1.0,1.0,1613.2334075580102,1050.0,1613.2177347199438,1050.0,0.0006417377877350079,0.0
13185,1667293201000.0,0.0,0.0,0.9,2.55363648674054,0.0,0.0,2.532,1.0,1.0,1613.2332812580103,1050.0,1613.2138084199437,1050.0,0.0014246376297631779,0.0
13186,1667296801000.0,0.0,0.0,0.4,2.5617273650554044,0.0,0.0,2.567,1.0,1.0,1613.247718825966,1050.0,1613.249827879944,1050.0,0.0006351727227408548,0.0
13187,1667300401000.0,0.0,0.0,0.4,2.5709716428436646,0.0,0.0,2.576,1.0,1.0,1613.2511132570814,1050.0,1613.253124599944,1050.0,0.0006374634727889295,0.0
13188,1667304001000.0,0.0,0.0,0.4,2.5801090490995606,0.0,0.0,2.59,1.0,1.0,1613.2544645795838,1050.0,1613.258420959944,1050.0,0.0006397277319227976,0.0
13189,1667307601000.0,0.0,0.0,0.4,2.6111948775444382,0.0,0.0,2.605,1.0,1.0,1613.264337660962,1050.0,1613.2618597099442,1050.0,0.0006474313766410667,0.0
13190,1667311201000.0,0.0,0.0,0.4,2.6111948775444382,0.0,0.0,2.583,1.0,1.0,1613.264337660962,1050.0,1613.2530597099442,1050.0,0.0006474313766410667,0.0
13191,1667314801000.0,0.0,0.0,0.4,2.6111948775444382,0.0,0.0,2.565,1.0,1.0,1613.264337660962,1050.0,1613.2458597099442,1050.0,0.0006474313766410667,0.0
13192,1667318401000.0,0.0,0.0,0.4,2.6111948775444382,0.0,0.0,2.581,1.0,1.0,1613.264337660962,1050.0,1613.2522597099442,1050.0,0.0006474313766410667,0.0
13193,1667322001000.0,0.0,0.0,0.9,2.5760866122419728,0.0,0.0,2.557,1.0,1.0,1613.2642102609618,1050.0,1613.247032309944,1050.0,0.0014371346839974456,0.0
13194,1667325601000.0,0.0,0.0,0.9,2.5760866122419728,0.0,0.0,2.573,1.0,1.0,1613.2642102609618,1050.0,1613.261432309944,1050.0,0.0014371346839974456,0.0
13195,1667329201000.0,0.0,0.0,0.9,2.5760866122419728,0.0,0.0,2.569,1.0,1.0,1613.2642102609618,1050.0,1613.257832309944,1050.0,0.0014371346839974456,0.0
13196,1667332801000.0,0.0,0.0,0.9,2.5760866122419728,0.0,0.0,2.541,1.0,1.0,1613.2642102609618,1050.0,1613.232632309944,1050.0,0.0014371346839974456,0.0
13197,1667336401000.0,0.0,0.0,2.1,2.5406085481037026,0.0,0.0,2.519,1.0,1.0,1613.263908580962,1050.0,1613.218530629944,1050.0,0.0033071327776189596,0.0
13198,1667340001000.0,0.0,0.0,2.1,2.5406085481037026,0.0,0.0,2.506,1.0,1.0,1613.263908580962,1050.0,1613.1912306299441,1050.0,0.0033071327776189596,0.0
13199,1667343601000.0,0.0,0.0,2.1,2.5406085481037026,0.0,0.0,2.505,1.0,1.0,1613.263908580962,1050.0,1613.1891306299442,1050.0,0.0033071327776189596,0.0
13200,1667347201000.0,0.0,0.0,2.1,2.5406085481037026,0.0,0.0,2.501,1.0,1.0,1613.263908580962,1050.0,1613.180730629944,1050.0,0.0033071327776189596,0.0
13201,1667350801000.0,0.0,0.0,2.1,2.5406085481037026,0.0,0.0,2.514,1.0,1.0,1613.263908580962,1050.0,1613.2080306299442,1050.0,0.0033071327776189596,0.0
13202,1667354401000.0,0.0,0.0,2.1,2.5406085481037026,0.0,0.0,2.512,1.0,1.0,1613.263908580962,1050.0,1613.2038306299442,1050.0,0.0033071327776189596,0.0
13203,1667358001000.0,0.0,0.0,2.1,2.5406085481037026,0.0,0.0,2.521,1.0,1.0,1613.263908580962,1050.0,1613.2227306299442,1050.0,0.0033071327776189596,0.0
13204,1667361601000.0,0.0,0.0,2.1,2.5406085481037026,0.0,0.0,2.527,1.0,1.0,1613.263908580962,1050.0,1613.2353306299442,1050.0,0.0033071327776189596,0.0
13205,1667365201000.0,0.0,0.0,2.1,2.5406085481037026,0.0,0.0,2.514,1.0,1.0,1613.263908580962,1050.0,1613.2080306299442,1050.0,0.0033071327776189596,0.0
13206,1667368801000.0,0.0,0.0,2.1,2.5406085481037026,0.0,0.0,2.489,1.0,1.0,1613.263908580962,1050.0,1613.1555306299442,1050.0,0.0033071327776189596,0.0
13207,1667372401000.0,0.0,0.0,4.9,2.504832234901587,0.0,0.0,2.482,1.0,1.0,1613.263214740962,1050.0,1613.1513367899443,1050.0,0.007607982280181436,0.0
13208,1667376001000.0,0.0,0.0,11.4,2.469006837808577,0.0,0.0,2.464,1.0,1.0,1613.261627440962,1050.0,1613.2045494899442,1050.0,0.017447063434878493,0.0
13209,1667379601000.0,0.0,0.0,5.3,2.469006837808577,0.0,0.0,2.488,1.0,1.0,1613.3637692703296,1050.0,1613.464433029944,1050.0,0.008110840524393143,0.0
13210,1667383201000.0,0.0,0.0,4.2,2.469006837808577,0.0,0.0,2.422,1.0,1.0,1613.38218828874,1050.0,1613.184759569944,1050.0,0.006427385150318878,0.0
13211,1667386801000.0,0.0,0.0,9.8,2.4335743590608185,0.0,0.0,2.413,1.0,1.0,1613.38084036874,1050.0,1613.1792116499441,1050.0,0.014782020538526602,0.0
13212,1667390401000.0,0.0,0.0,9.8,2.4335743590608185,0.0,0.0,2.397,1.0,1.0,1613.38084036874,1050.0,1613.0224116499442,1050.0,0.014782020538526602,0.0
13213,1667394001000.0,0.0,0.0,9.8,2.4335743590608185,0.0,0.0,2.377,1.0,1.0,1613.38084036874,1050.0,1612.826411649944,1050.0,0.014782020538526602,0.0
13214,1667397601000.0,0.0,0.0,22.9,2.396634441868822,0.0,0.0,2.379,1.0,1.0,1613.3777369787401,1050.0,1612.9739082599442,1050.0,0.034017407988764896,0.0
13215,1667401201000.0,0.0,0.0,22.9,2.396634441868822,0.0,0.0,2.388,1.0,1.0,1613.3777369787401,1050.0,1613.180008259944,1050.0,0.034017407988764896,0.0
13216,1667404801000.0,0.0,0.0,22.9,2.396634441868822,0.0,0.0,2.375,1.0,1.0,1613.3777369787401,1050.0,1612.882308259944,1050.0,0.034017407988764896,0.0
13217,1667408401000.0,0.0,0.0,22.9,2.396634441868822,0.0,0.0,2.391,1.0,1.0,1613.3777369787401,1050.0,1613.2487082599441,1050.0,0.034017407988764896,0.0
13218,1667412001000.0,0.0,0.0,22.9,2.396634441868822,0.0,0.0,2.363,1.0,1.0,1613.3777369787401,1050.0,1612.607508259944,1050.0,0.034017407988764896,0.0
13219,1667415601000.0,0.0,0.0,0.9,2.4374939376129383,0.0,0.0,2.425,1.0,1.0,1613.8699459137965,1050.0,1613.8587013699448,1050.0,0.0013593068942178701,0.0
13220,1667419201000.0,0.0,0.0,1.2,2.4218407573086074,0.0,0.0,2.385,1.0,1.0,1613.8839470987155,1050.0,1613.8397381899451,1050.0,0.0018007545796553898,0.0
13221,1667422801000.0,0.0,0.0,6.5,2.3545090628877428,0.0,0.0,2.349,1.0,1.0,1613.8827072887154,1050.0,1613.846898379945,1050.0,0.009482912754224377,0.0
13222,1667426401000.0,0.0,0.0,6.5,2.3545090628877428,0.0,0.0,2.361,1.0,1.0,1613.8827072887154,1050.0,1613.924898379945,1050.0,0.009482912754224377,0.0
13223,1667430001000.0,0.0,0.0,6.5,2.3545090628877428,0.0,0.0,2.347,1.0,1.0,1613.8827072887154,1050.0,1613.8338983799451,1050.0,0.009482912754224377,0.0
13224,1667433601000.0,0.0,0.0,4.4,2.3545090628877428,0.0,0.0,2.371,1.0,1.0,1613.914740556651,1050.0,1613.9873006799448,1050.0,0.006419075070305687,0.0
13225,1667437201000.0,0.0,0.0,0.5,2.3545090628877428,0.0,0.0,2.412,1.0,1.0,1614.0119271413887,1050.0,1614.0406726099447,1050.0,0.0007293964261645403,0.0
13226,1667440801000.0,0.0,0.0,0.5,2.417621174550251,0.0,0.0,2.43,1.0,1.0,1614.0410952772202,1050.0,1614.047284689945,1050.0,0.0007489342067015375,0.0
13227,1667444401000.0,0.0,0.0,0.4,2.4386701737028544,0.0,0.0,2.447,1.0,1.0,1614.052135209426,1050.0,1614.055467139945,1050.0,0.0006043597032598783,0.0
13228,1667448001000.0,0.0,0.0,0.5,2.4525612625330275,0.0,0.0,2.459,1.0,1.0,1614.0568756012115,1050.0,1614.0600949699449,1050.0,0.000759750570009959,0.0
13229,1667451601000.0,0.0,0.0,0.5,2.4647367575198165,0.0,0.0,2.459,1.0,1.0,1614.061364178705,1050.0,1614.058495799945,1050.0,0.0007635201523995239,0.0
13230,1667455201000.0,0.0,0.0,0.3,2.500788810264741,0.0,0.0,2.524,1.0,1.0,1614.0808828230247,1050.0,1614.0878461799452,1050.0,0.0004648073408609237,0.0
13231,1667458801000.0,0.0,0.0,0.5,2.5324510298103107,0.0,0.0,2.531,1.0,1.0,1614.09051689485,1050.0,1614.089791379945,1050.0,0.000784482345724384,0.0
13232,1667462401000.0,0.0,0.0,0.5,2.5394706178861863,0.0,0.0,2.542,1.0,1.0,1614.093724708888,1050.0,1614.0949893999448,1050.0,0.0007866552539705202,0.0
13233,1667466001000.0,0.0,0.0,0.4,2.567686543075934,0.0,0.0,2.561,1.0,1.0,1614.1054301671754,1050.0,1614.102755549945,1050.0,0.000636311976922101,0.0
13234,1667469601000.0,0.0,0.0,0.4,2.567686543075934,0.0,0.0,2.513,1.0,1.0,1614.1054301671754,1050.0,1614.083555549945,1050.0,0.000636311976922101,0.0
13235,1667473201000.0,0.0,0.0,0.9,2.5334162413670818,0.0,0.0,2.49,1.0,1.0,1614.1053048671754,1050.0,1614.066230249945,1050.0,0.001412593472281538,0.0
13236,1667476801000.0,0.0,0.0,2.1,2.498321246300178,0.0,0.0,2.477,1.0,1.0,1614.1050082271754,1050.0,1614.060233609945,1050.0,0.0032503923787416712,0.0
13237,1667480401000.0,0.0,0.0,2.1,2.498321246300178,0.0,0.0,2.473,1.0,1.0,1614.1050082271754,1050.0,1614.051833609945,1050.0,0.0032503923787416712,0.0
13238,1667484001000.0,0.0,0.0,2.1,2.498321246300178,0.0,0.0,2.448,1.0,1.0,1614.1050082271754,1050.0,1613.999333609945,1050.0,0.0032503923787416712,0.0
13239,1667487601000.0,0.0,0.0,2.1,2.498321246300178,0.0,0.0,2.487,1.0,1.0,1614.1050082271754,1050.0,1614.081233609945,1050.0,0.0032503923787416712,0.0
13240,1667491201000.0,0.0,0.0,1.3,2.498321246300178,0.0,0.0,2.477,1.0,1.0,1614.118150030135,1050.0,1614.0904324099447,1050.0,0.002012131280556876,0.0
13241,1667494801000.0,0.0,0.0,1.3,2.498321246300178,0.0,0.0,2.478,1.0,1.0,1614.118150030135,1050.0,1614.0917324099448,1050.0,0.002012131280556876,0.0
13242,1667498401000.0,0.0,0.0,1.3,2.498321246300178,0.0,0.0,2.446,1.0,1.0,1614.118150030135,1050.0,1614.0501324099448,1050.0,0.002012131280556876,0.0
13243,1667502001000.0,0.0,0.0,3.0,2.46357254006341,0.0,0.0,2.444,1.0,1.0,1614.117735740135,1050.0,1614.0590181199448,1050.0,0.004578797107883399,0.0
13244,1667505601000.0,0.0,0.0,3.0,2.46357254006341,0.0,0.0,2.447,1.0,1.0,1614.117735740135,1050.0,1614.0680181199448,1050.0,0.004578797107883399,0.0
13245,1667509201000.0,0.0,0.0,3.0,2.46357254006341,0.0,0.0,2.443,1.0,1.0,1614.117735740135,1050.0,1614.0560181199448,1050.0,0.004578797107883399,0.0
13246,1667512801000.0,0.0,0.0,3.0,2.46357254006341,0.0,0.0,2.451,1.0,1.0,1614.117735740135,1050.0,1614.0800181199447,1050.0,0.004578797107883399,0.0
13247,1667516401000.0,0.0,0.0,3.0,2.46357254006341,0.0,0.0,2.415,1.0,1.0,1614.117735740135,1050.0,1613.9720181199448,1050.0,0.004578797107883399,0.0
13248,1667520001000.0,0.0,0.0,3.0,2.46357254006341,0.0,0.0,2.427,1.0,1.0,1614.117735740135,1050.0,1614.0080181199448,1050.0,0.004578797107883399,0.0
13249,1667523601000.0,0.0,0.0,3.0,2.46357254006341,0.0,0.0,2.454,1.0,1.0,1614.117735740135,1050.0,1614.0890181199447,1050.0,0.004578797107883399,0.0
13250,1667527201000.0,0.0,0.0,3.0,2.46357254006341,0.0,0.0,2.444,1.0,1.0,1614.117735740135,1050.0,1614.0590181199448,1050.0,0.004578797107883399,0.0
13251,1667530801000.0,0.0,0.0,3.0,2.46357254006341,0.0,0.0,2.454,1.0,1.0,1614.117735740135,1050.0,1614.0890181199447,1050.0,0.004578797107883399,0.0
13252,1667534401000.0,0.0,0.0,1.9,2.46357254006341,0.0,0.0,2.487,1.0,1.0,1614.1355331460654,1050.0,1614.1800453199448,1050.0,0.0028998728607363532,0.0
13253,1667538001000.0,0.0,0.0,0.4,2.46357254006341,0.0,0.0,2.508,1.0,1.0,1614.1950988059702,1050.0,1614.212869789945,1050.0,0.000610477021491573,0.0
13254,1667541601000.0,0.0,0.0,0.5,2.5311821207153304,0.0,0.0,2.532,1.0,1.0,1614.2192804803028,1050.0,1614.219689419945,1050.0,0.0007840267277572691,0.0
13255,1667545201000.0,0.0,0.0,0.4,2.5652899071291215,0.0,0.0,2.568,1.0,1.0,1614.2340698527967,1050.0,1614.235153889945,1050.0,0.0006356673929854678,0.0
13256,1667548801000.0,0.0,0.0,0.4,2.672468744709374,0.0,0.0,2.67,1.0,1.0,1614.271682077829,1050.0,1614.2706945799453,1050.0,0.0006622104009826832,0.0
13257,1667552401000.0,0.0,0.0,0.9,2.645811630621788,0.0,0.0,2.606,1.0,1.0,1614.2749864775049,1050.0,1614.2391560099452,1050.0,0.0014751083226257945,0.0
13258,1667556001000.0,0.0,0.0,0.9,2.645811630621788,0.0,0.0,2.612,1.0,1.0,1614.2749864775049,1050.0,1614.2445560099452,1050.0,0.0014751083226257945,0.0
13259,1667559601000.0,0.0,0.0,0.9,2.645811630621788,0.0,0.0,2.61,1.0,1.0,1614.2749864775049,1050.0,1614.2427560099452,1050.0,0.0014751083226257945,0.0
13260,1667563201000.0,0.0,0.0,0.9,2.645811630621788,0.0,0.0,2.603,1.0,1.0,1614.2749864775049,1050.0,1614.2364560099452,1050.0,0.0014751083226257945,0.0
13261,1667566801000.0,0.0,0.0,0.3,2.619195660953466,0.0,0.0,2.643,1.0,1.0,1614.3206255682312,1050.0,1614.3277668699452,1050.0,0.00048674264940984537,0.0
13262,1667570401000.0,0.0,0.0,0.4,2.64019837285755,0.0,0.0,2.631,1.0,1.0,1614.3254135990883,1050.0,1614.3217342499452,1050.0,0.0006541923581494787,0.0
13263,1667574001000.0,0.0,0.0,0.4,2.6787269672289784,0.0,0.0,2.685,1.0,1.0,1614.3392969268373,1050.0,1614.3418061399457,1050.0,0.0006637333235530796,0.0
13264,1667577601000.0,0.0,0.0,0.4,2.6787269672289784,0.0,0.0,2.639,1.0,1.0,1614.3392969268373,1050.0,1614.3234061399457,1050.0,0.0006637333235530796,0.0
13265,1667581201000.0,0.0,0.0,0.4,2.7022726127108667,0.0,0.0,2.671,1.0,1.0,1614.3460526350302,1050.0,1614.333543589946,1050.0,0.0006695646471337566,0.0
13266,1667584801000.0,0.0,0.0,0.4,2.716724383487396,0.0,0.0,2.711,1.0,1.0,1614.351269803341,1050.0,1614.348980049946,1050.0,0.0006731433076069857,0.0
13267,1667588401000.0,0.0,0.0,0.4,2.716724383487396,0.0,0.0,2.685,1.0,1.0,1614.351269803341,1050.0,1614.3385800499461,1050.0,0.0006731433076069857,0.0
13268,1667592001000.0,0.0,0.0,0.4,2.716724383487396,0.0,0.0,2.7,1.0,1.0,1614.351269803341,1050.0,1614.344580049946,1050.0,0.0006731433076069857,0.0
13269,1667595601000.0,0.0,0.0,0.4,2.716724383487396,0.0,0.0,2.671,1.0,1.0,1614.351269803341,1050.0,1614.332980049946,1050.0,0.0006731433076069857,0.0
13270,1667599201000.0,0.0,0.0,0.4,2.716724383487396,0.0,0.0,2.681,1.0,1.0,1614.351269803341,1050.0,1614.336980049946,1050.0,0.0006731433076069857,0.0
13271,1667602801000.0,0.0,0.0,0.4,2.716724383487396,0.0,0.0,2.682,1.0,1.0,1614.351269803341,1050.0,1614.337380049946,1050.0,0.0006731433076069857,0.0
13272,1667606401000.0,0.0,0.0,0.4,2.72665746571166,0.0,0.0,2.719,1.0,1.0,1614.3548335062308,1050.0,1614.351770519946,1050.0,0.0006756030109662099,0.0
13273,1667610001000.0,0.0,0.0,0.3,2.72665746571166,0.0,0.0,2.752,1.0,1.0,1614.3566403096595,1050.0,1614.364243069946,1050.0,0.0005067016911186322,0.0
13274,1667613601000.0,0.0,0.0,0.4,2.7633939134223255,0.0,0.0,2.73,1.0,1.0,1614.367341385315,1050.0,1614.353983819946,1050.0,0.0006847001528291602,0.0
13275,1667617201000.0,0.0,0.0,0.4,2.7633939134223255,0.0,0.0,2.732,1.0,1.0,1614.367341385315,1050.0,1614.354783819946,1050.0,0.0006847001528291602,0.0
13276,1667620801000.0,0.0,0.0,0.4,2.7732215763000574,0.0,0.0,2.729,1.0,1.0,1614.3709610504663,1050.0,1614.3532724199463,1050.0,0.0006871336621405851,0.0
13277,1667624401000.0,0.0,0.0,0.9,2.735876256133359,0.0,0.0,2.7,1.0,1.0,1614.3708257504663,1050.0,1614.3385371199463,1050.0,0.001525231124872062,0.0
13278,1667628001000.0,0.0,0.0,0.9,2.735876256133359,0.0,0.0,2.711,1.0,1.0,1614.3708257504663,1050.0,1614.3484371199463,1050.0,0.001525231124872062,0.0
13279,1667631601000.0,0.0,0.0,0.9,2.735876256133359,0.0,0.0,2.75,1.0,1.0,1614.3708257504663,1050.0,1614.3835371199464,1050.0,0.001525231124872062,0.0
13280,1667635201000.0,0.0,0.0,0.4,2.7489928940750143,0.0,0.0,2.781,1.0,1.0,1614.3847860075764,1050.0,1614.3975888499465,1050.0,0.0006811245789483335,0.0
13281,1667638801000.0,0.0,0.0,0.4,2.7537446705562605,0.0,0.0,2.735,1.0,1.0,1614.386531368169,1050.0,1614.3790334999464,1050.0,0.0006823012003754769,0.0
13282,1667642401000.0,0.0,0.0,0.9,2.7166642980250044,0.0,0.0,2.697,1.0,1.0,1614.386397018169,1050.0,1614.3686991499465,1050.0,0.0015145059898537953,0.0
13283,1667646001000.0,0.0,0.0,0.4,2.7166642980250044,0.0,0.0,2.731,1.0,1.0,1614.3954281191566,1050.0,1614.4011623999465,1050.0,0.0006731100077977899,0.0
13284,1667649601000.0,0.0,0.0,0.4,2.7411576410352296,0.0,0.0,2.752,1.0,1.0,1614.4044509063604,1050.0,1614.4087878499463,1050.0,0.0006791749464011416,0.0
13285,1667653201000.0,0.0,0.0,0.4,2.7411576410352296,0.0,0.0,2.706,1.0,1.0,1614.4044509063604,1050.0,1614.3903878499464,1050.0,0.0006791749464011416,0.0
13286,1667656801000.0,0.0,0.0,0.4,2.7411576410352296,0.0,0.0,2.705,1.0,1.0,1614.4044509063604,1050.0,1614.3899878499462,1050.0,0.0006791749464011416,0.0
13287,1667660401000.0,0.0,0.0,0.9,2.7044033960156577,0.0,0.0,2.68,1.0,1.0,1614.4043171563603,1050.0,1614.3823540999463,1050.0,0.0015076539566626758,0.0
13288,1667664001000.0,0.0,0.0,0.4,2.713976910258807,0.0,0.0,2.709,1.0,1.0,1614.4169996940502,1050.0,1614.4150089299467,1050.0,0.0006724351665705047,0.0
13289,1667667601000.0,0.0,0.0,0.4,2.713976910258807,0.0,0.0,2.709,1.0,1.0,1614.4169996940502,1050.0,1614.4150089299467,1050.0,0.0006724351665705047,0.0
13290,1667671201000.0,0.0,0.0,0.4,2.713976910258807,0.0,0.0,2.691,1.0,1.0,1614.4169996940502,1050.0,1614.4078089299467,1050.0,0.0006724351665705047,0.0
13291,1667674801000.0,0.0,0.0,0.9,2.677878626781692,0.0,0.0,2.65,1.0,1.0,1614.4168672440503,1050.0,1614.3917764799469,1050.0,0.0014928552922131922,0.0
13292,1667678401000.0,0.0,0.0,0.9,2.677878626781692,0.0,0.0,2.672,1.0,1.0,1614.4168672440503,1050.0,1614.4115764799467,1050.0,0.0014928552922131922,0.0
13293,1667682001000.0,0.0,0.0,0.9,2.677878626781692,0.0,0.0,2.684,1.0,1.0,1614.4168672440503,1050.0,1614.4223764799467,1050.0,0.0014928552922131922,0.0
13294,1667685601000.0,0.0,0.0,0.9,2.677878626781692,0.0,0.0,2.667,1.0,1.0,1614.4168672440503,1050.0,1614.4070764799467,1050.0,0.0014928552922131922,0.0
13295,1667689201000.0,0.0,0.0,0.6,2.677878626781692,0.0,0.0,2.668,1.0,1.0,1614.4222227760158,1050.0,1614.4162955999468,1050.0,0.000995233559970595,0.0
13296,1667692801000.0,0.0,0.0,0.6,2.677878626781692,0.0,0.0,2.652,1.0,1.0,1614.4222227760158,1050.0,1614.4066955999467,1050.0,0.000995233559970595,0.0
13297,1667696401000.0,0.0,0.0,0.6,2.677878626781692,0.0,0.0,2.641,1.0,1.0,1614.4222227760158,1050.0,1614.4000955999468,1050.0,0.000995233559970595,0.0
13298,1667700001000.0,0.0,0.0,1.4,2.6408051257635825,0.0,0.0,2.601,1.0,1.0,1614.4220137360157,1050.0,1614.3662865599467,1050.0,0.0022900624152871318,0.0
13299,1667703601000.0,0.0,0.0,1.4,2.6408051257635825,0.0,0.0,2.622,1.0,1.0,1614.4220137360157,1050.0,1614.3956865599466,1050.0,0.0022900624152871318,0.0
13300,1667707201000.0,0.0,0.0,1.4,2.6408051257635825,0.0,0.0,2.645,1.0,1.0,1614.4220137360157,1050.0,1614.4278865599467,1050.0,0.0022900624152871318,0.0
13301,1667710801000.0,0.0,0.0,1.4,2.6408051257635825,0.0,0.0,2.655,1.0,1.0,1614.4220137360157,1050.0,1614.4418865599466,1050.0,0.0022900624152871318,0.0
13302,1667714401000.0,0.0,0.0,0.6,2.6408051257635825,0.0,0.0,2.617,1.0,1.0,1614.4363569154052,1050.0,1614.422073839947,1050.0,0.0009814466012680206,0.0
13303,1667718001000.0,0.0,0.0,0.6,2.6408051257635825,0.0,0.0,2.633,1.0,1.0,1614.4363569154052,1050.0,1614.431673839947,1050.0,0.0009814466012680206,0.0
13304,1667721601000.0,0.0,0.0,0.6,2.6408051257635825,0.0,0.0,2.643,1.0,1.0,1614.4363569154052,1050.0,1614.4376738399471,1050.0,0.0009814466012680206,0.0
13305,1667725201000.0,0.0,0.0,0.4,2.645603844322687,0.0,0.0,2.657,1.0,1.0,1614.4417090076763,1050.0,1614.4462674699473,1050.0,0.0006554845132064432,0.0
13306,1667728801000.0,0.0,0.0,0.4,2.650452883242015,0.0,0.0,2.638,1.0,1.0,1614.4433953432438,1050.0,1614.438414189947,1050.0,0.0006566852429480211,0.0
13307,1667732401000.0,0.0,0.0,0.4,2.650452883242015,0.0,0.0,2.659,1.0,1.0,1614.4433953432438,1050.0,1614.446814189947,1050.0,0.0006566852429480211,0.0
13308,1667736001000.0,0.0,0.0,0.4,2.650452883242015,0.0,0.0,2.66,1.0,1.0,1614.4433953432438,1050.0,1614.4472141899469,1050.0,0.0006566852429480211,0.0
13309,1667739601000.0,0.0,0.0,0.4,2.650452883242015,0.0,0.0,2.637,1.0,1.0,1614.4433953432438,1050.0,1614.438014189947,1050.0,0.0006566852429480211,0.0
13310,1667743201000.0,0.0,0.0,0.4,2.650452883242015,0.0,0.0,2.623,1.0,1.0,1614.4433953432438,1050.0,1614.432414189947,1050.0,0.0006566852429480211,0.0
13311,1667746801000.0,0.0,0.0,0.4,2.650452883242015,0.0,0.0,2.63,1.0,1.0,1614.4433953432438,1050.0,1614.435214189947,1050.0,0.0006566852429480211,0.0
13312,1667750401000.0,0.0,0.0,0.4,2.650452883242015,0.0,0.0,2.616,1.0,1.0,1614.4433953432438,1050.0,1614.429614189947,1050.0,0.0006566852429480211,0.0
13313,1667754001000.0,0.0,0.0,0.5,2.615201281440896,0.0,0.0,2.618,1.0,1.0,1614.450280160667,1050.0,1614.4516795199465,1050.0,0.0008099355283894639,0.0
13314,1667757601000.0,0.0,0.0,0.5,2.615201281440896,0.0,0.0,2.615,1.0,1.0,1614.450280160667,1050.0,1614.4501795199467,1050.0,0.0008099355283894639,0.0
13315,1667761201000.0,0.0,0.0,0.5,2.615201281440896,0.0,0.0,2.595,1.0,1.0,1614.450280160667,1050.0,1614.4401795199467,1050.0,0.0008099355283894639,0.0
13316,1667764801000.0,0.0,0.0,0.5,2.615201281440896,0.0,0.0,2.587,1.0,1.0,1614.450280160667,1050.0,1614.4361795199466,1050.0,0.0008099355283894639,0.0
13317,1667768401000.0,0.0,0.0,0.5,2.615201281440896,0.0,0.0,2.591,1.0,1.0,1614.450280160667,1050.0,1614.4381795199465,1050.0,0.0008099355283894639,0.0
13318,1667772001000.0,0.0,0.0,0.5,2.615201281440896,0.0,0.0,2.573,1.0,1.0,1614.450280160667,1050.0,1614.4291795199465,1050.0,0.0008099355283894639,0.0
13319,1667775601000.0,0.0,0.0,0.5,2.615201281440896,0.0,0.0,2.569,1.0,1.0,1614.450280160667,1050.0,1614.4271795199465,1050.0,0.0008099355283894639,0.0
13320,1667779201000.0,0.0,0.0,2.8,2.5427145145430172,0.0,0.0,2.512,1.0,1.0,1614.4496989606669,1050.0,1614.3636983199465,1050.0,0.004409924103119365,0.0
13321,1667782801000.0,0.0,0.0,2.8,2.5427145145430172,0.0,0.0,2.512,1.0,1.0,1614.4496989606669,1050.0,1614.3636983199465,1050.0,0.004409924103119365,0.0
13322,1667786401000.0,0.0,0.0,2.8,2.5427145145430172,0.0,0.0,2.512,1.0,1.0,1614.4496989606669,1050.0,1614.3636983199465,1050.0,0.004409924103119365,0.0
13323,1667790001000.0,0.0,0.0,2.8,2.5427145145430172,0.0,0.0,2.512,1.0,1.0,1614.4496989606669,1050.0,1614.3636983199465,1050.0,0.004409924103119365,0.0
13324,1667793601000.0,0.0,0.0,2.8,2.5427145145430172,0.0,0.0,2.512,1.0,1.0,1614.4496989606669,1050.0,1614.3636983199465,1050.0,0.004409924103119365,0.0
13325,1667797201000.0,0.0,0.0,2.8,2.5427145145430172,0.0,0.0,2.512,1.0,1.0,1614.4496989606669,1050.0,1614.3636983199465,1050.0,0.004409924103119365,0.0
13326,1667800801000.0,0.0,0.0,2.8,2.5427145145430172,0.0,0.0,2.512,1.0,1.0,1614.4496989606669,1050.0,1614.3636983199465,1050.0,0.004409924103119365,0.0
13327,1667804401000.0,0.0,0.0,2.8,2.5427145145430172,0.0,0.0,2.512,1.0,1.0,1614.4496989606669,1050.0,1614.3636983199465,1050.0,0.004409924103119365,0.0
13328,1667808001000.0,0.0,0.0,2.8,2.5427145145430172,0.0,0.0,2.512,1.0,1.0,1614.4496989606669,1050.0,1614.3636983199465,1050.0,0.004409924103119365,0.0
13329,1667811601000.0,0.0,0.0,2.8,2.5427145145430172,0.0,0.0,2.512,1.0,1.0,1614.4496989606669,1050.0,1614.3636983199465,1050.0,0.004409924103119365,0.0
13330,1667815201000.0,0.0,0.0,2.8,2.5427145145430172,0.0,0.0,2.512,1.0,1.0,1614.4496989606669,1050.0,1614.3636983199465,1050.0,0.004409924103119365,0.0
13331,1667818801000.0,0.0,0.0,2.8,2.5427145145430172,0.0,0.0,2.512,1.0,1.0,1614.4496989606669,1050.0,1614.3636983199465,1050.0,0.004409924103119365,0.0
13332,1667822401000.0,0.0,0.0,2.8,2.5427145145430172,0.0,0.0,2.512,1.0,1.0,1614.4496989606669,1050.0,1614.3636983199465,1050.0,0.004409924103119365,0.0
13333,1667826001000.0,0.0,0.0,2.8,2.5427145145430172,0.0,0.0,2.512,1.0,1.0,1614.4496989606669,1050.0,1614.3636983199465,1050.0,0.004409924103119365,0.0
13334,1667829601000.0,0.0,0.0,2.8,2.5427145145430172,0.0,0.0,2.512,1.0,1.0,1614.4496989606669,1050.0,1614.3636983199465,1050.0,0.004409924103119365,0.0
13335,1667833201000.0,0.0,0.0,2.8,2.5427145145430172,0.0,0.0,2.512,1.0,1.0,1614.4496989606669,1050.0,1614.3636983199465,1050.0,0.004409924103119365,0.0
13336,1667836801000.0,0.0,0.0,2.8,2.5427145145430172,0.0,0.0,2.512,1.0,1.0,1614.4496989606669,1050.0,1614.3636983199465,1050.0,0.004409924103119365,0.0
13337,1667840401000.0,0.0,0.0,2.8,2.5427145145430172,0.0,0.0,2.512,1.0,1.0,1614.4496989606669,1050.0,1614.3636983199465,1050.0,0.004409924103119365,0.0
13338,1667844001000.0,0.0,0.0,2.8,2.5427145145430172,0.0,0.0,2.512,1.0,1.0,1614.4496989606669,1050.0,1614.3636983199465,1050.0,0.004409924103119365,0.0
13339,1667847601000.0,0.0,0.0,2.8,2.5427145145430172,0.0,0.0,2.512,1.0,1.0,1614.4496989606669,1050.0,1614.3636983199465,1050.0,0.004409924103119365,0.0
13340,1667851201000.0,0.0,0.0,2.8,2.5427145145430172,0.0,0.0,2.512,1.0,1.0,1614.4496989606669,1050.0,1614.3636983199465,1050.0,0.004409924103119365,0.0
13341,1667854801000.0,0.0,0.0,2.8,2.5427145145430172,0.0,0.0,2.512,1.0,1.0,1614.4496989606669,1050.0,1614.3636983199465,1050.0,0.004409924103119365,0.0
13342,1667858401000.0,0.0,0.0,2.8,2.5427145145430172,0.0,0.0,2.512,1.0,1.0,1614.4496989606669,1050.0,1614.3636983199465,1050.0,0.004409924103119365,0.0
13343,1667862001000.0,0.0,0.0,2.8,2.5427145145430172,0.0,0.0,2.512,1.0,1.0,1614.4496989606669,1050.0,1614.3636983199465,1050.0,0.004409924103119365,0.0
13344,1667865601000.0,0.0,0.0,2.8,2.5427145145430172,0.0,0.0,2.512,1.0,1.0,1614.4496989606669,1050.0,1614.3636983199465,1050.0,0.004409924103119365,0.0
13345,1667869201000.0,0.0,0.0,0.4,2.5885151393671255,0.0,0.0,2.575,1.0,1.0,1614.5946724356936,1050.0,1614.5892663799468,1050.0,0.0006412792469981896,0.0
13346,1667872801000.0,0.0,0.0,0.4,2.6349852404255754,0.0,0.0,2.642,1.0,1.0,1614.611734976117,1050.0,1614.6145408799468,1050.0,0.0006527848604951583,0.0
13347,1667876401000.0,0.0,0.0,0.9,2.6091351989952827,0.0,0.0,2.552,1.0,1.0,1614.6150272890427,1050.0,1614.563605609947,1050.0,0.0014543539106275046,0.0
13348,1667880001000.0,0.0,0.0,3.3,2.5367518543627785,0.0,0.0,2.5,1.0,1.0,1614.625923009344,1050.0,1614.5046418899467,1050.0,0.005184656705990917,0.0
13349,1667883601000.0,0.0,0.0,9.2,2.463760062188732,0.0,0.0,2.435,1.0,1.0,1614.7938513420831,1050.0,1614.5292587699469,1050.0,0.014036833589190185,0.0
13350,1667887201000.0,0.0,0.0,33.7,2.3863451611204853,0.0,0.0,2.364,1.0,1.0,1615.0369624897073,1050.0,1614.283930559947,1050.0,0.04979442192195207,0.0
13351,1667890801000.0,0.0,0.0,3.1,2.3863451611204853,0.0,0.0,2.413,1.0,1.0,1615.6230389994203,1050.0,1615.7056689999467,1050.0,0.004578834184027849,0.0
13352,1667894401000.0,0.0,0.0,0.5,2.442675159728729,0.0,0.0,2.447,1.0,1.0,1615.7112915698112,1050.0,1615.7134539899469,1050.0,0.0007559132539562333,0.0
13353,1667898001000.0,0.0,0.0,0.5,2.442675159728729,0.0,0.0,2.409,1.0,1.0,1615.7112915698112,1050.0,1615.6944539899469,1050.0,0.0007559132539562333,0.0
13354,1667901601000.0,0.0,0.0,0.5,2.442675159728729,0.0,0.0,2.425,1.0,1.0,1615.7112915698112,1050.0,1615.702453989947,1050.0,0.0007559132539562333,0.0
13355,1667905201000.0,0.0,0.0,0.5,2.442675159728729,0.0,0.0,2.399,1.0,1.0,1615.7112915698112,1050.0,1615.689453989947,1050.0,0.0007559132539562333,0.0
13356,1667908801000.0,0.0,0.0,1.2,2.408447983220304,0.0,0.0,2.387,1.0,1.0,1615.7111246898112,1050.0,1615.6853871099468,1050.0,0.001788771232493198,0.0
13357,1667912401000.0,0.0,0.0,1.2,2.408447983220304,0.0,0.0,2.406,1.0,1.0,1615.7111246898112,1050.0,1615.7081871099467,1050.0,0.001788771232493198,0.0
13358,1667916001000.0,0.0,0.0,1.2,2.408447983220304,0.0,0.0,2.372,1.0,1.0,1615.7111246898112,1050.0,1615.6673871099467,1050.0,0.001788771232493198,0.0
13359,1667919601000.0,0.0,0.0,6.5,2.341436550748364,0.0,0.0,2.333,1.0,1.0,1615.7098917698113,1050.0,1615.655054189947,1050.0,0.00941959794724872,0.0
13360,1667923201000.0,0.0,0.0,6.5,2.341436550748364,0.0,0.0,2.347,1.0,1.0,1615.7098917698113,1050.0,1615.746054189947,1050.0,0.00941959794724872,0.0
13361,1667926801000.0,0.0,0.0,0.4,2.495268162350495,0.0,0.0,2.441,1.0,1.0,1616.042471934888,1050.0,1616.0207646699478,1050.0,0.0006176244017554589,0.0
13362,1667930401000.0,0.0,0.0,26.6,2.3230115513135408,0.0,0.0,2.294,1.0,1.0,1616.036392534888,1050.0,1615.2646852699477,1050.0,0.038236829040721114,0.0
13363,1667934001000.0,0.0,0.0,2.3,2.1828593593886896,0.0,0.0,2.147,1.0,1.0,1621.451099076543,1050.0,1621.368622549949,1050.0,0.0030963477896147036,0.0
13364,1667937601000.0,0.0,0.0,0.6,2.0895471173224345,0.0,0.0,2.086,1.0,1.0,1633.9244212203414,1050.0,1633.9222929499479,1050.0,0.0007673110543614247,0.0
13365,1667941201000.0,0.0,0.0,0.6,2.0997478045318267,0.0,0.0,2.079,1.0,1.0,1633.9665042726676,1050.0,1633.9540555899484,1050.0,0.0007710370313128886,0.0
13366,1667944801000.0,0.0,0.0,0.6,2.1132994730876384,0.0,0.0,2.11,1.0,1.0,1633.9759807538012,1050.0,1633.9740010699486,1050.0,0.0007760087656047592,0.0
13367,1667948401000.0,0.0,0.0,0.6,2.1132994730876384,0.0,0.0,2.077,1.0,1.0,1633.9759807538012,1050.0,1633.9542010699486,1050.0,0.0007760087656047592,0.0
13368,1667952001000.0,0.0,0.0,0.5,2.1322486861869296,0.0,0.0,2.113,1.0,1.0,1633.9858479730417,1050.0,1633.9762236299482,1050.0,0.0006524685292813223,0.0
13369,1667955601000.0,0.0,0.0,1.2,2.1106557621058726,0.0,0.0,2.081,1.0,1.0,1634.0167270044747,1050.0,1633.9811400899475,1050.0,0.0015500373237734373,0.0
13370,1667959201000.0,0.0,0.0,1.2,2.1106557621058726,0.0,0.0,2.068,1.0,1.0,1634.0167270044747,1050.0,1633.9655400899476,1050.0,0.0015500373237734373,0.0
13371,1667962801000.0,0.0,0.0,1.2,2.1106557621058726,0.0,0.0,2.065,1.0,1.0,1634.0167270044747,1050.0,1633.9619400899476,1050.0,0.0015500373237734373,0.0
13372,1667966401000.0,0.0,0.0,0.9,2.08113818375966,0.0,0.0,2.099,1.0,1.0,1634.0423369653315,1050.0,1634.0584125999478,1050.0,0.001146252041952713,0.0
13373,1667970001000.0,0.0,0.0,0.6,2.091061415004294,0.0,0.0,2.074,1.0,1.0,1634.0518187589505,1050.0,1634.041581909948,1050.0,0.0007678072595980849,0.0
13374,1667973601000.0,0.0,0.0,0.5,2.0754740979774073,0.0,0.0,2.052,1.0,1.0,1634.1504810889373,1050.0,1634.1387440399487,1050.0,0.0006350315108662418,0.0
13375,1667977201000.0,0.0,0.0,0.5,2.0754740979774073,0.0,0.0,2.049,1.0,1.0,1634.1504810889373,1050.0,1634.1372440399487,1050.0,0.0006350315108662418,0.0
13376,1667980801000.0,0.0,0.0,1.2,2.0460308741572533,0.0,0.0,2.022,1.0,1.0,1634.1503393389373,1050.0,1634.1215022899487,1050.0,0.0015024548169674037,0.0
13377,1667984401000.0,0.0,0.0,1.2,2.017441803210252,0.0,0.0,2.039,1.0,1.0,1634.1735879138012,1050.0,1634.1994577499488,1050.0,0.0014814400267861877,0.0
13378,1667988001000.0,0.0,0.0,1.4,1.989760772804394,0.0,0.0,1.98,1.0,1.0,1634.1836432318748,1050.0,1634.1699781499487,1050.0,0.0017046218113020806,0.0
13379,1667991601000.0,0.0,0.0,0.5,1.9735256877900769,0.0,0.0,1.962,1.0,1.0,1634.3336469138442,1050.0,1634.327884069949,1050.0,0.00060377074519537,0.0
13380,1667995201000.0,0.0,0.0,0.5,1.9972026049955716,0.0,0.0,2.008,1.0,1.0,1634.3452654024463,1050.0,1634.3506640999485,1050.0,0.0006110100011529002,0.0
13381,1667998801000.0,0.0,0.0,0.6,2.0120600311097996,0.0,0.0,1.981,1.0,1.0,1634.3519782486146,1050.0,1634.3333422299488,1050.0,0.0007386634181209632,0.0
13382,1668002401000.0,0.0,0.0,3.3,1.9563745511108728,0.0,0.0,1.946,1.0,1.0,1634.3514533686146,1050.0,1634.3172173499486,1050.0,0.003950212792578448,0.0
13383,1668006001000.0,0.0,0.0,0.5,1.9563745511108728,0.0,0.0,1.967,1.0,1.0,1634.4179501355045,1050.0,1634.423262859949,1050.0,0.0005984927389437554,0.0
13384,1668009601000.0,0.0,0.0,7.7,1.9046154637668855,0.0,0.0,1.905,1.0,1.0,1634.430898270954,1050.0,1634.433859199949,1050.0,0.008972871894749131,0.0
13385,1668013201000.0,0.0,0.0,0.6,1.9263589919481974,0.0,0.0,1.898,1.0,1.0,1634.5806380651172,1050.0,1634.5636226699482,1050.0,0.0007071020959461982,0.0
13386,1668016801000.0,0.0,0.0,1.4,1.8998681394063703,0.0,0.0,1.888,1.0,1.0,1634.5804876651173,1050.0,1634.5638722699484,1050.0,0.001627215921908059,0.0
13387,1668020401000.0,0.0,0.0,0.7,1.8734592106572483,0.0,0.0,1.867,1.0,1.0,1634.619250397409,1050.0,1634.6147289499488,1050.0,0.0008022794587432154,0.0
13388,1668024001000.0,0.0,0.0,0.6,1.882981871403222,0.0,0.0,1.865,1.0,1.0,1634.625448072791,1050.0,1634.614658949949,1050.0,0.0006911608553347464,0.0
13389,1668027601000.0,0.0,0.0,1.3,1.8615662489723495,0.0,0.0,1.837,1.0,1.0,1634.629053113613,1050.0,1634.597116989949,1050.0,0.0014804803077826199,0.0
13390,1668031201000.0,0.0,0.0,31.7,1.6988596522694313,0.0,0.0,1.686,1.0,1.0,1636.0272275068896,1050.0,1635.6195765299487,1050.0,0.03291745398333487,0.0
13391,1668034801000.0,0.0,0.0,12.7,1.6988596522694313,0.0,0.0,1.688,1.0,1.0,1636.2356451137705,1050.0,1636.0977275299488,1050.0,0.013186069896626405,0.0
13392,1668038401000.0,0.0,0.0,0.7,1.68675485726147,0.0,0.0,1.706,1.0,1.0,1636.7467304900308,1050.0,1636.7602020899478,1050.0,0.0007213873582808544,0.0
13393,1668042001000.0,0.0,0.0,0.7,1.778456254110341,0.0,0.0,1.79,1.0,1.0,1636.7956366078247,1050.0,1636.8037172299476,1050.0,0.000760583270161491,0.0
13394,1668045601000.0,0.0,0.0,1.4,1.7696583341162557,0.0,0.0,1.769,1.0,1.0,1636.8033366777106,1050.0,1636.802415009948,1050.0,0.001513634296953163,0.0
13395,1668049201000.0,0.0,0.0,1.4,1.7696583341162557,0.0,0.0,1.779,1.0,1.0,1636.8033366777106,1050.0,1636.8164150099478,1050.0,0.001513634296953163,0.0
13396,1668052801000.0,0.0,0.0,1.4,1.788952054361144,0.0,0.0,1.772,1.0,1.0,1636.8377852960537,1050.0,1636.814052419948,1050.0,0.001530104509197048,0.0
13397,1668056401000.0,0.0,0.0,0.4,1.802245053144043,0.0,0.0,1.817,1.0,1.0,1636.8589531212044,1050.0,1636.864855099947,1050.0,0.0004404154798328778,0.0
13398,1668060001000.0,0.0,0.0,0.6,1.8292039552828796,0.0,0.0,1.83,1.0,1.0,1636.8709754131169,1050.0,1636.871453039947,1050.0,0.0006705002346887682,0.0
13399,1668063601000.0,0.0,0.0,0.6,1.8382017579035024,0.0,0.0,1.829,1.0,1.0,1636.8758265346887,1050.0,1636.8703054799466,1050.0,0.0006737964095156904,0.0
13400,1668067201000.0,0.0,0.0,0.6,1.8596818287216803,0.0,0.0,1.841,1.0,1.0,1636.8866167171793,1050.0,1636.8754076199464,1050.0,0.000681665477521463,0.0
13401,1668070801000.0,0.0,0.0,0.6,1.8271796763950185,0.0,0.0,1.836,1.0,1.0,1636.949289355783,1050.0,1636.9545815499462,1050.0,0.0006697261869782539,0.0
13402,1668074401000.0,0.0,0.0,1.4,1.810938985980004,0.0,0.0,1.81,1.0,1.0,1636.9540053703179,1050.0,1636.9526907899458,1050.0,0.001548800132474374,0.0
13403,1668078001000.0,0.0,0.0,1.4,1.810938985980004,0.0,0.0,1.78,1.0,1.0,1636.9540053703179,1050.0,1636.9106907899459,1050.0,0.001548800132474374,0.0
13404,1668081601000.0,0.0,0.0,1.4,1.810938985980004,0.0,0.0,1.78,1.0,1.0,1636.9540053703179,1050.0,1636.9106907899459,1050.0,0.001548800132474374,0.0
13405,1668085201000.0,0.0,0.0,0.9,1.810938985980004,0.0,0.0,1.79,1.0,1.0,1636.9619445273274,1050.0,1636.9430994399454,1050.0,0.0009956523991476302,0.0
13406,1668088801000.0,0.0,0.0,0.5,1.9197790279763343,0.0,0.0,1.922,1.0,1.0,1637.0538630839324,1050.0,1637.0549735699442,1050.0,0.0005863518211794801,0.0
13407,1668092401000.0,0.0,0.0,0.6,1.9655955542084964,0.0,0.0,1.976,1.0,1.0,1637.0752244924693,1050.0,1637.0814671599442,1050.0,0.0007204050949404146,0.0
13408,1668096001000.0,0.0,0.0,1.2,2.0065554562295356,0.0,0.0,1.996,1.0,1.0,1637.1096483874203,1050.0,1637.0969818399449,1050.0,0.0014708034674691646,0.0
13409,1668099601000.0,0.0,0.0,0.5,2.030406016045341,0.0,0.0,2.008,1.0,1.0,1637.1328179379666,1050.0,1637.121614929944,1050.0,0.0006201103520124646,0.0
13410,1668103201000.0,0.0,0.0,6.5,1.9460312320034878,0.0,0.0,1.931,1.0,1.0,1637.1316545379664,1050.0,1637.0339515299438,1050.0,0.007726442142243317,0.0
13411,1668106801000.0,0.0,0.0,0.6,1.9636770773344963,0.0,0.0,1.974,1.0,1.0,1637.2453019563452,1050.0,1637.2514957099445,1050.0,0.0007196271963601658,0.0
13412,1668110401000.0,0.0,0.0,0.6,1.9684513848896645,0.0,0.0,1.956,1.0,1.0,1637.2478874408782,1050.0,1637.2404166099445,1050.0,0.0007213756939273789,0.0
13413,1668114001000.0,0.0,0.0,0.6,1.9733009232597767,0.0,0.0,1.978,1.0,1.0,1637.2505178639003,1050.0,1637.2533373099445,1050.0,0.0007231517358141318,0.0
13414,1668117601000.0,0.0,0.0,0.6,1.9733009232597767,0.0,0.0,1.959,1.0,1.0,1637.2505178639003,1050.0,1637.2419373099444,1050.0,0.0007231517358141318,0.0
13415,1668121201000.0,0.0,0.0,0.6,1.9733009232597767,0.0,0.0,1.95,1.0,1.0,1637.2505178639003,1050.0,1637.2365373099444,1050.0,0.0007231517358141318,0.0
13416,1668124801000.0,0.0,0.0,1.3,1.94627182425419,0.0,0.0,1.944,1.0,1.0,1637.251617011475,1050.0,1637.2486636399447,1050.0,0.0015453662376885067,0.0
13417,1668128401000.0,0.0,0.0,1.3,1.94627182425419,0.0,0.0,1.944,1.0,1.0,1637.251617011475,1050.0,1637.2486636399447,1050.0,0.0015453662376885067,0.0
13418,1668132001000.0,0.0,0.0,2.8,1.919259353251796,0.0,0.0,1.887,1.0,1.0,1637.2525663990496,1050.0,1637.1622402099445,1050.0,0.0032822829534018484,0.0
13419,1668135601000.0,0.0,0.0,6.5,1.8923578752469274,0.0,0.0,1.865,1.0,1.0,1637.2518737590497,1050.0,1637.0740475699447,1050.0,0.00751278797492782,0.0
13420,1668139201000.0,0.0,0.0,15.2,1.8646793545463833,0.0,0.0,1.846,1.0,1.0,1637.2502694790496,1050.0,1636.9663432899447,1050.0,0.01731141946803491,0.0
13421,1668142801000.0,0.0,0.0,15.2,1.8646793545463833,0.0,0.0,1.846,1.0,1.0,1637.2502694790496,1050.0,1636.9663432899447,1050.0,0.01731141946803491,0.0
13422,1668146401000.0,0.0,0.0,4.1,1.8646793545463833,0.0,0.0,1.88,1.0,1.0,1637.405943073585,1050.0,1637.4687577199447,1050.0,0.0046690836722440045,0.0
13423,1668150001000.0,0.0,0.0,0.6,1.8860477737375576,0.0,0.0,1.887,1.0,1.0,1637.4753256341867,1050.0,1637.4758969699442,1050.0,0.0006910813534269654,0.0
13424,1668153601000.0,0.0,0.0,0.5,1.903015924579186,0.0,0.0,1.91,1.0,1.0,1637.4838951022334,1050.0,1637.4873871399438,1050.0,0.0005810792797019767,0.0
13425,1668157201000.0,0.0,0.0,0.6,1.922348824608235,0.0,0.0,1.92,1.0,1.0,1637.492907734709,1050.0,1637.491498439944,1050.0,0.0007043751391635373,0.0
13426,1668160801000.0,0.0,0.0,0.6,1.939621873957996,0.0,0.0,1.948,1.0,1.0,1637.5014382843187,1050.0,1637.506465159944,1050.0,0.0007107005204185549,0.0
13427,1668164401000.0,0.0,0.0,0.5,1.9450812493053307,0.0,0.0,1.934,1.0,1.0,1637.5053080245964,1050.0,1637.4997673999437,1050.0,0.0005939160135156381,0.0
13428,1668168001000.0,0.0,0.0,0.5,1.9450812493053307,0.0,0.0,1.915,1.0,1.0,1637.5053080245964,1050.0,1637.4902673999438,1050.0,0.0005939160135156381,0.0
13429,1668171601000.0,0.0,0.0,0.5,1.9450812493053307,0.0,0.0,1.933,1.0,1.0,1637.5053080245964,1050.0,1637.4992673999436,1050.0,0.0005939160135156381,0.0
13430,1668175201000.0,0.0,0.0,0.5,1.9450812493053307,0.0,0.0,1.938,1.0,1.0,1637.5053080245964,1050.0,1637.5017673999437,1050.0,0.0005939160135156381,0.0
13431,1668178801000.0,0.0,0.0,0.5,1.816710622059205,0.0,0.0,1.831,1.0,1.0,1638.567685630972,1050.0,1638.5748303199423,1050.0,0.0005543593462724839,0.0
13432,1668182401000.0,0.0,0.0,0.5,1.84538728336972,0.0,0.0,1.83,1.0,1.0,1638.581227971627,1050.0,1638.573534329942,1050.0,0.0005631052192798812,0.0
13433,1668186001000.0,0.0,0.0,1.2,1.8194947014040501,0.0,0.0,1.823,1.0,1.0,1638.5811019016269,1050.0,1638.585308259942,1050.0,0.0013324904328207866,0.0
13434,1668189601000.0,0.0,0.0,0.6,1.8194947014040501,0.0,0.0,1.832,1.0,1.0,1638.5884951607845,1050.0,1638.595998339942,1050.0,0.0006662422103331738,0.0
13435,1668193201000.0,0.0,0.0,0.5,1.8372582126230226,0.0,0.0,1.823,1.0,1.0,1638.599314706254,1050.0,1638.5921855999425,1050.0,0.0005606185100084645,0.0
13436,1668196801000.0,0.0,0.0,0.5,1.8372582126230226,0.0,0.0,1.831,1.0,1.0,1638.599314706254,1050.0,1638.5961855999426,1050.0,0.0005606185100084645,0.0
13437,1668200401000.0,0.0,0.0,1.2,1.8114409219262595,0.0,0.0,1.804,1.0,1.0,1638.599189196254,1050.0,1638.5902600899424,1050.0,0.001326577677227915,0.0
13438,1668204001000.0,0.0,0.0,0.6,1.8159606146175065,0.0,0.0,1.826,1.0,1.0,1638.611053838713,1050.0,1638.6170774699424,1050.0,0.0006649389836703432,0.0
13439,1668207601000.0,0.0,0.0,0.6,1.8411793503137055,0.0,0.0,1.846,1.0,1.0,1638.6229537301306,1050.0,1638.6258461199423,1050.0,0.0006741682750589374,0.0
13440,1668211201000.0,0.0,0.0,0.6,1.8591959210496212,0.0,0.0,1.867,1.0,1.0,1638.6326659125723,1050.0,1638.6373483599425,1050.0,0.0006807612077039419,0.0
13441,1668214801000.0,0.0,0.0,0.6,1.8591959210496212,0.0,0.0,1.838,1.0,1.0,1638.6326659125723,1050.0,1638.6199483599426,1050.0,0.0006807612077039419,0.0
13442,1668218401000.0,0.0,0.0,0.6,1.8591959210496212,0.0,0.0,1.83,1.0,1.0,1638.6326659125723,1050.0,1638.6151483599426,1050.0,0.0006807612077039419,0.0
13443,1668222001000.0,0.0,0.0,0.6,1.8591959210496212,0.0,0.0,1.826,1.0,1.0,1638.6326659125723,1050.0,1638.6127483599425,1050.0,0.0006807612077039419,0.0
13444,1668225601000.0,0.0,0.0,1.4,1.8333696804498378,0.0,0.0,1.81,1.0,1.0,1638.6325207925722,1050.0,1638.5998032399425,1050.0,0.0015663777693050453,0.0
13445,1668229201000.0,0.0,0.0,18.0,1.7563398640349877,0.0,0.0,1.719,1.0,1.0,1638.6296160525721,1050.0,1637.9574984999424,1050.0,0.019293022195453535,0.0
13446,1668232801000.0,0.0,0.0,42.0,1.7287170845864233,0.0,0.0,1.694,1.0,1.0,1638.6255168525722,1050.0,1637.1673992999424,1050.0,0.04430915838054912,0.0
13447,1668236401000.0,0.0,0.0,25.4,1.697450179108467,0.0,0.0,1.724,1.0,1.0,1639.8760087292978,1050.0,1640.5503741799428,1050.0,0.026291764938230947,0.0
13448,1668240001000.0,0.0,0.0,0.7,1.7359418417087848,0.0,0.0,1.733,1.0,1.0,1640.7397764291395,1050.0,1640.7377171399435,1050.0,0.0007406167063498566,0.0
13449,1668243601000.0,0.0,0.0,0.6,1.7359418417087848,0.0,0.0,1.729,1.0,1.0,1640.7409647649686,1050.0,1640.7367996599432,1050.0,0.0006348138599528854,0.0
13450,1668247201000.0,0.0,0.0,0.6,1.7359418417087848,0.0,0.0,1.719,1.0,1.0,1640.7409647649686,1050.0,1640.7307996599434,1050.0,0.0006348138599528854,0.0
13451,1668250801000.0,0.0,0.0,0.6,1.7359418417087848,0.0,0.0,1.711,1.0,1.0,1640.7409647649686,1050.0,1640.7259996599432,1050.0,0.0006348138599528854,0.0
13452,1668254401000.0,0.0,0.0,0.6,1.7359418417087848,0.0,0.0,1.716,1.0,1.0,1640.7409647649686,1050.0,1640.7289996599434,1050.0,0.0006348138599528854,0.0
13453,1668258001000.0,0.0,0.0,0.6,1.7359418417087848,0.0,0.0,1.716,1.0,1.0,1640.7409647649686,1050.0,1640.7289996599434,1050.0,0.0006348138599528854,0.0
13454,1668261601000.0,0.0,0.0,18.0,1.6399313947236265,0.0,0.0,1.623,1.0,1.0,1640.7381170449687,1050.0,1640.4333519399433,1050.0,0.017991149713879804,0.0
13455,1668265201000.0,0.0,0.0,0.6,1.6243406839774694,0.0,0.0,1.634,1.0,1.0,1641.1988632303305,1050.0,1641.2046588199441,1050.0,0.0005938368787729917,0.0
13456,1668268801000.0,0.0,0.0,0.6,1.6243406839774694,0.0,0.0,1.629,1.0,1.0,1641.1988632303305,1050.0,1641.201658819944,1050.0,0.0005938368787729917,0.0
13457,1668272401000.0,0.0,0.0,0.6,1.6243406839774694,0.0,0.0,1.618,1.0,1.0,1641.1988632303305,1050.0,1641.195058819944,1050.0,0.0005938368787729917,0.0
13458,1668276001000.0,0.0,0.0,0.6,1.6243406839774694,0.0,0.0,1.617,1.0,1.0,1641.1988632303305,1050.0,1641.194458819944,1050.0,0.0005938368787729917,0.0
13459,1668279601000.0,0.0,0.0,0.6,1.6243406839774694,0.0,0.0,1.609,1.0,1.0,1641.1988632303305,1050.0,1641.189658819944,1050.0,0.0005938368787729917,0.0
13460,1668283201000.0,0.0,0.0,0.6,1.6243406839774694,0.0,0.0,1.603,1.0,1.0,1641.1988632303305,1050.0,1641.186058819944,1050.0,0.0005938368787729917,0.0
13461,1668286801000.0,0.0,0.0,0.6,1.6243406839774694,0.0,0.0,1.6,1.0,1.0,1641.1988632303305,1050.0,1641.184258819944,1050.0,0.0005938368787729917,0.0
13462,1668290401000.0,0.0,0.0,0.6,1.6243406839774694,0.0,0.0,1.603,1.0,1.0,1641.1988632303305,1050.0,1641.186058819944,1050.0,0.0005938368787729917,0.0
13463,1668294001000.0,0.0,0.0,0.6,1.6243406839774694,0.0,0.0,1.612,1.0,1.0,1641.1988632303305,1050.0,1641.191458819944,1050.0,0.0005938368787729917,0.0
13464,1668297601000.0,0.0,0.0,0.6,1.6243406839774694,0.0,0.0,1.613,1.0,1.0,1641.1988632303305,1050.0,1641.1920588199441,1050.0,0.0005938368787729917,0.0
13465,1668301201000.0,0.0,0.0,0.6,1.6243406839774694,0.0,0.0,1.616,1.0,1.0,1641.1988632303305,1050.0,1641.1938588199441,1050.0,0.0005938368787729917,0.0
13466,1668304801000.0,0.0,0.0,0.6,1.6243406839774694,0.0,0.0,1.62,1.0,1.0,1641.1988632303305,1050.0,1641.196258819944,1050.0,0.0005938368787729917,0.0
13467,1668308401000.0,0.0,0.0,0.7,1.6619923996930615,0.0,0.0,1.664,1.0,1.0,1641.2189084397294,1050.0,1641.2203137599442,1050.0,0.0007088601488823673,0.0
13468,1668312001000.0,0.0,0.0,0.7,1.6884965430431202,0.0,0.0,1.702,1.0,1.0,1641.2333574800748,1050.0,1641.2428098999446,1050.0,0.0007201581510291314,0.0
13469,1668315601000.0,0.0,0.0,0.7,1.6920689593165146,0.0,0.0,1.679,1.0,1.0,1641.2355901514659,1050.0,1641.2264418799443,1050.0,0.0007216808352372191,0.0
13470,1668319201000.0,0.0,0.0,0.7,1.6920689593165146,0.0,0.0,1.699,1.0,1.0,1641.2355901514659,1050.0,1641.2404418799442,1050.0,0.0007216808352372191,0.0
13471,1668322801000.0,0.0,0.0,1.6,1.6799829335644954,0.0,0.0,1.664,1.0,1.0,1641.2421600336468,1050.0,1641.2165873399435,1050.0,0.0016377672711308411,0.0
13472,1668326401000.0,0.0,0.0,0.7,1.6638787498211798,0.0,0.0,1.66,1.0,1.0,1641.279624234818,1050.0,1641.276909109943,1050.0,0.0007096384477555605,0.0
13473,1668330001000.0,0.0,0.0,0.7,1.6638787498211798,0.0,0.0,1.626,1.0,1.0,1641.279624234818,1050.0,1641.2531091099431,1050.0,0.0007096384477555605,0.0
13474,1668333601000.0,0.0,0.0,3.7,1.6184905742904934,0.0,0.0,1.603,1.0,1.0,1641.279141864818,1050.0,1641.2218267399433,1050.0,0.0036486268375230803,0.0
13475,1668337201000.0,0.0,0.0,3.7,1.6184905742904934,0.0,0.0,1.612,1.0,1.0,1641.279141864818,1050.0,1641.2551267399433,1050.0,0.0036486268375230803,0.0
13476,1668340801000.0,0.0,0.0,0.7,1.6243504102074955,0.0,0.0,1.64,1.0,1.0,1641.3367155170888,1050.0,1641.3476702299436,1050.0,0.0006927556523872864,0.0
13477,1668344401000.0,0.0,0.0,0.7,1.6336073521466816,0.0,0.0,1.619,1.0,1.0,1641.3426639364461,1050.0,1641.3324387899434,1050.0,0.0006967010433763727,0.0
13478,1668348001000.0,0.0,0.0,0.7,1.6374338229619156,0.0,0.0,1.634,1.0,1.0,1641.3448766260167,1050.0,1641.3424729499434,1050.0,0.0006983320156513977,0.0
13479,1668351601000.0,0.0,0.0,0.7,1.6374338229619156,0.0,0.0,1.629,1.0,1.0,1641.3448766260167,1050.0,1641.3389729499434,1050.0,0.0006983320156513977,0.0
13480,1668355201000.0,0.0,0.0,0.7,1.6374338229619156,0.0,0.0,1.611,1.0,1.0,1641.3448766260167,1050.0,1641.3263729499433,1050.0,0.0006983320156513977,0.0
13481,1668358801000.0,0.0,0.0,0.7,1.6374338229619156,0.0,0.0,1.613,1.0,1.0,1641.3448766260167,1050.0,1641.3277729499434,1050.0,0.0006983320156513977,0.0
13482,1668362401000.0,0.0,0.0,1.6,1.615252297545838,0.0,0.0,1.615,1.0,1.0,1641.3447328060167,1050.0,1641.3443291299434,1050.0,0.001574564821404146,0.0
13483,1668366001000.0,0.0,0.0,3.7,1.5929739665063085,0.0,0.0,1.579,1.0,1.0,1641.3444018460168,1050.0,1641.2926981699434,1050.0,0.0035909609643438437,0.0
13484,1668369601000.0,0.0,0.0,3.7,1.5929739665063085,0.0,0.0,1.583,1.0,1.0,1641.3444018460168,1050.0,1641.3074981699435,1050.0,0.0035909609643438437,0.0
13485,1668373201000.0,0.0,0.0,2.9,1.5929739665063085,0.0,0.0,1.578,1.0,1.0,1641.3530943528117,1050.0,1641.3096698499435,1050.0,0.0028145220664355713,0.0
13486,1668376801000.0,0.0,0.0,0.7,1.5845210461335757,0.0,0.0,1.572,1.0,1.0,1641.4412345122373,1050.0,1641.4324697799439,1050.0,0.0006757261295577828,0.0
13487,1668380401000.0,0.0,0.0,0.7,1.5845210461335757,0.0,0.0,1.565,1.0,1.0,1641.4412345122373,1050.0,1641.4275697799437,1050.0,0.0006757261295577828,0.0
13488,1668384001000.0,0.0,0.0,0.8,1.5628529576834391,0.0,0.0,1.571,1.0,1.0,1641.4530867660906,1050.0,1641.4596043999438,1050.0,0.0007616924152307001,0.0
13489,1668387601000.0,0.0,0.0,0.8,1.5628529576834391,0.0,0.0,1.571,1.0,1.0,1641.4530867660906,1050.0,1641.4596043999438,1050.0,0.0007616924152307001,0.0
13490,1668391201000.0,0.0,0.0,0.8,1.5628529576834391,0.0,0.0,1.571,1.0,1.0,1641.4530867660906,1050.0,1641.4596043999438,1050.0,0.0007616924152307001,0.0
13491,1668394801000.0,0.0,0.0,0.8,1.5628529576834391,0.0,0.0,1.571,1.0,1.0,1641.4530867660906,1050.0,1641.4596043999438,1050.0,0.0007616924152307001,0.0
13492,1668398401000.0,0.0,0.0,0.8,1.5628529576834391,0.0,0.0,1.571,1.0,1.0,1641.4530867660906,1050.0,1641.4596043999438,1050.0,0.0007616924152307001,0.0
13493,1668402001000.0,0.0,0.0,0.8,1.5628529576834391,0.0,0.0,1.571,1.0,1.0,1641.4530867660906,1050.0,1641.4596043999438,1050.0,0.0007616924152307001,0.0
13494,1668405601000.0,0.0,0.0,0.8,1.5628529576834391,0.0,0.0,1.571,1.0,1.0,1641.4530867660906,1050.0,1641.4596043999438,1050.0,0.0007616924152307001,0.0
13495,1668409201000.0,0.0,0.0,0.8,1.5628529576834391,0.0,0.0,1.571,1.0,1.0,1641.4530867660906,1050.0,1641.4596043999438,1050.0,0.0007616924152307001,0.0
13496,1668412801000.0,0.0,0.0,0.8,1.5628529576834391,0.0,0.0,1.571,1.0,1.0,1641.4530867660906,1050.0,1641.4596043999438,1050.0,0.0007616924152307001,0.0
13497,1668416401000.0,0.0,0.0,0.8,1.5628529576834391,0.0,0.0,1.571,1.0,1.0,1641.4530867660906,1050.0,1641.4596043999438,1050.0,0.0007616924152307001,0.0
13498,1668420001000.0,0.0,0.0,0.8,1.5628529576834391,0.0,0.0,1.571,1.0,1.0,1641.4530867660906,1050.0,1641.4596043999438,1050.0,0.0007616924152307001,0.0
13499,1668423601000.0,0.0,0.0,0.8,1.5628529576834391,0.0,0.0,1.571,1.0,1.0,1641.4530867660906,1050.0,1641.4596043999438,1050.0,0.0007616924152307001,0.0
13500,1668427201000.0,0.0,0.0,0.8,1.5628529576834391,0.0,0.0,1.571,1.0,1.0,1641.4530867660906,1050.0,1641.4596043999438,1050.0,0.0007616924152307001,0.0
13501,1668430801000.0,0.0,0.0,0.8,1.5628529576834391,0.0,0.0,1.571,1.0,1.0,1641.4530867660906,1050.0,1641.4596043999438,1050.0,0.0007616924152307001,0.0
13502,1668434401000.0,0.0,0.0,0.8,1.5628529576834391,0.0,0.0,1.571,1.0,1.0,1641.4530867660906,1050.0,1641.4596043999438,1050.0,0.0007616924152307001,0.0
13503,1668438001000.0,0.0,0.0,0.8,1.5628529576834391,0.0,0.0,1.571,1.0,1.0,1641.4530867660906,1050.0,1641.4596043999438,1050.0,0.0007616924152307001,0.0
13504,1668441601000.0,0.0,0.0,0.8,1.5628529576834391,0.0,0.0,1.571,1.0,1.0,1641.4530867660906,1050.0,1641.4596043999438,1050.0,0.0007616924152307001,0.0
13505,1668445201000.0,0.0,0.0,0.8,1.5628529576834391,0.0,0.0,1.571,1.0,1.0,1641.4530867660906,1050.0,1641.4596043999438,1050.0,0.0007616924152307001,0.0
13506,1668448801000.0,0.0,0.0,0.8,1.5628529576834391,0.0,0.0,1.571,1.0,1.0,1641.4530867660906,1050.0,1641.4596043999438,1050.0,0.0007616924152307001,0.0
13507,1668452401000.0,0.0,0.0,0.8,1.5628529576834391,0.0,0.0,1.571,1.0,1.0,1641.4530867660906,1050.0,1641.4596043999438,1050.0,0.0007616924152307001,0.0
13508,1668456001000.0,0.0,0.0,0.8,1.5628529576834391,0.0,0.0,1.571,1.0,1.0,1641.4530867660906,1050.0,1641.4596043999438,1050.0,0.0007616924152307001,0.0
13509,1668459601000.0,0.0,0.0,0.8,1.5628529576834391,0.0,0.0,1.571,1.0,1.0,1641.4530867660906,1050.0,1641.4596043999438,1050.0,0.0007616924152307001,0.0
13510,1668463201000.0,0.0,0.0,0.8,1.5628529576834391,0.0,0.0,1.571,1.0,1.0,1641.4530867660906,1050.0,1641.4596043999438,1050.0,0.0007616924152307001,0.0
13511,1668466801000.0,0.0,0.0,0.8,1.5628529576834391,0.0,0.0,1.571,1.0,1.0,1641.4530867660906,1050.0,1641.4596043999438,1050.0,0.0007616924152307001,0.0
13512,1668470401000.0,0.0,0.0,0.0,1.5628529576834391,0.0,0.0,1.813,1.0,1.0,1641.4852761399438,1050.0,1641.4852761399438,1050.0,0.0,0.0
13513,1668474001000.0,0.0,0.0,0.7,1.7800000000000002,0.0,0.0,1.759,1.0,1.0,1641.4886445599436,1050.0,1641.4739445599437,1050.0,0.0007590670847034902,0.0
13514,1668477601000.0,0.0,0.0,0.7,1.7800000000000002,0.0,0.0,1.755,1.0,1.0,1641.4886445599436,1050.0,1641.4711445599437,1050.0,0.0007590670847034902,0.0
13515,1668481201000.0,0.0,0.0,1.6,1.7558125000000002,0.0,0.0,1.744,1.0,1.0,1641.4884882299436,1050.0,1641.4695882299436,1050.0,0.0017114344816571549,0.0
13516,1668484801000.0,0.0,0.0,0.7,1.7670103862973763,0.0,0.0,1.767,1.0,1.0,1641.5127230803512,1050.0,1641.512715809943,1050.0,0.0007535167123694706,0.0
13517,1668488401000.0,0.0,0.0,0.6,1.793975365707912,0.0,0.0,1.804,1.0,1.0,1641.5300522393677,1050.0,1641.536067019943,1050.0,0.000655720690557171,0.0
13518,1668492001000.0,0.0,0.0,1.4,1.7735643902022606,0.0,0.0,1.743,1.0,1.0,1641.5322445062263,1050.0,1641.4894543599432,1050.0,0.001512605161788978,0.0
13519,1668495601000.0,0.0,0.0,1.4,1.7735643902022606,0.0,0.0,1.752,1.0,1.0,1641.5322445062263,1050.0,1641.5020543599433,1050.0,0.001512605161788978,0.0
13520,1668499201000.0,0.0,0.0,1.4,1.7735643902022606,0.0,0.0,1.774,1.0,1.0,1641.5322445062263,1050.0,1641.5328543599433,1050.0,0.001512605161788978,0.0
13521,1668502801000.0,0.0,0.0,1.1,1.7735643902022606,0.0,0.0,1.767,1.0,1.0,1641.5359216091651,1050.0,1641.5287007799427,1050.0,0.0011884728220324522,0.0
13522,1668506401000.0,0.0,0.0,0.6,1.7954331397467498,0.0,0.0,1.812,1.0,1.0,1641.55665479379,1050.0,1641.5665949099418,1050.0,0.0006562428903700394,0.0
13523,1668510001000.0,0.0,0.0,0.6,1.8153135228879265,0.0,0.0,1.805,1.0,1.0,1641.566664433674,1050.0,1641.5604763199412,1050.0,0.0006635052583188975,0.0
13524,1668513601000.0,0.0,0.0,0.6,1.8153135228879265,0.0,0.0,1.81,1.0,1.0,1641.566664433674,1050.0,1641.5634763199414,1050.0,0.0006635052583188975,0.0
13525,1668517201000.0,0.0,0.0,0.6,1.8153135228879265,0.0,0.0,1.808,1.0,1.0,1641.566664433674,1050.0,1641.5622763199412,1050.0,0.0006635052583188975,0.0
13526,1668520801000.0,0.0,0.0,0.6,1.8453128919029373,0.0,0.0,1.851,1.0,1.0,1641.5808953550832,1050.0,1641.5843076199415,1050.0,0.0006744643156329322,0.0
13527,1668524401000.0,0.0,0.0,1.4,1.8199912393869733,0.0,0.0,1.804,1.0,1.0,1641.5807512750832,1050.0,1641.5583635399414,1050.0,0.001552154978159092,0.0
13528,1668528001000.0,0.0,0.0,0.5,1.832107217505322,0.0,0.0,1.822,1.0,1.0,1641.6042042186943,1050.0,1641.5991506099417,1050.0,0.0005580234300073859,0.0
13529,1668531601000.0,0.0,0.0,0.6,1.8367381450035483,0.0,0.0,1.836,1.0,1.0,1641.605438126944,1050.0,1641.6049952399417,1050.0,0.0006713201975375698,0.0
13530,1668535201000.0,0.0,0.0,0.6,1.8367381450035483,0.0,0.0,1.831,1.0,1.0,1641.605438126944,1050.0,1641.6019952399417,1050.0,0.0006713201975375698,0.0
13531,1668538801000.0,0.0,0.0,3.3,1.7857402687885242,0.0,0.0,1.759,1.0,1.0,1641.604959036944,1050.0,1641.5167161499419,1050.0,0.0035897448131852958,0.0
13532,1668542401000.0,0.0,0.0,3.3,1.7857402687885242,0.0,0.0,1.759,1.0,1.0,1641.604959036944,1050.0,1641.5167161499419,1050.0,0.0035897448131852958,0.0
13533,1668546001000.0,0.0,0.0,3.3,1.7857402687885242,0.0,0.0,1.761,1.0,1.0,1641.604959036944,1050.0,1641.5233161499418,1050.0,0.0035897448131852958,0.0
13534,1668549601000.0,0.0,0.0,3.3,1.7857402687885242,0.0,0.0,1.777,1.0,1.0,1641.604959036944,1050.0,1641.5761161499418,1050.0,0.0035897448131852958,0.0
13535,1668553201000.0,0.0,0.0,3.3,1.7857402687885242,0.0,0.0,1.775,1.0,1.0,1641.604959036944,1050.0,1641.5695161499418,1050.0,0.0035897448131852958,0.0
13536,1668556801000.0,0.0,0.0,3.3,1.7857402687885242,0.0,0.0,1.793,1.0,1.0,1641.604959036944,1050.0,1641.6289161499417,1050.0,0.0035897448131852958,0.0
13537,1668560401000.0,0.0,0.0,3.3,1.7857402687885242,0.0,0.0,1.776,1.0,1.0,1641.604959036944,1050.0,1641.5728161499417,1050.0,0.0035897448131852958,0.0
13538,1668564001000.0,0.0,0.0,3.3,1.7857402687885242,0.0,0.0,1.787,1.0,1.0,1641.604959036944,1050.0,1641.6091161499419,1050.0,0.0035897448131852958,0.0
13539,1668567601000.0,0.0,0.0,1.9,1.7857402687885242,0.0,0.0,1.789,1.0,1.0,1641.6218709406398,1050.0,1641.6280644299416,1050.0,0.002066801478926496,0.0
13540,1668571201000.0,0.0,0.0,0.6,1.8064548679088448,0.0,0.0,1.813,1.0,1.0,1641.6479142706871,1050.0,1641.6518413499418,1050.0,0.0006602347015601238,0.0
13541,1668574801000.0,0.0,0.0,0.6,1.8064548679088448,0.0,0.0,1.791,1.0,1.0,1641.6479142706871,1050.0,1641.6386413499417,1050.0,0.0006602347015601238,0.0
13542,1668578401000.0,0.0,0.0,0.6,1.8064548679088448,0.0,0.0,1.791,1.0,1.0,1641.6479142706871,1050.0,1641.6386413499417,1050.0,0.0006602347015601238,0.0
13543,1668582001000.0,0.0,0.0,0.6,1.8064548679088448,0.0,0.0,1.795,1.0,1.0,1641.6479142706871,1050.0,1641.6410413499418,1050.0,0.0006602347015601238,0.0
13544,1668585601000.0,0.0,0.0,0.6,1.8064548679088448,0.0,0.0,1.779,1.0,1.0,1641.6479142706871,1050.0,1641.6314413499417,1050.0,0.0006602347015601238,0.0
13545,1668589201000.0,0.0,0.0,1.4,1.7816235148180766,0.0,0.0,1.751,1.0,1.0,1641.647773230687,1050.0,1641.6049003099417,1050.0,0.0015193715493773022,0.0
13546,1668592801000.0,0.0,0.0,1.4,1.7816235148180766,0.0,0.0,1.769,1.0,1.0,1641.647773230687,1050.0,1641.6301003099418,1050.0,0.0015193715493773022,0.0
13547,1668596401000.0,0.0,0.0,1.4,1.7816235148180766,0.0,0.0,1.779,1.0,1.0,1641.647773230687,1050.0,1641.644100309942,1050.0,0.0015193715493773022,0.0
13548,1668600001000.0,0.0,0.0,1.4,1.7816235148180766,0.0,0.0,1.778,1.0,1.0,1641.647773230687,1050.0,1641.6427003099418,1050.0,0.0015193715493773022,0.0
13549,1668603601000.0,0.0,0.0,0.9,1.7816235148180766,0.0,0.0,1.806,1.0,1.0,1641.6556715932777,1050.0,1641.6776104299415,1050.0,0.0009767341538680033,0.0
13550,1668607201000.0,0.0,0.0,0.5,1.8159857858778188,0.0,0.0,1.805,1.0,1.0,1641.6787606728806,1050.0,1641.6732677799416,1050.0,0.0005530880429778767,0.0
13551,1668610801000.0,0.0,0.0,1.6,1.7812455580868183,0.0,0.0,1.748,1.0,1.0,1641.6785664728804,1050.0,1641.6253735799417,1050.0,0.0017360236961989901,0.0
13552,1668614401000.0,0.0,0.0,3.7,1.7567007818753808,0.0,0.0,1.745,1.0,1.0,1641.6782014928804,1050.0,1641.6349085999414,1050.0,0.003959236887611861,0.0
13553,1668618001000.0,0.0,0.0,0.6,1.8479878486602712,0.0,0.0,1.848,1.0,1.0,1641.790716929138,1050.0,1641.7907242199417,1050.0,0.0006753556940985065,0.0
13554,1668621601000.0,0.0,0.0,0.6,1.8479878486602712,0.0,0.0,1.815,1.0,1.0,1641.790716929138,1050.0,1641.770924219942,1050.0,0.0006753556940985065,0.0
13555,1668625201000.0,0.0,0.0,0.6,1.8479878486602712,0.0,0.0,1.839,1.0,1.0,1641.790716929138,1050.0,1641.7853242199417,1050.0,0.0006753556940985065,0.0
13556,1668628801000.0,0.0,0.0,0.6,1.8479878486602712,0.0,0.0,1.822,1.0,1.0,1641.790716929138,1050.0,1641.7751242199417,1050.0,0.0006753556940985065,0.0
13557,1668632401000.0,0.0,0.0,0.6,1.8479878486602712,0.0,0.0,1.837,1.0,1.0,1641.790716929138,1050.0,1641.7841242199418,1050.0,0.0006753556940985065,0.0
13558,1668636001000.0,0.0,0.0,1.4,1.822280506568688,0.0,0.0,1.79,1.0,1.0,1641.790572689138,1050.0,1641.7453799799416,1050.0,0.0015539087333273501,0.0
13559,1668639601000.0,0.0,0.0,1.4,1.822280506568688,0.0,0.0,1.793,1.0,1.0,1641.790572689138,1050.0,1641.7495799799417,1050.0,0.0015539087333273501,0.0
13560,1668643201000.0,0.0,0.0,1.4,1.822280506568688,0.0,0.0,1.794,1.0,1.0,1641.790572689138,1050.0,1641.7509799799418,1050.0,0.0015539087333273501,0.0
13561,1668646801000.0,0.0,0.0,1.4,1.822280506568688,0.0,0.0,1.82,1.0,1.0,1641.790572689138,1050.0,1641.7873799799418,1050.0,0.0015539087333273501,0.0
13562,1668650401000.0,0.0,0.0,1.4,1.822280506568688,0.0,0.0,1.801,1.0,1.0,1641.790572689138,1050.0,1641.7607799799416,1050.0,0.0015539087333273501,0.0
13563,1668654001000.0,0.0,0.0,1.4,1.822280506568688,0.0,0.0,1.781,1.0,1.0,1641.790572689138,1050.0,1641.7327799799418,1050.0,0.0015539087333273501,0.0
13564,1668657601000.0,0.0,0.0,3.3,1.7967856694533828,0.0,0.0,1.766,1.0,1.0,1641.790234869138,1050.0,1641.6886421599418,1050.0,0.0036115409771996705,0.0
13565,1668661201000.0,0.0,0.0,1.6,1.7711938583371643,0.0,0.0,1.795,1.0,1.0,1641.8673931232815,1050.0,1641.905482949942,1050.0,0.0017260286581053234,0.0
13566,1668664801000.0,0.0,0.0,0.6,1.7982426246924934,0.0,0.0,1.808,1.0,1.0,1641.9102314247573,1050.0,1641.9160858499417,1050.0,0.0006571282364683529,0.0
13567,1668668401000.0,0.0,0.0,0.6,1.806996722085553,0.0,0.0,1.807,1.0,1.0,1641.914938843193,1050.0,1641.9149408099418,1050.0,0.0006603253357419359,0.0
13568,1668672001000.0,0.0,0.0,0.6,1.816887432038024,0.0,0.0,1.815,1.0,1.0,1641.9197274091644,1050.0,1641.9185949499415,1050.0,0.0006639377315619247,0.0
13569,1668675601000.0,0.0,0.0,0.6,1.816887432038024,0.0,0.0,1.792,1.0,1.0,1641.9197274091644,1050.0,1641.9047949499416,1050.0,0.0006639377315619247,0.0
13570,1668679201000.0,0.0,0.0,1.4,1.7918088994448675,0.0,0.0,1.766,1.0,1.0,1641.9195855691644,1050.0,1641.8834531099415,1050.0,0.001527804699615202,0.0
13571,1668682801000.0,0.0,0.0,1.4,1.7918088994448675,0.0,0.0,1.761,1.0,1.0,1641.9195855691644,1050.0,1641.8764531099416,1050.0,0.001527804699615202,0.0
13572,1668686401000.0,0.0,0.0,1.4,1.7918088994448675,0.0,0.0,1.774,1.0,1.0,1641.9195855691644,1050.0,1641.8946531099416,1050.0,0.001527804699615202,0.0
13573,1668690001000.0,0.0,0.0,1.4,1.7918088994448675,0.0,0.0,1.778,1.0,1.0,1641.9195855691644,1050.0,1641.9002531099416,1050.0,0.001527804699615202,0.0
13574,1668693601000.0,0.0,0.0,2.9,1.7665855937038832,0.0,0.0,1.747,1.0,1.0,1641.9241480516828,1050.0,1641.8673498299415,1050.0,0.0031201795940575946,0.0
13575,1668697201000.0,0.0,0.0,6.8,1.7415879737854796,0.0,0.0,1.722,1.0,1.0,1641.9234760816828,1050.0,1641.7902778599416,1050.0,0.007212758934419488,0.0
13576,1668700801000.0,0.0,0.0,4.2,1.7415879737854796,0.0,0.0,1.717,1.0,1.0,1641.9526915698405,1050.0,1641.8494220799414,1050.0,0.004454860074504092,0.0
13577,1668704401000.0,0.0,0.0,4.2,1.7415879737854796,0.0,0.0,1.717,1.0,1.0,1641.9526915698405,1050.0,1641.8494220799414,1050.0,0.004454860074504092,0.0
13578,1668708001000.0,0.0,0.0,4.2,1.7415879737854796,0.0,0.0,1.721,1.0,1.0,1641.9526915698405,1050.0,1641.8662220799415,1050.0,0.004454860074504092,0.0
13579,1668711601000.0,0.0,0.0,4.2,1.7415879737854796,0.0,0.0,1.737,1.0,1.0,1641.9526915698405,1050.0,1641.9334220799415,1050.0,0.004454860074504092,0.0
13580,1668715201000.0,0.0,0.0,4.2,1.7415879737854796,0.0,0.0,1.725,1.0,1.0,1641.9526915698405,1050.0,1641.8830220799414,1050.0,0.004454860074504092,0.0
13581,1668718801000.0,0.0,0.0,4.2,1.7415879737854796,0.0,0.0,1.74,1.0,1.0,1641.9526915698405,1050.0,1641.9460220799415,1050.0,0.004454860074504092,0.0
13582,1668722401000.0,0.0,0.0,4.2,1.7415879737854796,0.0,0.0,1.739,1.0,1.0,1641.9526915698405,1050.0,1641.9418220799414,1050.0,0.004454860074504092,0.0
13583,1668726001000.0,0.0,0.0,4.2,1.7415879737854796,0.0,0.0,1.735,1.0,1.0,1641.9526915698405,1050.0,1641.9250220799415,1050.0,0.004454860074504092,0.0
13584,1668729601000.0,0.0,0.0,4.2,1.7415879737854796,0.0,0.0,1.722,1.0,1.0,1641.9526915698405,1050.0,1641.8704220799414,1050.0,0.004454860074504092,0.0
13585,1668733201000.0,0.0,0.0,4.2,1.7415879737854796,0.0,0.0,1.75,1.0,1.0,1641.9526915698405,1050.0,1641.9880220799414,1050.0,0.004454860074504092,0.0
13586,1668736801000.0,0.0,0.0,4.2,1.7415879737854796,0.0,0.0,1.744,1.0,1.0,1641.9526915698405,1050.0,1641.9628220799414,1050.0,0.004454860074504092,0.0
13587,1668740401000.0,0.0,0.0,1.5,1.7415879737854796,0.0,0.0,1.748,1.0,1.0,1641.983030730619,1050.0,1641.9926487699408,1050.0,0.0015909920576437444,0.0
13588,1668744001000.0,0.0,0.0,0.7,1.7451342669896284,0.0,0.0,1.744,1.0,1.0,1641.9942323768348,1050.0,1641.9934383899422,1050.0,0.0007439697185321087,0.0
13589,1668747601000.0,0.0,0.0,0.7,1.7451342669896284,0.0,0.0,1.742,1.0,1.0,1641.9942323768348,1050.0,1641.992038389942,1050.0,0.0007439697185321087,0.0
13590,1668751201000.0,0.0,0.0,0.7,1.7451342669896284,0.0,0.0,1.741,1.0,1.0,1641.9942323768348,1050.0,1641.991338389942,1050.0,0.0007439697185321087,0.0
13591,1668754801000.0,0.0,0.0,0.7,1.7451342669896284,0.0,0.0,1.737,1.0,1.0,1641.9942323768348,1050.0,1641.988538389942,1050.0,0.0007439697185321087,0.0
13592,1668758401000.0,0.0,0.0,0.7,1.7451342669896284,0.0,0.0,1.733,1.0,1.0,1641.9942323768348,1050.0,1641.985738389942,1050.0,0.0007439697185321087,0.0
13593,1668762001000.0,0.0,0.0,0.7,1.7451342669896284,0.0,0.0,1.729,1.0,1.0,1641.9942323768348,1050.0,1641.982938389942,1050.0,0.0007439697185321087,0.0
13594,1668765601000.0,0.0,0.0,0.7,1.7451342669896284,0.0,0.0,1.727,1.0,1.0,1641.9942323768348,1050.0,1641.981538389942,1050.0,0.0007439697185321087,0.0
13595,1668769201000.0,0.0,0.0,0.7,1.7451342669896284,0.0,0.0,1.725,1.0,1.0,1641.9942323768348,1050.0,1641.980138389942,1050.0,0.0007439697185321087,0.0
13596,1668772801000.0,0.0,0.0,0.7,1.7451342669896284,0.0,0.0,1.72,1.0,1.0,1641.9942323768348,1050.0,1641.976638389942,1050.0,0.0007439697185321087,0.0
13597,1668776401000.0,0.0,0.0,0.7,1.7451342669896284,0.0,0.0,1.732,1.0,1.0,1641.9942323768348,1050.0,1641.985038389942,1050.0,0.0007439697185321087,0.0
13598,1668780001000.0,0.0,0.0,0.7,1.7451342669896284,0.0,0.0,1.727,1.0,1.0,1641.9942323768348,1050.0,1641.981538389942,1050.0,0.0007439697185321087,0.0
13599,1668783601000.0,0.0,0.0,0.7,1.7451342669896284,0.0,0.0,1.726,1.0,1.0,1641.9942323768348,1050.0,1641.9808383899422,1050.0,0.0007439697185321087,0.0
13600,1668787201000.0,0.0,0.0,0.7,1.7451342669896284,0.0,0.0,1.722,1.0,1.0,1641.9942323768348,1050.0,1641.9780383899422,1050.0,0.0007439697185321087,0.0
13601,1668790801000.0,0.0,0.0,0.7,1.7451342669896284,0.0,0.0,1.716,1.0,1.0,1641.9942323768348,1050.0,1641.973838389942,1050.0,0.0007439697185321087,0.0
13602,1668794401000.0,0.0,0.0,1.6,1.7214337418079624,0.0,0.0,1.716,1.0,1.0,1641.9940791068348,1050.0,1641.985385119942,1050.0,0.0016774079894313276,0.0
13603,1668798001000.0,0.0,0.0,0.7,1.7214337418079624,0.0,0.0,1.731,1.0,1.0,1642.004332769208,1050.0,1642.0110291499425,1050.0,0.0007338614126756648,0.0
13604,1668801601000.0,0.0,0.0,0.7,1.7360875004706278,0.0,0.0,1.744,1.0,1.0,1642.0135121202716,1050.0,1642.019050869942,1050.0,0.0007401042935147454,0.0
13605,1668805201000.0,0.0,0.0,0.7,1.7507932893769858,0.0,0.0,1.752,1.0,1.0,1642.0227255325062,1050.0,1642.0235702299424,1050.0,0.0007463692697471306,0.0
13606,1668808801000.0,0.0,0.0,0.7,1.7507932893769858,0.0,0.0,1.752,1.0,1.0,1642.0227255325062,1050.0,1642.0235702299424,1050.0,0.0007463692697471306,0.0
13607,1668812401000.0,0.0,0.0,0.7,1.7507932893769858,0.0,0.0,1.748,1.0,1.0,1642.0227255325062,1050.0,1642.0207702299424,1050.0,0.0007463692697471306,0.0
13608,1668816001000.0,0.0,0.0,0.7,1.7507932893769858,0.0,0.0,1.751,1.0,1.0,1642.0227255325062,1050.0,1642.0228702299423,1050.0,0.0007463692697471306,0.0
13609,1668819601000.0,0.0,0.0,0.7,1.7507932893769858,0.0,0.0,1.746,1.0,1.0,1642.0227255325062,1050.0,1642.0193702299423,1050.0,0.0007463692697471306,0.0
13610,1668823201000.0,0.0,0.0,0.7,1.7507932893769858,0.0,0.0,1.738,1.0,1.0,1642.0227255325062,1050.0,1642.0137702299423,1050.0,0.0007463692697471306,0.0
13611,1668826801000.0,0.0,0.0,0.7,1.7507932893769858,0.0,0.0,1.742,1.0,1.0,1642.0227255325062,1050.0,1642.0165702299423,1050.0,0.0007463692697471306,0.0
13612,1668830401000.0,0.0,0.0,0.7,1.7507932893769858,0.0,0.0,1.742,1.0,1.0,1642.0227255325062,1050.0,1642.0165702299423,1050.0,0.0007463692697471306,0.0
13613,1668834001000.0,0.0,0.0,0.7,1.7507932893769858,0.0,0.0,1.73,1.0,1.0,1642.0227255325062,1050.0,1642.0081702299424,1050.0,0.0007463692697471306,0.0
13614,1668837601000.0,0.0,0.0,1.6,1.726722064102431,0.0,0.0,1.707,1.0,1.0,1642.0225718125062,1050.0,1641.9910165099423,1050.0,0.0016825318664860315,0.0
13615,1668841201000.0,0.0,0.0,1.6,1.726722064102431,0.0,0.0,1.707,1.0,1.0,1642.0225718125062,1050.0,1641.9910165099423,1050.0,0.0016825318664860315,0.0
13616,1668844801000.0,0.0,0.0,1.6,1.726722064102431,0.0,0.0,1.696,1.0,1.0,1642.0225718125062,1050.0,1641.9734165099424,1050.0,0.0016825318664860315,0.0
13617,1668848401000.0,0.0,0.0,1.6,1.726722064102431,0.0,0.0,1.708,1.0,1.0,1642.0225718125062,1050.0,1641.9926165099423,1050.0,0.0016825318664860315,0.0
13618,1668852001000.0,0.0,0.0,1.6,1.726722064102431,0.0,0.0,1.712,1.0,1.0,1642.0225718125062,1050.0,1641.9990165099423,1050.0,0.0016825318664860315,0.0
13619,1668855601000.0,0.0,0.0,1.6,1.726722064102431,0.0,0.0,1.718,1.0,1.0,1642.0225718125062,1050.0,1642.0086165099422,1050.0,0.0016825318664860315,0.0
13620,1668859201000.0,0.0,0.0,1.6,1.726722064102431,0.0,0.0,1.723,1.0,1.0,1642.0225718125062,1050.0,1642.0166165099422,1050.0,0.0016825318664860315,0.0
13621,1668862801000.0,0.0,0.0,1.6,1.726722064102431,0.0,0.0,1.723,1.0,1.0,1642.0225718125062,1050.0,1642.0166165099422,1050.0,0.0016825318664860315,0.0
13622,1668866401000.0,0.0,0.0,1.6,1.726722064102431,0.0,0.0,1.723,1.0,1.0,1642.0225718125062,1050.0,1642.0166165099422,1050.0,0.0016825318664860315,0.0
13623,1668870001000.0,0.0,0.0,1.6,1.726722064102431,0.0,0.0,1.719,1.0,1.0,1642.0225718125062,1050.0,1642.0102165099422,1050.0,0.0016825318664860315,0.0
13624,1668873601000.0,0.0,0.0,1.0,1.726722064102431,0.0,0.0,1.744,1.0,1.0,1642.030234194045,1050.0,1642.0475121299426,1050.0,0.0010515775094421176,0.0
13625,1668877201000.0,0.0,0.0,0.7,1.726722064102431,0.0,0.0,1.744,1.0,1.0,1642.0335654348148,1050.0,1642.045659989943,1050.0,0.0007361027632535838,0.0
13626,1668880801000.0,0.0,0.0,0.7,1.7305157600731653,0.0,0.0,1.734,1.0,1.0,1642.0357514619946,1050.0,1642.0381904299434,1050.0,0.0007377190362467287,0.0
13627,1668884401000.0,0.0,0.0,0.7,1.7305157600731653,0.0,0.0,1.732,1.0,1.0,1642.0357514619946,1050.0,1642.0367904299433,1050.0,0.0007377190362467287,0.0
13628,1668888001000.0,0.0,0.0,0.7,1.7305157600731653,0.0,0.0,1.733,1.0,1.0,1642.0357514619946,1050.0,1642.0374904299433,1050.0,0.0007377190362467287,0.0
13629,1668891601000.0,0.0,0.0,0.7,1.7305157600731653,0.0,0.0,1.733,1.0,1.0,1642.0357514619946,1050.0,1642.0374904299433,1050.0,0.0007377190362467287,0.0
13630,1668895201000.0,0.0,0.0,0.6,1.7305157600731653,0.0,0.0,1.736,1.0,1.0,1642.0368824659872,1050.0,1642.0401730099434,1050.0,0.0006323301669598195,0.0
13631,1668898801000.0,0.0,0.0,0.7,1.7453945647837275,0.0,0.0,1.751,1.0,1.0,1642.0448868852918,1050.0,1642.0488106899431,1050.0,0.000744057732591057,0.0
13632,1668902401000.0,0.0,0.0,0.7,1.7453945647837275,0.0,0.0,1.745,1.0,1.0,1642.0448868852918,1050.0,1642.0446106899433,1050.0,0.000744057732591057,0.0
13633,1668906001000.0,0.0,0.0,0.7,1.7453945647837275,0.0,0.0,1.748,1.0,1.0,1642.0448868852918,1050.0,1642.0467106899432,1050.0,0.000744057732591057,0.0
13634,1668909601000.0,0.0,0.0,0.7,1.7453945647837275,0.0,0.0,1.752,1.0,1.0,1642.0448868852918,1050.0,1642.0495106899432,1050.0,0.000744057732591057,0.0
13635,1668913201000.0,0.0,0.0,0.7,1.7565082233176852,0.0,0.0,1.752,1.0,1.0,1642.0518550662657,1050.0,1642.0486993099432,1050.0,0.0007487922823684275,0.0
13636,1668916801000.0,0.0,0.0,0.7,1.7565082233176852,0.0,0.0,1.752,1.0,1.0,1642.0518550662657,1050.0,1642.0486993099432,1050.0,0.0007487922823684275,0.0
13637,1668920401000.0,0.0,0.0,0.7,1.7600773023697753,0.0,0.0,1.767,1.0,1.0,1642.054082681602,1050.0,1642.0589285699432,1050.0,0.0007503127483150874,0.0
13638,1668924001000.0,0.0,0.0,0.6,1.7600773023697753,0.0,0.0,1.762,1.0,1.0,1642.0552572313652,1050.0,1642.0564108499434,1050.0,0.0006431247528188807,0.0
13639,1668927601000.0,0.0,0.0,0.7,1.767549644066212,0.0,0.0,1.775,1.0,1.0,1642.05877136079,1050.0,1642.0639866099436,1050.0,0.000753496021230104,0.0
13640,1668931201000.0,0.0,0.0,0.7,1.7749947163603124,0.0,0.0,1.783,1.0,1.0,1642.063440351396,1050.0,1642.0690440499436,1050.0,0.000756667660286212,0.0
13641,1668934801000.0,0.0,0.0,0.7,1.7825075083470985,0.0,0.0,1.761,1.0,1.0,1642.0681561457868,1050.0,1642.0531008899438,1050.0,0.0007598681279902916,0.0
13642,1668938401000.0,0.0,0.0,0.7,1.7825075083470985,0.0,0.0,1.771,1.0,1.0,1642.0681561457868,1050.0,1642.060100889944,1050.0,0.0007598681279902916,0.0
13643,1668942001000.0,0.0,0.0,0.7,1.7825075083470985,0.0,0.0,1.773,1.0,1.0,1642.0681561457868,1050.0,1642.0615008899438,1050.0,0.0007598681279902916,0.0
13644,1668945601000.0,0.0,0.0,1.6,1.7580345349018556,0.0,0.0,1.722,1.0,1.0,1642.067999635787,1050.0,1642.010344379944,1050.0,0.001712995598517762,0.0
13645,1668949201000.0,0.0,0.0,3.7,1.7336095286062079,0.0,0.0,1.731,1.0,1.0,1642.067639485787,1050.0,1642.057984229944,1050.0,0.003906267379979319,0.0
13646,1668952801000.0,0.0,0.0,1.1,1.7336095286062079,0.0,0.0,1.741,1.0,1.0,1642.0968010114107,1050.0,1642.1049305299439,1050.0,0.001161302110991432,0.0
13647,1668956401000.0,0.0,0.0,1.1,1.7336095286062079,0.0,0.0,1.736,1.0,1.0,1642.0968010114107,1050.0,1642.099430529944,1050.0,0.001161302110991432,0.0
13648,1668960001000.0,0.0,0.0,1.1,1.7336095286062079,0.0,0.0,1.73,1.0,1.0,1642.0968010114107,1050.0,1642.0928305299437,1050.0,0.001161302110991432,0.0
13649,1668963601000.0,0.0,0.0,1.1,1.7336095286062079,0.0,0.0,1.726,1.0,1.0,1642.0968010114107,1050.0,1642.088430529944,1050.0,0.001161302110991432,0.0
13650,1668967201000.0,0.0,0.0,1.1,1.7336095286062079,0.0,0.0,1.725,1.0,1.0,1642.0968010114107,1050.0,1642.0873305299438,1050.0,0.001161302110991432,0.0
13651,1668970801000.0,0.0,0.0,1.1,1.7336095286062079,0.0,0.0,1.738,1.0,1.0,1642.0968010114107,1050.0,1642.1016305299438,1050.0,0.001161302110991432,0.0
13652,1668974401000.0,0.0,0.0,1.1,1.7336095286062079,0.0,0.0,1.737,1.0,1.0,1642.0968010114107,1050.0,1642.1005305299439,1050.0,0.001161302110991432,0.0
13653,1668978001000.0,0.0,0.0,1.1,1.7336095286062079,0.0,0.0,1.731,1.0,1.0,1642.0968010114107,1050.0,1642.093930529944,1050.0,0.001161302110991432,0.0
13654,1668981601000.0,0.0,0.0,2.6,1.7090271082564725,0.0,0.0,1.69,1.0,1.0,1642.0965473614106,1050.0,1642.0470768799437,1050.0,0.002705973950561423,0.0
13655,1668985201000.0,0.0,0.0,2.6,1.7090271082564725,0.0,0.0,1.682,1.0,1.0,1642.0965473614106,1050.0,1642.0262768799437,1050.0,0.002705973950561423,0.0
13656,1668988801000.0,0.0,0.0,6.1,1.6849131936830868,0.0,0.0,1.665,1.0,1.0,1642.0959639114105,1050.0,1641.9744934299438,1050.0,0.006259055930559071,0.0
13657,1668992401000.0,0.0,0.0,6.1,1.6849131936830868,0.0,0.0,1.679,1.0,1.0,1642.0959639114105,1050.0,1642.0598934299437,1050.0,0.006259055930559071,0.0
13658,1668996001000.0,0.0,0.0,6.1,1.6849131936830868,0.0,0.0,1.65,1.0,1.0,1642.0959639114105,1050.0,1641.8829934299438,1050.0,0.006259055930559071,0.0
13659,1668999601000.0,0.0,0.0,33.1,1.6358782622799644,0.0,0.0,1.616,1.0,1.0,1642.0915769514106,1050.0,1641.4336064699437,1050.0,0.03297475685369102,0.0
13660,1669003201000.0,0.0,0.0,33.1,1.6358782622799644,0.0,0.0,1.611,1.0,1.0,1642.0915769514106,1050.0,1641.2681064699439,1050.0,0.03297475685369102,0.0
13661,1669006801000.0,0.0,0.0,33.1,1.6358782622799644,0.0,0.0,1.619,1.0,1.0,1642.0915769514106,1050.0,1641.5329064699438,1050.0,0.03297475685369102,0.0
13662,1669010401000.0,0.0,0.0,33.1,1.6358782622799644,0.0,0.0,1.629,1.0,1.0,1642.0915769514106,1050.0,1641.8639064699437,1050.0,0.03297475685369102,0.0
13663,1669014001000.0,0.0,0.0,33.1,1.6358782622799644,0.0,0.0,1.608,1.0,1.0,1642.0915769514106,1050.0,1641.1688064699438,1050.0,0.03297475685369102,0.0
13664,1669017601000.0,0.0,0.0,33.1,1.6358782622799644,0.0,0.0,1.603,1.0,1.0,1642.0915769514106,1050.0,1641.0033064699437,1050.0,0.03297475685369102,0.0
13665,1669021201000.0,0.0,0.0,77.2,1.6085281150449071,0.0,0.0,1.588,1.0,1.0,1642.0845738714106,1050.0,1640.4998033899437,1050.0,0.07562239634752885,0.0
13666,1669024801000.0,0.0,0.0,77.2,1.6085281150449071,0.0,0.0,1.595,1.0,1.0,1642.0845738714106,1050.0,1641.0402033899438,1050.0,0.07562239634752885,0.0
13667,1669028401000.0,0.0,0.0,77.2,1.6085281150449071,0.0,0.0,1.603,1.0,1.0,1642.0845738714106,1050.0,1641.6578033899439,1050.0,0.07562239634752885,0.0
13668,1669032001000.0,0.0,0.0,77.2,1.6085281150449071,0.0,0.0,1.596,1.0,1.0,1642.0845738714106,1050.0,1641.1174033899438,1050.0,0.07562239634752885,0.0
13669,1669035601000.0,0.0,0.0,77.2,1.6085281150449071,0.0,0.0,1.6,1.0,1.0,1642.0845738714106,1050.0,1641.4262033899438,1050.0,0.07562239634752885,0.0
13670,1669039201000.0,0.0,0.0,77.2,1.6085281150449071,0.0,0.0,1.613,1.0,1.0,1642.0845738714106,1050.0,1642.4298033899438,1050.0,0.07562239634752885,0.0
13671,1669042801000.0,0.0,0.0,14.0,1.6085281150449071,0.0,0.0,1.615,1.0,1.0,1642.7993586005718,1050.0,1642.889964989943,1050.0,0.013707939130078537,0.0
13672,1669046401000.0,0.0,0.0,2.2,1.6085281150449071,0.0,0.0,1.619,1.0,1.0,1642.9328152430428,1050.0,1642.955853389944,1050.0,0.0021539297409281454,0.0
13673,1669050001000.0,0.0,0.0,2.2,1.6085281150449071,0.0,0.0,1.613,1.0,1.0,1642.9328152430428,1050.0,1642.942653389944,1050.0,0.0021539297409281454,0.0
13674,1669053601000.0,0.0,0.0,2.2,1.6085281150449071,0.0,0.0,1.588,1.0,1.0,1642.9328152430428,1050.0,1642.887653389944,1050.0,0.0021539297409281454,0.0
13675,1669057201000.0,0.0,0.0,5.1,1.586051343744862,0.0,0.0,1.575,1.0,1.0,1642.9323602330428,1050.0,1642.875998379944,1050.0,0.004923429624303842,0.0
13676,1669060801000.0,0.0,0.0,11.9,1.5631648616049407,0.0,0.0,1.563,1.0,1.0,1642.9313089530428,1050.0,1642.9293470999442,1050.0,0.011322239555439902,0.0
13677,1669064401000.0,0.0,0.0,0.7,1.588679732820945,0.0,0.0,1.591,1.0,1.0,1643.1151997229172,1050.0,1643.1168239099425,1050.0,0.0006768094003160544,0.0
13678,1669068001000.0,0.0,0.0,0.7,1.592199809157818,0.0,0.0,1.59,1.0,1.0,1643.117399756353,1050.0,1643.1158598899426,1050.0,0.0006783081151570424,0.0
13679,1669071601000.0,0.0,0.0,0.7,1.592199809157818,0.0,0.0,1.591,1.0,1.0,1643.117399756353,1050.0,1643.1165598899427,1050.0,0.0006783081151570424,0.0
13680,1669075201000.0,0.0,0.0,0.7,1.5958570065412987,0.0,0.0,1.592,1.0,1.0,1643.1194956345212,1050.0,1643.1167957299422,1050.0,0.0006798652852375292,0.0
13681,1669078801000.0,0.0,0.0,0.6,1.602661738031275,0.0,0.0,1.612,1.0,1.0,1643.1248479127605,1050.0,1643.1304508699418,1050.0,0.0005852245762336738,0.0
13682,1669082401000.0,0.0,0.0,0.6,1.602661738031275,0.0,0.0,1.606,1.0,1.0,1643.1248479127605,1050.0,1643.1268508699418,1050.0,0.0005852245762336738,0.0
13683,1669086001000.0,0.0,0.0,0.5,1.602661738031275,0.0,0.0,1.615,1.0,1.0,1643.1259655989572,1050.0,1643.1321347299415,1050.0,0.00048768681512712506,0.0
13684,1669089601000.0,0.0,0.0,0.7,1.6132615663379286,0.0,0.0,1.62,1.0,1.0,1643.1301559463782,1050.0,1643.1348728499415,1050.0,0.0006872754981397852,0.0
13685,1669093201000.0,0.0,0.0,0.7,1.6132615663379286,0.0,0.0,1.614,1.0,1.0,1643.1301559463782,1050.0,1643.1306728499417,1050.0,0.0006872754981397852,0.0
13686,1669096801000.0,0.0,0.0,0.7,1.6132615663379286,0.0,0.0,1.616,1.0,1.0,1643.1301559463782,1050.0,1643.1320728499416,1050.0,0.0006872754981397852,0.0
13687,1669100401000.0,0.0,0.0,0.7,1.6132615663379286,0.0,0.0,1.594,1.0,1.0,1643.1301559463782,1050.0,1643.1166728499416,1050.0,0.0006872754981397852,0.0
13688,1669104001000.0,0.0,0.0,0.7,1.6132615663379286,0.0,0.0,1.59,1.0,1.0,1643.1301559463782,1050.0,1643.1138728499416,1050.0,0.0006872754981397852,0.0
13689,1669107601000.0,0.0,0.0,1.6,1.5911769352728435,0.0,0.0,1.578,1.0,1.0,1643.1300142863781,1050.0,1643.1089311899416,1050.0,0.0015494106213757182,0.0
13690,1669111201000.0,0.0,0.0,1.6,1.5911769352728435,0.0,0.0,1.571,1.0,1.0,1643.1300142863781,1050.0,1643.0977311899417,1050.0,0.0015494106213757182,0.0
13691,1669114801000.0,0.0,0.0,1.6,1.5911769352728435,0.0,0.0,1.588,1.0,1.0,1643.1300142863781,1050.0,1643.1249311899417,1050.0,0.0015494106213757182,0.0
13692,1669118401000.0,0.0,0.0,1.6,1.5911769352728435,0.0,0.0,1.581,1.0,1.0,1643.1300142863781,1050.0,1643.1137311899415,1050.0,0.0015494106213757182,0.0
13693,1669122001000.0,0.0,0.0,1.3,1.5911769352728435,0.0,0.0,1.606,1.0,1.0,1643.1332131457964,1050.0,1643.1524831299416,1050.0,0.001258893679042902,0.0
13694,1669125601000.0,0.0,0.0,0.7,1.6543939338034939,0.0,0.0,1.663,1.0,1.0,1643.1893378636048,1050.0,1643.1953621099424,1050.0,0.0007047731670217137,0.0
13695,1669129201000.0,0.0,0.0,0.7,1.6579956670024958,0.0,0.0,1.648,1.0,1.0,1643.1915924168438,1050.0,1643.184595449942,1050.0,0.0007063065392117267,0.0
13696,1669132801000.0,0.0,0.0,0.7,1.6579956670024958,0.0,0.0,1.658,1.0,1.0,1643.1915924168438,1050.0,1643.191595449942,1050.0,0.0007063065392117267,0.0
13697,1669136401000.0,0.0,0.0,0.7,1.6579956670024958,0.0,0.0,1.655,1.0,1.0,1643.1915924168438,1050.0,1643.1894954499421,1050.0,0.0007063065392117267,0.0
13698,1669140001000.0,0.0,0.0,0.7,1.6579956670024958,0.0,0.0,1.651,1.0,1.0,1643.1915924168438,1050.0,1643.1866954499421,1050.0,0.0007063065392117267,0.0
13699,1669143601000.0,0.0,0.0,0.7,1.6579956670024958,0.0,0.0,1.657,1.0,1.0,1643.1915924168438,1050.0,1643.190895449942,1050.0,0.0007063065392117267,0.0
13700,1669147201000.0,0.0,0.0,0.7,1.6579956670024958,0.0,0.0,1.66,1.0,1.0,1643.1915924168438,1050.0,1643.1929954499421,1050.0,0.0007063065392117267,0.0
13701,1669150801000.0,0.0,0.0,0.7,1.674019144898687,0.0,0.0,1.672,1.0,1.0,1643.2000738813717,1050.0,1643.1986604799426,1050.0,0.0007131288636454127,0.0
13702,1669154401000.0,0.0,0.0,0.7,1.674019144898687,0.0,0.0,1.675,1.0,1.0,1643.2000738813717,1050.0,1643.2007604799426,1050.0,0.0007131288636454127,0.0
13703,1669158001000.0,0.0,0.0,0.7,1.6878087262750319,0.0,0.0,1.681,1.0,1.0,1643.2077232883348,1050.0,1643.2029571799424,1050.0,0.0007189998511132907,0.0
13704,1669161601000.0,0.0,0.0,0.7,1.6878087262750319,0.0,0.0,1.689,1.0,1.0,1643.2077232883348,1050.0,1643.2085571799423,1050.0,0.0007189998511132907,0.0
13705,1669165201000.0,0.0,0.0,0.7,1.6878087262750319,0.0,0.0,1.689,1.0,1.0,1643.2077232883348,1050.0,1643.2085571799423,1050.0,0.0007189998511132907,0.0
13706,1669168801000.0,0.0,0.0,0.7,1.6878087262750319,0.0,0.0,1.669,1.0,1.0,1643.2077232883348,1050.0,1643.1945571799422,1050.0,0.0007189998511132907,0.0
13707,1669172401000.0,0.0,0.0,0.6,1.718870592540025,0.0,0.0,1.729,1.0,1.0,1643.2266477954677,1050.0,1643.2327254399436,1050.0,0.0006276202719251322,0.0
13708,1669176001000.0,0.0,0.0,0.7,1.7226218518143035,0.0,0.0,1.733,1.0,1.0,1643.2278087862137,1050.0,1643.2350734899437,1050.0,0.0007338211353425879,0.0
13709,1669179601000.0,0.0,0.0,0.7,1.7388563599906357,0.0,0.0,1.702,1.0,1.0,1643.2374635719366,1050.0,1643.2116641199432,1050.0,0.0007407325349968563,0.0
13710,1669183201000.0,0.0,0.0,0.7,1.7388563599906357,0.0,0.0,1.703,1.0,1.0,1643.2374635719366,1050.0,1643.2123641199432,1050.0,0.0007407325349968563,0.0
13711,1669186801000.0,0.0,0.0,0.7,1.7388563599906357,0.0,0.0,1.709,1.0,1.0,1643.2374635719366,1050.0,1643.216564119943,1050.0,0.0007407325349968563,0.0
13712,1669190401000.0,0.0,0.0,0.7,1.7388563599906357,0.0,0.0,1.707,1.0,1.0,1643.2374635719366,1050.0,1643.2151641199432,1050.0,0.0007407325349968563,0.0
13713,1669194001000.0,0.0,0.0,0.7,1.7388563599906357,0.0,0.0,1.709,1.0,1.0,1643.2374635719366,1050.0,1643.216564119943,1050.0,0.0007407325349968563,0.0
13714,1669197601000.0,0.0,0.0,1.6,1.715312157495903,0.0,0.0,1.696,1.0,1.0,1643.2373108419365,1050.0,1643.206411389943,1050.0,0.001670178393519595,0.0
13715,1669201201000.0,0.0,0.0,0.9,1.715312157495903,0.0,0.0,1.725,1.0,1.0,1643.24537144169,1050.0,1643.2540904999437,1050.0,0.0009394707379530832,0.0
13716,1669204801000.0,0.0,0.0,0.7,1.7261924772215391,0.0,0.0,1.725,1.0,1.0,1643.254482953999,1050.0,1643.253648219944,1050.0,0.0007353302526112161,0.0
13717,1669208401000.0,0.0,0.0,0.7,1.7261924772215391,0.0,0.0,1.722,1.0,1.0,1643.254482953999,1050.0,1643.251548219944,1050.0,0.0007353302526112161,0.0
13718,1669212001000.0,0.0,0.0,0.7,1.7261924772215391,0.0,0.0,1.716,1.0,1.0,1643.254482953999,1050.0,1643.247348219944,1050.0,0.0007353302526112161,0.0
13719,1669215601000.0,0.0,0.0,0.7,1.7261924772215391,0.0,0.0,1.722,1.0,1.0,1643.254482953999,1050.0,1643.251548219944,1050.0,0.0007353302526112161,0.0
13720,1669219201000.0,0.0,0.0,0.6,1.7298517694439566,0.0,0.0,1.74,1.0,1.0,1643.2579723216104,1050.0,1643.2640612599441,1050.0,0.0006316178464663119,0.0
13721,1669222801000.0,0.0,0.0,0.6,1.7298517694439566,0.0,0.0,1.712,1.0,1.0,1643.2579723216104,1050.0,1643.247261259944,1050.0,0.0006316178464663119,0.0
13722,1669226401000.0,0.0,0.0,0.6,1.7298517694439566,0.0,0.0,1.729,1.0,1.0,1643.2579723216104,1050.0,1643.257461259944,1050.0,0.0006316178464663119,0.0
13723,1669230001000.0,0.0,0.0,0.6,1.7298517694439566,0.0,0.0,1.735,1.0,1.0,1643.2579723216104,1050.0,1643.261061259944,1050.0,0.0006316178464663119,0.0
13724,1669233601000.0,0.0,0.0,0.7,1.7448718683475524,0.0,0.0,1.726,1.0,1.0,1643.2660093277875,1050.0,1643.2527990199442,1050.0,0.000743282159376576,0.0
13725,1669237201000.0,0.0,0.0,0.7,1.7448718683475524,0.0,0.0,1.733,1.0,1.0,1643.2660093277875,1050.0,1643.2576990199443,1050.0,0.000743282159376576,0.0
13726,1669240801000.0,0.0,0.0,0.7,1.7448718683475524,0.0,0.0,1.737,1.0,1.0,1643.2660093277875,1050.0,1643.2604990199443,1050.0,0.000743282159376576,0.0
13727,1669244401000.0,0.0,0.0,0.7,1.7448718683475524,0.0,0.0,1.733,1.0,1.0,1643.2660093277875,1050.0,1643.2576990199443,1050.0,0.000743282159376576,0.0
13728,1669248001000.0,0.0,0.0,0.7,1.7448718683475524,0.0,0.0,1.732,1.0,1.0,1643.2660093277875,1050.0,1643.2569990199443,1050.0,0.000743282159376576,0.0
13729,1669251601000.0,0.0,0.0,0.7,1.7448718683475524,0.0,0.0,1.723,1.0,1.0,1643.2660093277875,1050.0,1643.2506990199442,1050.0,0.000743282159376576,0.0
13730,1669255201000.0,0.0,0.0,0.7,1.7448718683475524,0.0,0.0,1.741,1.0,1.0,1643.2660093277875,1050.0,1643.2632990199443,1050.0,0.000743282159376576,0.0
13731,1669258801000.0,0.0,0.0,0.7,1.7486227631053946,0.0,0.0,1.753,1.0,1.0,1643.2683646541182,1050.0,1643.2714287199444,1050.0,0.0007448789014029466,0.0
13732,1669262401000.0,0.0,0.0,0.7,1.7524448307895675,0.0,0.0,1.756,1.0,1.0,1643.270769641497,1050.0,1643.2732582599444,1050.0,0.0007465059345151753,0.0
13733,1669266001000.0,0.0,0.0,0.7,1.7524448307895675,0.0,0.0,1.745,1.0,1.0,1643.270769641497,1050.0,1643.2655582599443,1050.0,0.0007465059345151753,0.0
13734,1669269601000.0,0.0,0.0,0.7,1.7524448307895675,0.0,0.0,1.741,1.0,1.0,1643.270769641497,1050.0,1643.2627582599443,1050.0,0.0007465059345151753,0.0
13735,1669273201000.0,0.0,0.0,0.7,1.7524448307895675,0.0,0.0,1.744,1.0,1.0,1643.270769641497,1050.0,1643.2648582599443,1050.0,0.0007465059345151753,0.0
13736,1669276801000.0,0.0,0.0,0.6,1.7914168889019237,0.0,0.0,1.792,1.0,1.0,1643.2926189232858,1050.0,1643.2929687899446,1050.0,0.0006540832235012501,0.0
13737,1669280401000.0,0.0,0.0,1.4,1.7666072381008247,0.0,0.0,1.759,1.0,1.0,1643.2924790832858,1050.0,1643.2818289499446,1050.0,0.0015050577817534113,0.0
13738,1669284001000.0,0.0,0.0,1.4,1.7666072381008247,0.0,0.0,1.751,1.0,1.0,1643.2924790832858,1050.0,1643.2706289499447,1050.0,0.0015050577817534113,0.0
13739,1669287601000.0,0.0,0.0,1.4,1.7666072381008247,0.0,0.0,1.744,1.0,1.0,1643.2924790832858,1050.0,1643.2608289499447,1050.0,0.0015050577817534113,0.0
13740,1669291201000.0,0.0,0.0,1.4,1.7666072381008247,0.0,0.0,1.74,1.0,1.0,1643.2924790832858,1050.0,1643.2552289499447,1050.0,0.0015050577817534113,0.0
13741,1669294801000.0,0.0,0.0,3.3,1.7420757979821682,0.0,0.0,1.728,1.0,1.0,1643.2921515232858,1050.0,1643.2457013899448,1050.0,0.003498373754181283,0.0
13742,1669298401000.0,0.0,0.0,3.3,1.7420757979821682,0.0,0.0,1.733,1.0,1.0,1643.2921515232858,1050.0,1643.2622013899447,1050.0,0.003498373754181283,0.0
13743,1669302001000.0,0.0,0.0,3.3,1.7420757979821682,0.0,0.0,1.729,1.0,1.0,1643.2921515232858,1050.0,1643.2490013899446,1050.0,0.003498373754181283,0.0
13744,1669305601000.0,0.0,0.0,0.6,1.7560334540751343,0.0,0.0,1.763,1.0,1.0,1643.3545339523894,1050.0,1643.3587138799444,1050.0,0.0006411398457708613,0.0
13745,1669309201000.0,0.0,0.0,0.6,1.7635272724873134,0.0,0.0,1.759,1.0,1.0,1643.3592885234366,1050.0,1643.356572159944,1050.0,0.0006438740273547295,0.0
13746,1669312801000.0,0.0,0.0,0.6,1.7635272724873134,0.0,0.0,1.744,1.0,1.0,1643.3592885234366,1050.0,1643.347572159944,1050.0,0.0006438740273547295,0.0
13747,1669316401000.0,0.0,0.0,0.6,1.7635272724873134,0.0,0.0,1.737,1.0,1.0,1643.3592885234366,1050.0,1643.3433721599442,1050.0,0.0006438740273547295,0.0
13748,1669320001000.0,0.0,0.0,0.6,1.7635272724873134,0.0,0.0,1.734,1.0,1.0,1643.3592885234366,1050.0,1643.3415721599442,1050.0,0.0006438740273547295,0.0
13749,1669323601000.0,0.0,0.0,0.6,1.7635272724873134,0.0,0.0,1.728,1.0,1.0,1643.3592885234366,1050.0,1643.3379721599442,1050.0,0.0006438740273547295,0.0
13750,1669327201000.0,0.0,0.0,1.4,1.7392259739231346,0.0,0.0,1.728,1.0,1.0,1643.3591508434365,1050.0,1643.343434479944,1050.0,0.0014816702497702306,0.0
13751,1669330801000.0,0.0,0.0,1.4,1.7392259739231346,0.0,0.0,1.733,1.0,1.0,1643.3591508434365,1050.0,1643.3504344799442,1050.0,0.0014816702497702306,0.0
13752,1669334401000.0,0.0,0.0,1.4,1.7392259739231346,0.0,0.0,1.726,1.0,1.0,1643.3591508434365,1050.0,1643.3406344799441,1050.0,0.0014816702497702306,0.0
13753,1669338001000.0,0.0,0.0,3.3,1.714914049543148,0.0,0.0,1.705,1.0,1.0,1643.3588284134364,1050.0,1643.326112049944,1050.0,0.0034436887827815543,0.0
13754,1669341601000.0,0.0,0.0,3.3,1.714914049543148,0.0,0.0,1.69,1.0,1.0,1643.3588284134364,1050.0,1643.276612049944,1050.0,0.0034436887827815543,0.0
13755,1669345201000.0,0.0,0.0,7.7,1.6909631640899208,0.0,0.0,1.676,1.0,1.0,1643.3580922934364,1050.0,1643.242875929944,1050.0,0.007923054886547197,0.0
13756,1669348801000.0,0.0,0.0,7.7,1.6909631640899208,0.0,0.0,1.674,1.0,1.0,1643.3580922934364,1050.0,1643.227475929944,1050.0,0.007923054886547197,0.0
13757,1669352401000.0,0.0,0.0,7.7,1.6909631640899208,0.0,0.0,1.66,1.0,1.0,1643.3580922934364,1050.0,1643.119675929944,1050.0,0.007923054886547197,0.0
13758,1669356001000.0,0.0,0.0,7.7,1.6909631640899208,0.0,0.0,1.655,1.0,1.0,1643.3580922934364,1050.0,1643.081175929944,1050.0,0.007923054886547197,0.0
13759,1669359601000.0,0.0,0.0,7.7,1.6909631640899208,0.0,0.0,1.661,1.0,1.0,1643.3580922934364,1050.0,1643.127375929944,1050.0,0.007923054886547197,0.0
13760,1669363201000.0,0.0,0.0,7.7,1.6909631640899208,0.0,0.0,1.663,1.0,1.0,1643.3580922934364,1050.0,1643.142775929944,1050.0,0.007923054886547197,0.0
13761,1669366801000.0,0.0,0.0,7.7,1.6909631640899208,0.0,0.0,1.654,1.0,1.0,1643.3580922934364,1050.0,1643.073475929944,1050.0,0.007923054886547197,0.0
13762,1669370401000.0,0.0,0.0,7.7,1.6909631640899208,0.0,0.0,1.651,1.0,1.0,1643.3580922934364,1050.0,1643.050375929944,1050.0,0.007923054886547197,0.0
13763,1669374001000.0,0.0,0.0,7.7,1.6909631640899208,0.0,0.0,1.682,1.0,1.0,1643.3580922934364,1050.0,1643.289075929944,1050.0,0.007923054886547197,0.0
13764,1669377601000.0,0.0,0.0,7.7,1.6909631640899208,0.0,0.0,1.686,1.0,1.0,1643.3580922934364,1050.0,1643.319875929944,1050.0,0.007923054886547197,0.0
13765,1669381201000.0,0.0,0.0,7.7,1.6909631640899208,0.0,0.0,1.68,1.0,1.0,1643.3580922934364,1050.0,1643.273675929944,1050.0,0.007923054886547197,0.0
13766,1669384801000.0,0.0,0.0,7.7,1.6909631640899208,0.0,0.0,1.677,1.0,1.0,1643.3580922934364,1050.0,1643.250575929944,1050.0,0.007923054886547197,0.0
13767,1669388401000.0,0.0,0.0,7.7,1.6909631640899208,0.0,0.0,1.667,1.0,1.0,1643.3580922934364,1050.0,1643.173575929944,1050.0,0.007923054886547197,0.0
13768,1669392001000.0,0.0,0.0,7.7,1.6909631640899208,0.0,0.0,1.659,1.0,1.0,1643.3580922934364,1050.0,1643.111975929944,1050.0,0.007923054886547197,0.0
13769,1669395601000.0,0.0,0.0,7.7,1.6909631640899208,0.0,0.0,1.667,1.0,1.0,1643.3580922934364,1050.0,1643.173575929944,1050.0,0.007923054886547197,0.0
13770,1669399201000.0,0.0,0.0,7.7,1.6909631640899208,0.0,0.0,1.686,1.0,1.0,1643.3580922934364,1050.0,1643.319875929944,1050.0,0.007923054886547197,0.0
13771,1669402801000.0,0.0,0.0,7.7,1.6909631640899208,0.0,0.0,1.682,1.0,1.0,1643.3580922934364,1050.0,1643.289075929944,1050.0,0.007923054886547197,0.0
13772,1669406401000.0,0.0,0.0,7.7,1.6909631640899208,0.0,0.0,1.695,1.0,1.0,1643.3580922934364,1050.0,1643.389175929944,1050.0,0.007923054886547197,0.0
13773,1669410001000.0,0.0,0.0,0.9,1.6909631640899208,0.0,0.0,1.699,1.0,1.0,1643.4387847376258,1050.0,1643.4460178899449,1050.0,0.000926025880497821,0.0
13774,1669413601000.0,0.0,0.0,0.9,1.6909631640899208,0.0,0.0,1.697,1.0,1.0,1643.4387847376258,1050.0,1643.4442178899449,1050.0,0.000926025880497821,0.0
13775,1669417201000.0,0.0,0.0,0.9,1.6909631640899208,0.0,0.0,1.693,1.0,1.0,1643.4387847376258,1050.0,1643.4406178899449,1050.0,0.000926025880497821,0.0
13776,1669420801000.0,0.0,0.0,0.8,1.6909631640899208,0.0,0.0,1.703,1.0,1.0,1643.439971391217,1050.0,1643.449600859945,1050.0,0.0008231335216501881,0.0
13777,1669424401000.0,0.0,0.0,0.7,1.7080233142674723,0.0,0.0,1.717,1.0,1.0,1643.4511263999325,1050.0,1643.4574100799452,1050.0,0.000727503422998828,0.0
13778,1669428001000.0,0.0,0.0,0.7,1.7152363848303434,0.0,0.0,1.715,1.0,1.0,1643.4556377893266,1050.0,1643.4554723199453,1050.0,0.0007305737020053063,0.0
13779,1669431601000.0,0.0,0.0,0.7,1.7152363848303434,0.0,0.0,1.723,1.0,1.0,1643.4556377893266,1050.0,1643.4610723199453,1050.0,0.0007305737020053063,0.0
13780,1669435201000.0,0.0,0.0,0.7,1.734842131409224,0.0,0.0,1.735,1.0,1.0,1643.4670146919323,1050.0,1643.4671251999457,1050.0,0.0007389192975157423,0.0
13781,1669438801000.0,0.0,0.0,0.7,1.734842131409224,0.0,0.0,1.73,1.0,1.0,1643.4670146919323,1050.0,1643.463625199946,1050.0,0.0007389192975157423,0.0
13782,1669442401000.0,0.0,0.0,0.7,1.758930663452956,0.0,0.0,1.762,1.0,1.0,1643.4805247643626,1050.0,1643.4826732999454,1050.0,0.0007491731394831115,0.0
13783,1669446001000.0,0.0,0.0,0.7,1.758930663452956,0.0,0.0,1.738,1.0,1.0,1643.4805247643626,1050.0,1643.4658732999455,1050.0,0.0007491731394831115,0.0
13784,1669449601000.0,0.0,0.0,0.7,1.758930663452956,0.0,0.0,1.723,1.0,1.0,1643.4805247643626,1050.0,1643.4553732999454,1050.0,0.0007491731394831115,0.0
13785,1669453201000.0,0.0,0.0,0.7,1.758930663452956,0.0,0.0,1.724,1.0,1.0,1643.4805247643626,1050.0,1643.4560732999455,1050.0,0.0007491731394831115,0.0
13786,1669456801000.0,0.0,0.0,0.7,1.758930663452956,0.0,0.0,1.719,1.0,1.0,1643.4805247643626,1050.0,1643.4525732999455,1050.0,0.0007491731394831115,0.0
13787,1669460401000.0,0.0,0.0,0.7,1.758930663452956,0.0,0.0,1.721,1.0,1.0,1643.4805247643626,1050.0,1643.4539732999456,1050.0,0.0007491731394831115,0.0
13788,1669464001000.0,0.0,0.0,1.6,1.734782165260668,0.0,0.0,1.721,1.0,1.0,1643.4803703243626,1050.0,1643.4583188599456,1050.0,0.0016888862894475932,0.0
13789,1669467601000.0,0.0,0.0,1.6,1.734782165260668,0.0,0.0,1.722,1.0,1.0,1643.4803703243626,1050.0,1643.4599188599457,1050.0,0.0016888862894475932,0.0
13790,1669471201000.0,0.0,0.0,1.6,1.734782165260668,0.0,0.0,1.712,1.0,1.0,1643.4803703243626,1050.0,1643.4439188599456,1050.0,0.0016888862894475932,0.0
13791,1669474801000.0,0.0,0.0,1.6,1.734782165260668,0.0,0.0,1.708,1.0,1.0,1643.4803703243626,1050.0,1643.4375188599456,1050.0,0.0016888862894475932,0.0
13792,1669478401000.0,0.0,0.0,3.7,1.7105003957883969,0.0,0.0,1.705,1.0,1.0,1643.4800150043627,1050.0,1643.4596635399457,1050.0,0.003850884347017915,0.0
13793,1669482001000.0,0.0,0.0,3.7,1.7105003957883969,0.0,0.0,1.7,1.0,1.0,1643.4800150043627,1050.0,1643.4411635399456,1050.0,0.003850884347017915,0.0
13794,1669485601000.0,0.0,0.0,3.7,1.7105003957883969,0.0,0.0,1.694,1.0,1.0,1643.4800150043627,1050.0,1643.4189635399457,1050.0,0.003850884347017915,0.0
13795,1669489201000.0,0.0,0.0,3.7,1.7105003957883969,0.0,0.0,1.674,1.0,1.0,1643.4800150043627,1050.0,1643.3449635399456,1050.0,0.003850884347017915,0.0
13796,1669492801000.0,0.0,0.0,8.6,1.6862850540019847,0.0,0.0,1.667,1.0,1.0,1643.4791976843628,1050.0,1643.3133462199457,1050.0,0.008823994538446388,0.0
13797,1669496401000.0,0.0,0.0,8.6,1.6862850540019847,0.0,0.0,1.666,1.0,1.0,1643.4791976843628,1050.0,1643.3047462199459,1050.0,0.008823994538446388,0.0
13798,1669500001000.0,0.0,0.0,8.6,1.6862850540019847,0.0,0.0,1.659,1.0,1.0,1643.4791976843628,1050.0,1643.2445462199457,1050.0,0.008823994538446388,0.0
13799,1669503601000.0,0.0,0.0,20.1,1.6615199733540829,0.0,0.0,1.649,1.0,1.0,1643.477308234363,1050.0,1643.2256567699458,1050.0,0.020320664786236682,0.0
13800,1669507201000.0,0.0,0.0,20.1,1.6615199733540829,0.0,0.0,1.659,1.0,1.0,1643.477308234363,1050.0,1643.4266567699458,1050.0,0.020320664786236682,0.0
13801,1669510801000.0,0.0,0.0,20.1,1.6615199733540829,0.0,0.0,1.66,1.0,1.0,1643.477308234363,1050.0,1643.4467567699458,1050.0,0.020320664786236682,0.0
13802,1669514401000.0,0.0,0.0,1.5,1.6615199733540829,0.0,0.0,1.675,1.0,1.0,1643.6877249499764,1050.0,1643.7079449899452,1050.0,0.0015162733907421336,0.0
13803,1669518001000.0,0.0,0.0,1.5,1.6615199733540829,0.0,0.0,1.679,1.0,1.0,1643.6877249499764,1050.0,1643.7139449899453,1050.0,0.0015162733907421336,0.0
13804,1669521601000.0,0.0,0.0,1.5,1.6615199733540829,0.0,0.0,1.677,1.0,1.0,1643.6877249499764,1050.0,1643.7109449899453,1050.0,0.0015162733907421336,0.0
13805,1669525201000.0,0.0,0.0,0.9,1.6615199733540829,0.0,0.0,1.681,1.0,1.0,1643.6999120459643,1050.0,1643.7174440699457,1050.0,0.0009097572890646102,0.0
13806,1669528801000.0,0.0,0.0,0.7,1.6717550884459609,0.0,0.0,1.678,1.0,1.0,1643.710204471858,1050.0,1643.714575909946,1050.0,0.0007119433576116172,0.0
13807,1669532401000.0,0.0,0.0,0.7,1.6752536346042577,0.0,0.0,1.683,1.0,1.0,1643.712386114169,1050.0,1643.717808569946,1050.0,0.000713432321937573,0.0
13808,1669536001000.0,0.0,0.0,0.7,1.6788954532887557,0.0,0.0,1.681,1.0,1.0,1643.7146678872482,1050.0,1643.7161410699462,1050.0,0.0007149822534666001,0.0
13809,1669539601000.0,0.0,0.0,0.7,1.682353895206254,0.0,0.0,1.681,1.0,1.0,1643.7168211765904,1050.0,1643.715873449946,1050.0,0.0007164541431177936,0.0
13810,1669543201000.0,0.0,0.0,0.7,1.682353895206254,0.0,0.0,1.672,1.0,1.0,1643.7168211765904,1050.0,1643.709573449946,1050.0,0.0007164541431177936,0.0
13811,1669546801000.0,0.0,0.0,0.7,1.682353895206254,0.0,0.0,1.674,1.0,1.0,1643.7168211765904,1050.0,1643.710973449946,1050.0,0.0007164541431177936,0.0
13812,1669550401000.0,0.0,0.0,0.7,1.682353895206254,0.0,0.0,1.686,1.0,1.0,1643.7168211765904,1050.0,1643.719373449946,1050.0,0.0007164541431177936,0.0
13813,1669554001000.0,0.0,0.0,0.7,1.6859670680044674,0.0,0.0,1.692,1.0,1.0,1643.7190826175492,1050.0,1643.723305669946,1050.0,0.0007179918759133392,0.0
13814,1669557601000.0,0.0,0.0,0.7,1.6930036061247282,0.0,0.0,1.694,1.0,1.0,1643.7234722342334,1050.0,1643.7241697099462,1050.0,0.0007209865554067056,0.0
13815,1669561201000.0,0.0,0.0,0.7,1.696716861517663,0.0,0.0,1.7,1.0,1.0,1643.7258032930085,1050.0,1643.728101489946,1050.0,0.0007225668664949745,0.0
13816,1669564801000.0,0.0,0.0,0.7,1.700512043941188,0.0,0.0,1.705,1.0,1.0,1643.7279915607053,1050.0,1643.7311331299466,1050.0,0.0007241821255526571,0.0
13817,1669568401000.0,0.0,0.0,0.7,1.704080031386563,0.0,0.0,1.712,1.0,1.0,1643.730220651917,1050.0,1643.7357646299465,1050.0,0.0007257006088855003,0.0
13818,1669572001000.0,0.0,0.0,0.7,1.704080031386563,0.0,0.0,1.71,1.0,1.0,1643.730220651917,1050.0,1643.7343646299464,1050.0,0.0007257006088855003,0.0
13819,1669575601000.0,0.0,0.0,0.7,1.704080031386563,0.0,0.0,1.703,1.0,1.0,1643.730220651917,1050.0,1643.7294646299465,1050.0,0.0007257006088855003,0.0
13820,1669579201000.0,0.0,0.0,0.7,1.704080031386563,0.0,0.0,1.7,1.0,1.0,1643.730220651917,1050.0,1643.7273646299466,1050.0,0.0007257006088855003,0.0
13821,1669582801000.0,0.0,0.0,0.7,1.704080031386563,0.0,0.0,1.703,1.0,1.0,1643.730220651917,1050.0,1643.7294646299465,1050.0,0.0007257006088855003,0.0
13822,1669586401000.0,0.0,0.0,0.7,1.704080031386563,0.0,0.0,1.701,1.0,1.0,1643.730220651917,1050.0,1643.7280646299464,1050.0,0.0007257006088855003,0.0
13823,1669590001000.0,0.0,0.0,0.7,1.704080031386563,0.0,0.0,1.704,1.0,1.0,1643.730220651917,1050.0,1643.7301646299466,1050.0,0.0007257006088855003,0.0
13824,1669593601000.0,0.0,0.0,1.6,1.6809725137316214,0.0,0.0,1.67,1.0,1.0,1643.7300709819172,1050.0,1643.7125149599465,1050.0,0.0016362516385454522,0.0
13825,1669597201000.0,0.0,0.0,1.6,1.6809725137316214,0.0,0.0,1.674,1.0,1.0,1643.7300709819172,1050.0,1643.7189149599465,1050.0,0.0016362516385454522,0.0
13826,1669600801000.0,0.0,0.0,8.6,1.634518142089604,0.0,0.0,1.604,1.0,1.0,1643.7289342519173,1050.0,1643.4664782299467,1050.0,0.008551809078160479,0.0
13827,1669604401000.0,0.0,0.0,8.6,1.634518142089604,0.0,0.0,1.613,1.0,1.0,1643.7289342519173,1050.0,1643.5438782299466,1050.0,0.008551809078160479,0.0
13828,1669608001000.0,0.0,0.0,8.6,1.634518142089604,0.0,0.0,1.627,1.0,1.0,1643.7289342519173,1050.0,1643.6642782299466,1050.0,0.008551809078160479,0.0
13829,1669611601000.0,0.0,0.0,1.6,1.634518142089604,0.0,0.0,1.656,1.0,1.0,1643.82615325729,1050.0,1643.8605242299466,1050.0,0.0015909401503079953,0.0
13830,1669615201000.0,0.0,0.0,0.7,1.6692973972287746,0.0,0.0,1.665,1.0,1.0,1643.8692152980077,1050.0,1643.8662071199476,1050.0,0.0007108279461564769,0.0
13831,1669618801000.0,0.0,0.0,0.7,1.6692973972287746,0.0,0.0,1.67,1.0,1.0,1643.8692152980077,1050.0,1643.8697071199476,1050.0,0.0007108279461564769,0.0
13832,1669622401000.0,0.0,0.0,0.7,1.6692973972287746,0.0,0.0,1.66,1.0,1.0,1643.8692152980077,1050.0,1643.8627071199476,1050.0,0.0007108279461564769,0.0
13833,1669626001000.0,0.0,0.0,0.7,1.6692973972287746,0.0,0.0,1.641,1.0,1.0,1643.8692152980077,1050.0,1643.8494071199475,1050.0,0.0007108279461564769,0.0
13834,1669629601000.0,0.0,0.0,0.7,1.6692973972287746,0.0,0.0,1.654,1.0,1.0,1643.8692152980077,1050.0,1643.8585071199475,1050.0,0.0007108279461564769,0.0
13835,1669633201000.0,0.0,0.0,0.7,1.6692973972287746,0.0,0.0,1.652,1.0,1.0,1643.8692152980077,1050.0,1643.8571071199476,1050.0,0.0007108279461564769,0.0
13836,1669636801000.0,0.0,0.0,0.7,1.6692973972287746,0.0,0.0,1.657,1.0,1.0,1643.8692152980077,1050.0,1643.8606071199476,1050.0,0.0007108279461564769,0.0
13837,1669640401000.0,0.0,0.0,0.7,1.6692973972287746,0.0,0.0,1.644,1.0,1.0,1643.8692152980077,1050.0,1643.8515071199477,1050.0,0.0007108279461564769,0.0
13838,1669644001000.0,0.0,0.0,0.7,1.6692973972287746,0.0,0.0,1.64,1.0,1.0,1643.8692152980077,1050.0,1643.8487071199474,1050.0,0.0007108279461564769,0.0
13839,1669647601000.0,0.0,0.0,0.7,1.6692973972287746,0.0,0.0,1.639,1.0,1.0,1643.8692152980077,1050.0,1643.8480071199476,1050.0,0.0007108279461564769,0.0
13840,1669651201000.0,0.0,0.0,1.6,1.6466301112875887,0.0,0.0,1.628,1.0,1.0,1643.8690686880077,1050.0,1643.8392605099475,1050.0,0.001602687360108829,0.0
13841,1669654801000.0,0.0,0.0,0.7,1.6527357937768492,0.0,0.0,1.668,1.0,1.0,1643.8885591055914,1050.0,1643.8992440499476,1050.0,0.0007037673260973663,0.0
13842,1669658401000.0,0.0,0.0,0.7,1.6802705796242268,0.0,0.0,1.685,1.0,1.0,1643.9040971856843,1050.0,1643.9074077799473,1050.0,0.0007154854153296171,0.0
13843,1669662001000.0,0.0,0.0,0.7,1.6802705796242268,0.0,0.0,1.664,1.0,1.0,1643.9040971856843,1050.0,1643.8927077799474,1050.0,0.0007154854153296171,0.0
13844,1669665601000.0,0.0,0.0,0.7,1.6802705796242268,0.0,0.0,1.66,1.0,1.0,1643.9040971856843,1050.0,1643.8899077799474,1050.0,0.0007154854153296171,0.0
13845,1669669201000.0,0.0,0.0,0.7,1.6802705796242268,0.0,0.0,1.663,1.0,1.0,1643.9040971856843,1050.0,1643.8920077799473,1050.0,0.0007154854153296171,0.0
13846,1669672801000.0,0.0,0.0,0.7,1.6802705796242268,0.0,0.0,1.66,1.0,1.0,1643.9040971856843,1050.0,1643.8899077799474,1050.0,0.0007154854153296171,0.0
13847,1669676401000.0,0.0,0.0,0.7,1.6802705796242268,0.0,0.0,1.661,1.0,1.0,1643.9040971856843,1050.0,1643.8906077799475,1050.0,0.0007154854153296171,0.0
13848,1669680001000.0,0.0,0.0,0.7,1.6802705796242268,0.0,0.0,1.655,1.0,1.0,1643.9040971856843,1050.0,1643.8864077799474,1050.0,0.0007154854153296171,0.0
13849,1669683601000.0,0.0,0.0,1.6,1.6576183785855991,0.0,0.0,1.638,1.0,1.0,1643.9039495856844,1050.0,1643.8725601799474,1050.0,0.0016133481560193306,0.0
13850,1669687201000.0,0.0,0.0,1.6,1.6576183785855991,0.0,0.0,1.641,1.0,1.0,1643.9039495856844,1050.0,1643.8773601799473,1050.0,0.0016133481560193306,0.0
13851,1669690801000.0,0.0,0.0,1.6,1.6576183785855991,0.0,0.0,1.65,1.0,1.0,1643.9039495856844,1050.0,1643.8917601799474,1050.0,0.0016133481560193306,0.0
13852,1669694401000.0,0.0,0.0,1.6,1.6576183785855991,0.0,0.0,1.649,1.0,1.0,1643.9039495856844,1050.0,1643.8901601799473,1050.0,0.0016133481560193306,0.0
13853,1669698001000.0,0.0,0.0,1.1,1.6576183785855991,0.0,0.0,1.674,1.0,1.0,1643.9095569463914,1050.0,1643.9275767299473,1050.0,0.0011091730738710102,0.0
13854,1669701601000.0,0.0,0.0,0.7,1.6672338666253057,0.0,0.0,1.671,1.0,1.0,1643.9238391565855,1050.0,1643.9264754499477,1050.0,0.0007099256539989563,0.0
13855,1669705201000.0,0.0,0.0,0.7,1.6842570456646468,0.0,0.0,1.692,1.0,1.0,1643.933685561913,1050.0,1643.9391056299478,1050.0,0.0007171700065031915,0.0
13856,1669708801000.0,0.0,0.0,0.7,1.6842570456646468,0.0,0.0,1.691,1.0,1.0,1643.933685561913,1050.0,1643.9384056299477,1050.0,0.0007171700065031915,0.0
13857,1669712401000.0,0.0,0.0,0.7,1.6913556355431874,0.0,0.0,1.698,1.0,1.0,1643.9381187348276,1050.0,1643.9427697899473,1050.0,0.0007201907002383986,0.0
13858,1669716001000.0,0.0,0.0,0.7,1.6913556355431874,0.0,0.0,1.69,1.0,1.0,1643.9381187348276,1050.0,1643.9371697899473,1050.0,0.0007201907002383986,0.0
13859,1669719601000.0,0.0,0.0,0.7,1.6913556355431874,0.0,0.0,1.675,1.0,1.0,1643.9381187348276,1050.0,1643.9266697899475,1050.0,0.0007201907002383986,0.0
13860,1669723201000.0,0.0,0.0,0.7,1.6913556355431874,0.0,0.0,1.666,1.0,1.0,1643.9381187348276,1050.0,1643.9203697899475,1050.0,0.0007201907002383986,0.0
13861,1669726801000.0,0.0,0.0,0.7,1.6913556355431874,0.0,0.0,1.67,1.0,1.0,1643.9381187348276,1050.0,1643.9231697899475,1050.0,0.0007201907002383986,0.0
13862,1669730401000.0,0.0,0.0,0.7,1.6913556355431874,0.0,0.0,1.664,1.0,1.0,1643.9381187348276,1050.0,1643.9189697899474,1050.0,0.0007201907002383986,0.0
13863,1669734001000.0,0.0,0.0,0.7,1.6913556355431874,0.0,0.0,1.657,1.0,1.0,1643.9381187348276,1050.0,1643.9140697899475,1050.0,0.0007201907002383986,0.0
13864,1669737601000.0,0.0,0.0,0.7,1.6913556355431874,0.0,0.0,1.657,1.0,1.0,1643.9381187348276,1050.0,1643.9140697899475,1050.0,0.0007201907002383986,0.0
13865,1669741201000.0,0.0,0.0,1.6,1.6680930905501443,0.0,0.0,1.643,1.0,1.0,1643.9379702348276,1050.0,1643.8978212899474,1050.0,0.001623509519947998,0.0
13866,1669744801000.0,0.0,0.0,1.6,1.6680930905501443,0.0,0.0,1.647,1.0,1.0,1643.9379702348276,1050.0,1643.9042212899474,1050.0,0.001623509519947998,0.0
13867,1669748401000.0,0.0,0.0,3.7,1.6447699851027653,0.0,0.0,1.629,1.0,1.0,1643.9376285648277,1050.0,1643.8792796199475,1050.0,0.003701873379583785,0.0
13868,1669752001000.0,0.0,0.0,3.7,1.6447699851027653,0.0,0.0,1.633,1.0,1.0,1643.9376285648277,1050.0,1643.8940796199474,1050.0,0.003701873379583785,0.0
13869,1669755601000.0,0.0,0.0,3.7,1.6447699851027653,0.0,0.0,1.647,1.0,1.0,1643.9376285648277,1050.0,1643.9458796199474,1050.0,0.003701873379583785,0.0
13870,1669759201000.0,0.0,0.0,3.7,1.6447699851027653,0.0,0.0,1.65,1.0,1.0,1643.9376285648277,1050.0,1643.9569796199476,1050.0,0.003701873379583785,0.0
13871,1669762801000.0,0.0,0.0,3.7,1.6447699851027653,0.0,0.0,1.644,1.0,1.0,1643.9376285648277,1050.0,1643.9347796199474,1050.0,0.003701873379583785,0.0
13872,1669766401000.0,0.0,0.0,3.7,1.6447699851027653,0.0,0.0,1.64,1.0,1.0,1643.9376285648277,1050.0,1643.9199796199475,1050.0,0.003701873379583785,0.0
13873,1669770001000.0,0.0,0.0,0.5,1.6802801334828432,0.0,0.0,1.697,1.0,1.0,1644.0452471266888,1050.0,1644.0536070599474,1050.0,0.0005110200392657935,0.0
13874,1669773601000.0,0.0,0.0,0.7,1.6931347483603445,0.0,0.0,1.699,1.0,1.0,1644.0494652537998,1050.0,1644.0535709299475,1050.0,0.0007208994308874259,0.0
13875,1669777201000.0,0.0,0.0,0.7,1.7002932389593597,0.0,0.0,1.702,1.0,1.0,1644.0539396372192,1050.0,1644.0551343699476,1050.0,0.0007239453880291697,0.0
13876,1669780801000.0,0.0,0.0,0.7,1.7002932389593597,0.0,0.0,1.69,1.0,1.0,1644.0539396372192,1050.0,1644.0467343699477,1050.0,0.0007239453880291697,0.0
13877,1669784401000.0,0.0,0.0,0.7,1.7002932389593597,0.0,0.0,1.69,1.0,1.0,1644.0539396372192,1050.0,1644.0467343699477,1050.0,0.0007239453880291697,0.0
13878,1669788001000.0,0.0,0.0,0.7,1.7002932389593597,0.0,0.0,1.684,1.0,1.0,1644.0539396372192,1050.0,1644.0425343699476,1050.0,0.0007239453880291697,0.0
13879,1669791601000.0,0.0,0.0,0.7,1.7002932389593597,0.0,0.0,1.678,1.0,1.0,1644.0539396372192,1050.0,1644.0383343699477,1050.0,0.0007239453880291697,0.0
13880,1669795201000.0,0.0,0.0,0.7,1.7002932389593597,0.0,0.0,1.684,1.0,1.0,1644.0539396372192,1050.0,1644.0425343699476,1050.0,0.0007239453880291697,0.0
13881,1669798801000.0,0.0,0.0,0.7,1.7002932389593597,0.0,0.0,1.687,1.0,1.0,1644.0539396372192,1050.0,1644.0446343699475,1050.0,0.0007239453880291697,0.0
13882,1669802401000.0,0.0,0.0,0.7,1.7002932389593597,0.0,0.0,1.684,1.0,1.0,1644.0539396372192,1050.0,1644.0425343699476,1050.0,0.0007239453880291697,0.0
13883,1669806001000.0,0.0,0.0,0.7,1.7002932389593597,0.0,0.0,1.68,1.0,1.0,1644.0539396372192,1050.0,1644.0397343699476,1050.0,0.0007239453880291697,0.0
13884,1669809601000.0,0.0,0.0,0.7,1.7002932389593597,0.0,0.0,1.697,1.0,1.0,1644.0539396372192,1050.0,1644.0516343699476,1050.0,0.0007239453880291697,0.0
13885,1669813201000.0,0.0,0.0,0.7,1.7002932389593597,0.0,0.0,1.698,1.0,1.0,1644.0539396372192,1050.0,1644.0523343699476,1050.0,0.0007239453880291697,0.0
13886,1669816801000.0,0.0,0.0,0.7,1.7002932389593597,0.0,0.0,1.691,1.0,1.0,1644.0539396372192,1050.0,1644.0474343699477,1050.0,0.0007239453880291697,0.0
13887,1669820401000.0,0.0,0.0,0.7,1.7002932389593597,0.0,0.0,1.69,1.0,1.0,1644.0539396372192,1050.0,1644.0467343699477,1050.0,0.0007239453880291697,0.0
13888,1669824001000.0,0.0,0.0,0.7,1.7002932389593597,0.0,0.0,1.694,1.0,1.0,1644.0539396372192,1050.0,1644.0495343699477,1050.0,0.0007239453880291697,0.0
13889,1669827601000.0,0.0,0.0,0.6,1.7002932389593597,0.0,0.0,1.704,1.0,1.0,1644.0550931933233,1050.0,1644.0573172499476,1050.0,0.0006205241829177886,0.0
13890,1669831201000.0,0.0,0.0,0.6,1.7002932389593597,0.0,0.0,1.678,1.0,1.0,1644.0550931933233,1050.0,1644.0417172499476,1050.0,0.0006205241829177886,0.0
13891,1669834801000.0,0.0,0.0,0.6,1.7002932389593597,0.0,0.0,1.699,1.0,1.0,1644.0550931933233,1050.0,1644.0543172499476,1050.0,0.0006205241829177886,0.0
13892,1669838401000.0,0.0,0.0,0.7,1.711185582711137,0.0,0.0,1.706,1.0,1.0,1644.0607583378455,1050.0,1644.0571284299476,1050.0,0.0007285800733476593,0.0
13893,1669842001000.0,0.0,0.0,0.7,1.711185582711137,0.0,0.0,1.709,1.0,1.0,1644.0607583378455,1050.0,1644.0592284299478,1050.0,0.0007285800733476593,0.0
13894,1669845601000.0,0.0,0.0,0.7,1.7345144517153694,0.0,0.0,1.743,1.0,1.0,1644.074672426148,1050.0,1644.0806123099474,1050.0,0.000738506672819813,0.0
13895,1669849201000.0,0.0,0.0,0.7,1.7345144517153694,0.0,0.0,1.74,1.0,1.0,1644.074672426148,1050.0,1644.0785123099472,1050.0,0.000738506672819813,0.0
13896,1669852801000.0,0.0,0.0,0.7,1.7345144517153694,0.0,0.0,1.731,1.0,1.0,1644.074672426148,1050.0,1644.0722123099472,1050.0,0.000738506672819813,0.0
13897,1669856401000.0,0.0,0.0,0.7,1.7345144517153694,0.0,0.0,1.74,1.0,1.0,1644.074672426148,1050.0,1644.0785123099472,1050.0,0.000738506672819813,0.0
13898,1669860001000.0,0.0,0.0,0.7,1.755689751984919,0.0,0.0,1.766,1.0,1.0,1644.0871438963363,1050.0,1644.094361069947,1050.0,0.0007475168399388285,0.0
13899,1669863601000.0,0.0,0.0,0.7,1.755689751984919,0.0,0.0,1.758,1.0,1.0,1644.0871438963363,1050.0,1644.088761069947,1050.0,0.0007475168399388285,0.0
13900,1669867201000.0,0.0,0.0,0.7,1.7600641085606565,0.0,0.0,1.758,1.0,1.0,1644.0895351659394,1050.0,1644.0880902899469,1050.0,0.0007493782118551763,0.0
13901,1669870801000.0,0.0,0.0,0.7,1.7600641085606565,0.0,0.0,1.75,1.0,1.0,1644.0895351659394,1050.0,1644.082490289947,1050.0,0.0007493782118551763,0.0
13902,1669874401000.0,0.0,0.0,0.7,1.7600641085606565,0.0,0.0,1.744,1.0,1.0,1644.0895351659394,1050.0,1644.078290289947,1050.0,0.0007493782118551763,0.0
13903,1669878001000.0,0.0,0.0,0.7,1.7600641085606565,0.0,0.0,1.736,1.0,1.0,1644.0895351659394,1050.0,1644.0726902899469,1050.0,0.0007493782118551763,0.0
13904,1669881601000.0,0.0,0.0,0.7,1.7600641085606565,0.0,0.0,1.728,1.0,1.0,1644.0895351659394,1050.0,1644.067090289947,1050.0,0.0007493782118551763,0.0
13905,1669885201000.0,0.0,0.0,0.7,1.7600641085606565,0.0,0.0,1.729,1.0,1.0,1644.0895351659394,1050.0,1644.067790289947,1050.0,0.0007493782118551763,0.0
13906,1669888801000.0,0.0,0.0,0.7,1.7600641085606565,0.0,0.0,1.729,1.0,1.0,1644.0895351659394,1050.0,1644.067790289947,1050.0,0.0007493782118551763,0.0
13907,1669892401000.0,0.0,0.0,0.7,1.7600641085606565,0.0,0.0,1.729,1.0,1.0,1644.0895351659394,1050.0,1644.067790289947,1050.0,0.0007493782118551763,0.0
13908,1669896001000.0,0.0,0.0,0.7,1.7600641085606565,0.0,0.0,1.744,1.0,1.0,1644.0895351659394,1050.0,1644.078290289947,1050.0,0.0007493782118551763,0.0
13909,1669899601000.0,0.0,0.0,0.7,1.7600641085606565,0.0,0.0,1.754,1.0,1.0,1644.0895351659394,1050.0,1644.085290289947,1050.0,0.0007493782118551763,0.0
13910,1669903201000.0,0.0,0.0,0.7,1.7600641085606565,0.0,0.0,1.729,1.0,1.0,1644.0895351659394,1050.0,1644.067790289947,1050.0,0.0007493782118551763,0.0
13911,1669906801000.0,0.0,0.0,0.7,1.7600641085606565,0.0,0.0,1.743,1.0,1.0,1644.0895351659394,1050.0,1644.077590289947,1050.0,0.0007493782118551763,0.0
13912,1669910401000.0,0.0,0.0,1.6,1.7358405474952872,0.0,0.0,1.733,1.0,1.0,1644.0893806359395,1050.0,1644.084835759947,1050.0,0.001689290684985857,0.0
13913,1669914001000.0,0.0,0.0,1.6,1.7358405474952872,0.0,0.0,1.719,1.0,1.0,1644.0893806359395,1050.0,1644.062435759947,1050.0,0.001689290684985857,0.0
13914,1669917601000.0,0.0,0.0,1.6,1.7358405474952872,0.0,0.0,1.726,1.0,1.0,1644.0893806359395,1050.0,1644.0736357599471,1050.0,0.001689290684985857,0.0
13915,1669921201000.0,0.0,0.0,1.6,1.7358405474952872,0.0,0.0,1.724,1.0,1.0,1644.0893806359395,1050.0,1644.070435759947,1050.0,0.001689290684985857,0.0
13916,1669924801000.0,0.0,0.0,1.6,1.7358405474952872,0.0,0.0,1.718,1.0,1.0,1644.0893806359395,1050.0,1644.060835759947,1050.0,0.001689290684985857,0.0
13917,1669928401000.0,0.0,0.0,1.6,1.7358405474952872,0.0,0.0,1.708,1.0,1.0,1644.0893806359395,1050.0,1644.044835759947,1050.0,0.001689290684985857,0.0
13918,1669932001000.0,0.0,0.0,1.6,1.7358405474952872,0.0,0.0,1.718,1.0,1.0,1644.0893806359395,1050.0,1644.060835759947,1050.0,0.001689290684985857,0.0
13919,1669935601000.0,0.0,0.0,1.6,1.7358405474952872,0.0,0.0,1.723,1.0,1.0,1644.0893806359395,1050.0,1644.068835759947,1050.0,0.001689290684985857,0.0
13920,1669939201000.0,0.0,0.0,1.6,1.7358405474952872,0.0,0.0,1.717,1.0,1.0,1644.0893806359395,1050.0,1644.0592357599471,1050.0,0.001689290684985857,0.0
13921,1669942801000.0,0.0,0.0,1.6,1.7358405474952872,0.0,0.0,1.726,1.0,1.0,1644.0893806359395,1050.0,1644.0736357599471,1050.0,0.001689290684985857,0.0
13922,1669946401000.0,0.0,0.0,1.6,1.7358405474952872,0.0,0.0,1.714,1.0,1.0,1644.0893806359395,1050.0,1644.054435759947,1050.0,0.001689290684985857,0.0
13923,1669950001000.0,0.0,0.0,3.7,1.7120932097276917,0.0,0.0,1.706,1.0,1.0,1644.0890248959395,1050.0,1644.066480019947,1050.0,0.00385304249348262,0.0
13924,1669953601000.0,0.0,0.0,3.7,1.7120932097276917,0.0,0.0,1.7,1.0,1.0,1644.0890248959395,1050.0,1644.044280019947,1050.0,0.00385304249348262,0.0
13925,1669957201000.0,0.0,0.0,3.7,1.7120932097276917,0.0,0.0,1.698,1.0,1.0,1644.0890248959395,1050.0,1644.036880019947,1050.0,0.00385304249348262,0.0
13926,1669960801000.0,0.0,0.0,3.7,1.7120932097276917,0.0,0.0,1.704,1.0,1.0,1644.0890248959395,1050.0,1644.059080019947,1050.0,0.00385304249348262,0.0
13927,1669964401000.0,0.0,0.0,3.7,1.7120932097276917,0.0,0.0,1.7,1.0,1.0,1644.0890248959395,1050.0,1644.044280019947,1050.0,0.00385304249348262,0.0
13928,1669968001000.0,0.0,0.0,3.7,1.7120932097276917,0.0,0.0,1.708,1.0,1.0,1644.0890248959395,1050.0,1644.073880019947,1050.0,0.00385304249348262,0.0
13929,1669971601000.0,0.0,0.0,3.7,1.7120932097276917,0.0,0.0,1.712,1.0,1.0,1644.0890248959395,1050.0,1644.088680019947,1050.0,0.00385304249348262,0.0
13930,1669975201000.0,0.0,0.0,2.6,1.7120932097276917,0.0,0.0,1.726,1.0,1.0,1644.101932725239,1050.0,1644.138090379947,1050.0,0.00270752211690023,0.0
13931,1669978801000.0,0.0,0.0,0.7,1.7157808640912084,0.0,0.0,1.727,1.0,1.0,1644.126540444811,1050.0,1644.1343938399473,1050.0,0.0007305074003238875,0.0
13932,1669982401000.0,0.0,0.0,0.6,1.723398400046535,0.0,0.0,1.721,1.0,1.0,1644.1320771299752,1050.0,1644.1306380899473,1050.0,0.0006289269909707966,0.0
13933,1669986001000.0,0.0,0.0,0.6,1.723398400046535,0.0,0.0,1.719,1.0,1.0,1644.1320771299752,1050.0,1644.1294380899474,1050.0,0.0006289269909707966,0.0
13934,1669989601000.0,0.0,0.0,0.6,1.723398400046535,0.0,0.0,1.701,1.0,1.0,1644.1320771299752,1050.0,1644.1186380899474,1050.0,0.0006289269909707966,0.0
13935,1669993201000.0,0.0,0.0,0.6,1.723398400046535,0.0,0.0,1.703,1.0,1.0,1644.1320771299752,1050.0,1644.1198380899473,1050.0,0.0006289269909707966,0.0
13936,1669996801000.0,0.0,0.0,0.6,1.723398400046535,0.0,0.0,1.708,1.0,1.0,1644.1320771299752,1050.0,1644.1228380899472,1050.0,0.0006289269909707966,0.0
13937,1670000401000.0,0.0,0.0,0.6,1.723398400046535,0.0,0.0,1.721,1.0,1.0,1644.1320771299752,1050.0,1644.1306380899473,1050.0,0.0006289269909707966,0.0
13938,1670004001000.0,0.0,0.0,0.7,1.734801166197717,0.0,0.0,1.746,1.0,1.0,1644.1377074762852,1050.0,1644.1455466599468,1050.0,0.0007386004291589533,0.0
13939,1670007601000.0,0.0,0.0,0.7,1.734801166197717,0.0,0.0,1.734,1.0,1.0,1644.1377074762852,1050.0,1644.137146659947,1050.0,0.0007386004291589533,0.0
13940,1670011201000.0,0.0,0.0,0.6,1.7458021742703052,0.0,0.0,1.756,1.0,1.0,1644.145800284508,1050.0,1644.1519189799458,1050.0,0.000637097576371222,0.0
13941,1670014801000.0,0.0,0.0,0.5,1.7674573567319993,0.0,0.0,1.78,1.0,1.0,1644.1594761183114,1050.0,1644.1657474399453,1050.0,0.0005374957181479686,0.0
13942,1670018401000.0,0.0,0.0,0.7,1.7895232957690963,0.0,0.0,1.787,1.0,1.0,1644.1696267569832,1050.0,1644.1678604499448,1050.0,0.0007618838632295923,0.0
13943,1670022001000.0,0.0,0.0,0.6,1.794015530512731,0.0,0.0,1.796,1.0,1.0,1644.1732796482524,1050.0,1644.1744703299448,1050.0,0.0006546811894047573,0.0
13944,1670025601000.0,0.0,0.0,0.6,1.794015530512731,0.0,0.0,1.792,1.0,1.0,1644.1732796482524,1050.0,1644.1720703299447,1050.0,0.0006546811894047573,0.0
13945,1670029201000.0,0.0,0.0,0.6,1.794015530512731,0.0,0.0,1.758,1.0,1.0,1644.1732796482524,1050.0,1644.1516703299449,1050.0,0.0006546811894047573,0.0
13946,1670032801000.0,0.0,0.0,0.6,1.794015530512731,0.0,0.0,1.769,1.0,1.0,1644.1732796482524,1050.0,1644.1582703299448,1050.0,0.0006546811894047573,0.0
13947,1670036401000.0,0.0,0.0,0.6,1.794015530512731,0.0,0.0,1.764,1.0,1.0,1644.1732796482524,1050.0,1644.1552703299449,1050.0,0.0006546811894047573,0.0
13948,1670040001000.0,0.0,0.0,0.6,1.794015530512731,0.0,0.0,1.759,1.0,1.0,1644.1732796482524,1050.0,1644.1522703299447,1050.0,0.0006546811894047573,0.0
13949,1670043601000.0,0.0,0.0,0.6,1.794015530512731,0.0,0.0,1.754,1.0,1.0,1644.1732796482524,1050.0,1644.1492703299448,1050.0,0.0006546811894047573,0.0
13950,1670047201000.0,0.0,0.0,1.4,1.769435227362599,0.0,0.0,1.751,1.0,1.0,1644.1731395682525,1050.0,1644.1473302499448,1050.0,0.001506659644712439,0.0
13951,1670050801000.0,0.0,0.0,1.4,1.769435227362599,0.0,0.0,1.738,1.0,1.0,1644.1731395682525,1050.0,1644.1291302499449,1050.0,0.001506659644712439,0.0
13952,1670054401000.0,0.0,0.0,1.4,1.769435227362599,0.0,0.0,1.729,1.0,1.0,1644.1731395682525,1050.0,1644.1165302499448,1050.0,0.001506659644712439,0.0
13953,1670058001000.0,0.0,0.0,1.4,1.769435227362599,0.0,0.0,1.74,1.0,1.0,1644.1731395682525,1050.0,1644.1319302499448,1050.0,0.001506659644712439,0.0
13954,1670061601000.0,0.0,0.0,1.4,1.769435227362599,0.0,0.0,1.745,1.0,1.0,1644.1731395682525,1050.0,1644.138930249945,1050.0,0.001506659644712439,0.0
13955,1670065201000.0,0.0,0.0,1.4,1.769435227362599,0.0,0.0,1.753,1.0,1.0,1644.1731395682525,1050.0,1644.1501302499448,1050.0,0.001506659644712439,0.0
13956,1670068801000.0,0.0,0.0,1.4,1.769435227362599,0.0,0.0,1.748,1.0,1.0,1644.1731395682525,1050.0,1644.1431302499448,1050.0,0.001506659644712439,0.0
13957,1670072401000.0,0.0,0.0,1.4,1.769435227362599,0.0,0.0,1.745,1.0,1.0,1644.1731395682525,1050.0,1644.138930249945,1050.0,0.001506659644712439,0.0
13958,1670076001000.0,0.0,0.0,1.4,1.769435227362599,0.0,0.0,1.741,1.0,1.0,1644.1731395682525,1050.0,1644.133330249945,1050.0,0.001506659644712439,0.0
13959,1670079601000.0,0.0,0.0,1.4,1.769435227362599,0.0,0.0,1.741,1.0,1.0,1644.1731395682525,1050.0,1644.133330249945,1050.0,0.001506659644712439,0.0
13960,1670083201000.0,0.0,0.0,1.4,1.769435227362599,0.0,0.0,1.748,1.0,1.0,1644.1731395682525,1050.0,1644.1431302499448,1050.0,0.001506659644712439,0.0
13961,1670086801000.0,0.0,0.0,1.4,1.769435227362599,0.0,0.0,1.733,1.0,1.0,1644.1731395682525,1050.0,1644.1221302499448,1050.0,0.001506659644712439,0.0
13962,1670090401000.0,0.0,0.0,1.4,1.769435227362599,0.0,0.0,1.733,1.0,1.0,1644.1731395682525,1050.0,1644.1221302499448,1050.0,0.001506659644712439,0.0
13963,1670094001000.0,0.0,0.0,1.4,1.769435227362599,0.0,0.0,1.738,1.0,1.0,1644.1731395682525,1050.0,1644.1291302499449,1050.0,0.001506659644712439,0.0
13964,1670097601000.0,0.0,0.0,1.4,1.769435227362599,0.0,0.0,1.738,1.0,1.0,1644.1731395682525,1050.0,1644.1291302499449,1050.0,0.001506659644712439,0.0
13965,1670101201000.0,0.0,0.0,1.4,1.769435227362599,0.0,0.0,1.733,1.0,1.0,1644.1731395682525,1050.0,1644.1221302499448,1050.0,0.001506659644712439,0.0
13966,1670104801000.0,0.0,0.0,3.3,1.74442706615383,0.0,0.0,1.736,1.0,1.0,1644.1728116282525,1050.0,1644.1450023099449,1050.0,0.003501219140466609,0.0
13967,1670108401000.0,0.0,0.0,7.7,1.719611599780213,0.0,0.0,1.709,1.0,1.0,1644.1720631882524,1050.0,1644.0903538699447,1050.0,0.008053299052309459,0.0
13968,1670112001000.0,0.0,0.0,7.7,1.719611599780213,0.0,0.0,1.709,1.0,1.0,1644.1720631882524,1050.0,1644.0903538699447,1050.0,0.008053299052309459,0.0
13969,1670115601000.0,0.0,0.0,7.7,1.719611599780213,0.0,0.0,1.724,1.0,1.0,1644.1720631882524,1050.0,1644.2058538699448,1050.0,0.008053299052309459,0.0
13970,1670119201000.0,0.0,0.0,5.3,1.719611599780213,0.0,0.0,1.728,1.0,1.0,1644.1989799087798,1050.0,1644.2434384299447,1050.0,0.0055430891213305395,0.0
13971,1670122801000.0,0.0,0.0,0.6,1.719611599780213,0.0,0.0,1.729,1.0,1.0,1644.2516918198125,1050.0,1644.2573248599444,1050.0,0.0006274994059615025,0.0
13972,1670126401000.0,0.0,0.0,0.7,1.7420311536401947,0.0,0.0,1.75,1.0,1.0,1644.2616501874923,1050.0,1644.267228379944,1050.0,0.0007416227261695775,0.0
13973,1670130001000.0,0.0,0.0,0.7,1.745736538314425,0.0,0.0,1.755,1.0,1.0,1644.2639737767638,1050.0,1644.2704581999437,1050.0,0.0007431991433913192,0.0
13974,1670133601000.0,0.0,0.0,0.7,1.7530900705685841,0.0,0.0,1.753,1.0,1.0,1644.2685804493417,1050.0,1644.2685173999437,1050.0,0.0007463276158099747,0.0
13975,1670137201000.0,0.0,0.0,0.7,1.7530900705685841,0.0,0.0,1.749,1.0,1.0,1644.2685804493417,1050.0,1644.2657173999437,1050.0,0.0007463276158099747,0.0
13976,1670140801000.0,0.0,0.0,0.7,1.7530900705685841,0.0,0.0,1.734,1.0,1.0,1644.2685804493417,1050.0,1644.2552173999436,1050.0,0.0007463276158099747,0.0
13977,1670144401000.0,0.0,0.0,0.7,1.7530900705685841,0.0,0.0,1.731,1.0,1.0,1644.2685804493417,1050.0,1644.2531173999437,1050.0,0.0007463276158099747,0.0
13978,1670148001000.0,0.0,0.0,0.7,1.7530900705685841,0.0,0.0,1.732,1.0,1.0,1644.2685804493417,1050.0,1644.2538173999437,1050.0,0.0007463276158099747,0.0
13979,1670151601000.0,0.0,0.0,0.7,1.7530900705685841,0.0,0.0,1.727,1.0,1.0,1644.2685804493417,1050.0,1644.2503173999437,1050.0,0.0007463276158099747,0.0
13980,1670155201000.0,0.0,0.0,0.7,1.7530900705685841,0.0,0.0,1.727,1.0,1.0,1644.2685804493417,1050.0,1644.2503173999437,1050.0,0.0007463276158099747,0.0
13981,1670158801000.0,0.0,0.0,0.7,1.7530900705685841,0.0,0.0,1.73,1.0,1.0,1644.2685804493417,1050.0,1644.2524173999436,1050.0,0.0007463276158099747,0.0
13982,1670162401000.0,0.0,0.0,0.7,1.7530900705685841,0.0,0.0,1.731,1.0,1.0,1644.2685804493417,1050.0,1644.2531173999437,1050.0,0.0007463276158099747,0.0
13983,1670166001000.0,0.0,0.0,0.7,1.7530900705685841,0.0,0.0,1.731,1.0,1.0,1644.2685804493417,1050.0,1644.2531173999437,1050.0,0.0007463276158099747,0.0
13984,1670169601000.0,0.0,0.0,0.7,1.7530900705685841,0.0,0.0,1.741,1.0,1.0,1644.2685804493417,1050.0,1644.2601173999437,1050.0,0.0007463276158099747,0.0
13985,1670173201000.0,0.0,0.0,0.7,1.7530900705685841,0.0,0.0,1.742,1.0,1.0,1644.2685804493417,1050.0,1644.2608173999438,1050.0,0.0007463276158099747,0.0
13986,1670176801000.0,0.0,0.0,0.7,1.756778621834703,0.0,0.0,1.767,1.0,1.0,1644.2708918152277,1050.0,1644.2780467799435,1050.0,0.0007478968589699286,0.0
13987,1670180401000.0,0.0,0.0,0.7,1.7605561584533593,0.0,0.0,1.756,1.0,1.0,1644.2732653108608,1050.0,1644.2700759999434,1050.0,0.0007495039522426097,0.0
13988,1670184001000.0,0.0,0.0,0.7,1.7605561584533593,0.0,0.0,1.755,1.0,1.0,1644.2732653108608,1050.0,1644.2693759999433,1050.0,0.0007495039522426097,0.0
13989,1670187601000.0,0.0,0.0,0.7,1.7605561584533593,0.0,0.0,1.761,1.0,1.0,1644.2732653108608,1050.0,1644.2735759999434,1050.0,0.0007495039522426097,0.0
13990,1670191201000.0,0.0,0.0,0.7,1.7605561584533593,0.0,0.0,1.76,1.0,1.0,1644.2732653108608,1050.0,1644.2728759999434,1050.0,0.0007495039522426097,0.0
13991,1670194801000.0,0.0,0.0,0.7,1.7605561584533593,0.0,0.0,1.761,1.0,1.0,1644.2732653108608,1050.0,1644.2735759999434,1050.0,0.0007495039522426097,0.0
13992,1670198401000.0,0.0,0.0,0.7,1.7605561584533593,0.0,0.0,1.762,1.0,1.0,1644.2732653108608,1050.0,1644.2742759999435,1050.0,0.0007495039522426097,0.0
13993,1670202001000.0,0.0,0.0,0.7,1.7605561584533593,0.0,0.0,1.76,1.0,1.0,1644.2732653108608,1050.0,1644.2728759999434,1050.0,0.0007495039522426097,0.0
13994,1670205601000.0,0.0,0.0,0.7,1.7679980400272242,0.0,0.0,1.776,1.0,1.0,1644.2779326279624,1050.0,1644.2835339999433,1050.0,0.0007526699735251378,0.0
13995,1670209201000.0,0.0,0.0,0.7,1.7869032186668297,0.0,0.0,1.789,1.0,1.0,1644.2870155230098,1050.0,1644.288483269943,1050.0,0.0007607140610235371,0.0
13996,1670212801000.0,0.0,0.0,0.6,1.7950967707937284,0.0,0.0,1.8,1.0,1.0,1644.292979182419,1050.0,1644.2959211199427,1050.0,0.0006550280735321119,0.0
13997,1670216401000.0,0.0,0.0,0.5,1.8112879320870312,0.0,0.0,1.829,1.0,1.0,1644.302228995986,1050.0,1644.3110850299427,1050.0,0.0005507770713152311,0.0
13998,1670220001000.0,0.0,0.0,0.6,1.8168586213913542,0.0,0.0,1.817,1.0,1.0,1644.3034454027775,1050.0,1644.3035302299427,1050.0,0.0006629647197313906,0.0
13999,1670223601000.0,0.0,0.0,0.6,1.8168586213913542,0.0,0.0,1.819,1.0,1.0,1644.3034454027775,1050.0,1644.3047302299426,1050.0,0.0006629647197313906,0.0
14000,1670227201000.0,0.0,0.0,0.6,1.8168586213913542,0.0,0.0,1.816,1.0,1.0,1644.3034454027775,1050.0,1644.3029302299426,1050.0,0.0006629647197313906,0.0
14001,1670230801000.0,0.0,0.0,0.6,1.8302173693011428,0.0,0.0,1.825,1.0,1.0,1644.3106405515227,1050.0,1644.307510129942,1050.0,0.0006678363531189938,0.0
14002,1670234401000.0,0.0,0.0,0.6,1.8348115795340956,0.0,0.0,1.825,1.0,1.0,1644.3131233376628,1050.0,1644.3072363899423,1050.0,0.000669511744506334,0.0
14003,1670238001000.0,0.0,0.0,0.6,1.8348115795340956,0.0,0.0,1.818,1.0,1.0,1644.3131233376628,1050.0,1644.3030363899422,1050.0,0.000669511744506334,0.0
14004,1670241601000.0,0.0,0.0,0.6,1.8348115795340956,0.0,0.0,1.827,1.0,1.0,1644.3131233376628,1050.0,1644.3084363899422,1050.0,0.000669511744506334,0.0
14005,1670245201000.0,0.0,0.0,0.6,1.8348115795340956,0.0,0.0,1.818,1.0,1.0,1644.3131233376628,1050.0,1644.3030363899422,1050.0,0.000669511744506334,0.0
14006,1670248801000.0,0.0,0.0,0.6,1.8348115795340956,0.0,0.0,1.832,1.0,1.0,1644.3131233376628,1050.0,1644.3114363899424,1050.0,0.000669511744506334,0.0
14007,1670252401000.0,0.0,0.0,0.6,1.8348115795340956,0.0,0.0,1.822,1.0,1.0,1644.3131233376628,1050.0,1644.3054363899423,1050.0,0.000669511744506334,0.0
14008,1670256001000.0,0.0,0.0,0.5,1.8348115795340956,0.0,0.0,1.835,1.0,1.0,1644.3143237097095,1050.0,1644.3144179199423,1050.0,0.0005579260464613021,0.0
14009,1670259601000.0,0.0,0.0,0.5,1.8789461158668694,0.0,0.0,1.853,1.0,1.0,1644.3596301578757,1050.0,1644.3466570999424,1050.0,0.0005713306509739815,0.0
14010,1670263201000.0,0.0,0.0,1.2,1.8527275482778625,0.0,0.0,1.836,1.0,1.0,1644.3595017778757,1050.0,1644.3394287199424,1050.0,0.001352060212824288,0.0
14011,1670266801000.0,0.0,0.0,1.2,1.8527275482778625,0.0,0.0,1.849,1.0,1.0,1644.3595017778757,1050.0,1644.3550287199423,1050.0,0.001352060212824288,0.0
14012,1670270401000.0,0.0,0.0,0.6,1.8571516988519086,0.0,0.0,1.865,1.0,1.0,1644.3691332192543,1050.0,1644.373842199943,1050.0,0.0006776404377827551,0.0
14013,1670274001000.0,0.0,0.0,0.6,1.8571516988519086,0.0,0.0,1.844,1.0,1.0,1644.3691332192543,1050.0,1644.3612421999433,1050.0,0.0006776404377827551,0.0
14014,1670277601000.0,0.0,0.0,0.6,1.861767799234606,0.0,0.0,1.869,1.0,1.0,1644.371628059484,1050.0,1644.3759673799432,1050.0,0.0006793237370915978,0.0
14015,1670281201000.0,0.0,0.0,0.6,1.90596243813505,0.0,0.0,1.902,1.0,1.0,1644.393538082824,1050.0,1644.391160619943,1050.0,0.0006954402558734884,0.0
14016,1670284801000.0,0.0,0.0,0.6,1.910641625423367,0.0,0.0,1.917,1.0,1.0,1644.3960688151967,1050.0,1644.3998838399427,1050.0,0.0006971465068509933,0.0
14017,1670288401000.0,0.0,0.0,0.6,1.910641625423367,0.0,0.0,1.881,1.0,1.0,1644.3960688151967,1050.0,1644.3782838399427,1050.0,0.0006971465068509933,0.0
14018,1670292001000.0,0.0,0.0,0.6,1.910641625423367,0.0,0.0,1.888,1.0,1.0,1644.3960688151967,1050.0,1644.3824838399428,1050.0,0.0006971465068509933,0.0
14019,1670295601000.0,0.0,0.0,0.6,1.9571340027558741,0.0,0.0,1.963,1.0,1.0,1644.418603051596,1050.0,1644.4221226499424,1050.0,0.0007141006550730925,0.0
14020,1670299201000.0,0.0,0.0,0.6,1.9571340027558741,0.0,0.0,1.924,1.0,1.0,1644.418603051596,1050.0,1644.3987226499423,1050.0,0.0007141006550730925,0.0
14021,1670302801000.0,0.0,0.0,0.5,1.930200286895375,0.0,0.0,1.966,1.0,1.0,1644.4414939533908,1050.0,1644.459393809943,1050.0,0.0005868862753684819,0.0
14022,1670306401000.0,0.0,0.0,0.6,1.9943382523159916,0.0,0.0,1.954,1.0,1.0,1644.4727801613326,1050.0,1644.448577209943,1050.0,0.0007276514186341235,0.0
14023,1670310001000.0,0.0,0.0,1.4,1.966716393849711,0.0,0.0,1.939,1.0,1.0,1644.4726244813326,1050.0,1644.4338215299429,1050.0,0.0016743379673212983,0.0
14024,1670313601000.0,0.0,0.0,1.4,1.966716393849711,0.0,0.0,1.941,1.0,1.0,1644.4726244813326,1050.0,1644.436621529943,1050.0,0.0016743379673212983,0.0
14025,1670317201000.0,0.0,0.0,1.4,1.966716393849711,0.0,0.0,1.945,1.0,1.0,1644.4726244813326,1050.0,1644.442221529943,1050.0,0.0016743379673212983,0.0
14026,1670320801000.0,0.0,0.0,3.3,1.9392433186029079,0.0,0.0,1.913,1.0,1.0,1644.4722598713327,1050.0,1644.3856569199431,1050.0,0.0038915238083069323,0.0
14027,1670324401000.0,0.0,0.0,3.3,1.9392433186029079,0.0,0.0,1.923,1.0,1.0,1644.4722598713327,1050.0,1644.418656919943,1050.0,0.0038915238083069323,0.0
14028,1670328001000.0,0.0,0.0,3.3,1.9392433186029079,0.0,0.0,1.918,1.0,1.0,1644.4722598713327,1050.0,1644.402156919943,1050.0,0.0038915238083069323,0.0
14029,1670331601000.0,0.0,0.0,7.7,1.911675707972675,0.0,0.0,1.898,1.0,1.0,1644.4714278313327,1050.0,1644.366124879943,1050.0,0.00895114545760254,0.0
14030,1670335201000.0,0.0,0.0,7.7,1.911675707972675,0.0,0.0,1.902,1.0,1.0,1644.4714278313327,1050.0,1644.396924879943,1050.0,0.00895114545760254,0.0
14031,1670338801000.0,0.0,0.0,7.7,1.911675707972675,0.0,0.0,1.893,1.0,1.0,1644.4714278313327,1050.0,1644.3276248799432,1050.0,0.00895114545760254,0.0
14032,1670342401000.0,0.0,0.0,7.7,1.911675707972675,0.0,0.0,1.907,1.0,1.0,1644.4714278313327,1050.0,1644.4354248799432,1050.0,0.00895114545760254,0.0
14033,1670346001000.0,0.0,0.0,7.7,1.911675707972675,0.0,0.0,1.9,1.0,1.0,1644.4714278313327,1050.0,1644.381524879943,1050.0,0.00895114545760254,0.0
14034,1670349601000.0,0.0,0.0,7.7,1.911675707972675,0.0,0.0,1.888,1.0,1.0,1644.4714278313327,1050.0,1644.289124879943,1050.0,0.00895114545760254,0.0
14035,1670353201000.0,0.0,0.0,7.7,1.911675707972675,0.0,0.0,1.895,1.0,1.0,1644.4714278313327,1050.0,1644.3430248799432,1050.0,0.00895114545760254,0.0
14036,1670356801000.0,0.0,0.0,7.7,1.911675707972675,0.0,0.0,1.9,1.0,1.0,1644.4714278313327,1050.0,1644.381524879943,1050.0,0.00895114545760254,0.0
14037,1670360401000.0,0.0,0.0,7.7,1.911675707972675,0.0,0.0,1.903,1.0,1.0,1644.4714278313327,1050.0,1644.4046248799432,1050.0,0.00895114545760254,0.0
14038,1670364001000.0,0.0,0.0,7.7,1.911675707972675,0.0,0.0,1.904,1.0,1.0,1644.4714278313327,1050.0,1644.412324879943,1050.0,0.00895114545760254,0.0
14039,1670367601000.0,0.0,0.0,4.7,1.911675707972675,0.0,0.0,1.922,1.0,1.0,1644.5108232074147,1050.0,1644.5593473799431,1050.0,0.005463555302085325,0.0
14040,1670371201000.0,0.0,0.0,4.7,1.911675707972675,0.0,0.0,1.896,1.0,1.0,1644.5108232074147,1050.0,1644.437147379943,1050.0,0.005463555302085325,0.0
14041,1670374801000.0,0.0,0.0,4.7,1.911675707972675,0.0,0.0,1.916,1.0,1.0,1644.5108232074147,1050.0,1644.5311473799431,1050.0,0.005463555302085325,0.0
14042,1670378401000.0,0.0,0.0,1.6,1.911675707972675,0.0,0.0,1.934,1.0,1.0,1644.556531262699,1050.0,1644.5922501299428,1050.0,0.0018598820257080544,0.0
14043,1670382001000.0,0.0,0.0,0.6,1.9164504719817836,0.0,0.0,1.913,1.0,1.0,1644.5812499931312,1050.0,1644.579179709942,1050.0,0.0006991872752981178,0.0
14044,1670385601000.0,0.0,0.0,0.6,1.9164504719817836,0.0,0.0,1.89,1.0,1.0,1644.5812499931312,1050.0,1644.5653797099421,1050.0,0.0006991872752981178,0.0
14045,1670389201000.0,0.0,0.0,0.6,1.9164504719817836,0.0,0.0,1.9,1.0,1.0,1644.5812499931312,1050.0,1644.5713797099422,1050.0,0.0006991872752981178,0.0
14046,1670392801000.0,0.0,0.0,0.6,1.9164504719817836,0.0,0.0,1.903,1.0,1.0,1644.5812499931312,1050.0,1644.5731797099422,1050.0,0.0006991872752981178,0.0
14047,1670396401000.0,0.0,0.0,0.6,1.9164504719817836,0.0,0.0,1.907,1.0,1.0,1644.5812499931312,1050.0,1644.575579709942,1050.0,0.0006991872752981178,0.0
14048,1670400001000.0,0.0,0.0,1.4,1.8899073451350503,0.0,0.0,1.867,1.0,1.0,1644.5811003931312,1050.0,1644.5490301099421,1050.0,0.0016088414749242737,0.0
14049,1670403601000.0,0.0,0.0,1.4,1.8899073451350503,0.0,0.0,1.87,1.0,1.0,1644.5811003931312,1050.0,1644.5532301099422,1050.0,0.0016088414749242737,0.0
14050,1670407201000.0,0.0,0.0,3.3,1.8634758433906276,0.0,0.0,1.858,1.0,1.0,1644.5807500331312,1050.0,1644.5626797499422,1050.0,0.003739232800253308,0.0
14051,1670410801000.0,0.0,0.0,1.9,1.8634758433906276,0.0,0.0,1.892,1.0,1.0,1644.608020212384,1050.0,1644.6622161099417,1050.0,0.002152855913949003,0.0
14052,1670414401000.0,0.0,0.0,0.6,1.9561749363394476,0.0,0.0,1.967,1.0,1.0,1644.6993687417432,1050.0,1644.7058637799396,1050.0,0.0007136288759577971,0.0
14053,1670418001000.0,0.0,0.0,1.4,1.9523587247694774,0.0,0.0,1.938,1.0,1.0,1644.7105942646167,1050.0,1644.6904920499394,1050.0,0.0016618742678552408,0.0
14054,1670421601000.0,0.0,0.0,0.5,1.9572391498463184,0.0,0.0,1.959,1.0,1.0,1644.7253559748624,1050.0,1644.7262363999391,1050.0,0.0005950048568097324,0.0
14055,1670425201000.0,0.0,0.0,0.6,1.9747463832821064,0.0,0.0,1.966,1.0,1.0,1644.7316060699086,1050.0,1644.7263582399394,1050.0,0.0007203897739889983,0.0
14056,1670428801000.0,0.0,0.0,0.6,1.9834975888547377,0.0,0.0,1.985,1.0,1.0,1644.7352769032523,1050.0,1644.7361783499393,1050.0,0.0007235806090045014,0.0
14057,1670432401000.0,0.0,0.0,0.6,1.9834975888547377,0.0,0.0,1.97,1.0,1.0,1644.7352769032523,1050.0,1644.7271783499393,1050.0,0.0007235806090045014,0.0
14058,1670436001000.0,0.0,0.0,0.5,1.993221150602106,0.0,0.0,1.99,1.0,1.0,1644.7419088552404,1050.0,1644.7402982799392,1050.0,0.0006059373631421027,0.0
14059,1670439601000.0,0.0,0.0,0.5,1.993221150602106,0.0,0.0,1.963,1.0,1.0,1644.7419088552404,1050.0,1644.7267982799392,1050.0,0.0006059373631421027,0.0
14060,1670443201000.0,0.0,0.0,0.5,1.993221150602106,0.0,0.0,1.967,1.0,1.0,1644.7419088552404,1050.0,1644.7287982799394,1050.0,0.0006059373631421027,0.0
14061,1670446801000.0,0.0,0.0,0.5,1.993221150602106,0.0,0.0,1.957,1.0,1.0,1644.7419088552404,1050.0,1644.7237982799393,1050.0,0.0006059373631421027,0.0
14062,1670450401000.0,0.0,0.0,0.5,1.993221150602106,0.0,0.0,1.962,1.0,1.0,1644.7419088552404,1050.0,1644.7262982799393,1050.0,0.0006059373631421027,0.0
14063,1670454001000.0,0.0,0.0,0.5,1.993221150602106,0.0,0.0,1.971,1.0,1.0,1644.7419088552404,1050.0,1644.7307982799393,1050.0,0.0006059373631421027,0.0
14064,1670457601000.0,0.0,0.0,0.5,1.993221150602106,0.0,0.0,1.965,1.0,1.0,1644.7419088552404,1050.0,1644.7277982799394,1050.0,0.0006059373631421027,0.0
14065,1670461201000.0,0.0,0.0,1.2,1.965092146084211,0.0,0.0,1.942,1.0,1.0,1644.7417727052405,1050.0,1644.7140621299395,1050.0,0.0014337269317495822,0.0
14066,1670464801000.0,0.0,0.0,1.2,1.965092146084211,0.0,0.0,1.954,1.0,1.0,1644.7417727052405,1050.0,1644.7284621299393,1050.0,0.0014337269317495822,0.0
14067,1670468401000.0,0.0,0.0,0.8,1.965092146084211,0.0,0.0,1.964,1.0,1.0,1644.7468567268068,1050.0,1644.7459830099394,1050.0,0.0009558150000030619,0.0
14068,1670472001000.0,0.0,0.0,0.8,1.965092146084211,0.0,0.0,1.962,1.0,1.0,1644.7468567268068,1050.0,1644.7443830099394,1050.0,0.0009558150000030619,0.0
14069,1670475601000.0,0.0,0.0,0.8,1.965092146084211,0.0,0.0,1.945,1.0,1.0,1644.7468567268068,1050.0,1644.7307830099394,1050.0,0.0009558150000030619,0.0
14070,1670479201000.0,0.0,0.0,0.8,1.965092146084211,0.0,0.0,1.94,1.0,1.0,1644.7468567268068,1050.0,1644.7267830099395,1050.0,0.0009558150000030619,0.0
14071,1670482801000.0,0.0,0.0,0.8,1.965092146084211,0.0,0.0,1.94,1.0,1.0,1644.7468567268068,1050.0,1644.7267830099395,1050.0,0.0009558150000030619,0.0
14072,1670486401000.0,0.0,0.0,0.8,1.965092146084211,0.0,0.0,1.958,1.0,1.0,1644.7468567268068,1050.0,1644.7411830099393,1050.0,0.0009558150000030619,0.0
14073,1670490001000.0,0.0,0.0,0.8,1.965092146084211,0.0,0.0,1.965,1.0,1.0,1644.7468567268068,1050.0,1644.7467830099395,1050.0,0.0009558150000030619,0.0
14074,1670493601000.0,0.0,0.0,0.8,1.965092146084211,0.0,0.0,1.956,1.0,1.0,1644.7468567268068,1050.0,1644.7395830099395,1050.0,0.0009558150000030619,0.0
14075,1670497201000.0,0.0,0.0,0.8,1.965092146084211,0.0,0.0,1.952,1.0,1.0,1644.7468567268068,1050.0,1644.7363830099393,1050.0,0.0009558150000030619,0.0
14076,1670500801000.0,0.0,0.0,0.8,1.965092146084211,0.0,0.0,1.956,1.0,1.0,1644.7468567268068,1050.0,1644.7395830099395,1050.0,0.0009558150000030619,0.0
14077,1670504401000.0,0.0,0.0,0.8,1.965092146084211,0.0,0.0,1.951,1.0,1.0,1644.7468567268068,1050.0,1644.7355830099393,1050.0,0.0009558150000030619,0.0
14078,1670508001000.0,0.0,0.0,0.8,1.965092146084211,0.0,0.0,1.947,1.0,1.0,1644.7468567268068,1050.0,1644.7323830099394,1050.0,0.0009558150000030619,0.0
14079,1670511601000.0,0.0,0.0,0.8,1.965092146084211,0.0,0.0,1.937,1.0,1.0,1644.7468567268068,1050.0,1644.7243830099394,1050.0,0.0009558150000030619,0.0
14080,1670515201000.0,0.0,0.0,0.8,1.965092146084211,0.0,0.0,1.933,1.0,1.0,1644.7468567268068,1050.0,1644.7211830099393,1050.0,0.0009558150000030619,0.0
14081,1670518801000.0,0.0,0.0,1.9,1.9372493246670364,0.0,0.0,1.919,1.0,1.0,1644.7466458568067,1050.0,1644.7119721399392,1050.0,0.0022378970804648904,0.0
14082,1670522401000.0,0.0,0.0,1.9,1.9372493246670364,0.0,0.0,1.914,1.0,1.0,1644.7466458568067,1050.0,1644.7024721399393,1050.0,0.0022378970804648904,0.0
14083,1670526001000.0,0.0,0.0,1.0,1.9372493246670364,0.0,0.0,1.955,1.0,1.0,1644.7579459646058,1050.0,1644.7756966399388,1050.0,0.0011778324764565233,0.0
14084,1670529601000.0,0.0,0.0,0.5,1.9513701702717148,0.0,0.0,1.962,1.0,1.0,1644.771949415074,1050.0,1644.7772643299381,1050.0,0.0005932038696810447,0.0
14085,1670533201000.0,0.0,0.0,0.6,1.9665911615619902,0.0,0.0,1.95,1.0,1.0,1644.7785021768752,1050.0,1644.768547479938,1050.0,0.0007173942846258729,0.0
14086,1670536801000.0,0.0,0.0,0.6,1.9665911615619902,0.0,0.0,1.941,1.0,1.0,1644.7785021768752,1050.0,1644.763147479938,1050.0,0.0007173942846258729,0.0
14087,1670540401000.0,0.0,0.0,0.6,1.9665911615619902,0.0,0.0,1.94,1.0,1.0,1644.7785021768752,1050.0,1644.7625474799381,1050.0,0.0007173942846258729,0.0
14088,1670544001000.0,0.0,0.0,0.6,1.9665911615619902,0.0,0.0,1.93,1.0,1.0,1644.7785021768752,1050.0,1644.756547479938,1050.0,0.0007173942846258729,0.0
14089,1670547601000.0,0.0,0.0,0.6,1.9665911615619902,0.0,0.0,1.944,1.0,1.0,1644.7785021768752,1050.0,1644.764947479938,1050.0,0.0007173942846258729,0.0
14090,1670551201000.0,0.0,0.0,0.6,1.9665911615619902,0.0,0.0,1.935,1.0,1.0,1644.7785021768752,1050.0,1644.759547479938,1050.0,0.0007173942846258729,0.0
14091,1670554801000.0,0.0,0.0,3.3,1.9121074839203618,0.0,0.0,1.888,1.0,1.0,1644.7779891768753,1050.0,1644.698434479938,1050.0,0.0038363564799982477,0.0
14092,1670558401000.0,0.0,0.0,3.3,1.9121074839203618,0.0,0.0,1.896,1.0,1.0,1644.7779891768753,1050.0,1644.7248344799382,1050.0,0.0038363564799982477,0.0
14093,1670562001000.0,0.0,0.0,3.3,1.9121074839203618,0.0,0.0,1.87,1.0,1.0,1644.7779891768753,1050.0,1644.6390344799381,1050.0,0.0038363564799982477,0.0
14094,1670565601000.0,0.0,0.0,3.3,1.9121074839203618,0.0,0.0,1.875,1.0,1.0,1644.7779891768753,1050.0,1644.655534479938,1050.0,0.0038363564799982477,0.0
14095,1670569201000.0,0.0,0.0,3.3,1.9121074839203618,0.0,0.0,1.908,1.0,1.0,1644.7779891768753,1050.0,1644.764434479938,1050.0,0.0038363564799982477,0.0
14096,1670572801000.0,0.0,0.0,3.3,1.9121074839203618,0.0,0.0,1.917,1.0,1.0,1644.7779891768753,1050.0,1644.794134479938,1050.0,0.0038363564799982477,0.0
14097,1670576401000.0,0.0,0.0,3.3,1.9121074839203618,0.0,0.0,1.902,1.0,1.0,1644.7779891768753,1050.0,1644.744634479938,1050.0,0.0038363564799982477,0.0
14098,1670580001000.0,0.0,0.0,3.3,1.9121074839203618,0.0,0.0,1.89,1.0,1.0,1644.7779891768753,1050.0,1644.7050344799381,1050.0,0.0038363564799982477,0.0
14099,1670583601000.0,0.0,0.0,3.3,1.9121074839203618,0.0,0.0,1.891,1.0,1.0,1644.7779891768753,1050.0,1644.708334479938,1050.0,0.0038363564799982477,0.0
14100,1670587201000.0,0.0,0.0,3.3,1.9121074839203618,0.0,0.0,1.899,1.0,1.0,1644.7779891768753,1050.0,1644.7347344799382,1050.0,0.0038363564799982477,0.0
14101,1670590801000.0,0.0,0.0,3.3,1.9121074839203618,0.0,0.0,1.889,1.0,1.0,1644.7779891768753,1050.0,1644.701734479938,1050.0,0.0038363564799982477,0.0
14102,1670594401000.0,0.0,0.0,3.3,1.9121074839203618,0.0,0.0,1.917,1.0,1.0,1644.7779891768753,1050.0,1644.794134479938,1050.0,0.0038363564799982477,0.0
14103,1670598001000.0,0.0,0.0,0.6,1.9365503656060337,0.0,0.0,1.939,1.0,1.0,1644.845709409302,1050.0,1644.8471791899383,1050.0,0.0007064068153729101,0.0
14104,1670601601000.0,0.0,0.0,0.6,1.9365503656060337,0.0,0.0,1.907,1.0,1.0,1644.845709409302,1050.0,1644.8279791899383,1050.0,0.0007064068153729101,0.0
14105,1670605201000.0,0.0,0.0,0.6,1.9365503656060337,0.0,0.0,1.905,1.0,1.0,1644.845709409302,1050.0,1644.8267791899382,1050.0,0.0007064068153729101,0.0
14106,1670608801000.0,0.0,0.0,0.6,1.9365503656060337,0.0,0.0,1.899,1.0,1.0,1644.845709409302,1050.0,1644.8231791899382,1050.0,0.0007064068153729101,0.0
14107,1670612401000.0,0.0,0.0,1.4,1.9099501566883004,0.0,0.0,1.881,1.0,1.0,1644.845558209302,1050.0,1644.8050279899385,1050.0,0.0016256421194185881,0.0
14108,1670616001000.0,0.0,0.0,1.4,1.9099501566883004,0.0,0.0,1.886,1.0,1.0,1644.845558209302,1050.0,1644.8120279899383,1050.0,0.0016256421194185881,0.0
14109,1670619601000.0,0.0,0.0,1.4,1.9099501566883004,0.0,0.0,1.882,1.0,1.0,1644.845558209302,1050.0,1644.8064279899384,1050.0,0.0016256421194185881,0.0
14110,1670623201000.0,0.0,0.0,1.4,1.9099501566883004,0.0,0.0,1.885,1.0,1.0,1644.845558209302,1050.0,1644.8106279899384,1050.0,0.0016256421194185881,0.0
14111,1670626801000.0,0.0,0.0,1.4,1.9099501566883004,0.0,0.0,1.886,1.0,1.0,1644.845558209302,1050.0,1644.8120279899383,1050.0,0.0016256421194185881,0.0
14112,1670630401000.0,0.0,0.0,1.4,1.9099501566883004,0.0,0.0,1.894,1.0,1.0,1644.845558209302,1050.0,1644.8232279899385,1050.0,0.0016256421194185881,0.0
14113,1670634001000.0,0.0,0.0,1.4,1.9099501566883004,0.0,0.0,1.914,1.0,1.0,1644.845558209302,1050.0,1644.8512279899385,1050.0,0.0016256421194185881,0.0
14114,1670637601000.0,0.0,0.0,1.4,1.9099501566883004,0.0,0.0,1.911,1.0,1.0,1644.845558209302,1050.0,1644.8470279899384,1050.0,0.0016256421194185881,0.0
14115,1670641201000.0,0.0,0.0,1.4,1.9099501566883004,0.0,0.0,1.913,1.0,1.0,1644.845558209302,1050.0,1644.8498279899384,1050.0,0.0016256421194185881,0.0
14116,1670644801000.0,0.0,0.0,0.7,1.9099501566883004,0.0,0.0,1.92,1.0,1.0,1644.8545584896212,1050.0,1644.8615933799394,1050.0,0.000812816612132243,0.0
14117,1670648401000.0,0.0,0.0,0.7,1.9099501566883004,0.0,0.0,1.908,1.0,1.0,1644.8545584896212,1050.0,1644.8531933799395,1050.0,0.000812816612132243,0.0
14118,1670652001000.0,0.0,0.0,0.7,1.9099501566883004,0.0,0.0,1.896,1.0,1.0,1644.8545584896212,1050.0,1644.8447933799393,1050.0,0.000812816612132243,0.0
14119,1670655601000.0,0.0,0.0,0.7,1.9099501566883004,0.0,0.0,1.896,1.0,1.0,1644.8545584896212,1050.0,1644.8447933799393,1050.0,0.000812816612132243,0.0
14120,1670659201000.0,0.0,0.0,0.7,1.9099501566883004,0.0,0.0,1.9,1.0,1.0,1644.8545584896212,1050.0,1644.8475933799393,1050.0,0.000812816612132243,0.0
14121,1670662801000.0,0.0,0.0,0.7,1.9099501566883004,0.0,0.0,1.889,1.0,1.0,1644.8545584896212,1050.0,1644.8398933799394,1050.0,0.000812816612132243,0.0
14122,1670666401000.0,0.0,0.0,0.7,1.9099501566883004,0.0,0.0,1.904,1.0,1.0,1644.8545584896212,1050.0,1644.8503933799395,1050.0,0.000812816612132243,0.0
14123,1670670001000.0,0.0,0.0,0.7,1.9099501566883004,0.0,0.0,1.912,1.0,1.0,1644.8545584896212,1050.0,1644.8559933799395,1050.0,0.000812816612132243,0.0
14124,1670673601000.0,0.0,0.0,0.7,1.9099501566883004,0.0,0.0,1.908,1.0,1.0,1644.8545584896212,1050.0,1644.8531933799395,1050.0,0.000812816612132243,0.0
14125,1670677201000.0,0.0,0.0,0.7,1.9099501566883004,0.0,0.0,1.904,1.0,1.0,1644.8545584896212,1050.0,1644.8503933799395,1050.0,0.000812816612132243,0.0
14126,1670680801000.0,0.0,0.0,0.7,1.9099501566883004,0.0,0.0,1.912,1.0,1.0,1644.8545584896212,1050.0,1644.8559933799395,1050.0,0.000812816612132243,0.0
14127,1670684401000.0,0.0,0.0,0.7,1.9099501566883004,0.0,0.0,1.902,1.0,1.0,1644.8545584896212,1050.0,1644.8489933799394,1050.0,0.000812816612132243,0.0
14128,1670688001000.0,0.0,0.0,0.7,1.9099501566883004,0.0,0.0,1.902,1.0,1.0,1644.8545584896212,1050.0,1644.8489933799394,1050.0,0.000812816612132243,0.0
14129,1670691601000.0,0.0,0.0,0.7,1.9099501566883004,0.0,0.0,1.901,1.0,1.0,1644.8545584896212,1050.0,1644.8482933799394,1050.0,0.000812816612132243,0.0
14130,1670695201000.0,0.0,0.0,0.7,1.9099501566883004,0.0,0.0,1.893,1.0,1.0,1644.8545584896212,1050.0,1644.8426933799394,1050.0,0.000812816612132243,0.0
14131,1670698801000.0,0.0,0.0,0.7,1.9099501566883004,0.0,0.0,1.904,1.0,1.0,1644.8545584896212,1050.0,1644.8503933799395,1050.0,0.000812816612132243,0.0
14132,1670702401000.0,0.0,0.0,0.7,1.9099501566883004,0.0,0.0,1.906,1.0,1.0,1644.8545584896212,1050.0,1644.8517933799394,1050.0,0.000812816612132243,0.0
14133,1670706001000.0,0.0,0.0,0.7,1.9099501566883004,0.0,0.0,1.904,1.0,1.0,1644.8545584896212,1050.0,1644.8503933799395,1050.0,0.000812816612132243,0.0
14134,1670709601000.0,0.0,0.0,0.7,1.9099501566883004,0.0,0.0,1.898,1.0,1.0,1644.8545584896212,1050.0,1644.8461933799395,1050.0,0.000812816612132243,0.0
14135,1670713201000.0,0.0,0.0,0.7,1.9099501566883004,0.0,0.0,1.901,1.0,1.0,1644.8545584896212,1050.0,1644.8482933799394,1050.0,0.000812816612132243,0.0
14136,1670716801000.0,0.0,0.0,0.7,1.9099501566883004,0.0,0.0,1.917,1.0,1.0,1644.8545584896212,1050.0,1644.8594933799395,1050.0,0.000812816612132243,0.0
14137,1670720401000.0,0.0,0.0,0.6,1.9146334377922005,0.0,0.0,1.923,1.0,1.0,1644.8583772726151,1050.0,1644.8633972099399,1050.0,0.0006984066704758765,0.0
14138,1670724001000.0,0.0,0.0,0.6,1.9194222918614674,0.0,0.0,1.92,1.0,1.0,1644.8609734450565,1050.0,1644.8613200699397,1050.0,0.0007001524102701615,0.0
14139,1670727601000.0,0.0,0.0,0.6,1.9194222918614674,0.0,0.0,1.926,1.0,1.0,1644.8609734450565,1050.0,1644.8649200699397,1050.0,0.0007001524102701615,0.0
14140,1670731201000.0,0.0,0.0,0.6,1.9239481945743118,0.0,0.0,1.93,1.0,1.0,1644.8634116866842,1050.0,1644.8670427699396,1050.0,0.0007018022946725213,0.0
14141,1670734801000.0,0.0,0.0,0.6,1.928632129716208,0.0,0.0,1.935,1.0,1.0,1644.8659445477695,1050.0,1644.8697652699398,1050.0,0.0007035097794233154,0.0
14142,1670738401000.0,0.0,0.0,0.6,1.928632129716208,0.0,0.0,1.934,1.0,1.0,1644.8659445477695,1050.0,1644.8691652699397,1050.0,0.0007035097794233154,0.0
14143,1670742001000.0,0.0,0.0,0.6,1.928632129716208,0.0,0.0,1.939,1.0,1.0,1644.8659445477695,1050.0,1644.8721652699398,1050.0,0.0007035097794233154,0.0
14144,1670745601000.0,0.0,0.0,0.6,1.9382809465405373,0.0,0.0,1.948,1.0,1.0,1644.8711782378641,1050.0,1644.8770096699398,1050.0,0.0007070271418885217,0.0
14145,1670749201000.0,0.0,0.0,0.6,1.9382809465405373,0.0,0.0,1.943,1.0,1.0,1644.8711782378641,1050.0,1644.8740096699398,1050.0,0.0007070271418885217,0.0
14146,1670752801000.0,0.0,0.0,0.5,1.9428539643603584,0.0,0.0,1.952,1.0,1.0,1644.87493903212,1050.0,1644.8795120499399,1050.0,0.0005905780185038188,0.0
14147,1670756401000.0,0.0,0.0,0.6,1.9475693095735724,0.0,0.0,1.949,1.0,1.0,1644.876194935684,1050.0,1644.8770533499398,1050.0,0.0007104130933026448,0.0
14148,1670760001000.0,0.0,0.0,0.6,1.9475693095735724,0.0,0.0,1.942,1.0,1.0,1644.876194935684,1050.0,1644.8728533499398,1050.0,0.0007104130933026448,0.0
14149,1670763601000.0,0.0,0.0,0.6,1.9475693095735724,0.0,0.0,1.933,1.0,1.0,1644.876194935684,1050.0,1644.8674533499398,1050.0,0.0007104130933026448,0.0
14150,1670767201000.0,0.0,0.0,0.6,1.9475693095735724,0.0,0.0,1.945,1.0,1.0,1644.876194935684,1050.0,1644.8746533499398,1050.0,0.0007104130933026448,0.0
14151,1670770801000.0,0.0,0.0,0.6,1.9475693095735724,0.0,0.0,1.941,1.0,1.0,1644.876194935684,1050.0,1644.87225334994,1050.0,0.0007104130933026448,0.0
14152,1670774401000.0,0.0,0.0,0.6,1.9475693095735724,0.0,0.0,1.946,1.0,1.0,1644.876194935684,1050.0,1644.8752533499398,1050.0,0.0007104130933026448,0.0
14153,1670778001000.0,0.0,0.0,0.6,1.9475693095735724,0.0,0.0,1.949,1.0,1.0,1644.876194935684,1050.0,1644.8770533499398,1050.0,0.0007104130933026448,0.0
14154,1670781601000.0,0.0,0.0,0.6,1.9523795397157153,0.0,0.0,1.956,1.0,1.0,1644.8788026137693,1050.0,1644.8809748899398,1050.0,0.0007121665875734977,0.0
14155,1670785201000.0,0.0,0.0,0.6,1.9702606043602122,0.0,0.0,1.969,1.0,1.0,1644.8876941325564,1050.0,1644.8869377699402,1050.0,0.0007186851520824017,0.0
14156,1670788801000.0,0.0,0.0,0.6,1.9702606043602122,0.0,0.0,1.963,1.0,1.0,1644.8876941325564,1050.0,1644.8833377699402,1050.0,0.0007186851520824017,0.0
14157,1670792401000.0,0.0,0.0,0.6,1.9702606043602122,0.0,0.0,1.945,1.0,1.0,1644.8876941325564,1050.0,1644.8725377699402,1050.0,0.0007186851520824017,0.0
14158,1670796001000.0,0.0,0.0,0.6,1.9702606043602122,0.0,0.0,1.944,1.0,1.0,1644.8876941325564,1050.0,1644.8719377699401,1050.0,0.0007186851520824017,0.0
14159,1670799601000.0,0.0,0.0,0.6,1.9702606043602122,0.0,0.0,1.931,1.0,1.0,1644.8876941325564,1050.0,1644.8641377699403,1050.0,0.0007186851520824017,0.0
14160,1670803201000.0,0.0,0.0,0.6,1.9702606043602122,0.0,0.0,1.927,1.0,1.0,1644.8876941325564,1050.0,1644.8617377699402,1050.0,0.0007186851520824017,0.0
14161,1670806801000.0,0.0,0.0,1.4,1.9432545447258054,0.0,0.0,1.91,1.0,1.0,1644.8875402925564,1050.0,1644.8409839299402,1050.0,0.0016539467264322853,0.0
14162,1670810401000.0,0.0,0.0,1.4,1.9432545447258054,0.0,0.0,1.903,1.0,1.0,1644.8875402925564,1050.0,1644.8311839299404,1050.0,0.0016539467264322853,0.0
14163,1670814001000.0,0.0,0.0,7.7,1.8891631639761206,0.0,0.0,1.857,1.0,1.0,1644.8863576925564,1050.0,1644.6387013299402,1050.0,0.008843502345670867,0.0
14164,1670817601000.0,0.0,0.0,7.7,1.8891631639761206,0.0,0.0,1.856,1.0,1.0,1644.8863576925564,1050.0,1644.6310013299403,1050.0,0.008843502345670867,0.0
14165,1670821201000.0,0.0,0.0,18.0,1.8616031312564516,0.0,0.0,1.832,1.0,1.0,1644.8844614625564,1050.0,1644.3516050999403,1050.0,0.020371556268956165,0.0
14166,1670824801000.0,0.0,0.0,18.0,1.8616031312564516,0.0,0.0,1.83,1.0,1.0,1644.8844614625564,1050.0,1644.3156050999403,1050.0,0.020371556268956165,0.0
14167,1670828401000.0,0.0,0.0,18.0,1.8616031312564516,0.0,0.0,1.831,1.0,1.0,1644.8844614625564,1050.0,1644.3336050999403,1050.0,0.020371556268956165,0.0
14168,1670832001000.0,0.0,0.0,18.0,1.8616031312564516,0.0,0.0,1.836,1.0,1.0,1644.8844614625564,1050.0,1644.4236050999402,1050.0,0.020371556268956165,0.0
14169,1670835601000.0,0.0,0.0,18.0,1.8616031312564516,0.0,0.0,1.842,1.0,1.0,1644.8844614625564,1050.0,1644.5316050999402,1050.0,0.020371556268956165,0.0
14170,1670839201000.0,0.0,0.0,18.0,1.8616031312564516,0.0,0.0,1.842,1.0,1.0,1644.8844614625564,1050.0,1644.5316050999402,1050.0,0.020371556268956165,0.0
14171,1670842801000.0,0.0,0.0,18.0,1.8616031312564516,0.0,0.0,1.841,1.0,1.0,1644.8844614625564,1050.0,1644.5136050999402,1050.0,0.020371556268956165,0.0
14172,1670846401000.0,0.0,0.0,18.0,1.8616031312564516,0.0,0.0,1.844,1.0,1.0,1644.8844614625564,1050.0,1644.5676050999402,1050.0,0.020371556268956165,0.0
14173,1670850001000.0,0.0,0.0,18.0,1.8616031312564516,0.0,0.0,1.828,1.0,1.0,1644.8844614625564,1050.0,1644.2796050999402,1050.0,0.020371556268956165,0.0
14174,1670853601000.0,0.0,0.0,18.0,1.8616031312564516,0.0,0.0,1.821,1.0,1.0,1644.8844614625564,1050.0,1644.1536050999403,1050.0,0.020371556268956165,0.0
14175,1670857201000.0,0.0,0.0,18.0,1.8616031312564516,0.0,0.0,1.831,1.0,1.0,1644.8844614625564,1050.0,1644.3336050999403,1050.0,0.020371556268956165,0.0
14176,1670860801000.0,0.0,0.0,18.0,1.8616031312564516,0.0,0.0,1.842,1.0,1.0,1644.8844614625564,1050.0,1644.5316050999402,1050.0,0.020371556268956165,0.0
14177,1670864401000.0,0.0,0.0,0.6,1.8660687541709682,0.0,0.0,1.872,1.0,1.0,1645.3938811524426,1050.0,1645.39743989994,1050.0,0.0006804700475234406,0.0
14178,1670868001000.0,0.0,0.0,0.5,1.8831314827173244,0.0,0.0,1.901,1.0,1.0,1645.403560041298,1050.0,1645.4124942999395,1050.0,0.0005722400049596525,0.0
14179,1670871601000.0,0.0,0.0,0.6,1.8925028812077,0.0,0.0,1.888,1.0,1.0,1645.407363068664,1050.0,1645.4046613399394,1050.0,0.0006901037118291021,0.0
14180,1670875201000.0,0.0,0.0,0.6,1.8925028812077,0.0,0.0,1.891,1.0,1.0,1645.407363068664,1050.0,1645.4064613399394,1050.0,0.0006901037118291021,0.0
14181,1670878801000.0,0.0,0.0,0.6,1.8925028812077,0.0,0.0,1.902,1.0,1.0,1645.407363068664,1050.0,1645.4130613399393,1050.0,0.0006901037118291021,0.0
14182,1670882401000.0,0.0,0.0,0.6,1.8925028812077,0.0,0.0,1.894,1.0,1.0,1645.407363068664,1050.0,1645.4082613399394,1050.0,0.0006901037118291021,0.0
14183,1670886001000.0,0.0,0.0,0.6,1.8925028812077,0.0,0.0,1.888,1.0,1.0,1645.407363068664,1050.0,1645.4046613399394,1050.0,0.0006901037118291021,0.0
14184,1670889601000.0,0.0,0.0,0.6,1.8925028812077,0.0,0.0,1.883,1.0,1.0,1645.407363068664,1050.0,1645.4016613399392,1050.0,0.0006901037118291021,0.0
14185,1670893201000.0,0.0,0.0,0.6,1.8925028812077,0.0,0.0,1.883,1.0,1.0,1645.407363068664,1050.0,1645.4016613399392,1050.0,0.0006901037118291021,0.0
14186,1670896801000.0,0.0,0.0,0.6,1.8925028812077,0.0,0.0,1.865,1.0,1.0,1645.407363068664,1050.0,1645.3908613399394,1050.0,0.0006901037118291021,0.0
14187,1670900401000.0,0.0,0.0,0.6,1.8925028812077,0.0,0.0,1.863,1.0,1.0,1645.407363068664,1050.0,1645.3896613399393,1050.0,0.0006901037118291021,0.0
14188,1670904001000.0,0.0,0.0,0.6,1.8925028812077,0.0,0.0,1.866,1.0,1.0,1645.407363068664,1050.0,1645.3914613399393,1050.0,0.0006901037118291021,0.0
14189,1670907601000.0,0.0,0.0,0.6,1.8925028812077,0.0,0.0,1.863,1.0,1.0,1645.407363068664,1050.0,1645.3896613399393,1050.0,0.0006901037118291021,0.0
14190,1670911201000.0,0.0,0.0,0.6,1.8925028812077,0.0,0.0,1.858,1.0,1.0,1645.407363068664,1050.0,1645.3866613399393,1050.0,0.0006901037118291021,0.0
14191,1670914801000.0,0.0,0.0,0.6,1.8925028812077,0.0,0.0,1.863,1.0,1.0,1645.407363068664,1050.0,1645.3896613399393,1050.0,0.0006901037118291021,0.0
14192,1670918401000.0,0.0,0.0,2.9,1.840303554158976,0.0,0.0,1.853,1.0,1.0,1645.4118737770007,1050.0,1645.4486934699396,1050.0,0.0032434920351038666,0.0
14193,1670922001000.0,0.0,0.0,2.9,1.840303554158976,0.0,0.0,1.827,1.0,1.0,1645.4118737770007,1050.0,1645.3732934699397,1050.0,0.0032434920351038666,0.0
14194,1670925601000.0,0.0,0.0,2.9,1.840303554158976,0.0,0.0,1.833,1.0,1.0,1645.4118737770007,1050.0,1645.3906934699396,1050.0,0.0032434920351038666,0.0
14195,1670929201000.0,0.0,0.0,2.9,1.840303554158976,0.0,0.0,1.831,1.0,1.0,1645.4118737770007,1050.0,1645.3848934699397,1050.0,0.0032434920351038666,0.0
14196,1670932801000.0,0.0,0.0,2.9,1.840303554158976,0.0,0.0,1.842,1.0,1.0,1645.4118737770007,1050.0,1645.4167934699396,1050.0,0.0032434920351038666,0.0
14197,1670936401000.0,0.0,0.0,2.9,1.840303554158976,0.0,0.0,1.814,1.0,1.0,1645.4118737770007,1050.0,1645.3355934699396,1050.0,0.0032434920351038666,0.0
14198,1670940001000.0,0.0,0.0,0.6,1.8582023694393177,0.0,0.0,1.891,1.0,1.0,1645.474110661603,1050.0,1645.4937892399394,1050.0,0.00067756849800287,0.0
14199,1670943601000.0,0.0,0.0,0.6,1.8808677197508081,0.0,0.0,1.888,1.0,1.0,1645.4861580517897,1050.0,1645.4904374199393,1050.0,0.0006858280917942343,0.0
14200,1670947201000.0,0.0,0.0,0.6,1.8808677197508081,0.0,0.0,1.866,1.0,1.0,1645.4861580517897,1050.0,1645.4772374199392,1050.0,0.0006858280917942343,0.0
14201,1670950801000.0,0.0,0.0,0.6,1.8808677197508081,0.0,0.0,1.868,1.0,1.0,1645.4861580517897,1050.0,1645.4784374199392,1050.0,0.0006858280917942343,0.0
14202,1670954401000.0,0.0,0.0,1.4,1.854657594178918,0.0,0.0,1.835,1.0,1.0,1645.4860112517897,1050.0,1645.4584906199393,1050.0,0.0015779657888888425,0.0
14203,1670958001000.0,0.0,0.0,1.4,1.854657594178918,0.0,0.0,1.833,1.0,1.0,1645.4860112517897,1050.0,1645.4556906199393,1050.0,0.0015779657888888425,0.0
14204,1670961601000.0,0.0,0.0,1.4,1.854657594178918,0.0,0.0,1.836,1.0,1.0,1645.4860112517897,1050.0,1645.4598906199392,1050.0,0.0015779657888888425,0.0
14205,1670965201000.0,0.0,0.0,1.4,1.854657594178918,0.0,0.0,1.842,1.0,1.0,1645.4860112517897,1050.0,1645.4682906199391,1050.0,0.0015779657888888425,0.0
14206,1670968801000.0,0.0,0.0,1.4,1.854657594178918,0.0,0.0,1.837,1.0,1.0,1645.4860112517897,1050.0,1645.4612906199393,1050.0,0.0015779657888888425,0.0
14207,1670972401000.0,0.0,0.0,1.4,1.854657594178918,0.0,0.0,1.84,1.0,1.0,1645.4860112517897,1050.0,1645.4654906199391,1050.0,0.0015779657888888425,0.0
14208,1670976001000.0,0.0,0.0,1.4,1.854657594178918,0.0,0.0,1.861,1.0,1.0,1645.4860112517897,1050.0,1645.4948906199393,1050.0,0.0015779657888888425,0.0
14209,1670979601000.0,0.0,0.0,0.5,1.854657594178918,0.0,0.0,1.876,1.0,1.0,1645.500950987029,1050.0,1645.5116221899395,1050.0,0.0005635540936838807,0.0
14210,1670983201000.0,0.0,0.0,0.6,1.8672922640795195,0.0,0.0,1.87,1.0,1.0,1645.5055661783872,1050.0,1645.5071908199395,1050.0,0.0006808699900357877,0.0
14211,1670986801000.0,0.0,0.0,0.6,1.8672922640795195,0.0,0.0,1.872,1.0,1.0,1645.5055661783872,1050.0,1645.5083908199395,1050.0,0.0006808699900357877,0.0
14212,1670990401000.0,0.0,0.0,0.6,1.8765743395908978,0.0,0.0,1.887,1.0,1.0,1645.510584783694,1050.0,1645.5168401799394,1050.0,0.000684252422419116,0.0
14213,1670994001000.0,0.0,0.0,0.6,1.8810495597272654,0.0,0.0,1.893,1.0,1.0,1645.5129943357756,1050.0,1645.5201645999393,1050.0,0.0006858832107199127,0.0
14214,1670997601000.0,0.0,0.0,0.6,1.8863663731515106,0.0,0.0,1.895,1.0,1.0,1645.51550860383,1050.0,1645.5206887799393,1050.0,0.0006878208184444406,0.0
14215,1671001201000.0,0.0,0.0,0.6,1.8909109154343406,0.0,0.0,1.902,1.0,1.0,1645.5179593491998,1050.0,1645.5246127999392,1050.0,0.0006894768560953999,0.0
14216,1671004801000.0,0.0,0.0,0.6,1.9116402712398053,0.0,0.0,1.919,1.0,1.0,1645.5275668626832,1050.0,1645.5319826999394,1050.0,0.0006970312657421418,0.0
14217,1671008401000.0,0.0,0.0,0.6,1.9164268474932036,0.0,0.0,1.915,1.0,1.0,1645.5301617884352,1050.0,1645.5293056799392,1050.0,0.0006987754677472501,0.0
14218,1671012001000.0,0.0,0.0,0.6,1.9164268474932036,0.0,0.0,1.894,1.0,1.0,1645.5301617884352,1050.0,1645.5167056799392,1050.0,0.0006987754677472501,0.0
14219,1671015601000.0,0.0,0.0,0.6,1.9164268474932036,0.0,0.0,1.899,1.0,1.0,1645.5301617884352,1050.0,1645.5197056799393,1050.0,0.0006987754677472501,0.0
14220,1671019201000.0,0.0,0.0,0.6,1.9164268474932036,0.0,0.0,1.895,1.0,1.0,1645.5301617884352,1050.0,1645.5173056799392,1050.0,0.0006987754677472501,0.0
14221,1671022801000.0,0.0,0.0,0.6,1.9164268474932036,0.0,0.0,1.892,1.0,1.0,1645.5301617884352,1050.0,1645.5155056799392,1050.0,0.0006987754677472501,0.0
14222,1671026401000.0,0.0,0.0,0.6,1.9164268474932036,0.0,0.0,1.89,1.0,1.0,1645.5301617884352,1050.0,1645.5143056799393,1050.0,0.0006987754677472501,0.0
14223,1671030001000.0,0.0,0.0,0.6,1.9164268474932036,0.0,0.0,1.903,1.0,1.0,1645.5301617884352,1050.0,1645.5221056799392,1050.0,0.0006987754677472501,0.0
14224,1671033601000.0,0.0,0.0,0.6,1.9164268474932036,0.0,0.0,1.898,1.0,1.0,1645.5301617884352,1050.0,1645.5191056799392,1050.0,0.0006987754677472501,0.0
14225,1671037201000.0,0.0,0.0,0.6,1.9164268474932036,0.0,0.0,1.886,1.0,1.0,1645.5301617884352,1050.0,1645.5119056799392,1050.0,0.0006987754677472501,0.0
14226,1671040801000.0,0.0,0.0,0.6,1.9164268474932036,0.0,0.0,1.883,1.0,1.0,1645.5301617884352,1050.0,1645.5101056799392,1050.0,0.0006987754677472501,0.0
14227,1671044401000.0,0.0,0.0,1.4,1.8898972203542304,0.0,0.0,1.868,1.0,1.0,1645.5300121884352,1050.0,1645.4993560799392,1050.0,0.0016079051058917643,0.0
14228,1671048001000.0,0.0,0.0,3.3,1.8634715480290676,0.0,0.0,1.86,1.0,1.0,1645.529661828435,1050.0,1645.5182057199393,1050.0,0.003737067918704629,0.0
14229,1671051601000.0,0.0,0.0,3.3,1.8634715480290676,0.0,0.0,1.866,1.0,1.0,1645.529661828435,1050.0,1645.5380057199393,1050.0,0.003737067918704629,0.0
14230,1671055201000.0,0.0,0.0,3.3,1.8634715480290676,0.0,0.0,1.867,1.0,1.0,1645.529661828435,1050.0,1645.5413057199391,1050.0,0.003737067918704629,0.0
14231,1671058801000.0,0.0,0.0,3.3,1.8634715480290676,0.0,0.0,1.865,1.0,1.0,1645.529661828435,1050.0,1645.5347057199392,1050.0,0.003737067918704629,0.0
14232,1671062401000.0,0.0,0.0,3.3,1.8634715480290676,0.0,0.0,1.866,1.0,1.0,1645.529661828435,1050.0,1645.5380057199393,1050.0,0.003737067918704629,0.0
14233,1671066001000.0,0.0,0.0,2.6,1.8634715480290676,0.0,0.0,1.87,1.0,1.0,1645.5383004248147,1050.0,1645.5552743999392,1050.0,0.002944341084996184,0.0
14234,1671069601000.0,0.0,0.0,0.9,1.8634715480290676,0.0,0.0,1.842,1.0,1.0,1645.5592798731645,1050.0,1645.5399554799383,1050.0,0.0010191819971112977,0.0
14235,1671073201000.0,0.0,0.0,0.9,1.8634715480290676,0.0,0.0,1.861,1.0,1.0,1645.5592798731645,1050.0,1645.5570554799383,1050.0,0.0010191819971112977,0.0
14236,1671076801000.0,0.0,0.0,0.9,1.8634715480290676,0.0,0.0,1.874,1.0,1.0,1645.5592798731645,1050.0,1645.5687554799383,1050.0,0.0010191819971112977,0.0
14237,1671080401000.0,0.0,0.0,0.6,1.8679810320193786,0.0,0.0,1.875,1.0,1.0,1645.5654127591495,1050.0,1645.5696241399378,1050.0,0.0006810963639132282,0.0
14238,1671084001000.0,0.0,0.0,0.6,1.8679810320193786,0.0,0.0,1.868,1.0,1.0,1645.5654127591495,1050.0,1645.565424139938,1050.0,0.0006810963639132282,0.0
14239,1671087601000.0,0.0,0.0,0.6,1.8679810320193786,0.0,0.0,1.869,1.0,1.0,1645.5654127591495,1050.0,1645.5660241399378,1050.0,0.0006810963639132282,0.0
14240,1671091201000.0,0.0,0.0,0.6,1.8679810320193786,0.0,0.0,1.855,1.0,1.0,1645.5654127591495,1050.0,1645.5576241399378,1050.0,0.0006810963639132282,0.0
14241,1671094801000.0,0.0,0.0,0.6,1.8679810320193786,0.0,0.0,1.851,1.0,1.0,1645.5654127591495,1050.0,1645.5552241399378,1050.0,0.0006810963639132282,0.0
14242,1671098401000.0,0.0,0.0,0.6,1.8679810320193786,0.0,0.0,1.856,1.0,1.0,1645.5654127591495,1050.0,1645.558224139938,1050.0,0.0006810963639132282,0.0
14243,1671102001000.0,0.0,0.0,0.6,1.8679810320193786,0.0,0.0,1.846,1.0,1.0,1645.5654127591495,1050.0,1645.5522241399378,1050.0,0.0006810963639132282,0.0
14244,1671105601000.0,0.0,0.0,0.6,1.8679810320193786,0.0,0.0,1.852,1.0,1.0,1645.5654127591495,1050.0,1645.5558241399378,1050.0,0.0006810963639132282,0.0
14245,1671109201000.0,0.0,0.0,0.6,1.8679810320193786,0.0,0.0,1.838,1.0,1.0,1645.5654127591495,1050.0,1645.547424139938,1050.0,0.0006810963639132282,0.0
14246,1671112801000.0,0.0,0.0,0.6,1.8679810320193786,0.0,0.0,1.839,1.0,1.0,1645.5654127591495,1050.0,1645.5480241399378,1050.0,0.0006810963639132282,0.0
14247,1671116401000.0,0.0,0.0,0.6,1.8679810320193786,0.0,0.0,1.828,1.0,1.0,1645.5654127591495,1050.0,1645.5414241399378,1050.0,0.0006810963639132282,0.0
14248,1671120001000.0,0.0,0.0,1.4,1.8422775851511624,0.0,0.0,1.826,1.0,1.0,1645.5652669191495,1050.0,1645.5424782999378,1050.0,0.0015673572304065583,0.0
14249,1671123601000.0,0.0,0.0,1.4,1.8422775851511624,0.0,0.0,1.824,1.0,1.0,1645.5652669191495,1050.0,1645.5396782999378,1050.0,0.0015673572304065583,0.0
14250,1671127201000.0,0.0,0.0,1.4,1.8422775851511624,0.0,0.0,1.826,1.0,1.0,1645.5652669191495,1050.0,1645.5424782999378,1050.0,0.0015673572304065583,0.0
14251,1671130801000.0,0.0,0.0,1.4,1.8422775851511624,0.0,0.0,1.816,1.0,1.0,1645.5652669191495,1050.0,1645.528478299938,1050.0,0.0015673572304065583,0.0
14252,1671134401000.0,0.0,0.0,1.4,1.8422775851511624,0.0,0.0,1.824,1.0,1.0,1645.5652669191495,1050.0,1645.5396782999378,1050.0,0.0015673572304065583,0.0
14253,1671138001000.0,0.0,0.0,1.4,1.8422775851511624,0.0,0.0,1.828,1.0,1.0,1645.5652669191495,1050.0,1645.545278299938,1050.0,0.0015673572304065583,0.0
14254,1671141601000.0,0.0,0.0,1.4,1.8422775851511624,0.0,0.0,1.824,1.0,1.0,1645.5652669191495,1050.0,1645.5396782999378,1050.0,0.0015673572304065583,0.0
14255,1671145201000.0,0.0,0.0,1.4,1.8422775851511624,0.0,0.0,1.811,1.0,1.0,1645.5652669191495,1050.0,1645.5214782999378,1050.0,0.0015673572304065583,0.0
14256,1671148801000.0,0.0,0.0,1.4,1.8422775851511624,0.0,0.0,1.807,1.0,1.0,1645.5652669191495,1050.0,1645.5158782999379,1050.0,0.0015673572304065583,0.0
14257,1671152401000.0,0.0,0.0,1.4,1.8422775851511624,0.0,0.0,1.812,1.0,1.0,1645.5652669191495,1050.0,1645.522878299938,1050.0,0.0015673572304065583,0.0
14258,1671156001000.0,0.0,0.0,1.4,1.8422775851511624,0.0,0.0,1.801,1.0,1.0,1645.5652669191495,1050.0,1645.507478299938,1050.0,0.0015673572304065583,0.0
14259,1671159601000.0,0.0,0.0,1.4,1.8422775851511624,0.0,0.0,1.819,1.0,1.0,1645.5652669191495,1050.0,1645.532678299938,1050.0,0.0015673572304065583,0.0
14260,1671163201000.0,0.0,0.0,1.4,1.8422775851511624,0.0,0.0,1.813,1.0,1.0,1645.5652669191495,1050.0,1645.5242782999378,1050.0,0.0015673572304065583,0.0
14261,1671166801000.0,0.0,0.0,1.4,1.8422775851511624,0.0,0.0,1.817,1.0,1.0,1645.5652669191495,1050.0,1645.529878299938,1050.0,0.0015673572304065583,0.0
14262,1671170401000.0,0.0,0.0,1.4,1.8422775851511624,0.0,0.0,1.809,1.0,1.0,1645.5652669191495,1050.0,1645.5186782999378,1050.0,0.0015673572304065583,0.0
14263,1671174001000.0,0.0,0.0,1.4,1.8422775851511624,0.0,0.0,1.806,1.0,1.0,1645.5652669191495,1050.0,1645.514478299938,1050.0,0.0015673572304065583,0.0
14264,1671177601000.0,0.0,0.0,1.4,1.8422775851511624,0.0,0.0,1.82,1.0,1.0,1645.5652669191495,1050.0,1645.5340782999378,1050.0,0.0015673572304065583,0.0
14265,1671181201000.0,0.0,0.0,3.3,1.816208672488372,0.0,0.0,1.779,1.0,1.0,1645.5649254891496,1050.0,1645.442136869938,1050.0,0.0036422073212517233,0.0
14266,1671184801000.0,0.0,0.0,42.0,1.7367473480764672,0.0,0.0,1.717,1.0,1.0,1645.5582304991497,1050.0,1644.728841879938,1050.0,0.044327442971790545,0.0
14267,1671188401000.0,0.0,0.0,98.0,1.7054631491756287,0.0,0.0,1.676,1.0,1.0,1645.5488112991497,1050.0,1642.6614226799381,1050.0,0.10156817438144503,0.0
14268,1671192001000.0,0.0,0.0,98.0,1.7054631491756287,0.0,0.0,1.691,1.0,1.0,1645.5488112991497,1050.0,1644.1314226799382,1050.0,0.10156817438144503,0.0
14269,1671195601000.0,0.0,0.0,98.0,1.7054631491756287,0.0,0.0,1.695,1.0,1.0,1645.5488112991497,1050.0,1644.5234226799382,1050.0,0.10156817438144503,0.0
14270,1671199201000.0,0.0,0.0,98.0,1.7054631491756287,0.0,0.0,1.673,1.0,1.0,1645.5488112991497,1050.0,1642.367422679938,1050.0,0.10156817438144503,0.0
14271,1671202801000.0,0.0,0.0,98.0,1.7054631491756287,0.0,0.0,1.688,1.0,1.0,1645.5488112991497,1050.0,1643.837422679938,1050.0,0.10156817438144503,0.0
14272,1671206401000.0,0.0,0.0,98.0,1.7054631491756287,0.0,0.0,1.681,1.0,1.0,1645.5488112991497,1050.0,1643.1514226799382,1050.0,0.10156817438144503,0.0
14273,1671210001000.0,0.0,0.0,98.0,1.7054631491756287,0.0,0.0,1.653,1.0,1.0,1645.5488112991497,1050.0,1640.4074226799382,1050.0,0.10156817438144503,0.0
14274,1671213601000.0,0.0,0.0,98.0,1.7054631491756287,0.0,0.0,1.643,1.0,1.0,1645.5488112991497,1050.0,1639.4274226799382,1050.0,0.10156817438144503,0.0
14275,1671217201000.0,0.0,0.0,297.9,1.6588495757610324,0.0,0.0,1.638,1.0,1.0,1645.5161077091498,1050.0,1639.3050190899382,1050.0,0.3003138567310566,0.0
14276,1671220801000.0,0.0,0.0,297.9,1.6588495757610324,0.0,0.0,1.642,1.0,1.0,1645.5161077091498,1050.0,1640.4966190899381,1050.0,0.3003138567310566,0.0
14277,1671224401000.0,0.0,0.0,297.9,1.6588495757610324,0.0,0.0,1.651,1.0,1.0,1645.5161077091498,1050.0,1643.1777190899381,1050.0,0.3003138567310566,0.0
14278,1671228001000.0,0.0,0.0,297.9,1.6588495757610324,0.0,0.0,1.649,1.0,1.0,1645.5161077091498,1050.0,1642.5819190899383,1050.0,0.3003138567310566,0.0
14279,1671231601000.0,0.0,0.0,297.9,1.6588495757610324,0.0,0.0,1.568,1.0,1.0,1645.5161077091498,1050.0,1618.4520190899382,1050.0,0.3003138567310566,0.0
14280,1671235201000.0,0.0,0.0,297.9,1.6588495757610324,0.0,0.0,1.544,1.0,1.0,1645.5161077091498,1050.0,1611.3024190899382,1050.0,0.3003138567310566,0.0
14281,1671238801000.0,0.0,0.0,297.9,1.6588495757610324,0.0,0.0,1.546,1.0,1.0,1645.5161077091498,1050.0,1611.8982190899383,1050.0,0.3003138567310566,0.0
14282,1671242401000.0,0.0,0.0,297.9,1.6588495757610324,0.0,0.0,1.534,1.0,1.0,1645.5161077091498,1050.0,1608.3234190899382,1050.0,0.3003138567310566,0.0
14283,1671246001000.0,0.0,0.0,297.9,1.6588495757610324,0.0,0.0,1.541,1.0,1.0,1645.5161077091498,1050.0,1610.4087190899381,1050.0,0.3003138567310566,0.0
14284,1671249601000.0,0.0,0.0,297.9,1.6588495757610324,0.0,0.0,1.553,1.0,1.0,1645.5161077091498,1050.0,1613.9835190899382,1050.0,0.3003138567310566,0.0
14285,1671253201000.0,0.0,0.0,279.0,1.6588495757610324,0.0,0.0,1.566,1.0,1.0,1643.7771890972665,1050.0,1617.8721574599385,1050.0,0.28155825175521515,0.0
14286,1671256801000.0,0.0,0.0,277.1,1.6588495757610324,0.0,0.0,1.561,1.0,1.0,1643.6057768333205,1050.0,1616.4916593899384,1050.0,0.2796699938162832,0.0
14287,1671260401000.0,0.0,0.0,278.1,1.6514209349059283,0.0,0.0,1.574,1.0,1.0,1641.8362684672782,1050.0,1620.3055064699395,1050.0,0.2797234845019455,0.0
14288,1671264001000.0,0.0,0.0,278.1,1.6514209349059283,0.0,0.0,1.591,1.0,1.0,1641.8362684672782,1050.0,1625.0332064699394,1050.0,0.2797234845019455,0.0
14289,1671267601000.0,0.0,0.0,278.1,1.6514209349059283,0.0,0.0,1.58,1.0,1.0,1641.8362684672782,1050.0,1621.9741064699394,1050.0,0.2797234845019455,0.0
14290,1671271201000.0,0.0,0.0,299.7,1.6455520920832123,0.0,0.0,1.57,1.0,1.0,1641.832877287278,1050.0,1619.1899152899393,1050.0,0.30037890507600457,0.0
14291,1671274801000.0,0.0,0.0,280.0,1.6455520920832123,0.0,0.0,1.578,1.0,1.0,1640.3889034232388,1050.0,1621.4743176399395,1050.0,0.2808813110243404,0.0
14292,1671278401000.0,0.0,0.0,300.4,1.640097315882877,0.0,0.0,1.565,1.0,1.0,1640.3160360911556,1050.0,1617.7568023999393,1050.0,0.3003599445782878,0.0
14293,1671282001000.0,0.0,0.0,300.4,1.640097315882877,0.0,0.0,1.556,1.0,1.0,1640.3160360911556,1050.0,1615.0532023999394,1050.0,0.3003599445782878,0.0
14294,1671285601000.0,0.0,0.0,300.4,1.640097315882877,0.0,0.0,1.551,1.0,1.0,1640.3160360911556,1050.0,1613.5512023999393,1050.0,0.3003599445782878,0.0
14295,1671289201000.0,0.0,0.0,301.0,1.6348720009094229,0.0,0.0,1.559,1.0,1.0,1638.9691305136755,1050.0,1616.1316582399393,1050.0,0.3002475538508199,0.0
14296,1671292801000.0,0.0,0.0,301.1,1.634845806289393,0.0,0.0,1.562,1.0,1.0,1638.9691149536754,1050.0,1617.0352426799393,1050.0,0.30034249442683947,0.0
14297,1671296401000.0,0.0,0.0,280.1,1.634845806289393,0.0,0.0,1.571,1.0,1.0,1637.4853678915993,1050.0,1619.6021575499403,1050.0,0.27964848988621505,0.0
14298,1671300001000.0,0.0,0.0,280.1,1.634845806289393,0.0,0.0,1.577,1.0,1.0,1637.4853678915993,1050.0,1621.2827575499402,1050.0,0.27964848988621505,0.0
14299,1671303601000.0,0.0,0.0,280.1,1.634845806289393,0.0,0.0,1.569,1.0,1.0,1637.4853678915993,1050.0,1619.0419575499402,1050.0,0.27964848988621505,0.0
14300,1671307201000.0,0.0,0.0,280.1,1.634845806289393,0.0,0.0,1.57,1.0,1.0,1637.4853678915993,1050.0,1619.3220575499404,1050.0,0.27964848988621505,0.0
14301,1671310801000.0,0.0,0.0,280.1,1.634845806289393,0.0,0.0,1.572,1.0,1.0,1637.4853678915993,1050.0,1619.8822575499403,1050.0,0.27964848988621505,0.0
14302,1671314401000.0,0.0,0.0,280.1,1.634845806289393,0.0,0.0,1.575,1.0,1.0,1637.4853678915993,1050.0,1620.7225575499403,1050.0,0.27964848988621505,0.0
14303,1671318001000.0,0.0,0.0,280.1,1.634845806289393,0.0,0.0,1.602,1.0,1.0,1637.4853678915993,1050.0,1628.2852575499403,1050.0,0.27964848988621505,0.0
14304,1671321601000.0,0.0,0.0,280.1,1.634845806289393,0.0,0.0,1.603,1.0,1.0,1637.4853678915993,1050.0,1628.5653575499402,1050.0,0.27964848988621505,0.0
14305,1671325201000.0,0.0,0.0,280.1,1.634845806289393,0.0,0.0,1.59,1.0,1.0,1637.4853678915993,1050.0,1624.9240575499402,1050.0,0.27964848988621505,0.0
14306,1671328801000.0,0.0,0.0,280.1,1.634845806289393,0.0,0.0,1.59,1.0,1.0,1637.4853678915993,1050.0,1624.9240575499402,1050.0,0.27964848988621505,0.0
14307,1671332401000.0,0.0,0.0,280.1,1.634845806289393,0.0,0.0,1.6,1.0,1.0,1637.4853678915993,1050.0,1627.7250575499404,1050.0,0.27964848988621505,0.0
14308,1671336001000.0,0.0,0.0,280.1,1.634845806289393,0.0,0.0,1.601,1.0,1.0,1637.4853678915993,1050.0,1628.0051575499403,1050.0,0.27964848988621505,0.0
14309,1671339601000.0,0.0,0.0,280.1,1.634845806289393,0.0,0.0,1.604,1.0,1.0,1637.4853678915993,1050.0,1628.8454575499404,1050.0,0.27964848988621505,0.0
14310,1671343201000.0,0.0,0.0,280.1,1.634845806289393,0.0,0.0,1.607,1.0,1.0,1637.4853678915993,1050.0,1629.6857575499403,1050.0,0.27964848988621505,0.0
14311,1671346801000.0,0.0,0.0,301.3,1.6320418531087253,0.0,0.0,1.598,1.0,1.0,1637.4819865015993,1050.0,1627.2251761599405,1050.0,0.30029900444414975,0.0
14312,1671350401000.0,0.0,0.0,301.4,1.6320295631773687,0.0,0.0,1.597,1.0,1.0,1637.4819705515993,1050.0,1626.9240602099403,1050.0,0.3003964130218548,0.0
14313,1671354001000.0,0.0,0.0,280.5,1.6320295631773687,0.0,0.0,1.613,1.0,1.0,1636.842405361191,1050.0,1631.504612889939,1050.0,0.2796752399448228,0.0
14314,1671357601000.0,0.0,0.0,280.5,1.6320295631773687,0.0,0.0,1.615,1.0,1.0,1636.842405361191,1050.0,1632.065612889939,1050.0,0.2796752399448228,0.0
14315,1671361201000.0,0.0,0.0,301.6,1.6298564073980502,0.0,0.0,1.598,1.0,1.0,1636.8390273211908,1050.0,1627.2311348499388,1050.0,0.30031339934247187,0.0
14316,1671364801000.0,0.0,0.0,301.6,1.6298564073980502,0.0,0.0,1.602,1.0,1.0,1636.8390273211908,1050.0,1628.4375348499389,1050.0,0.30031339934247187,0.0
14317,1671368401000.0,0.0,0.0,301.6,1.6298564073980502,0.0,0.0,1.597,1.0,1.0,1636.8390273211908,1050.0,1626.9295348499388,1050.0,0.30031339934247187,0.0
14318,1671372001000.0,0.0,0.0,301.6,1.6298564073980502,0.0,0.0,1.596,1.0,1.0,1636.8390273211908,1050.0,1626.6279348499388,1050.0,0.30031339934247187,0.0
14319,1671375601000.0,0.0,0.0,301.6,1.6298564073980502,0.0,0.0,1.594,1.0,1.0,1636.8390273211908,1050.0,1626.0247348499388,1050.0,0.30031339934247187,0.0
14320,1671379201000.0,0.0,0.0,281.2,1.6298564073980502,0.0,0.0,1.595,1.0,1.0,1636.2281924602698,1050.0,1626.426570699938,1050.0,0.280104953497469,0.0
14321,1671382801000.0,0.0,0.0,302.0,1.6274557011931512,0.0,0.0,1.598,1.0,1.0,1636.2248748602697,1050.0,1627.3292530999381,1050.0,0.3003814630322767,0.0
14322,1671386401000.0,0.0,0.0,302.0,1.6274557011931512,0.0,0.0,1.596,1.0,1.0,1636.2248748602697,1050.0,1626.725253099938,1050.0,0.3003814630322767,0.0
14323,1671390001000.0,0.0,0.0,281.1,1.6274557011931512,0.0,0.0,1.611,1.0,1.0,1635.6747040053333,1050.0,1631.0490063999384,1050.0,0.2796875176250834,0.0
14324,1671393601000.0,0.0,0.0,281.1,1.6274557011931512,0.0,0.0,1.607,1.0,1.0,1635.6747040053333,1050.0,1629.9246063999385,1050.0,0.2796875176250834,0.0
14325,1671397201000.0,0.0,0.0,281.1,1.6274557011931512,0.0,0.0,1.614,1.0,1.0,1635.6747040053333,1050.0,1631.8923063999384,1050.0,0.2796875176250834,0.0
14326,1671400801000.0,0.0,0.0,281.1,1.6274557011931512,0.0,0.0,1.614,1.0,1.0,1635.6747040053333,1050.0,1631.8923063999384,1050.0,0.2796875176250834,0.0
14327,1671404401000.0,0.0,0.0,284.0,1.6260324316630084,0.0,0.0,1.613,1.0,1.0,1635.4871173422325,1050.0,1631.7859067499382,1050.0,0.2823582073472623,0.0
14328,1671408001000.0,0.0,0.0,302.0,1.6247964338635903,0.0,0.0,1.611,1.0,1.0,1635.4660639167428,1050.0,1631.2995408899385,1050.0,0.3000297797996889,0.0
14329,1671411601000.0,0.0,0.0,281.5,1.6247964338635903,0.0,0.0,1.625,1.0,1.0,1635.2806244025394,1050.0,1635.3379282699386,1050.0,0.27969523353198633,0.0
14330,1671415201000.0,0.0,0.0,281.5,1.6247964338635903,0.0,0.0,1.623,1.0,1.0,1635.2806244025394,1050.0,1634.7749282699388,1050.0,0.27969523353198633,0.0
14331,1671418801000.0,0.0,0.0,302.4,1.6241173813908751,0.0,0.0,1.608,1.0,1.0,1635.2772491125393,1050.0,1630.4033529799387,1050.0,0.3003362863386849,0.0
14332,1671422401000.0,0.0,0.0,302.4,1.6241173813908751,0.0,0.0,1.589,1.0,1.0,1635.2772491125393,1050.0,1624.6577529799386,1050.0,0.3003362863386849,0.0
14333,1671426001000.0,0.0,0.0,302.4,1.6241173813908751,0.0,0.0,1.595,1.0,1.0,1635.2772491125393,1050.0,1626.4721529799385,1050.0,0.3003362863386849,0.0
14334,1671429601000.0,0.0,0.0,302.4,1.6241173813908751,0.0,0.0,1.596,1.0,1.0,1635.2772491125393,1050.0,1626.7745529799386,1050.0,0.3003362863386849,0.0
14335,1671433201000.0,0.0,0.0,302.4,1.6241173813908751,0.0,0.0,1.594,1.0,1.0,1635.2772491125393,1050.0,1626.1697529799387,1050.0,0.3003362863386849,0.0
14336,1671436801000.0,0.0,0.0,302.4,1.6241173813908751,0.0,0.0,1.593,1.0,1.0,1635.2772491125393,1050.0,1625.8673529799387,1050.0,0.3003362863386849,0.0
14337,1671440401000.0,0.0,0.0,281.5,1.6241173813908751,0.0,0.0,1.617,1.0,1.0,1634.8267461514702,1050.0,1632.8232032899389,1050.0,0.27965595983659775,0.0
14338,1671444001000.0,0.0,0.0,281.5,1.6241173813908751,0.0,0.0,1.621,1.0,1.0,1634.8267461514702,1050.0,1633.9492032899389,1050.0,0.27965595983659775,0.0
14339,1671447601000.0,0.0,0.0,281.5,1.6241173813908751,0.0,0.0,1.628,1.0,1.0,1634.8267461514702,1050.0,1635.9197032899388,1050.0,0.27965595983659775,0.0
14340,1671451201000.0,0.0,0.0,188.7,1.6241173813908751,0.0,0.0,1.629,1.0,1.0,1635.821480358397,1050.0,1636.7428304899388,1050.0,0.18734987500060976,0.0
14341,1671454801000.0,0.0,0.0,188.7,1.6241173813908751,0.0,0.0,1.629,1.0,1.0,1635.821480358397,1050.0,1636.7428304899388,1050.0,0.18734987500060976,0.0
14342,1671458401000.0,0.0,0.0,188.7,1.6241173813908751,0.0,0.0,1.622,1.0,1.0,1635.821480358397,1050.0,1635.4219304899389,1050.0,0.18734987500060976,0.0
14343,1671462001000.0,0.0,0.0,188.7,1.6241173813908751,0.0,0.0,1.62,1.0,1.0,1635.821480358397,1050.0,1635.0445304899388,1050.0,0.18734987500060976,0.0
14344,1671465601000.0,0.0,0.0,188.7,1.6241173813908751,0.0,0.0,1.609,1.0,1.0,1635.821480358397,1050.0,1632.9688304899387,1050.0,0.18734987500060976,0.0
14345,1671469201000.0,0.0,0.0,188.7,1.6241173813908751,0.0,0.0,1.601,1.0,1.0,1635.821480358397,1050.0,1631.4592304899388,1050.0,0.18734987500060976,0.0
14346,1671472801000.0,0.0,0.0,188.7,1.6241173813908751,0.0,0.0,1.566,1.0,1.0,1635.821480358397,1050.0,1624.8547304899387,1050.0,0.18734987500060976,0.0
14347,1671476401000.0,0.0,0.0,188.7,1.6241173813908751,0.0,0.0,1.544,1.0,1.0,1635.821480358397,1050.0,1620.7033304899387,1050.0,0.18734987500060976,0.0
14348,1671480001000.0,0.0,0.0,188.7,1.6241173813908751,0.0,0.0,1.559,1.0,1.0,1635.821480358397,1050.0,1623.5338304899387,1050.0,0.18734987500060976,0.0
14349,1671483601000.0,0.0,0.0,188.7,1.6241173813908751,0.0,0.0,1.565,1.0,1.0,1635.821480358397,1050.0,1624.6660304899387,1050.0,0.18734987500060976,0.0
14350,1671487201000.0,0.0,0.0,188.7,1.6241173813908751,0.0,0.0,1.559,1.0,1.0,1635.821480358397,1050.0,1623.5338304899387,1050.0,0.18734987500060976,0.0
14351,1671490801000.0,0.0,0.0,309.1,1.5894010024861147,0.0,0.0,1.528,1.0,1.0,1635.8029990683967,1050.0,1616.8239491999386,1050.0,0.3003319165866845,0.0
14352,1671494401000.0,0.0,0.0,309.1,1.5894010024861147,0.0,0.0,1.533,1.0,1.0,1635.8029990683967,1050.0,1618.3694491999386,1050.0,0.3003319165866845,0.0
14353,1671498001000.0,0.0,0.0,309.1,1.5894010024861147,0.0,0.0,1.549,1.0,1.0,1635.8029990683967,1050.0,1623.3150491999386,1050.0,0.3003319165866845,0.0
14354,1671501601000.0,0.0,0.0,287.7,1.5894010024861147,0.0,0.0,1.574,1.0,1.0,1635.1030859551934,1050.0,1630.6722175399382,1050.0,0.27965861745538023,0.0
14355,1671505201000.0,0.0,0.0,33.0,1.5894010024861147,0.0,0.0,1.618,1.0,1.0,1639.5779170019798,1050.0,1640.5216839199381,1050.0,0.031990082653679974,0.0
14356,1671508801000.0,0.0,0.0,1.5,1.5894010024861147,0.0,0.0,1.625,1.0,1.0,1640.4880872836675,1050.0,1640.5414857799383,1050.0,0.0014532879099882921,0.0
14357,1671512401000.0,0.0,0.0,0.7,1.6061841849418954,0.0,0.0,1.619,1.0,1.0,1640.5220554693976,1050.0,1640.5310265399382,1050.0,0.0006853482558865238,0.0
14358,1671516001000.0,0.0,0.0,0.7,1.6061841849418954,0.0,0.0,1.607,1.0,1.0,1640.5220554693976,1050.0,1640.5226265399383,1050.0,0.0006853482558865238,0.0
14359,1671519601000.0,0.0,0.0,0.7,1.6061841849418954,0.0,0.0,1.602,1.0,1.0,1640.5220554693976,1050.0,1640.5191265399383,1050.0,0.0006853482558865238,0.0
14360,1671523201000.0,0.0,0.0,0.7,1.6061841849418954,0.0,0.0,1.603,1.0,1.0,1640.5220554693976,1050.0,1640.5198265399383,1050.0,0.0006853482558865238,0.0
14361,1671526801000.0,0.0,0.0,0.7,1.6061841849418954,0.0,0.0,1.612,1.0,1.0,1640.5220554693976,1050.0,1640.5261265399383,1050.0,0.0006853482558865238,0.0
14362,1671530401000.0,0.0,0.0,0.7,1.6061841849418954,0.0,0.0,1.611,1.0,1.0,1640.5220554693976,1050.0,1640.5254265399383,1050.0,0.0006853482558865238,0.0
14363,1671534001000.0,0.0,0.0,0.7,1.6061841849418954,0.0,0.0,1.611,1.0,1.0,1640.5220554693976,1050.0,1640.5254265399383,1050.0,0.0006853482558865238,0.0
14364,1671537601000.0,0.0,0.0,0.7,1.609560132101354,0.0,0.0,1.609,1.0,1.0,1640.5241539324093,1050.0,1640.5237618399383,1050.0,0.0006867878718946116,0.0
14365,1671541201000.0,0.0,0.0,0.7,1.609560132101354,0.0,0.0,1.616,1.0,1.0,1640.5241539324093,1050.0,1640.5286618399384,1050.0,0.0006867878718946116,0.0
14366,1671544801000.0,0.0,0.0,0.7,1.609560132101354,0.0,0.0,1.609,1.0,1.0,1640.5241539324093,1050.0,1640.5237618399383,1050.0,0.0006867878718946116,0.0
14367,1671548401000.0,0.0,0.0,0.6,1.6131143800723957,0.0,0.0,1.626,1.0,1.0,1640.5274493679817,1050.0,1640.5351807399384,1050.0,0.0005899740528061946,0.0
14368,1671552001000.0,0.0,0.0,0.7,1.6400469835128901,0.0,0.0,1.628,1.0,1.0,1640.5424711383969,1050.0,1640.5340382499378,1050.0,0.0006997885813113914,0.0
14369,1671555601000.0,0.0,0.0,0.7,1.6400469835128901,0.0,0.0,1.609,1.0,1.0,1640.5424711383969,1050.0,1640.520738249938,1050.0,0.0006997885813113914,0.0
14370,1671559201000.0,0.0,0.0,0.7,1.6400469835128901,0.0,0.0,1.61,1.0,1.0,1640.5424711383969,1050.0,1640.5214382499378,1050.0,0.0006997885813113914,0.0
14371,1671562801000.0,0.0,0.0,0.7,1.6400469835128901,0.0,0.0,1.625,1.0,1.0,1640.5424711383969,1050.0,1640.5319382499379,1050.0,0.0006997885813113914,0.0
14372,1671566401000.0,0.0,0.0,0.7,1.6400469835128901,0.0,0.0,1.626,1.0,1.0,1640.5424711383969,1050.0,1640.532638249938,1050.0,0.0006997885813113914,0.0
14373,1671570001000.0,0.0,0.0,0.7,1.6400469835128901,0.0,0.0,1.617,1.0,1.0,1640.5424711383969,1050.0,1640.526338249938,1050.0,0.0006997885813113914,0.0
14374,1671573601000.0,0.0,0.0,0.7,1.6400469835128901,0.0,0.0,1.619,1.0,1.0,1640.5424711383969,1050.0,1640.5277382499378,1050.0,0.0006997885813113914,0.0
14375,1671577201000.0,0.0,0.0,0.7,1.6400469835128901,0.0,0.0,1.617,1.0,1.0,1640.5424711383969,1050.0,1640.526338249938,1050.0,0.0006997885813113914,0.0
14376,1671580801000.0,0.0,0.0,0.7,1.6400469835128901,0.0,0.0,1.617,1.0,1.0,1640.5424711383969,1050.0,1640.526338249938,1050.0,0.0006997885813113914,0.0
14377,1671584401000.0,0.0,0.0,0.7,1.6400469835128901,0.0,0.0,1.609,1.0,1.0,1640.5424711383969,1050.0,1640.520738249938,1050.0,0.0006997885813113914,0.0
14378,1671588001000.0,0.0,0.0,0.7,1.6400469835128901,0.0,0.0,1.611,1.0,1.0,1640.5424711383969,1050.0,1640.5221382499378,1050.0,0.0006997885813113914,0.0
14379,1671591601000.0,0.0,0.0,1.6,1.6175205552868892,0.0,0.0,1.601,1.0,1.0,1640.5423271383968,1050.0,1640.5158942499377,1050.0,0.0015775471596477105,0.0
14380,1671595201000.0,0.0,0.0,1.6,1.6175205552868892,0.0,0.0,1.585,1.0,1.0,1640.5423271383968,1050.0,1640.4902942499377,1050.0,0.0015775471596477105,0.0
14381,1671598801000.0,0.0,0.0,3.7,1.59508996985379,0.0,0.0,1.581,1.0,1.0,1640.5419957583968,1050.0,1640.4898628699377,1050.0,0.0035974896733629177,0.0
14382,1671602401000.0,0.0,0.0,3.7,1.59508996985379,0.0,0.0,1.586,1.0,1.0,1640.5419957583968,1050.0,1640.5083628699376,1050.0,0.0035974896733629177,0.0
14383,1671606001000.0,0.0,0.0,3.7,1.59508996985379,0.0,0.0,1.589,1.0,1.0,1640.5419957583968,1050.0,1640.5194628699378,1050.0,0.0035974896733629177,0.0
14384,1671609601000.0,0.0,0.0,3.7,1.59508996985379,0.0,0.0,1.591,1.0,1.0,1640.5419957583968,1050.0,1640.5268628699378,1050.0,0.0035974896733629177,0.0
14385,1671613201000.0,0.0,0.0,3.3,1.59508996985379,0.0,0.0,1.597,1.0,1.0,1640.5462955304552,1050.0,1640.5525986299376,1050.0,0.003208563461365476,0.0
14386,1671616801000.0,0.0,0.0,3.3,1.59508996985379,0.0,0.0,1.604,1.0,1.0,1640.5462955304552,1050.0,1640.5756986299377,1050.0,0.003208563461365476,0.0
14387,1671620401000.0,0.0,0.0,3.3,1.59508996985379,0.0,0.0,1.599,1.0,1.0,1640.5462955304552,1050.0,1640.5591986299376,1050.0,0.003208563461365476,0.0
14388,1671624001000.0,0.0,0.0,3.3,1.59508996985379,0.0,0.0,1.599,1.0,1.0,1640.5462955304552,1050.0,1640.5591986299376,1050.0,0.003208563461365476,0.0
14389,1671627601000.0,0.0,0.0,3.3,1.59508996985379,0.0,0.0,1.594,1.0,1.0,1640.5462955304552,1050.0,1640.5426986299376,1050.0,0.003208563461365476,0.0
14390,1671631201000.0,0.0,0.0,3.3,1.59508996985379,0.0,0.0,1.593,1.0,1.0,1640.5462955304552,1050.0,1640.5393986299378,1050.0,0.003208563461365476,0.0
14391,1671634801000.0,0.0,0.0,3.3,1.59508996985379,0.0,0.0,1.578,1.0,1.0,1640.5462955304552,1050.0,1640.4898986299377,1050.0,0.003208563461365476,0.0
14392,1671638401000.0,0.0,0.0,3.3,1.59508996985379,0.0,0.0,1.584,1.0,1.0,1640.5462955304552,1050.0,1640.5096986299377,1050.0,0.003208563461365476,0.0
14393,1671642001000.0,0.0,0.0,3.3,1.59508996985379,0.0,0.0,1.583,1.0,1.0,1640.5462955304552,1050.0,1640.5063986299376,1050.0,0.003208563461365476,0.0
14394,1671645601000.0,0.0,0.0,3.3,1.59508996985379,0.0,0.0,1.58,1.0,1.0,1640.5462955304552,1050.0,1640.4964986299376,1050.0,0.003208563461365476,0.0
14395,1671649201000.0,0.0,0.0,3.3,1.59508996985379,0.0,0.0,1.572,1.0,1.0,1640.5462955304552,1050.0,1640.4700986299376,1050.0,0.003208563461365476,0.0
14396,1671652801000.0,0.0,0.0,7.7,1.572752844223053,0.0,0.0,1.555,1.0,1.0,1640.5456108904552,1050.0,1640.4089139899377,1050.0,0.007381810551395969,0.0
14397,1671656401000.0,0.0,0.0,7.7,1.572752844223053,0.0,0.0,1.551,1.0,1.0,1640.5456108904552,1050.0,1640.3781139899377,1050.0,0.007381810551395969,0.0
14398,1671660001000.0,0.0,0.0,7.7,1.572752844223053,0.0,0.0,1.545,1.0,1.0,1640.5456108904552,1050.0,1640.3319139899377,1050.0,0.007381810551395969,0.0
14399,1671663601000.0,0.0,0.0,7.7,1.572752844223053,0.0,0.0,1.543,1.0,1.0,1640.5456108904552,1050.0,1640.3165139899377,1050.0,0.007381810551395969,0.0
14400,1671667201000.0,0.0,0.0,7.7,1.572752844223053,0.0,0.0,1.546,1.0,1.0,1640.5456108904552,1050.0,1640.3396139899378,1050.0,0.007381810551395969,0.0
14401,1671670801000.0,0.0,0.0,18.0,1.550005383362084,0.0,0.0,1.55,1.0,1.0,1640.5440319004551,1050.0,1640.5439349999376,1050.0,0.017006612658970945,0.0
14402,1671674401000.0,0.0,0.0,18.0,1.550005383362084,0.0,0.0,1.544,1.0,1.0,1640.5440319004551,1050.0,1640.4359349999377,1050.0,0.017006612658970945,0.0
14403,1671678001000.0,0.0,0.0,18.0,1.550005383362084,0.0,0.0,1.548,1.0,1.0,1640.5440319004551,1050.0,1640.5079349999376,1050.0,0.017006612658970945,0.0
14404,1671681601000.0,0.0,0.0,18.0,1.550005383362084,0.0,0.0,1.551,1.0,1.0,1640.5440319004551,1050.0,1640.5619349999376,1050.0,0.017006612658970945,0.0
14405,1671685201000.0,0.0,0.0,18.0,1.550005383362084,0.0,0.0,1.552,1.0,1.0,1640.5440319004551,1050.0,1640.5799349999377,1050.0,0.017006612658970945,0.0
14406,1671688801000.0,0.0,0.0,18.0,1.550005383362084,0.0,0.0,1.547,1.0,1.0,1640.5440319004551,1050.0,1640.4899349999375,1050.0,0.017006612658970945,0.0
14407,1671692401000.0,0.0,0.0,18.0,1.550005383362084,0.0,0.0,1.537,1.0,1.0,1640.5440319004551,1050.0,1640.3099349999377,1050.0,0.017006612658970945,0.0
14408,1671696001000.0,0.0,0.0,18.0,1.550005383362084,0.0,0.0,1.542,1.0,1.0,1640.5440319004551,1050.0,1640.3999349999376,1050.0,0.017006612658970945,0.0
14409,1671699601000.0,0.0,0.0,18.0,1.550005383362084,0.0,0.0,1.555,1.0,1.0,1640.5440319004551,1050.0,1640.6339349999375,1050.0,0.017006612658970945,0.0
14410,1671703201000.0,0.0,0.0,6.4,1.550005383362084,0.0,0.0,1.565,1.0,1.0,1640.6697586934552,1050.0,1640.7657242399378,1050.0,0.006046332237766815,0.0
14411,1671706801000.0,0.0,0.0,0.7,1.5557181309729171,0.0,0.0,1.569,1.0,1.0,1640.7808698216174,1050.0,1640.7901671299364,1050.0,0.0006637100125377718,0.0
14412,1671710401000.0,0.0,0.0,0.7,1.5623868015167945,0.0,0.0,1.573,1.0,1.0,1640.7850124109982,1050.0,1640.7924416499366,1050.0,0.0006665533587820242,0.0
14413,1671714001000.0,0.0,0.0,0.7,1.5657048582262818,0.0,0.0,1.572,1.0,1.0,1640.7870721106947,1050.0,1640.7914787099362,1050.0,0.0006679680864065564,0.0
14414,1671717601000.0,0.0,0.0,0.7,1.5657048582262818,0.0,0.0,1.558,1.0,1.0,1640.7870721106947,1050.0,1640.7816787099364,1050.0,0.0006679680864065564,0.0
14415,1671721201000.0,0.0,0.0,0.7,1.5657048582262818,0.0,0.0,1.535,1.0,1.0,1640.7870721106947,1050.0,1640.7655787099363,1050.0,0.0006679680864065564,0.0
14416,1671724801000.0,0.0,0.0,1.6,1.5444958754739981,0.0,0.0,1.53,1.0,1.0,1640.7869345906947,1050.0,1640.7637411899364,1050.0,0.0015061025588766362,0.0
14417,1671728401000.0,0.0,0.0,1.6,1.5444958754739981,0.0,0.0,1.535,1.0,1.0,1640.7869345906947,1050.0,1640.7717411899364,1050.0,0.0015061025588766362,0.0
14418,1671732001000.0,0.0,0.0,1.6,1.5444958754739981,0.0,0.0,1.531,1.0,1.0,1640.7869345906947,1050.0,1640.7653411899364,1050.0,0.0015061025588766362,0.0
14419,1671735601000.0,0.0,0.0,1.6,1.5444958754739981,0.0,0.0,1.536,1.0,1.0,1640.7869345906947,1050.0,1640.7733411899362,1050.0,0.0015061025588766362,0.0
14420,1671739201000.0,0.0,0.0,1.6,1.5444958754739981,0.0,0.0,1.539,1.0,1.0,1640.7869345906947,1050.0,1640.7781411899364,1050.0,0.0015061025588766362,0.0
14421,1671742801000.0,0.0,0.0,0.7,1.5543754466704074,0.0,0.0,1.565,1.0,1.0,1640.807638392605,1050.0,1640.8150755799356,1050.0,0.0006631263697280146,0.0
14422,1671746401000.0,0.0,0.0,0.7,1.5576967476217196,0.0,0.0,1.559,1.0,1.0,1640.8097006832706,1050.0,1640.8106129599355,1050.0,0.0006645424651506762,0.0
14423,1671750001000.0,0.0,0.0,0.7,1.5576967476217196,0.0,0.0,1.56,1.0,1.0,1640.8097006832706,1050.0,1640.8113129599355,1050.0,0.0006645424651506762,0.0
14424,1671753601000.0,0.0,0.0,0.7,1.5617833911583714,0.0,0.0,1.569,1.0,1.0,1640.8116985337467,1050.0,1640.816750159936,1050.0,0.000666285092181999,0.0
14425,1671757201000.0,0.0,0.0,0.7,1.564988136541694,0.0,0.0,1.565,1.0,1.0,1640.8136789555151,1050.0,1640.813687259936,1050.0,0.0006676514887885001,0.0
14426,1671760801000.0,0.0,0.0,0.6,1.564988136541694,0.0,0.0,1.575,1.0,1.0,1640.8147643818609,1050.0,1640.8207714999357,1050.0,0.000572272326107914,0.0
14427,1671764401000.0,0.0,0.0,0.7,1.5806000398080742,0.0,0.0,1.588,1.0,1.0,1640.8218855578016,1050.0,1640.827065529936,1050.0,0.0006743084289673047,0.0
14428,1671768001000.0,0.0,0.0,0.7,1.5838571712914815,0.0,0.0,1.584,1.0,1.0,1640.82390188984,1050.0,1640.824001869936,1050.0,0.0006756971413124086,0.0
14429,1671771601000.0,0.0,0.0,0.7,1.5838571712914815,0.0,0.0,1.58,1.0,1.0,1640.82390188984,1050.0,1640.821201869936,1050.0,0.0006756971413124086,0.0
14430,1671775201000.0,0.0,0.0,0.7,1.5838571712914815,0.0,0.0,1.58,1.0,1.0,1640.82390188984,1050.0,1640.821201869936,1050.0,0.0006756971413124086,0.0
14431,1671778801000.0,0.0,0.0,0.7,1.5838571712914815,0.0,0.0,1.577,1.0,1.0,1640.82390188984,1050.0,1640.819101869936,1050.0,0.0006756971413124086,0.0
14432,1671782401000.0,0.0,0.0,0.7,1.5838571712914815,0.0,0.0,1.577,1.0,1.0,1640.82390188984,1050.0,1640.819101869936,1050.0,0.0006756971413124086,0.0
14433,1671786001000.0,0.0,0.0,0.7,1.5838571712914815,0.0,0.0,1.569,1.0,1.0,1640.82390188984,1050.0,1640.813501869936,1050.0,0.0006756971413124086,0.0
14434,1671789601000.0,0.0,0.0,0.7,1.5838571712914815,0.0,0.0,1.57,1.0,1.0,1640.82390188984,1050.0,1640.814201869936,1050.0,0.0006756971413124086,0.0
14435,1671793201000.0,0.0,0.0,0.7,1.5838571712914815,0.0,0.0,1.569,1.0,1.0,1640.82390188984,1050.0,1640.813501869936,1050.0,0.0006756971413124086,0.0
14436,1671796801000.0,0.0,0.0,0.7,1.5838571712914815,0.0,0.0,1.57,1.0,1.0,1640.82390188984,1050.0,1640.814201869936,1050.0,0.0006756971413124086,0.0
14437,1671800401000.0,0.0,0.0,0.7,1.5838571712914815,0.0,0.0,1.581,1.0,1.0,1640.82390188984,1050.0,1640.821901869936,1050.0,0.0006756971413124086,0.0
14438,1671804001000.0,0.0,0.0,0.7,1.5838571712914815,0.0,0.0,1.567,1.0,1.0,1640.82390188984,1050.0,1640.812101869936,1050.0,0.0006756971413124086,0.0
14439,1671807601000.0,0.0,0.0,0.7,1.5838571712914815,0.0,0.0,1.555,1.0,1.0,1640.82390188984,1050.0,1640.803701869936,1050.0,0.0006756971413124086,0.0
14440,1671811201000.0,0.0,0.0,0.7,1.5838571712914815,0.0,0.0,1.559,1.0,1.0,1640.82390188984,1050.0,1640.806501869936,1050.0,0.0006756971413124086,0.0
14441,1671814801000.0,0.0,0.0,0.7,1.5838571712914815,0.0,0.0,1.559,1.0,1.0,1640.82390188984,1050.0,1640.806501869936,1050.0,0.0006756971413124086,0.0
14442,1671818401000.0,0.0,0.0,0.7,1.5838571712914815,0.0,0.0,1.56,1.0,1.0,1640.82390188984,1050.0,1640.807201869936,1050.0,0.0006756971413124086,0.0
14443,1671822001000.0,0.0,0.0,0.7,1.5838571712914815,0.0,0.0,1.556,1.0,1.0,1640.82390188984,1050.0,1640.804401869936,1050.0,0.0006756971413124086,0.0
14444,1671825601000.0,0.0,0.0,0.7,1.5838571712914815,0.0,0.0,1.554,1.0,1.0,1640.82390188984,1050.0,1640.803001869936,1050.0,0.0006756971413124086,0.0
14445,1671829201000.0,0.0,0.0,0.7,1.5838571712914815,0.0,0.0,1.549,1.0,1.0,1640.82390188984,1050.0,1640.799501869936,1050.0,0.0006756971413124086,0.0
14446,1671832801000.0,0.0,0.0,1.6,1.562000012440023,0.0,0.0,1.545,1.0,1.0,1640.8237628398401,1050.0,1640.796562819936,1050.0,0.0015231373877585552,0.0
14447,1671836401000.0,0.0,0.0,1.6,1.562000012440023,0.0,0.0,1.54,1.0,1.0,1640.8237628398401,1050.0,1640.788562819936,1050.0,0.0015231373877585552,0.0
14448,1671840001000.0,0.0,0.0,1.6,1.562000012440023,0.0,0.0,1.54,1.0,1.0,1640.8237628398401,1050.0,1640.788562819936,1050.0,0.0015231373877585552,0.0
14449,1671843601000.0,0.0,0.0,1.6,1.562000012440023,0.0,0.0,1.535,1.0,1.0,1640.8237628398401,1050.0,1640.780562819936,1050.0,0.0015231373877585552,0.0
14450,1671847201000.0,0.0,0.0,1.6,1.562000012440023,0.0,0.0,1.531,1.0,1.0,1640.8237628398401,1050.0,1640.774162819936,1050.0,0.0015231373877585552,0.0
14451,1671850801000.0,0.0,0.0,1.6,1.562000012440023,0.0,0.0,1.532,1.0,1.0,1640.8237628398401,1050.0,1640.775762819936,1050.0,0.0015231373877585552,0.0
14452,1671854401000.0,0.0,0.0,1.6,1.562000012440023,0.0,0.0,1.539,1.0,1.0,1640.8237628398401,1050.0,1640.786962819936,1050.0,0.0015231373877585552,0.0
14453,1671858001000.0,0.0,0.0,1.6,1.562000012440023,0.0,0.0,1.538,1.0,1.0,1640.8237628398401,1050.0,1640.7853628199362,1050.0,0.0015231373877585552,0.0
14454,1671861601000.0,0.0,0.0,1.6,1.562000012440023,0.0,0.0,1.538,1.0,1.0,1640.8237628398401,1050.0,1640.7853628199362,1050.0,0.0015231373877585552,0.0
14455,1671865201000.0,0.0,0.0,1.6,1.562000012440023,0.0,0.0,1.536,1.0,1.0,1640.8237628398401,1050.0,1640.782162819936,1050.0,0.0015231373877585552,0.0
14456,1671868801000.0,0.0,0.0,3.7,1.5404324378119019,0.0,0.0,1.526,1.0,1.0,1640.8234427998402,1050.0,1640.7700427799361,1050.0,0.00347362176285003,0.0
14457,1671872401000.0,0.0,0.0,3.7,1.5404324378119019,0.0,0.0,1.517,1.0,1.0,1640.8234427998402,1050.0,1640.736742779936,1050.0,0.00347362176285003,0.0
14458,1671876001000.0,0.0,0.0,3.7,1.5404324378119019,0.0,0.0,1.518,1.0,1.0,1640.8234427998402,1050.0,1640.740442779936,1050.0,0.00347362176285003,0.0
14459,1671879601000.0,0.0,0.0,3.7,1.5404324378119019,0.0,0.0,1.523,1.0,1.0,1640.8234427998402,1050.0,1640.7589427799362,1050.0,0.00347362176285003,0.0
14460,1671883201000.0,0.0,0.0,3.7,1.5404324378119019,0.0,0.0,1.524,1.0,1.0,1640.8234427998402,1050.0,1640.7626427799362,1050.0,0.00347362176285003,0.0
14461,1671886801000.0,0.0,0.0,3.7,1.5404324378119019,0.0,0.0,1.528,1.0,1.0,1640.8234427998402,1050.0,1640.777442779936,1050.0,0.00347362176285003,0.0
14462,1671890401000.0,0.0,0.0,3.7,1.5404324378119019,0.0,0.0,1.528,1.0,1.0,1640.8234427998402,1050.0,1640.777442779936,1050.0,0.00347362176285003,0.0
14463,1671894001000.0,0.0,0.0,3.7,1.5404324378119019,0.0,0.0,1.528,1.0,1.0,1640.8234427998402,1050.0,1640.777442779936,1050.0,0.00347362176285003,0.0
14464,1671897601000.0,0.0,0.0,3.7,1.5404324378119019,0.0,0.0,1.535,1.0,1.0,1640.8234427998402,1050.0,1640.8033427799362,1050.0,0.00347362176285003,0.0
14465,1671901201000.0,0.0,0.0,3.7,1.5404324378119019,0.0,0.0,1.532,1.0,1.0,1640.8234427998402,1050.0,1640.7922427799363,1050.0,0.00347362176285003,0.0
14466,1671904801000.0,0.0,0.0,3.7,1.5404324378119019,0.0,0.0,1.534,1.0,1.0,1640.8234427998402,1050.0,1640.7996427799362,1050.0,0.00347362176285003,0.0
14467,1671908401000.0,0.0,0.0,3.7,1.5404324378119019,0.0,0.0,1.522,1.0,1.0,1640.8234427998402,1050.0,1640.7552427799362,1050.0,0.00347362176285003,0.0
14468,1671912001000.0,0.0,0.0,3.7,1.5404324378119019,0.0,0.0,1.513,1.0,1.0,1640.8234427998402,1050.0,1640.7219427799362,1050.0,0.00347362176285003,0.0
14469,1671915601000.0,0.0,0.0,3.7,1.5404324378119019,0.0,0.0,1.515,1.0,1.0,1640.8234427998402,1050.0,1640.7293427799361,1050.0,0.00347362176285003,0.0
14470,1671919201000.0,0.0,0.0,3.7,1.5404324378119019,0.0,0.0,1.515,1.0,1.0,1640.8234427998402,1050.0,1640.7293427799361,1050.0,0.00347362176285003,0.0
14471,1671922801000.0,0.0,0.0,3.7,1.5404324378119019,0.0,0.0,1.515,1.0,1.0,1640.8234427998402,1050.0,1640.7293427799361,1050.0,0.00347362176285003,0.0
14472,1671926401000.0,0.0,0.0,3.7,1.5404324378119019,0.0,0.0,1.515,1.0,1.0,1640.8234427998402,1050.0,1640.7293427799361,1050.0,0.00347362176285003,0.0
14473,1671930001000.0,0.0,0.0,3.7,1.5404324378119019,0.0,0.0,1.515,1.0,1.0,1640.8234427998402,1050.0,1640.7293427799361,1050.0,0.00347362176285003,0.0
14474,1671933601000.0,0.0,0.0,3.7,1.5404324378119019,0.0,0.0,1.512,1.0,1.0,1640.8234427998402,1050.0,1640.7182427799362,1050.0,0.00347362176285003,0.0
14475,1671937201000.0,0.0,0.0,3.7,1.5404324378119019,0.0,0.0,1.513,1.0,1.0,1640.8234427998402,1050.0,1640.7219427799362,1050.0,0.00347362176285003,0.0
14476,1671940801000.0,0.0,0.0,3.7,1.5404324378119019,0.0,0.0,1.511,1.0,1.0,1640.8234427998402,1050.0,1640.7145427799362,1050.0,0.00347362176285003,0.0
14477,1671944401000.0,0.0,0.0,3.7,1.5404324378119019,0.0,0.0,1.503,1.0,1.0,1640.8234427998402,1050.0,1640.6849427799361,1050.0,0.00347362176285003,0.0
14478,1671948001000.0,0.0,0.0,8.6,1.5185348860353534,0.0,0.0,1.499,1.0,1.0,1640.8227068198403,1050.0,1640.6547067999363,1050.0,0.00795905612813898,0.0
14479,1671951601000.0,0.0,0.0,8.6,1.5185348860353534,0.0,0.0,1.502,1.0,1.0,1640.8227068198403,1050.0,1640.6805067999362,1050.0,0.00795905612813898,0.0
14480,1671955201000.0,0.0,0.0,8.6,1.5185348860353534,0.0,0.0,1.495,1.0,1.0,1640.8227068198403,1050.0,1640.6203067999363,1050.0,0.00795905612813898,0.0
14481,1671958801000.0,0.0,0.0,20.1,1.496487563179305,0.0,0.0,1.472,1.0,1.0,1640.8210048198403,1050.0,1640.3288047999363,1050.0,0.018331920381045287,0.0
14482,1671962401000.0,0.0,0.0,20.1,1.496487563179305,0.0,0.0,1.48,1.0,1.0,1640.8210048198403,1050.0,1640.4896047999362,1050.0,0.018331920381045287,0.0
14483,1671966001000.0,0.0,0.0,20.1,1.496487563179305,0.0,0.0,1.481,1.0,1.0,1640.8210048198403,1050.0,1640.5097047999361,1050.0,0.018331920381045287,0.0
14484,1671969601000.0,0.0,0.0,20.1,1.496487563179305,0.0,0.0,1.48,1.0,1.0,1640.8210048198403,1050.0,1640.4896047999362,1050.0,0.018331920381045287,0.0
14485,1671973201000.0,0.0,0.0,20.1,1.496487563179305,0.0,0.0,1.482,1.0,1.0,1640.8210048198403,1050.0,1640.5298047999363,1050.0,0.018331920381045287,0.0
14486,1671976801000.0,0.0,0.0,20.1,1.496487563179305,0.0,0.0,1.473,1.0,1.0,1640.8210048198403,1050.0,1640.3489047999362,1050.0,0.018331920381045287,0.0
14487,1671980401000.0,0.0,0.0,46.9,1.473351812791131,0.0,0.0,1.465,1.0,1.0,1640.8171027398403,1050.0,1640.4254027199363,1050.0,0.0421132860600492,0.0
14488,1671984001000.0,0.0,0.0,46.9,1.473351812791131,0.0,0.0,1.466,1.0,1.0,1640.8171027398403,1050.0,1640.4723027199361,1050.0,0.0421132860600492,0.0
14489,1671987601000.0,0.0,0.0,46.9,1.473351812791131,0.0,0.0,1.455,1.0,1.0,1640.8171027398403,1050.0,1639.9564027199362,1050.0,0.0421132860600492,0.0
14490,1671991201000.0,0.0,0.0,46.9,1.473351812791131,0.0,0.0,1.454,1.0,1.0,1640.8171027398403,1050.0,1639.9095027199362,1050.0,0.0421132860600492,0.0
14491,1671994801000.0,0.0,0.0,46.9,1.473351812791131,0.0,0.0,1.463,1.0,1.0,1640.8171027398403,1050.0,1640.3316027199362,1050.0,0.0421132860600492,0.0
14492,1671998401000.0,0.0,0.0,46.9,1.473351812791131,0.0,0.0,1.467,1.0,1.0,1640.8171027398403,1050.0,1640.5192027199362,1050.0,0.0421132860600492,0.0
14493,1672002001000.0,0.0,0.0,46.9,1.473351812791131,0.0,0.0,1.462,1.0,1.0,1640.8171027398403,1050.0,1640.2847027199361,1050.0,0.0421132860600492,0.0
14494,1672005601000.0,0.0,0.0,46.9,1.473351812791131,0.0,0.0,1.472,1.0,1.0,1640.8171027398403,1050.0,1640.7537027199362,1050.0,0.0421132860600492,0.0
14495,1672009201000.0,0.0,0.0,46.9,1.473351812791131,0.0,0.0,1.473,1.0,1.0,1640.8171027398403,1050.0,1640.8006027199363,1050.0,0.0421132860600492,0.0
14496,1672012801000.0,0.0,0.0,46.9,1.473351812791131,0.0,0.0,1.478,1.0,1.0,1640.8171027398403,1050.0,1641.0351027199363,1050.0,0.0421132860600492,0.0
14497,1672016401000.0,0.0,0.0,46.9,1.473351812791131,0.0,0.0,1.474,1.0,1.0,1640.8171027398403,1050.0,1640.8475027199363,1050.0,0.0421132860600492,0.0
14498,1672020001000.0,0.0,0.0,5.9,1.473351812791131,0.0,0.0,1.487,1.0,1.0,1641.2065981154035,1050.0,1641.2871224199357,1050.0,0.005296576132127169,0.0
14499,1672023601000.0,0.0,0.0,0.8,1.4938832915119573,0.0,0.0,1.501,1.0,1.0,1641.3103690031464,1050.0,1641.3160623699368,1050.0,0.0007281417675655194,0.0
14500,1672027201000.0,0.0,0.0,0.8,1.4938832915119573,0.0,0.0,1.494,1.0,1.0,1641.3103690031464,1050.0,1641.3104623699369,1050.0,0.0007281417675655194,0.0
14501,1672030801000.0,0.0,0.0,0.8,1.4938832915119573,0.0,0.0,1.489,1.0,1.0,1641.3103690031464,1050.0,1641.306462369937,1050.0,0.0007281417675655194,0.0
14502,1672034401000.0,0.0,0.0,0.8,1.4938832915119573,0.0,0.0,1.484,1.0,1.0,1641.3103690031464,1050.0,1641.3024623699368,1050.0,0.0007281417675655194,0.0
14503,1672038001000.0,0.0,0.0,1.9,1.4731087543208243,0.0,0.0,1.454,1.0,1.0,1641.3102086231465,1050.0,1641.273901989937,1050.0,0.0017052880183798394,0.0
14504,1672041601000.0,0.0,0.0,1.9,1.4731087543208243,0.0,0.0,1.451,1.0,1.0,1641.3102086231465,1050.0,1641.2682019899369,1050.0,0.0017052880183798394,0.0
14505,1672045201000.0,0.0,0.0,1.9,1.4731087543208243,0.0,0.0,1.449,1.0,1.0,1641.3102086231465,1050.0,1641.264401989937,1050.0,0.0017052880183798394,0.0
14506,1672048801000.0,0.0,0.0,1.9,1.4731087543208243,0.0,0.0,1.45,1.0,1.0,1641.3102086231465,1050.0,1641.266301989937,1050.0,0.0017052880183798394,0.0
14507,1672052401000.0,0.0,0.0,1.9,1.4731087543208243,0.0,0.0,1.458,1.0,1.0,1641.3102086231465,1050.0,1641.281501989937,1050.0,0.0017052880183798394,0.0
14508,1672056001000.0,0.0,0.0,1.9,1.4731087543208243,0.0,0.0,1.458,1.0,1.0,1641.3102086231465,1050.0,1641.281501989937,1050.0,0.0017052880183798394,0.0
14509,1672059601000.0,0.0,0.0,1.9,1.4731087543208243,0.0,0.0,1.459,1.0,1.0,1641.3102086231465,1050.0,1641.283401989937,1050.0,0.0017052880183798394,0.0
14510,1672063201000.0,0.0,0.0,1.9,1.4731087543208243,0.0,0.0,1.452,1.0,1.0,1641.3102086231465,1050.0,1641.270101989937,1050.0,0.0017052880183798394,0.0
14511,1672066801000.0,0.0,0.0,1.9,1.4731087543208243,0.0,0.0,1.451,1.0,1.0,1641.3102086231465,1050.0,1641.2682019899369,1050.0,0.0017052880183798394,0.0
14512,1672070401000.0,0.0,0.0,1.9,1.4731087543208243,0.0,0.0,1.45,1.0,1.0,1641.3102086231465,1050.0,1641.266301989937,1050.0,0.0017052880183798394,0.0
14513,1672074001000.0,0.0,0.0,1.9,1.4731087543208243,0.0,0.0,1.45,1.0,1.0,1641.3102086231465,1050.0,1641.266301989937,1050.0,0.0017052880183798394,0.0
14514,1672077601000.0,0.0,0.0,1.9,1.4731087543208243,0.0,0.0,1.45,1.0,1.0,1641.3102086231465,1050.0,1641.266301989937,1050.0,0.0017052880183798394,0.0
14515,1672081201000.0,0.0,0.0,1.9,1.4731087543208243,0.0,0.0,1.451,1.0,1.0,1641.3102086231465,1050.0,1641.2682019899369,1050.0,0.0017052880183798394,0.0
14516,1672084801000.0,0.0,0.0,1.9,1.4731087543208243,0.0,0.0,1.459,1.0,1.0,1641.3102086231465,1050.0,1641.283401989937,1050.0,0.0017052880183798394,0.0
14517,1672088401000.0,0.0,0.0,1.9,1.4731087543208243,0.0,0.0,1.465,1.0,1.0,1641.3102086231465,1050.0,1641.294801989937,1050.0,0.0017052880183798394,0.0
14518,1672092001000.0,0.0,0.0,1.9,1.4731087543208243,0.0,0.0,1.46,1.0,1.0,1641.3102086231465,1050.0,1641.285301989937,1050.0,0.0017052880183798394,0.0
14519,1672095601000.0,0.0,0.0,1.9,1.4731087543208243,0.0,0.0,1.467,1.0,1.0,1641.3102086231465,1050.0,1641.298601989937,1050.0,0.0017052880183798394,0.0
14520,1672099201000.0,0.0,0.0,1.9,1.4731087543208243,0.0,0.0,1.481,1.0,1.0,1641.3102086231465,1050.0,1641.3252019899369,1050.0,0.0017052880183798394,0.0
14521,1672102801000.0,0.0,0.0,0.8,1.475831565740618,0.0,0.0,1.476,1.0,1.0,1641.324444612529,1050.0,1641.3245793599365,1050.0,0.0007193369089626985,0.0
14522,1672106401000.0,0.0,0.0,0.8,1.475831565740618,0.0,0.0,1.478,1.0,1.0,1641.324444612529,1050.0,1641.3261793599365,1050.0,0.0007193369089626985,0.0
14523,1672110001000.0,0.0,0.0,0.8,1.475831565740618,0.0,0.0,1.483,1.0,1.0,1641.324444612529,1050.0,1641.3301793599367,1050.0,0.0007193369089626985,0.0
14524,1672113601000.0,0.0,0.0,0.8,1.4786236743054635,0.0,0.0,1.483,1.0,1.0,1641.3264188393812,1050.0,1641.3299198999368,1050.0,0.0007206969472171326,0.0
14525,1672117201000.0,0.0,0.0,0.8,1.4814677557290976,0.0,0.0,1.485,1.0,1.0,1641.32843452452,1050.0,1641.3312603199367,1050.0,0.0007220822960558858,0.0
14526,1672120801000.0,0.0,0.0,0.8,1.4814677557290976,0.0,0.0,1.482,1.0,1.0,1641.32843452452,1050.0,1641.3288603199367,1050.0,0.0007220822960558858,0.0
14527,1672124401000.0,0.0,0.0,0.8,1.4814677557290976,0.0,0.0,1.489,1.0,1.0,1641.32843452452,1050.0,1641.3344603199366,1050.0,0.0007220822960558858,0.0
14528,1672128001000.0,0.0,0.0,0.8,1.4814677557290976,0.0,0.0,1.475,1.0,1.0,1641.32843452452,1050.0,1641.3232603199367,1050.0,0.0007220822960558858,0.0
14529,1672131601000.0,0.0,0.0,0.8,1.4814677557290976,0.0,0.0,1.471,1.0,1.0,1641.32843452452,1050.0,1641.3200603199366,1050.0,0.0007220822960558858,0.0
14530,1672135201000.0,0.0,0.0,0.8,1.4814677557290976,0.0,0.0,1.484,1.0,1.0,1641.32843452452,1050.0,1641.3304603199367,1050.0,0.0007220822960558858,0.0
14531,1672138801000.0,0.0,0.0,0.8,1.4843508167968231,0.0,0.0,1.489,1.0,1.0,1641.330481273374,1050.0,1641.3342006199366,1050.0,0.0007234866268468915,0.0
14532,1672142401000.0,0.0,0.0,0.8,1.4843508167968231,0.0,0.0,1.487,1.0,1.0,1641.330481273374,1050.0,1641.3326006199366,1050.0,0.0007234866268468915,0.0
14533,1672146001000.0,0.0,0.0,0.8,1.487263112597617,0.0,0.0,1.491,1.0,1.0,1641.3325512900146,1050.0,1641.3355407999366,1050.0,0.0007249051931267405,0.0
14534,1672149601000.0,0.0,0.0,0.8,1.4927105008361594,0.0,0.0,1.496,1.0,1.0,1641.3363892806058,1050.0,1641.339020879937,1050.0,0.000727558597048061,0.0
14535,1672153201000.0,0.0,0.0,0.8,1.4927105008361594,0.0,0.0,1.49,1.0,1.0,1641.3363892806058,1050.0,1641.3342208799368,1050.0,0.000727558597048061,0.0
14536,1672156801000.0,0.0,0.0,0.7,1.4927105008361594,0.0,0.0,1.493,1.0,1.0,1641.3374032005222,1050.0,1641.3376058499368,1050.0,0.0006366133791552038,0.0
14537,1672160401000.0,0.0,0.0,0.8,1.5082248069051905,0.0,0.0,1.485,1.0,1.0,1641.3469588054613,1050.0,1641.3283789599373,1050.0,0.0007351156554993569,0.0
14538,1672164001000.0,0.0,0.0,1.9,1.4872525502758698,0.0,0.0,1.473,1.0,1.0,1641.3467968854613,1050.0,1641.3197170399371,1050.0,0.001721622664318237,0.0
14539,1672167601000.0,0.0,0.0,1.9,1.4872525502758698,0.0,0.0,1.472,1.0,1.0,1641.3467968854613,1050.0,1641.3178170399372,1050.0,0.001721622664318237,0.0
14540,1672171201000.0,0.0,0.0,1.9,1.4872525502758698,0.0,0.0,1.482,1.0,1.0,1641.3467968854613,1050.0,1641.3368170399372,1050.0,0.001721622664318237,0.0
14541,1672174801000.0,0.0,0.0,1.9,1.4872525502758698,0.0,0.0,1.462,1.0,1.0,1641.3467968854613,1050.0,1641.2988170399371,1050.0,0.001721622664318237,0.0
14542,1672178401000.0,0.0,0.0,1.9,1.4872525502758698,0.0,0.0,1.469,1.0,1.0,1641.3467968854613,1050.0,1641.3121170399372,1050.0,0.001721622664318237,0.0
14543,1672182001000.0,0.0,0.0,1.9,1.4872525502758698,0.0,0.0,1.485,1.0,1.0,1641.3467968854613,1050.0,1641.342517039937,1050.0,0.001721622664318237,0.0
14544,1672185601000.0,0.0,0.0,1.9,1.4872525502758698,0.0,0.0,1.489,1.0,1.0,1641.3467968854613,1050.0,1641.3501170399372,1050.0,0.001721622664318237,0.0
14545,1672189201000.0,0.0,0.0,1.9,1.4872525502758698,0.0,0.0,1.487,1.0,1.0,1641.3467968854613,1050.0,1641.3463170399373,1050.0,0.001721622664318237,0.0
14546,1672192801000.0,0.0,0.0,0.8,1.4872525502758698,0.0,0.0,1.493,1.0,1.0,1641.3573544101578,1050.0,1641.3619523699372,1050.0,0.0007248890907417697,0.0
14547,1672196401000.0,0.0,0.0,0.8,1.4899394127069023,0.0,0.0,1.493,1.0,1.0,1641.3592440001028,1050.0,1641.3616924699372,1050.0,0.0007261978354358647,0.0
14548,1672200001000.0,0.0,0.0,0.8,1.4899394127069023,0.0,0.0,1.479,1.0,1.0,1641.3592440001028,1050.0,1641.3504924699373,1050.0,0.0007261978354358647,0.0
14549,1672203601000.0,0.0,0.0,0.8,1.4899394127069023,0.0,0.0,1.475,1.0,1.0,1641.3592440001028,1050.0,1641.3472924699372,1050.0,0.0007261978354358647,0.0
14550,1672207201000.0,0.0,0.0,1.9,1.4691323842976431,0.0,0.0,1.46,1.0,1.0,1641.3590840601028,1050.0,1641.3417325299372,1050.0,0.0017006342836698304,0.0
14551,1672210801000.0,0.0,0.0,1.9,1.4691323842976431,0.0,0.0,1.452,1.0,1.0,1641.3590840601028,1050.0,1641.3265325299371,1050.0,0.0017006342836698304,0.0
14552,1672214401000.0,0.0,0.0,1.9,1.4691323842976431,0.0,0.0,1.454,1.0,1.0,1641.3590840601028,1050.0,1641.3303325299373,1050.0,0.0017006342836698304,0.0
14553,1672218001000.0,0.0,0.0,1.9,1.4691323842976431,0.0,0.0,1.448,1.0,1.0,1641.3590840601028,1050.0,1641.3189325299372,1050.0,0.0017006342836698304,0.0
14554,1672221601000.0,0.0,0.0,1.9,1.4691323842976431,0.0,0.0,1.449,1.0,1.0,1641.3590840601028,1050.0,1641.3208325299372,1050.0,0.0017006342836698304,0.0
14555,1672225201000.0,0.0,0.0,1.9,1.4691323842976431,0.0,0.0,1.452,1.0,1.0,1641.3590840601028,1050.0,1641.3265325299371,1050.0,0.0017006342836698304,0.0
14556,1672228801000.0,0.0,0.0,1.9,1.4691323842976431,0.0,0.0,1.46,1.0,1.0,1641.3590840601028,1050.0,1641.3417325299372,1050.0,0.0017006342836698304,0.0
14557,1672232401000.0,0.0,0.0,1.9,1.4691323842976431,0.0,0.0,1.455,1.0,1.0,1641.3590840601028,1050.0,1641.3322325299373,1050.0,0.0017006342836698304,0.0
14558,1672236001000.0,0.0,0.0,1.9,1.4691323842976431,0.0,0.0,1.463,1.0,1.0,1641.3590840601028,1050.0,1641.3474325299374,1050.0,0.0017006342836698304,0.0
14559,1672239601000.0,0.0,0.0,1.9,1.4691323842976431,0.0,0.0,1.473,1.0,1.0,1641.3590840601028,1050.0,1641.3664325299371,1050.0,0.0017006342836698304,0.0
14560,1672243201000.0,0.0,0.0,1.4,1.4691323842976431,0.0,0.0,1.456,1.0,1.0,1641.363943917954,1050.0,1641.3455585799372,1050.0,0.0012530952356045613,0.0
14561,1672246801000.0,0.0,0.0,1.4,1.4691323842976431,0.0,0.0,1.461,1.0,1.0,1641.363943917954,1050.0,1641.3525585799373,1050.0,0.0012530952356045613,0.0
14562,1672250401000.0,0.0,0.0,1.4,1.4691323842976431,0.0,0.0,1.473,1.0,1.0,1641.363943917954,1050.0,1641.3693585799372,1050.0,0.0012530952356045613,0.0
14563,1672254001000.0,0.0,0.0,1.3,1.4691323842976431,0.0,0.0,1.476,1.0,1.0,1641.3649158895241,1050.0,1641.3738437899372,1050.0,0.0011635877440160202,0.0
14564,1672257601000.0,0.0,0.0,1.3,1.4691323842976431,0.0,0.0,1.47,1.0,1.0,1641.3649158895241,1050.0,1641.3660437899373,1050.0,0.0011635877440160202,0.0
14565,1672261201000.0,0.0,0.0,1.3,1.4691323842976431,0.0,0.0,1.469,1.0,1.0,1641.3649158895241,1050.0,1641.3647437899372,1050.0,0.0011635877440160202,0.0
14566,1672264801000.0,0.0,0.0,1.3,1.4691323842976431,0.0,0.0,1.454,1.0,1.0,1641.3649158895241,1050.0,1641.3452437899373,1050.0,0.0011635877440160202,0.0
14567,1672268401000.0,0.0,0.0,3.0,1.4486573665289788,0.0,0.0,1.436,1.0,1.0,1641.364672279524,1050.0,1641.326700179937,1050.0,0.002647779724387061,0.0
14568,1672272001000.0,0.0,0.0,3.0,1.4486573665289788,0.0,0.0,1.441,1.0,1.0,1641.364672279524,1050.0,1641.341700179937,1050.0,0.002647779724387061,0.0
14569,1672275601000.0,0.0,0.0,3.0,1.4486573665289788,0.0,0.0,1.444,1.0,1.0,1641.364672279524,1050.0,1641.3507001799371,1050.0,0.002647779724387061,0.0
14570,1672279201000.0,0.0,0.0,3.0,1.4486573665289788,0.0,0.0,1.452,1.0,1.0,1641.364672279524,1050.0,1641.374700179937,1050.0,0.002647779724387061,0.0
14571,1672282801000.0,0.0,0.0,3.0,1.4486573665289788,0.0,0.0,1.449,1.0,1.0,1641.364672279524,1050.0,1641.365700179937,1050.0,0.002647779724387061,0.0
14572,1672286401000.0,0.0,0.0,3.0,1.4486573665289788,0.0,0.0,1.442,1.0,1.0,1641.364672279524,1050.0,1641.344700179937,1050.0,0.002647779724387061,0.0
14573,1672290001000.0,0.0,0.0,2.7,1.4486573665289788,0.0,0.0,1.454,1.0,1.0,1641.3677312995653,1050.0,1641.3821564099371,1050.0,0.0023829973107436335,0.0
14574,1672293601000.0,0.0,0.0,2.7,1.4486573665289788,0.0,0.0,1.451,1.0,1.0,1641.3677312995653,1050.0,1641.374056409937,1050.0,0.0023829973107436335,0.0
14575,1672297201000.0,0.0,0.0,2.7,1.4486573665289788,0.0,0.0,1.448,1.0,1.0,1641.3677312995653,1050.0,1641.365956409937,1050.0,0.0023829973107436335,0.0
14576,1672300801000.0,0.0,0.0,2.7,1.4486573665289788,0.0,0.0,1.438,1.0,1.0,1641.3677312995653,1050.0,1641.338956409937,1050.0,0.0023829973107436335,0.0
14577,1672304401000.0,0.0,0.0,2.7,1.4486573665289788,0.0,0.0,1.428,1.0,1.0,1641.3677312995653,1050.0,1641.311956409937,1050.0,0.0023829973107436335,0.0
14578,1672308001000.0,0.0,0.0,2.7,1.4486573665289788,0.0,0.0,1.443,1.0,1.0,1641.3677312995653,1050.0,1641.352456409937,1050.0,0.0023829973107436335,0.0
14579,1672311601000.0,0.0,0.0,2.7,1.4486573665289788,0.0,0.0,1.447,1.0,1.0,1641.3677312995653,1050.0,1641.363256409937,1050.0,0.0023829973107436335,0.0
14580,1672315201000.0,0.0,0.0,2.7,1.4486573665289788,0.0,0.0,1.44,1.0,1.0,1641.3677312995653,1050.0,1641.344356409937,1050.0,0.0023829973107436335,0.0
14581,1672318801000.0,0.0,0.0,2.7,1.4486573665289788,0.0,0.0,1.445,1.0,1.0,1641.3677312995653,1050.0,1641.357856409937,1050.0,0.0023829973107436335,0.0
14582,1672322401000.0,0.0,0.0,2.7,1.4486573665289788,0.0,0.0,1.436,1.0,1.0,1641.3677312995653,1050.0,1641.333556409937,1050.0,0.0023829973107436335,0.0
14583,1672326001000.0,0.0,0.0,2.7,1.4486573665289788,0.0,0.0,1.439,1.0,1.0,1641.3677312995653,1050.0,1641.341656409937,1050.0,0.0023829973107436335,0.0
14584,1672329601000.0,0.0,0.0,2.7,1.4486573665289788,0.0,0.0,1.439,1.0,1.0,1641.3677312995653,1050.0,1641.341656409937,1050.0,0.0023829973107436335,0.0
14585,1672333201000.0,0.0,0.0,2.7,1.4486573665289788,0.0,0.0,1.443,1.0,1.0,1641.3677312995653,1050.0,1641.352456409937,1050.0,0.0023829973107436335,0.0
14586,1672336801000.0,0.0,0.0,2.7,1.4486573665289788,0.0,0.0,1.444,1.0,1.0,1641.3677312995653,1050.0,1641.355156409937,1050.0,0.0023829973107436335,0.0
14587,1672340401000.0,0.0,0.0,2.7,1.4486573665289788,0.0,0.0,1.448,1.0,1.0,1641.3677312995653,1050.0,1641.365956409937,1050.0,0.0023829973107436335,0.0
14588,1672344001000.0,0.0,0.0,2.7,1.4486573665289788,0.0,0.0,1.427,1.0,1.0,1641.3677312995653,1050.0,1641.309256409937,1050.0,0.0023829973107436335,0.0
14589,1672347601000.0,0.0,0.0,6.3,1.4282817285124199,0.0,0.0,1.414,1.0,1.0,1641.3672226195654,1050.0,1641.2772477299372,1050.0,0.0054821217126947795,0.0
14590,1672351201000.0,0.0,0.0,6.3,1.4282817285124199,0.0,0.0,1.412,1.0,1.0,1641.3672226195654,1050.0,1641.2646477299372,1050.0,0.0054821217126947795,0.0
14591,1672354801000.0,0.0,0.0,6.3,1.4282817285124199,0.0,0.0,1.42,1.0,1.0,1641.3672226195654,1050.0,1641.315047729937,1050.0,0.0054821217126947795,0.0
14592,1672358401000.0,0.0,0.0,6.3,1.4282817285124199,0.0,0.0,1.428,1.0,1.0,1641.3672226195654,1050.0,1641.3654477299372,1050.0,0.0054821217126947795,0.0
14593,1672362001000.0,0.0,0.0,6.3,1.4282817285124199,0.0,0.0,1.431,1.0,1.0,1641.3672226195654,1050.0,1641.3843477299372,1050.0,0.0054821217126947795,0.0
14594,1672365601000.0,0.0,0.0,6.3,1.4282817285124199,0.0,0.0,1.423,1.0,1.0,1641.3672226195654,1050.0,1641.333947729937,1050.0,0.0054821217126947795,0.0
14595,1672369201000.0,0.0,0.0,3.4,1.4282817285124199,0.0,0.0,1.435,1.0,1.0,1641.3949885868794,1050.0,1641.417830709937,1050.0,0.0029585553207537346,0.0
14596,1672372801000.0,0.0,0.0,0.8,1.4309612963843148,0.0,0.0,1.435,1.0,1.0,1641.4217683270444,1050.0,1641.424999289937,1050.0,0.0006974252804470927,0.0
14597,1672376401000.0,0.0,0.0,0.8,1.4309612963843148,0.0,0.0,1.432,1.0,1.0,1641.4217683270444,1050.0,1641.422599289937,1050.0,0.0006974252804470927,0.0
14598,1672380001000.0,0.0,0.0,0.8,1.4309612963843148,0.0,0.0,1.421,1.0,1.0,1641.4217683270444,1050.0,1641.413799289937,1050.0,0.0006974252804470927,0.0
14599,1672383601000.0,0.0,0.0,0.8,1.4309612963843148,0.0,0.0,1.415,1.0,1.0,1641.4217683270444,1050.0,1641.408999289937,1050.0,0.0006974252804470927,0.0
14600,1672387201000.0,0.0,0.0,1.9,1.4107205458460275,0.0,0.0,1.405,1.0,1.0,1641.4216147670445,1050.0,1641.4107457299372,1050.0,0.0016329558554569528,0.0
14601,1672390801000.0,0.0,0.0,1.9,1.4107205458460275,0.0,0.0,1.398,1.0,1.0,1641.4216147670445,1050.0,1641.397445729937,1050.0,0.0016329558554569528,0.0
14602,1672394401000.0,0.0,0.0,1.9,1.4107205458460275,0.0,0.0,1.412,1.0,1.0,1641.4216147670445,1050.0,1641.424045729937,1050.0,0.0016329558554569528,0.0
14603,1672398001000.0,0.0,0.0,1.9,1.4107205458460275,0.0,0.0,1.412,1.0,1.0,1641.4216147670445,1050.0,1641.424045729937,1050.0,0.0016329558554569528,0.0
14604,1672401601000.0,0.0,0.0,0.8,1.41596780703839,0.0,0.0,1.422,1.0,1.0,1641.435350015569,1050.0,1641.4401757699382,1050.0,0.0006901120081396858,0.0
14605,1672405201000.0,0.0,0.0,0.8,1.421731891459094,0.0,0.0,1.424,1.0,1.0,1641.4392470231055,1050.0,1641.4410615099382,1050.0,0.0006929196528168946,0.0
14606,1672408801000.0,0.0,0.0,0.8,1.4245489185943203,0.0,0.0,1.423,1.0,1.0,1641.4412433448135,1050.0,1641.440004209938,1050.0,0.0006942917631051963,0.0
14607,1672412401000.0,0.0,0.0,0.8,1.4245489185943203,0.0,0.0,1.422,1.0,1.0,1641.4412433448135,1050.0,1641.439204209938,1050.0,0.0006942917631051963,0.0
14608,1672416001000.0,0.0,0.0,0.8,1.42716168894574,0.0,0.0,1.424,1.0,1.0,1641.4430761810945,1050.0,1641.4405468299378,1050.0,0.0006955643894839696,0.0
14609,1672419601000.0,0.0,0.0,0.8,1.42716168894574,0.0,0.0,1.434,1.0,1.0,1641.4430761810945,1050.0,1641.4485468299379,1050.0,0.0006955643894839696,0.0
14610,1672423201000.0,0.0,0.0,0.7,1.42716168894574,0.0,0.0,1.443,1.0,1.0,1641.4440456422,1050.0,1641.455132459938,1050.0,0.0006086184813391937,0.0
14611,1672426801000.0,0.0,0.0,0.6,1.4374900875239836,0.0,0.0,1.448,1.0,1.0,1641.4516386824528,1050.0,1641.4579446299383,1050.0,0.000525445911526635,0.0
14612,1672430401000.0,0.0,0.0,0.8,1.4428381742322403,0.0,0.0,1.449,1.0,1.0,1641.4535281893245,1050.0,1641.4584576499387,1050.0,0.0007032002548735325,0.0
14613,1672434001000.0,0.0,0.0,0.8,1.4484714730056347,0.0,0.0,1.452,1.0,1.0,1641.457518428343,1050.0,1641.4603412499387,1050.0,0.0007059440560569668,0.0
14614,1672437601000.0,0.0,0.0,0.8,1.4484714730056347,0.0,0.0,1.45,1.0,1.0,1641.457518428343,1050.0,1641.4587412499386,1050.0,0.0007059440560569668,0.0
14615,1672441201000.0,0.0,0.0,0.8,1.4484714730056347,0.0,0.0,1.441,1.0,1.0,1641.457518428343,1050.0,1641.4515412499386,1050.0,0.0007059440560569668,0.0
14616,1672444801000.0,0.0,0.0,0.8,1.4484714730056347,0.0,0.0,1.452,1.0,1.0,1641.457518428343,1050.0,1641.4603412499387,1050.0,0.0007059440560569668,0.0
14617,1672448401000.0,0.0,0.0,0.8,1.4484714730056347,0.0,0.0,1.447,1.0,1.0,1641.457518428343,1050.0,1641.4563412499385,1050.0,0.0007059440560569668,0.0
14618,1672452001000.0,0.0,0.0,0.8,1.4484714730056347,0.0,0.0,1.446,1.0,1.0,1641.457518428343,1050.0,1641.4555412499385,1050.0,0.0007059440560569668,0.0
14619,1672455601000.0,0.0,0.0,0.8,1.4484714730056347,0.0,0.0,1.448,1.0,1.0,1641.457518428343,1050.0,1641.4571412499386,1050.0,0.0007059440560569668,0.0
14620,1672459201000.0,0.0,0.0,0.8,1.4484714730056347,0.0,0.0,1.441,1.0,1.0,1641.457518428343,1050.0,1641.4515412499386,1050.0,0.0007059440560569668,0.0
14621,1672462801000.0,0.0,0.0,0.8,1.4484714730056347,0.0,0.0,1.442,1.0,1.0,1641.457518428343,1050.0,1641.4523412499386,1050.0,0.0007059440560569668,0.0
14622,1672466401000.0,0.0,0.0,0.8,1.4484714730056347,0.0,0.0,1.44,1.0,1.0,1641.457518428343,1050.0,1641.4507412499386,1050.0,0.0007059440560569668,0.0
14623,1672470001000.0,0.0,0.0,0.8,1.4484714730056347,0.0,0.0,1.446,1.0,1.0,1641.457518428343,1050.0,1641.4555412499385,1050.0,0.0007059440560569668,0.0
14624,1672473601000.0,0.0,0.0,0.8,1.4484714730056347,0.0,0.0,1.451,1.0,1.0,1641.457518428343,1050.0,1641.4595412499386,1050.0,0.0007059440560569668,0.0
14625,1672477201000.0,0.0,0.0,0.8,1.451103604754226,0.0,0.0,1.453,1.0,1.0,1641.4593657937419,1050.0,1641.4608829099384,1050.0,0.0007072260867341214,0.0
14626,1672480801000.0,0.0,0.0,0.8,1.451103604754226,0.0,0.0,1.459,1.0,1.0,1641.4593657937419,1050.0,1641.4656829099386,1050.0,0.0007072260867341214,0.0
14627,1672484401000.0,0.0,0.0,0.8,1.4538277035656693,0.0,0.0,1.458,1.0,1.0,1641.4612866127907,1050.0,1641.4646244499381,1050.0,0.0007085529048647578,0.0
14628,1672488001000.0,0.0,0.0,0.8,1.4620991874417664,0.0,0.0,1.468,1.0,1.0,1641.4671277398918,1050.0,1641.4718483899385,1050.0,0.0007125816473485672,0.0
14629,1672491601000.0,0.0,0.0,0.8,1.4648243905813245,0.0,0.0,1.471,1.0,1.0,1641.4690490024034,1050.0,1641.4739894899383,1050.0,0.0007139089909598069,0.0
14630,1672495201000.0,0.0,0.0,0.8,1.4733477897764962,0.0,0.0,1.478,1.0,1.0,1641.475090301759,1050.0,1641.478812069938,1050.0,0.0007180603828745983,0.0
14631,1672498801000.0,0.0,0.0,0.8,1.4733477897764962,0.0,0.0,1.467,1.0,1.0,1641.475090301759,1050.0,1641.4700120699379,1050.0,0.0007180603828745983,0.0
14632,1672502401000.0,0.0,0.0,0.8,1.4733477897764962,0.0,0.0,1.464,1.0,1.0,1641.475090301759,1050.0,1641.467612069938,1050.0,0.0007180603828745983,0.0
14633,1672506001000.0,0.0,0.0,0.8,1.4733477897764962,0.0,0.0,1.469,1.0,1.0,1641.475090301759,1050.0,1641.471612069938,1050.0,0.0007180603828745983,0.0
14634,1672509601000.0,0.0,0.0,0.8,1.4733477897764962,0.0,0.0,1.455,1.0,1.0,1641.475090301759,1050.0,1641.460412069938,1050.0,0.0007180603828745983,0.0
14635,1672513201000.0,0.0,0.0,0.8,1.4733477897764962,0.0,0.0,1.454,1.0,1.0,1641.475090301759,1050.0,1641.459612069938,1050.0,0.0007180603828745983,0.0
14636,1672516801000.0,0.0,0.0,0.8,1.4733477897764962,0.0,0.0,1.458,1.0,1.0,1641.475090301759,1050.0,1641.4628120699379,1050.0,0.0007180603828745983,0.0
14637,1672520401000.0,0.0,0.0,0.8,1.4733477897764962,0.0,0.0,1.459,1.0,1.0,1641.475090301759,1050.0,1641.4636120699379,1050.0,0.0007180603828745983,0.0
14638,1672524001000.0,0.0,0.0,0.8,1.4733477897764962,0.0,0.0,1.449,1.0,1.0,1641.475090301759,1050.0,1641.4556120699378,1050.0,0.0007180603828745983,0.0
14639,1672527601000.0,0.0,0.0,1.9,1.452883279905893,0.0,0.0,1.441,1.0,1.0,1641.4749321217591,1050.0,1641.452353889938,1050.0,0.0016817059936779064,0.0
14640,1672531201000.0,0.0,0.0,1.9,1.452883279905893,0.0,0.0,1.436,1.0,1.0,1641.4749321217591,1050.0,1641.4428538899379,1050.0,0.0016817059936779064,0.0
14641,1672534801000.0,0.0,0.0,1.9,1.452883279905893,0.0,0.0,1.436,1.0,1.0,1641.4749321217591,1050.0,1641.4428538899379,1050.0,0.0016817059936779064,0.0
14642,1672538401000.0,0.0,0.0,1.9,1.452883279905893,0.0,0.0,1.435,1.0,1.0,1641.4749321217591,1050.0,1641.4409538899379,1050.0,0.0016817059936779064,0.0
14643,1672542001000.0,0.0,0.0,1.9,1.452883279905893,0.0,0.0,1.443,1.0,1.0,1641.4749321217591,1050.0,1641.456153889938,1050.0,0.0016817059936779064,0.0
14644,1672545601000.0,0.0,0.0,1.9,1.452883279905893,0.0,0.0,1.444,1.0,1.0,1641.4749321217591,1050.0,1641.458053889938,1050.0,0.0016817059936779064,0.0
14645,1672549201000.0,0.0,0.0,1.9,1.452883279905893,0.0,0.0,1.432,1.0,1.0,1641.4749321217591,1050.0,1641.435253889938,1050.0,0.0016817059936779064,0.0
14646,1672552801000.0,0.0,0.0,1.9,1.452883279905893,0.0,0.0,1.436,1.0,1.0,1641.4749321217591,1050.0,1641.4428538899379,1050.0,0.0016817059936779064,0.0
14647,1672556401000.0,0.0,0.0,1.9,1.452883279905893,0.0,0.0,1.432,1.0,1.0,1641.4749321217591,1050.0,1641.435253889938,1050.0,0.0016817059936779064,0.0
14648,1672560001000.0,0.0,0.0,1.9,1.452883279905893,0.0,0.0,1.432,1.0,1.0,1641.4749321217591,1050.0,1641.435253889938,1050.0,0.0016817059936779064,0.0
14649,1672563601000.0,0.0,0.0,1.9,1.452883279905893,0.0,0.0,1.428,1.0,1.0,1641.4749321217591,1050.0,1641.427653889938,1050.0,0.0016817059936779064,0.0
14650,1672567201000.0,0.0,0.0,1.9,1.452883279905893,0.0,0.0,1.431,1.0,1.0,1641.4749321217591,1050.0,1641.433353889938,1050.0,0.0016817059936779064,0.0
14651,1672570801000.0,0.0,0.0,1.9,1.452883279905893,0.0,0.0,1.435,1.0,1.0,1641.4749321217591,1050.0,1641.4409538899379,1050.0,0.0016817059936779064,0.0
14652,1672574401000.0,0.0,0.0,1.9,1.452883279905893,0.0,0.0,1.438,1.0,1.0,1641.4749321217591,1050.0,1641.446653889938,1050.0,0.0016817059936779064,0.0
14653,1672578001000.0,0.0,0.0,1.9,1.452883279905893,0.0,0.0,1.443,1.0,1.0,1641.4749321217591,1050.0,1641.456153889938,1050.0,0.0016817059936779064,0.0
14654,1672581601000.0,0.0,0.0,1.9,1.452883279905893,0.0,0.0,1.44,1.0,1.0,1641.4749321217591,1050.0,1641.450453889938,1050.0,0.0016817059936779064,0.0
14655,1672585201000.0,0.0,0.0,1.9,1.452883279905893,0.0,0.0,1.444,1.0,1.0,1641.4749321217591,1050.0,1641.458053889938,1050.0,0.0016817059936779064,0.0
14656,1672588801000.0,0.0,0.0,1.3,1.452883279905893,0.0,0.0,1.467,1.0,1.0,1641.4809143738157,1050.0,1641.4992661099382,1050.0,0.0011506367496195785,0.0
14657,1672592401000.0,0.0,0.0,0.8,1.4613726337102981,0.0,0.0,1.466,1.0,1.0,1641.4919150869066,1050.0,1641.4956169799384,1050.0,0.0007122167926768876,0.0
14658,1672596001000.0,0.0,0.0,0.8,1.4613726337102981,0.0,0.0,1.466,1.0,1.0,1641.4919150869066,1050.0,1641.4956169799384,1050.0,0.0007122167926768876,0.0
14659,1672599601000.0,0.0,0.0,0.8,1.4613726337102981,0.0,0.0,1.47,1.0,1.0,1641.4919150869066,1050.0,1641.4988169799383,1050.0,0.0007122167926768876,0.0
14660,1672603201000.0,0.0,0.0,0.8,1.4613726337102981,0.0,0.0,1.463,1.0,1.0,1641.4919150869066,1050.0,1641.4932169799383,1050.0,0.0007122167926768876,0.0
14661,1672606801000.0,0.0,0.0,0.8,1.4613726337102981,0.0,0.0,1.464,1.0,1.0,1641.4919150869066,1050.0,1641.4940169799384,1050.0,0.0007122167926768876,0.0
14662,1672610401000.0,0.0,0.0,0.8,1.4640294752827234,0.0,0.0,1.47,1.0,1.0,1641.4937817001646,1050.0,1641.4985581199385,1050.0,0.0007135108236676309,0.0
14663,1672614001000.0,0.0,0.0,0.8,1.4640294752827234,0.0,0.0,1.468,1.0,1.0,1641.4937817001646,1050.0,1641.4969581199384,1050.0,0.0007135108236676309,0.0
14664,1672617601000.0,0.0,0.0,0.8,1.4667721064620425,0.0,0.0,1.476,1.0,1.0,1641.495716825108,1050.0,1641.5030991399385,1050.0,0.0007148466323379721,0.0
14665,1672621201000.0,0.0,0.0,0.7,1.4667721064620425,0.0,0.0,1.465,1.0,1.0,1641.4967248444618,1050.0,1641.4954843699384,1050.0,0.0006254904191908865,0.0
14666,1672624801000.0,0.0,0.0,0.7,1.4667721064620425,0.0,0.0,1.456,1.0,1.0,1641.4967248444618,1050.0,1641.4891843699384,1050.0,0.0006254904191908865,0.0
14667,1672628401000.0,0.0,0.0,0.7,1.4667721064620425,0.0,0.0,1.463,1.0,1.0,1641.4967248444618,1050.0,1641.4940843699385,1050.0,0.0006254904191908865,0.0
14668,1672632001000.0,0.0,0.0,0.7,1.4667721064620425,0.0,0.0,1.468,1.0,1.0,1641.4967248444618,1050.0,1641.4975843699383,1050.0,0.0006254904191908865,0.0
14669,1672635601000.0,0.0,0.0,0.7,1.4667721064620425,0.0,0.0,1.464,1.0,1.0,1641.4967248444618,1050.0,1641.4947843699383,1050.0,0.0006254904191908865,0.0
14670,1672639201000.0,0.0,0.0,0.7,1.4667721064620425,0.0,0.0,1.454,1.0,1.0,1641.4967248444618,1050.0,1641.4877843699385,1050.0,0.0006254904191908865,0.0
14671,1672642801000.0,0.0,0.0,0.7,1.4667721064620425,0.0,0.0,1.455,1.0,1.0,1641.4967248444618,1050.0,1641.4884843699383,1050.0,0.0006254904191908865,0.0
14672,1672646401000.0,0.0,0.0,0.8,1.4854339370689094,0.0,0.0,1.485,1.0,1.0,1641.5076192795939,1050.0,1641.5072721299387,1050.0,0.0007239364202139102,0.0
14673,1672650001000.0,0.0,0.0,0.8,1.4959330672009457,0.0,0.0,1.502,1.0,1.0,1641.5144383636991,1050.0,1641.5192919099384,1050.0,0.0007290502147234855,0.0
14674,1672653601000.0,0.0,0.0,0.8,1.498699800400709,0.0,0.0,1.498,1.0,1.0,1641.516391490259,1050.0,1641.5158316499383,1050.0,0.0007303977264778242,0.0
14675,1672657201000.0,0.0,0.0,0.8,1.498699800400709,0.0,0.0,1.497,1.0,1.0,1641.516391490259,1050.0,1641.5150316499382,1050.0,0.0007303977264778242,0.0
14676,1672660801000.0,0.0,0.0,0.8,1.498699800400709,0.0,0.0,1.495,1.0,1.0,1641.516391490259,1050.0,1641.5134316499384,1050.0,0.0007303977264778242,0.0
14677,1672664401000.0,0.0,0.0,0.8,1.498699800400709,0.0,0.0,1.496,1.0,1.0,1641.516391490259,1050.0,1641.5142316499384,1050.0,0.0007303977264778242,0.0
14678,1672668001000.0,0.0,0.0,0.8,1.498699800400709,0.0,0.0,1.491,1.0,1.0,1641.516391490259,1050.0,1641.5102316499383,1050.0,0.0007303977264778242,0.0
14679,1672671601000.0,0.0,0.0,0.8,1.498699800400709,0.0,0.0,1.505,1.0,1.0,1641.516391490259,1050.0,1641.5214316499384,1050.0,0.0007303977264778242,0.0
14680,1672675201000.0,0.0,0.0,0.8,1.5015248503005316,0.0,0.0,1.509,1.0,1.0,1641.5183911501786,1050.0,1641.5243712699382,1050.0,0.0007317736351395705,0.0
14681,1672678801000.0,0.0,0.0,0.8,1.5015248503005316,0.0,0.0,1.502,1.0,1.0,1641.5183911501786,1050.0,1641.518771269938,1050.0,0.0007317736351395705,0.0
14682,1672682401000.0,0.0,0.0,0.8,1.5015248503005316,0.0,0.0,1.5,1.0,1.0,1641.5183911501786,1050.0,1641.5171712699382,1050.0,0.0007317736351395705,0.0
14683,1672686001000.0,0.0,0.0,0.8,1.5015248503005316,0.0,0.0,1.504,1.0,1.0,1641.5183911501786,1050.0,1641.520371269938,1050.0,0.0007317736351395705,0.0
14684,1672689601000.0,0.0,0.0,0.8,1.5015248503005316,0.0,0.0,1.504,1.0,1.0,1641.5183911501786,1050.0,1641.520371269938,1050.0,0.0007317736351395705,0.0
14685,1672693201000.0,0.0,0.0,0.8,1.5015248503005316,0.0,0.0,1.509,1.0,1.0,1641.5183911501786,1050.0,1641.5243712699382,1050.0,0.0007317736351395705,0.0
14686,1672696801000.0,0.0,0.0,0.8,1.5144714212205364,0.0,0.0,1.527,1.0,1.0,1641.5261658869144,1050.0,1641.536188749938,1050.0,0.0007380796981215439,0.0
14687,1672700401000.0,0.0,0.0,0.8,1.517353565915402,0.0,0.0,1.509,1.0,1.0,1641.5282105826705,1050.0,1641.521527729938,1050.0,0.0007394833941363984,0.0
14688,1672704001000.0,0.0,0.0,0.8,1.517353565915402,0.0,0.0,1.508,1.0,1.0,1641.5282105826705,1050.0,1641.5207277299382,1050.0,0.0007394833941363984,0.0
14689,1672707601000.0,0.0,0.0,0.8,1.517353565915402,0.0,0.0,1.51,1.0,1.0,1641.5282105826705,1050.0,1641.522327729938,1050.0,0.0007394833941363984,0.0
14690,1672711201000.0,0.0,0.0,0.8,1.517353565915402,0.0,0.0,1.502,1.0,1.0,1641.5282105826705,1050.0,1641.515927729938,1050.0,0.0007394833941363984,0.0
14691,1672714801000.0,0.0,0.0,0.8,1.517353565915402,0.0,0.0,1.508,1.0,1.0,1641.5282105826705,1050.0,1641.5207277299382,1050.0,0.0007394833941363984,0.0
14692,1672718401000.0,0.0,0.0,0.8,1.517353565915402,0.0,0.0,1.508,1.0,1.0,1641.5282105826705,1050.0,1641.5207277299382,1050.0,0.0007394833941363984,0.0
14693,1672722001000.0,0.0,0.0,0.8,1.517353565915402,0.0,0.0,1.507,1.0,1.0,1641.5282105826705,1050.0,1641.5199277299382,1050.0,0.0007394833941363984,0.0
14694,1672725601000.0,0.0,0.0,0.8,1.517353565915402,0.0,0.0,1.516,1.0,1.0,1641.5282105826705,1050.0,1641.5271277299382,1050.0,0.0007394833941363984,0.0
14695,1672729201000.0,0.0,0.0,0.8,1.517353565915402,0.0,0.0,1.515,1.0,1.0,1641.5282105826705,1050.0,1641.5263277299382,1050.0,0.0007394833941363984,0.0
14696,1672732801000.0,0.0,0.0,0.8,1.5202651744365514,0.0,0.0,1.53,1.0,1.0,1641.5302787294872,1050.0,1641.538066589938,1050.0,0.000740901435269635,0.0
14697,1672736401000.0,0.0,0.0,0.8,1.5231988808274133,0.0,0.0,1.521,1.0,1.0,1641.5323644346001,1050.0,1641.5306053299382,1050.0,0.0007423302342757306,0.0
14698,1672740001000.0,0.0,0.0,0.8,1.5261491606205597,0.0,0.0,1.529,1.0,1.0,1641.5344632784347,1050.0,1641.5367439499382,1050.0,0.0007437671007272403,0.0
14699,1672743601000.0,0.0,0.0,0.7,1.5261491606205597,0.0,0.0,1.534,1.0,1.0,1641.5355329923727,1050.0,1641.5410285799383,1050.0,0.0006507957890420856,0.0
14700,1672747201000.0,0.0,0.0,0.7,1.5261491606205597,0.0,0.0,1.522,1.0,1.0,1641.5355329923727,1050.0,1641.5326285799383,1050.0,0.0006507957890420856,0.0
14701,1672750801000.0,0.0,0.0,0.7,1.5261491606205597,0.0,0.0,1.512,1.0,1.0,1641.5355329923727,1050.0,1641.5256285799383,1050.0,0.0006507957890420856,0.0
14702,1672754401000.0,0.0,0.0,0.7,1.5261491606205597,0.0,0.0,1.519,1.0,1.0,1641.5355329923727,1050.0,1641.5305285799384,1050.0,0.0006507957890420856,0.0
14703,1672758001000.0,0.0,0.0,0.8,1.5291118704654196,0.0,0.0,1.52,1.0,1.0,1641.5365719463107,1050.0,1641.5292824499384,1050.0,0.000745210016808779,0.0
14704,1672761601000.0,0.0,0.0,0.8,1.5291118704654196,0.0,0.0,1.508,1.0,1.0,1641.5365719463107,1050.0,1641.5196824499383,1050.0,0.000745210016808779,0.0
14705,1672765201000.0,0.0,0.0,0.8,1.5291118704654196,0.0,0.0,1.498,1.0,1.0,1641.5365719463107,1050.0,1641.5116824499385,1050.0,0.000745210016808779,0.0
14706,1672768801000.0,0.0,0.0,0.8,1.5291118704654196,0.0,0.0,1.503,1.0,1.0,1641.5365719463107,1050.0,1641.5156824499384,1050.0,0.000745210016808779,0.0
14707,1672772401000.0,0.0,0.0,0.8,1.5291118704654196,0.0,0.0,1.51,1.0,1.0,1641.5365719463107,1050.0,1641.5212824499383,1050.0,0.000745210016808779,0.0
14708,1672776001000.0,0.0,0.0,0.8,1.5291118704654196,0.0,0.0,1.507,1.0,1.0,1641.5365719463107,1050.0,1641.5188824499382,1050.0,0.000745210016808779,0.0
14709,1672779601000.0,0.0,0.0,0.8,1.5291118704654196,0.0,0.0,1.511,1.0,1.0,1641.5365719463107,1050.0,1641.5220824499384,1050.0,0.000745210016808779,0.0
14710,1672783201000.0,0.0,0.0,0.8,1.5291118704654196,0.0,0.0,1.518,1.0,1.0,1641.5365719463107,1050.0,1641.5276824499383,1050.0,0.000745210016808779,0.0
14711,1672786801000.0,0.0,0.0,0.8,1.5291118704654196,0.0,0.0,1.52,1.0,1.0,1641.5365719463107,1050.0,1641.5292824499384,1050.0,0.000745210016808779,0.0
14712,1672790401000.0,0.0,0.0,0.8,1.5291118704654196,0.0,0.0,1.529,1.0,1.0,1641.5365719463107,1050.0,1641.5364824499384,1050.0,0.000745210016808779,0.0
14713,1672794001000.0,0.0,0.0,0.8,1.5291118704654196,0.0,0.0,1.519,1.0,1.0,1641.5365719463107,1050.0,1641.5284824499383,1050.0,0.000745210016808779,0.0
14714,1672797601000.0,0.0,0.0,0.8,1.5411408652644487,0.0,0.0,1.546,1.0,1.0,1641.5449479221504,1050.0,1641.548835229939,1050.0,0.0007510684942085603,0.0
14715,1672801201000.0,0.0,0.0,0.7,1.556543698443029,0.0,0.0,1.572,1.0,1.0,1641.5555127688488,1050.0,1641.5663321799386,1050.0,0.0006637488531059788,0.0
14716,1672804801000.0,0.0,0.0,0.7,1.5752244112981648,0.0,0.0,1.58,1.0,1.0,1641.5663363878473,1050.0,1641.5696792999386,1050.0,0.0006717103436313366,0.0
14717,1672808401000.0,0.0,0.0,0.7,1.5752244112981648,0.0,0.0,1.58,1.0,1.0,1641.5663363878473,1050.0,1641.5696792999386,1050.0,0.0006717103436313366,0.0
14718,1672812001000.0,0.0,0.0,0.7,1.5886577497131837,0.0,0.0,1.598,1.0,1.0,1641.5746850847383,1050.0,1641.5812246599392,1050.0,0.0006774351693549806,0.0
14719,1672815601000.0,0.0,0.0,0.7,1.5921841069379885,0.0,0.0,1.601,1.0,1.0,1641.5768895147958,1050.0,1641.5830606399393,1050.0,0.0006789379662782749,0.0
14720,1672819201000.0,0.0,0.0,0.7,1.5958457906699919,0.0,0.0,1.595,1.0,1.0,1641.5789885334082,1050.0,1641.578396479939,1050.0,0.0006804985086139582,0.0
14721,1672822801000.0,0.0,0.0,0.7,1.5958457906699919,0.0,0.0,1.591,1.0,1.0,1641.5789885334082,1050.0,1641.5755964799391,1050.0,0.0006804985086139582,0.0
14722,1672826401000.0,0.0,0.0,0.7,1.5958457906699919,0.0,0.0,1.588,1.0,1.0,1641.5789885334082,1050.0,1641.5734964799392,1050.0,0.0006804985086139582,0.0
14723,1672830001000.0,0.0,0.0,0.7,1.5958457906699919,0.0,0.0,1.591,1.0,1.0,1641.5789885334082,1050.0,1641.5755964799391,1050.0,0.0006804985086139582,0.0
14724,1672833601000.0,0.0,0.0,0.7,1.5958457906699919,0.0,0.0,1.588,1.0,1.0,1641.5789885334082,1050.0,1641.5734964799392,1050.0,0.0006804985086139582,0.0
14725,1672837201000.0,0.0,0.0,0.7,1.6051458115663226,0.0,0.0,1.598,1.0,1.0,1641.5849693880361,1050.0,1641.5799673199397,1050.0,0.0006844617178209737,0.0
14726,1672840801000.0,0.0,0.0,0.7,1.6051458115663226,0.0,0.0,1.607,1.0,1.0,1641.5849693880361,1050.0,1641.5862673199397,1050.0,0.0006844617178209737,0.0
14727,1672844401000.0,0.0,0.0,0.7,1.6051458115663226,0.0,0.0,1.603,1.0,1.0,1641.5849693880361,1050.0,1641.5834673199397,1050.0,0.0006844617178209737,0.0
14728,1672848001000.0,0.0,0.0,0.7,1.6190687764385472,0.0,0.0,1.621,1.0,1.0,1641.5936559434463,1050.0,1641.5950077999394,1050.0,0.0006903950556848567,0.0
14729,1672851601000.0,0.0,0.0,0.6,1.631672294620462,0.0,0.0,1.639,1.0,1.0,1641.6019983267115,1050.0,1641.6063949499392,1050.0,0.000596370726747517,0.0
14730,1672855201000.0,0.0,0.0,0.7,1.635194496157473,0.0,0.0,1.627,1.0,1.0,1641.6030817872495,1050.0,1641.5973456399392,1050.0,0.0006972672992694679,0.0
14731,1672858801000.0,0.0,0.0,0.7,1.635194496157473,0.0,0.0,1.626,1.0,1.0,1641.6030817872495,1050.0,1641.5966456399392,1050.0,0.0006972672992694679,0.0
14732,1672862401000.0,0.0,0.0,0.7,1.635194496157473,0.0,0.0,1.61,1.0,1.0,1641.6030817872495,1050.0,1641.5854456399393,1050.0,0.0006972672992694679,0.0
14733,1672866001000.0,0.0,0.0,1.6,1.6131475920688945,0.0,0.0,1.585,1.0,1.0,1641.6029381472495,1050.0,1641.5579019999393,1050.0,0.001572265794201884,0.0
14734,1672869601000.0,0.0,0.0,1.6,1.6131475920688945,0.0,0.0,1.591,1.0,1.0,1641.6029381472495,1050.0,1641.5675019999392,1050.0,0.001572265794201884,0.0
14735,1672873201000.0,0.0,0.0,1.6,1.6131475920688945,0.0,0.0,1.594,1.0,1.0,1641.6029381472495,1050.0,1641.5723019999393,1050.0,0.001572265794201884,0.0
14736,1672876801000.0,0.0,0.0,1.6,1.6131475920688945,0.0,0.0,1.603,1.0,1.0,1641.6029381472495,1050.0,1641.5867019999391,1050.0,0.001572265794201884,0.0
14737,1672880401000.0,0.0,0.0,1.6,1.6131475920688945,0.0,0.0,1.592,1.0,1.0,1641.6029381472495,1050.0,1641.5691019999392,1050.0,0.001572265794201884,0.0
14738,1672884001000.0,0.0,0.0,1.6,1.6131475920688945,0.0,0.0,1.59,1.0,1.0,1641.6029381472495,1050.0,1641.5659019999393,1050.0,0.001572265794201884,0.0
14739,1672887601000.0,0.0,0.0,1.6,1.6131475920688945,0.0,0.0,1.581,1.0,1.0,1641.6029381472495,1050.0,1641.5515019999393,1050.0,0.001572265794201884,0.0
14740,1672891201000.0,0.0,0.0,1.6,1.6131475920688945,0.0,0.0,1.577,1.0,1.0,1641.6029381472495,1050.0,1641.5451019999393,1050.0,0.001572265794201884,0.0
14741,1672894801000.0,0.0,0.0,1.6,1.6131475920688945,0.0,0.0,1.592,1.0,1.0,1641.6029381472495,1050.0,1641.5691019999392,1050.0,0.001572265794201884,0.0
14742,1672898401000.0,0.0,0.0,1.6,1.6131475920688945,0.0,0.0,1.589,1.0,1.0,1641.6029381472495,1050.0,1641.5643019999393,1050.0,0.001572265794201884,0.0
14743,1672902001000.0,0.0,0.0,3.7,1.5909286884622247,0.0,0.0,1.574,1.0,1.0,1641.6026076072494,1050.0,1641.5399714599391,1050.0,0.0035857863042080104,0.0
14744,1672905601000.0,0.0,0.0,3.7,1.5909286884622247,0.0,0.0,1.578,1.0,1.0,1641.6026076072494,1050.0,1641.5547714599393,1050.0,0.0035857863042080104,0.0
14745,1672909201000.0,0.0,0.0,3.7,1.5909286884622247,0.0,0.0,1.568,1.0,1.0,1641.6026076072494,1050.0,1641.5177714599392,1050.0,0.0035857863042080104,0.0
14746,1672912801000.0,0.0,0.0,8.6,1.5687483892221201,0.0,0.0,1.556,1.0,1.0,1641.6018471272494,1050.0,1641.492210979939,1050.0,0.008218336359038255,0.0
14747,1672916401000.0,0.0,0.0,8.6,1.5687483892221201,0.0,0.0,1.557,1.0,1.0,1641.6018471272494,1050.0,1641.5008109799392,1050.0,0.008218336359038255,0.0
14748,1672920001000.0,0.0,0.0,8.6,1.5687483892221201,0.0,0.0,1.553,1.0,1.0,1641.6018471272494,1050.0,1641.4664109799392,1050.0,0.008218336359038255,0.0
14749,1672923601000.0,0.0,0.0,8.6,1.5687483892221201,0.0,0.0,1.551,1.0,1.0,1641.6018471272494,1050.0,1641.4492109799392,1050.0,0.008218336359038255,0.0
14750,1672927201000.0,0.0,0.0,8.6,1.5687483892221201,0.0,0.0,1.538,1.0,1.0,1641.6018471272494,1050.0,1641.337410979939,1050.0,0.008218336359038255,0.0
14751,1672930801000.0,0.0,0.0,8.6,1.5687483892221201,0.0,0.0,1.551,1.0,1.0,1641.6018471272494,1050.0,1641.4492109799392,1050.0,0.008218336359038255,0.0
14752,1672934401000.0,0.0,0.0,4.1,1.5687483892221201,0.0,0.0,1.573,1.0,1.0,1641.6472688257497,1050.0,1641.664700429939,1050.0,0.003917935672266144,0.0
14753,1672938001000.0,0.0,0.0,0.6,1.5687483892221201,0.0,0.0,1.594,1.0,1.0,1641.702394833471,1050.0,1641.7175457999379,1050.0,0.0005733371873583393,0.0
14754,1672941601000.0,0.0,0.0,0.7,1.5866867307660788,0.0,0.0,1.587,1.0,1.0,1641.7109509014745,1050.0,1641.7111701899382,1050.0,0.0006765385288600122,0.0
14755,1672945201000.0,0.0,0.0,0.7,1.5866867307660788,0.0,0.0,1.561,1.0,1.0,1641.7109509014745,1050.0,1641.6929701899383,1050.0,0.0006765385288600122,0.0
14756,1672948801000.0,0.0,0.0,0.7,1.5866867307660788,0.0,0.0,1.563,1.0,1.0,1641.7109509014745,1050.0,1641.6943701899381,1050.0,0.0006765385288600122,0.0
14757,1672952401000.0,0.0,0.0,0.7,1.5866867307660788,0.0,0.0,1.555,1.0,1.0,1641.7109509014745,1050.0,1641.6887701899382,1050.0,0.0006765385288600122,0.0
14758,1672956001000.0,0.0,0.0,1.6,1.5649254447101595,0.0,0.0,1.547,1.0,1.0,1641.7108115814744,1050.0,1641.6821308699382,1050.0,0.001525165512630233,0.0
14759,1672959601000.0,0.0,0.0,1.6,1.5649254447101595,0.0,0.0,1.542,1.0,1.0,1641.7108115814744,1050.0,1641.6741308699382,1050.0,0.001525165512630233,0.0
14760,1672963201000.0,0.0,0.0,1.6,1.5649254447101595,0.0,0.0,1.538,1.0,1.0,1641.7108115814744,1050.0,1641.6677308699382,1050.0,0.001525165512630233,0.0
14761,1672966801000.0,0.0,0.0,1.6,1.5649254447101595,0.0,0.0,1.568,1.0,1.0,1641.7108115814744,1050.0,1641.7157308699382,1050.0,0.001525165512630233,0.0
14762,1672970401000.0,0.0,0.0,0.6,1.5783758446246774,0.0,0.0,1.575,1.0,1.0,1641.730045646712,1050.0,1641.7280201399371,1050.0,0.000576846059000981,0.0
14763,1672974001000.0,0.0,0.0,0.6,1.5783758446246774,0.0,0.0,1.57,1.0,1.0,1641.730045646712,1050.0,1641.7250201399372,1050.0,0.000576846059000981,0.0
14764,1672977601000.0,0.0,0.0,0.8,1.572781883468508,0.0,0.0,1.551,1.0,1.0,1641.730014526712,1050.0,1641.7125890199372,1050.0,0.0007664022072091649,0.0
14765,1672981201000.0,0.0,0.0,0.8,1.572781883468508,0.0,0.0,1.551,1.0,1.0,1641.730014526712,1050.0,1641.7125890199372,1050.0,0.0007664022072091649,0.0
14766,1672984801000.0,0.0,0.0,0.8,1.572781883468508,0.0,0.0,1.548,1.0,1.0,1641.730014526712,1050.0,1641.7101890199372,1050.0,0.0007664022072091649,0.0
14767,1672988401000.0,0.0,0.0,1.9,1.5509081614604243,0.0,0.0,1.534,1.0,1.0,1641.729845676712,1050.0,1641.6977201699374,1050.0,0.0017948906237738413,0.0
14768,1672992001000.0,0.0,0.0,1.9,1.5509081614604243,0.0,0.0,1.543,1.0,1.0,1641.729845676712,1050.0,1641.7148201699372,1050.0,0.0017948906237738413,0.0
14769,1672995601000.0,0.0,0.0,1.9,1.5509081614604243,0.0,0.0,1.543,1.0,1.0,1641.729845676712,1050.0,1641.7148201699372,1050.0,0.0017948906237738413,0.0
14770,1672999201000.0,0.0,0.0,1.9,1.5509081614604243,0.0,0.0,1.545,1.0,1.0,1641.729845676712,1050.0,1641.7186201699374,1050.0,0.0017948906237738413,0.0
14771,1673002801000.0,0.0,0.0,1.9,1.5509081614604243,0.0,0.0,1.535,1.0,1.0,1641.729845676712,1050.0,1641.6996201699374,1050.0,0.0017948906237738413,0.0
14772,1673006401000.0,0.0,0.0,1.9,1.5509081614604243,0.0,0.0,1.538,1.0,1.0,1641.729845676712,1050.0,1641.7053201699373,1050.0,0.0017948906237738413,0.0
14773,1673010001000.0,0.0,0.0,1.9,1.5509081614604243,0.0,0.0,1.535,1.0,1.0,1641.729845676712,1050.0,1641.6996201699374,1050.0,0.0017948906237738413,0.0
14774,1673013601000.0,0.0,0.0,1.7,1.5509081614604243,0.0,0.0,1.548,1.0,1.0,1641.73203280442,1050.0,1641.7270889299373,1050.0,0.0016059526291747842,0.0
14775,1673017201000.0,0.0,0.0,1.1,1.5509081614604243,0.0,0.0,1.551,1.0,1.0,1641.7385941875432,1050.0,1641.7386952099366,1050.0,0.001039141665820876,0.0
14776,1673020801000.0,0.0,0.0,0.7,1.5656370850803298,0.0,0.0,1.581,1.0,1.0,1641.7516900694923,1050.0,1641.762444109936,1050.0,0.0006675467223120943,0.0
14777,1673024401000.0,0.0,0.0,0.7,1.6112423643268747,0.0,0.0,1.611,1.0,1.0,1641.779336134965,1050.0,1641.779166479936,1050.0,0.0006869800528029633,0.0
14778,1673028001000.0,0.0,0.0,0.7,1.6112423643268747,0.0,0.0,1.605,1.0,1.0,1641.779336134965,1050.0,1641.7749664799362,1050.0,0.0006869800528029633,0.0
14779,1673031601000.0,0.0,0.0,0.7,1.6146016888049106,0.0,0.0,1.617,1.0,1.0,1641.7814227620997,1050.0,1641.7831015799363,1050.0,0.0006884114818780055,0.0
14780,1673035201000.0,0.0,0.0,0.7,1.618144063432079,0.0,0.0,1.617,1.0,1.0,1641.7836373643388,1050.0,1641.7828365199364,1050.0,0.0006899208998213997,0.0
14781,1673038801000.0,0.0,0.0,0.7,1.618144063432079,0.0,0.0,1.609,1.0,1.0,1641.7836373643388,1050.0,1641.7772365199364,1050.0,0.0006899208998213997,0.0
14782,1673042401000.0,0.0,0.0,0.7,1.618144063432079,0.0,0.0,1.606,1.0,1.0,1641.7836373643388,1050.0,1641.7751365199363,1050.0,0.0006899208998213997,0.0
14783,1673046001000.0,0.0,0.0,0.7,1.618144063432079,0.0,0.0,1.626,1.0,1.0,1641.7836373643388,1050.0,1641.7891365199364,1050.0,0.0006899208998213997,0.0
14784,1673049601000.0,0.0,0.0,0.7,1.6284956499388044,0.0,0.0,1.626,1.0,1.0,1641.7900874948932,1050.0,1641.7883405399361,1050.0,0.0006943317319551723,0.0
14785,1673053201000.0,0.0,0.0,0.7,1.6354773724177574,0.0,0.0,1.643,1.0,1.0,1641.7944433406285,1050.0,1641.7997091799361,1050.0,0.0006973066362455142,0.0
14786,1673056801000.0,0.0,0.0,0.6,1.6523071044402744,0.0,0.0,1.656,1.0,1.0,1641.8052117926004,1050.0,1641.8074275299361,1050.0,0.0006038379312864554,0.0
14787,1673060401000.0,0.0,0.0,0.6,1.6523071044402744,0.0,0.0,1.644,1.0,1.0,1641.8052117926004,1050.0,1641.8002275299361,1050.0,0.0006038379312864554,0.0
14788,1673064001000.0,0.0,0.0,0.6,1.6523071044402744,0.0,0.0,1.647,1.0,1.0,1641.8052117926004,1050.0,1641.8020275299361,1050.0,0.0006038379312864554,0.0
14789,1673067601000.0,0.0,0.0,0.6,1.6523071044402744,0.0,0.0,1.642,1.0,1.0,1641.8052117926004,1050.0,1641.7990275299362,1050.0,0.0006038379312864554,0.0
14790,1673071201000.0,0.0,0.0,0.6,1.6523071044402744,0.0,0.0,1.631,1.0,1.0,1641.8052117926004,1050.0,1641.7924275299363,1050.0,0.0006038379312864554,0.0
14791,1673074801000.0,0.0,0.0,0.6,1.6523071044402744,0.0,0.0,1.639,1.0,1.0,1641.8052117926004,1050.0,1641.7972275299362,1050.0,0.0006038379312864554,0.0
14792,1673078401000.0,0.0,0.0,0.6,1.6523071044402744,0.0,0.0,1.639,1.0,1.0,1641.8052117926004,1050.0,1641.7972275299362,1050.0,0.0006038379312864554,0.0
14793,1673082001000.0,0.0,0.0,0.6,1.6523071044402744,0.0,0.0,1.627,1.0,1.0,1641.8052117926004,1050.0,1641.7900275299362,1050.0,0.0006038379312864554,0.0
14794,1673085601000.0,0.0,0.0,0.6,1.6523071044402744,0.0,0.0,1.623,1.0,1.0,1641.8052117926004,1050.0,1641.7876275299363,1050.0,0.0006038379312864554,0.0
14795,1673089201000.0,0.0,0.0,0.6,1.6523071044402744,0.0,0.0,1.623,1.0,1.0,1641.8052117926004,1050.0,1641.7876275299363,1050.0,0.0006038379312864554,0.0
14796,1673092801000.0,0.0,0.0,0.6,1.6523071044402744,0.0,0.0,1.624,1.0,1.0,1641.8052117926004,1050.0,1641.7882275299362,1050.0,0.0006038379312864554,0.0
14797,1673096401000.0,0.0,0.0,0.6,1.6523071044402744,0.0,0.0,1.626,1.0,1.0,1641.8052117926004,1050.0,1641.7894275299363,1050.0,0.0006038379312864554,0.0
14798,1673100001000.0,0.0,0.0,0.7,1.734030050014832,0.0,0.0,1.738,1.0,1.0,1641.8497036049464,1050.0,1641.852482569936,1050.0,0.000739300943530484,0.0
14799,1673103601000.0,0.0,0.0,1.6,1.7103881468814888,0.0,0.0,1.703,1.0,1.0,1641.8495513249463,1050.0,1641.837730289936,1050.0,0.0016667915965881117,0.0
14800,1673107201000.0,0.0,0.0,0.6,1.713991533486778,0.0,0.0,1.722,1.0,1.0,1641.8698834100283,1050.0,1641.8746884899363,1050.0,0.0006263559192377507,0.0
14801,1673110801000.0,0.0,0.0,0.7,1.724871550104511,0.0,0.0,1.719,1.0,1.0,1641.8755082550097,1050.0,1641.8713981699366,1050.0,0.0007353846738090374,0.0
14802,1673114401000.0,0.0,0.0,0.7,1.724871550104511,0.0,0.0,1.715,1.0,1.0,1641.8755082550097,1050.0,1641.8685981699366,1050.0,0.0007353846738090374,0.0
14803,1673118001000.0,0.0,0.0,0.7,1.724871550104511,0.0,0.0,1.706,1.0,1.0,1641.8755082550097,1050.0,1641.8622981699366,1050.0,0.0007353846738090374,0.0
14804,1673121601000.0,0.0,0.0,0.7,1.724871550104511,0.0,0.0,1.706,1.0,1.0,1641.8755082550097,1050.0,1641.8622981699366,1050.0,0.0007353846738090374,0.0
14805,1673125201000.0,0.0,0.0,0.7,1.724871550104511,0.0,0.0,1.703,1.0,1.0,1641.8755082550097,1050.0,1641.8601981699364,1050.0,0.0007353846738090374,0.0
14806,1673128801000.0,0.0,0.0,0.7,1.724871550104511,0.0,0.0,1.693,1.0,1.0,1641.8755082550097,1050.0,1641.8531981699366,1050.0,0.0007353846738090374,0.0
14807,1673132401000.0,0.0,0.0,0.7,1.724871550104511,0.0,0.0,1.688,1.0,1.0,1641.8755082550097,1050.0,1641.8496981699366,1050.0,0.0007353846738090374,0.0
14808,1673136001000.0,0.0,0.0,1.6,1.7013188031707234,0.0,0.0,1.68,1.0,1.0,1641.8753567850097,1050.0,1641.8412466999366,1050.0,0.0016579273656944203,0.0
14809,1673139601000.0,0.0,0.0,3.7,1.6778675905603126,0.0,0.0,1.657,1.0,1.0,1641.8750081850096,1050.0,1641.7977980999365,1050.0,0.003781110044385069,0.0
14810,1673143201000.0,0.0,0.0,3.7,1.6778675905603126,0.0,0.0,1.659,1.0,1.0,1641.8750081850096,1050.0,1641.8051980999364,1050.0,0.003781110044385069,0.0
14811,1673146801000.0,0.0,0.0,3.7,1.6778675905603126,0.0,0.0,1.649,1.0,1.0,1641.8750081850096,1050.0,1641.7681980999364,1050.0,0.003781110044385069,0.0
14812,1673150401000.0,0.0,0.0,3.7,1.6778675905603126,0.0,0.0,1.662,1.0,1.0,1641.8750081850096,1050.0,1641.8162980999364,1050.0,0.003781110044385069,0.0
14813,1673154001000.0,0.0,0.0,3.7,1.6778675905603126,0.0,0.0,1.664,1.0,1.0,1641.8750081850096,1050.0,1641.8236980999366,1050.0,0.003781110044385069,0.0
14814,1673157601000.0,0.0,0.0,3.7,1.6778675905603126,0.0,0.0,1.658,1.0,1.0,1641.8750081850096,1050.0,1641.8014980999365,1050.0,0.003781110044385069,0.0
14815,1673161201000.0,0.0,0.0,3.7,1.6778675905603126,0.0,0.0,1.663,1.0,1.0,1641.8750081850096,1050.0,1641.8199980999364,1050.0,0.003781110044385069,0.0
14816,1673164801000.0,0.0,0.0,3.7,1.6778675905603126,0.0,0.0,1.669,1.0,1.0,1641.8750081850096,1050.0,1641.8421980999365,1050.0,0.003781110044385069,0.0
14817,1673168401000.0,0.0,0.0,3.7,1.6778675905603126,0.0,0.0,1.682,1.0,1.0,1641.8750081850096,1050.0,1641.8902980999364,1050.0,0.003781110044385069,0.0
14818,1673172001000.0,0.0,0.0,3.7,1.6778675905603126,0.0,0.0,1.678,1.0,1.0,1641.8750081850096,1050.0,1641.8754980999365,1050.0,0.003781110044385069,0.0
14819,1673175601000.0,0.0,0.0,3.7,1.6778675905603126,0.0,0.0,1.671,1.0,1.0,1641.8750081850096,1050.0,1641.8495980999364,1050.0,0.003781110044385069,0.0
14820,1673179201000.0,0.0,0.0,3.7,1.6778675905603126,0.0,0.0,1.658,1.0,1.0,1641.8750081850096,1050.0,1641.8014980999365,1050.0,0.003781110044385069,0.0
14821,1673182801000.0,0.0,0.0,3.7,1.6778675905603126,0.0,0.0,1.658,1.0,1.0,1641.8750081850096,1050.0,1641.8014980999365,1050.0,0.003781110044385069,0.0
14822,1673186401000.0,0.0,0.0,3.7,1.6778675905603126,0.0,0.0,1.658,1.0,1.0,1641.8750081850096,1050.0,1641.8014980999365,1050.0,0.003781110044385069,0.0
14823,1673190001000.0,0.0,0.0,3.7,1.6778675905603126,0.0,0.0,1.675,1.0,1.0,1641.8750081850096,1050.0,1641.8643980999364,1050.0,0.003781110044385069,0.0
14824,1673193601000.0,0.0,0.0,1.2,1.6778675905603126,0.0,0.0,1.688,1.0,1.0,1641.902416958609,1050.0,1641.9145758499365,1050.0,0.0012262854892448412,0.0
14825,1673197201000.0,0.0,0.0,1.0,1.6778675905603126,0.0,0.0,1.677,1.0,1.0,1641.9046096604968,1050.0,1641.9037420699365,1050.0,0.0010219032096555549,0.0
14826,1673200801000.0,0.0,0.0,1.0,1.6778675905603126,0.0,0.0,1.673,1.0,1.0,1641.9046096604968,1050.0,1641.8997420699366,1050.0,0.0010219032096555549,0.0
14827,1673204401000.0,0.0,0.0,0.9,1.6778675905603126,0.0,0.0,1.689,1.0,1.0,1641.9057060114408,1050.0,1641.9157251799365,1050.0,0.0009197122745694138,0.0
14828,1673208001000.0,0.0,0.0,0.7,1.6976698226156586,0.0,0.0,1.705,1.0,1.0,1641.9194882757674,1050.0,1641.9246193999365,1050.0,0.000723768055813081,0.0
14829,1673211601000.0,0.0,0.0,0.7,1.7206601046679841,0.0,0.0,1.709,1.0,1.0,1641.9314712932044,1050.0,1641.9233092199368,1050.0,0.0007335641555849711,0.0
14830,1673215201000.0,0.0,0.0,0.7,1.7206601046679841,0.0,0.0,1.714,1.0,1.0,1641.9314712932044,1050.0,1641.9268092199368,1050.0,0.0007335641555849711,0.0
14831,1673218801000.0,0.0,0.0,0.7,1.7206601046679841,0.0,0.0,1.728,1.0,1.0,1641.9314712932044,1050.0,1641.9366092199368,1050.0,0.0007335641555849711,0.0
14832,1673222401000.0,0.0,0.0,0.7,1.7563596245216857,0.0,0.0,1.765,1.0,1.0,1641.9479401671015,1050.0,1641.9539884299363,1050.0,0.0007487763205452533,0.0
14833,1673226001000.0,0.0,0.0,0.7,1.763693685980452,0.0,0.0,1.758,1.0,1.0,1641.952532370123,1050.0,1641.9485467899367,1050.0,0.0007519008959438181,0.0
14834,1673229601000.0,0.0,0.0,0.7,1.763693685980452,0.0,0.0,1.758,1.0,1.0,1641.952532370123,1050.0,1641.9485467899367,1050.0,0.0007519008959438181,0.0
14835,1673233201000.0,0.0,0.0,0.7,1.7674954899860371,0.0,0.0,1.751,1.0,1.0,1641.954922572927,1050.0,1641.9433757299369,1050.0,0.0007535205905966483,0.0
14836,1673236801000.0,0.0,0.0,0.7,1.7674954899860371,0.0,0.0,1.766,1.0,1.0,1641.954922572927,1050.0,1641.9538757299367,1050.0,0.0007535205905966483,0.0
14837,1673240401000.0,0.0,0.0,0.7,1.7814721173418504,0.0,0.0,1.781,1.0,1.0,1641.9629916420756,1050.0,1641.9626611599363,1050.0,0.0007594753892060498,0.0
14838,1673244001000.0,0.0,0.0,0.7,1.7814721173418504,0.0,0.0,1.768,1.0,1.0,1641.9629916420756,1050.0,1641.9535611599363,1050.0,0.0007594753892060498,0.0
14839,1673247601000.0,0.0,0.0,0.7,1.7814721173418504,0.0,0.0,1.776,1.0,1.0,1641.9629916420756,1050.0,1641.9591611599362,1050.0,0.0007594753892060498,0.0
14840,1673251201000.0,0.0,0.0,0.7,1.7814721173418504,0.0,0.0,1.781,1.0,1.0,1641.9629916420756,1050.0,1641.9626611599363,1050.0,0.0007594753892060498,0.0
14841,1673254801000.0,0.0,0.0,0.7,1.7814721173418504,0.0,0.0,1.776,1.0,1.0,1641.9629916420756,1050.0,1641.9591611599362,1050.0,0.0007594753892060498,0.0
14842,1673258401000.0,0.0,0.0,0.6,1.801507326421556,0.0,0.0,1.81,1.0,1.0,1641.9744590057894,1050.0,1641.9795546099365,1050.0,0.000658295499010026,0.0
14843,1673262001000.0,0.0,0.0,0.6,1.8148910596804615,0.0,0.0,1.81,1.0,1.0,1641.9816709857448,1050.0,1641.9787363499365,1050.0,0.0006631831859332189,0.0
14844,1673265601000.0,0.0,0.0,0.6,1.8148910596804615,0.0,0.0,1.797,1.0,1.0,1641.9816709857448,1050.0,1641.9709363499364,1050.0,0.0006631831859332189,0.0
14845,1673269201000.0,0.0,0.0,0.6,1.8148910596804615,0.0,0.0,1.812,1.0,1.0,1641.9816709857448,1050.0,1641.9799363499365,1050.0,0.0006631831859332189,0.0
14846,1673272801000.0,0.0,0.0,1.4,1.7898104541487694,0.0,0.0,1.779,1.0,1.0,1641.9815293057447,1050.0,1641.9663946699366,1050.0,0.0015260431320854994,0.0
14847,1673276401000.0,0.0,0.0,0.7,1.7898104541487694,0.0,0.0,1.811,1.0,1.0,1641.9909357478402,1050.0,1642.005768429936,1050.0,0.0007630171949356855,0.0
14848,1673280001000.0,0.0,0.0,0.6,1.8052508897669357,0.0,0.0,1.803,1.0,1.0,1642.0056110537955,1050.0,1642.0042605199353,1050.0,0.0006596509333272158,0.0
14849,1673283601000.0,0.0,0.0,0.6,1.8220373006716852,0.0,0.0,1.821,1.0,1.0,1642.0138637403386,1050.0,1642.0132413599356,1050.0,0.000665781455652733,0.0
14850,1673287201000.0,0.0,0.0,0.6,1.8220373006716852,0.0,0.0,1.804,1.0,1.0,1642.0138637403386,1050.0,1642.0030413599357,1050.0,0.000665781455652733,0.0
14851,1673290801000.0,0.0,0.0,1.4,1.796873128859294,0.0,0.0,1.775,1.0,1.0,1642.0137215003385,1050.0,1641.9830991199356,1050.0,0.0015320349321468764,0.0
14852,1673294401000.0,0.0,0.0,1.4,1.796873128859294,0.0,0.0,1.767,1.0,1.0,1642.0137215003385,1050.0,1641.9718991199354,1050.0,0.0015320349321468764,0.0
14853,1673298001000.0,0.0,0.0,3.3,1.7716128425463673,0.0,0.0,1.755,1.0,1.0,1642.0133884303386,1050.0,1641.9585660499356,1050.0,0.003560459629377156,0.0
14854,1673301601000.0,0.0,0.0,3.3,1.7716128425463673,0.0,0.0,1.758,1.0,1.0,1642.0133884303386,1050.0,1641.9684660499356,1050.0,0.003560459629377156,0.0
14855,1673305201000.0,0.0,0.0,3.3,1.7716128425463673,0.0,0.0,1.765,1.0,1.0,1642.0133884303386,1050.0,1641.9915660499357,1050.0,0.003560459629377156,0.0
14856,1673308801000.0,0.0,0.0,3.3,1.7716128425463673,0.0,0.0,1.762,1.0,1.0,1642.0133884303386,1050.0,1641.9816660499357,1050.0,0.003560459629377156,0.0
14857,1673312401000.0,0.0,0.0,0.5,1.7780091732474053,0.0,0.0,1.799,1.0,1.0,1642.0652978965584,1050.0,1642.0757933099346,1050.0,0.0005413941746180823,0.0
14858,1673316001000.0,0.0,0.0,0.6,1.7866169251262272,0.0,0.0,1.79,1.0,1.0,1642.0688377550105,1050.0,1642.0708675999347,1050.0,0.0006528168188985933,0.0
14859,1673319601000.0,0.0,0.0,1.6,1.7659618594012976,0.0,0.0,1.757,1.0,1.0,1642.072223544977,1050.0,1642.057884569935,1050.0,0.0017207154073541173,0.0
14860,1673323201000.0,0.0,0.0,1.6,1.7659618594012976,0.0,0.0,1.764,1.0,1.0,1642.072223544977,1050.0,1642.069084569935,1050.0,0.0017207154073541173,0.0
14861,1673326801000.0,0.0,0.0,1.2,1.7659618594012976,0.0,0.0,1.783,1.0,1.0,1642.0769676812165,1050.0,1642.097413449935,1050.0,0.001290532827017252,0.0
14862,1673330401000.0,0.0,0.0,0.6,1.7789831849130096,0.0,0.0,1.789,1.0,1.0,1642.091182530882,1050.0,1642.097192619934,1050.0,0.0006500186605366732,0.0
14863,1673334001000.0,0.0,0.0,0.6,1.782702274937864,0.0,0.0,1.79,1.0,1.0,1642.0935422848968,1050.0,1642.097920919934,1050.0,0.0006513766344116974,0.0
14864,1673337601000.0,0.0,0.0,0.6,1.782702274937864,0.0,0.0,1.777,1.0,1.0,1642.0935422848968,1050.0,1642.0901209199342,1050.0,0.0006513766344116974,0.0
14865,1673341201000.0,0.0,0.0,0.6,1.782702274937864,0.0,0.0,1.792,1.0,1.0,1642.0935422848968,1050.0,1642.099120919934,1050.0,0.0006513766344116974,0.0
14866,1673344801000.0,0.0,0.0,0.6,1.782702274937864,0.0,0.0,1.783,1.0,1.0,1642.0935422848968,1050.0,1642.093720919934,1050.0,0.0006513766344116974,0.0
14867,1673348401000.0,0.0,0.0,0.6,1.782702274937864,0.0,0.0,1.789,1.0,1.0,1642.0935422848968,1050.0,1642.097320919934,1050.0,0.0006513766344116974,0.0
14868,1673352001000.0,0.0,0.0,0.6,1.782702274937864,0.0,0.0,1.78,1.0,1.0,1642.0935422848968,1050.0,1642.091920919934,1050.0,0.0006513766344116974,0.0
14869,1673355601000.0,0.0,0.0,0.6,1.782702274937864,0.0,0.0,1.767,1.0,1.0,1642.0935422848968,1050.0,1642.084120919934,1050.0,0.0006513766344116974,0.0
14870,1673359201000.0,0.0,0.0,0.6,1.782702274937864,0.0,0.0,1.771,1.0,1.0,1642.0935422848968,1050.0,1642.0865209199342,1050.0,0.0006513766344116974,0.0
14871,1673362801000.0,0.0,0.0,0.6,1.791001083303745,0.0,0.0,1.79,1.0,1.0,1642.0983777299161,1050.0,1642.0977770799338,1050.0,0.0006544069859369849,0.0
14872,1673366401000.0,0.0,0.0,0.6,1.7953340555358301,0.0,0.0,1.798,1.0,1.0,1642.100705373255,1050.0,1642.1023049399337,1050.0,0.000655989264115593,0.0
14873,1673370001000.0,0.0,0.0,0.6,1.7953340555358301,0.0,0.0,1.791,1.0,1.0,1642.100705373255,1050.0,1642.0981049399336,1050.0,0.000655989264115593,0.0
14874,1673373601000.0,0.0,0.0,0.6,1.7953340555358301,0.0,0.0,1.798,1.0,1.0,1642.100705373255,1050.0,1642.1023049399337,1050.0,0.000655989264115593,0.0
14875,1673377201000.0,0.0,0.0,0.6,1.7953340555358301,0.0,0.0,1.799,1.0,1.0,1642.100705373255,1050.0,1642.1029049399335,1050.0,0.000655989264115593,0.0
14876,1673380801000.0,0.0,0.0,0.6,1.7953340555358301,0.0,0.0,1.794,1.0,1.0,1642.100705373255,1050.0,1642.0999049399336,1050.0,0.000655989264115593,0.0
14877,1673384401000.0,0.0,0.0,0.6,1.7953340555358301,0.0,0.0,1.803,1.0,1.0,1642.100705373255,1050.0,1642.1053049399336,1050.0,0.000655989264115593,0.0
14878,1673388001000.0,0.0,0.0,0.6,1.7953340555358301,0.0,0.0,1.793,1.0,1.0,1642.100705373255,1050.0,1642.0993049399335,1050.0,0.000655989264115593,0.0
14879,1673391601000.0,0.0,0.0,0.6,1.7953340555358301,0.0,0.0,1.772,1.0,1.0,1642.100705373255,1050.0,1642.0867049399335,1050.0,0.000655989264115593,0.0
14880,1673395201000.0,0.0,0.0,0.6,1.7953340555358301,0.0,0.0,1.78,1.0,1.0,1642.100705373255,1050.0,1642.0915049399337,1050.0,0.000655989264115593,0.0
14881,1673398801000.0,0.0,0.0,0.6,1.7953340555358301,0.0,0.0,1.788,1.0,1.0,1642.100705373255,1050.0,1642.0963049399336,1050.0,0.000655989264115593,0.0
14882,1673402401000.0,0.0,0.0,0.6,1.7953340555358301,0.0,0.0,1.79,1.0,1.0,1642.100705373255,1050.0,1642.0975049399335,1050.0,0.000655989264115593,0.0
14883,1673406001000.0,0.0,0.0,0.6,1.7953340555358301,0.0,0.0,1.764,1.0,1.0,1642.100705373255,1050.0,1642.0819049399336,1050.0,0.000655989264115593,0.0
14884,1673409601000.0,0.0,0.0,0.6,1.7953340555358301,0.0,0.0,1.768,1.0,1.0,1642.100705373255,1050.0,1642.0843049399336,1050.0,0.000655989264115593,0.0
14885,1673413201000.0,0.0,0.0,0.6,1.7953340555358301,0.0,0.0,1.762,1.0,1.0,1642.100705373255,1050.0,1642.0807049399336,1050.0,0.000655989264115593,0.0
14886,1673416801000.0,0.0,0.0,0.6,1.7953340555358301,0.0,0.0,1.77,1.0,1.0,1642.100705373255,1050.0,1642.0855049399336,1050.0,0.000655989264115593,0.0
14887,1673420401000.0,0.0,0.0,0.6,1.7953340555358301,0.0,0.0,1.781,1.0,1.0,1642.100705373255,1050.0,1642.0921049399335,1050.0,0.000655989264115593,0.0
14888,1673424001000.0,0.0,0.0,0.6,1.7953340555358301,0.0,0.0,1.778,1.0,1.0,1642.100705373255,1050.0,1642.0903049399335,1050.0,0.000655989264115593,0.0
14889,1673427601000.0,0.0,0.0,0.6,1.7953340555358301,0.0,0.0,1.772,1.0,1.0,1642.100705373255,1050.0,1642.0867049399335,1050.0,0.000655989264115593,0.0
14890,1673431201000.0,0.0,0.0,0.6,1.7953340555358301,0.0,0.0,1.768,1.0,1.0,1642.100705373255,1050.0,1642.0843049399336,1050.0,0.000655989264115593,0.0
14891,1673434801000.0,0.0,0.0,0.6,1.7953340555358301,0.0,0.0,1.762,1.0,1.0,1642.100705373255,1050.0,1642.0807049399336,1050.0,0.000655989264115593,0.0
14892,1673438401000.0,0.0,0.0,1.4,1.7705717380867845,0.0,0.0,1.754,1.0,1.0,1642.100565213255,1050.0,1642.0773647799335,1050.0,0.0015095302235643424,0.0
14893,1673442001000.0,0.0,0.0,1.4,1.7705717380867845,0.0,0.0,1.751,1.0,1.0,1642.100565213255,1050.0,1642.0731647799337,1050.0,0.0015095302235643424,0.0
14894,1673445601000.0,0.0,0.0,1.4,1.7705717380867845,0.0,0.0,1.733,1.0,1.0,1642.100565213255,1050.0,1642.0479647799336,1050.0,0.0015095302235643424,0.0
14895,1673449201000.0,0.0,0.0,3.3,1.7454849797943937,0.0,0.0,1.731,1.0,1.0,1642.100237083255,1050.0,1642.0524366499335,1050.0,0.00350776420540122,0.0
14896,1673452801000.0,0.0,0.0,3.3,1.7454849797943937,0.0,0.0,1.709,1.0,1.0,1642.100237083255,1050.0,1641.9798366499335,1050.0,0.00350776420540122,0.0
14897,1673456401000.0,0.0,0.0,3.3,1.7454849797943937,0.0,0.0,1.705,1.0,1.0,1642.100237083255,1050.0,1641.9666366499334,1050.0,0.00350776420540122,0.0
14898,1673460001000.0,0.0,0.0,7.7,1.7206364199118829,0.0,0.0,1.706,1.0,1.0,1642.099488203255,1050.0,1641.9867877699335,1050.0,0.008068269022979918,0.0
14899,1673463601000.0,0.0,0.0,2.1,1.7206364199118829,0.0,0.0,1.726,1.0,1.0,1642.1621543317483,1050.0,1642.1734178499332,1050.0,0.002200353035955419,0.0
14900,1673467201000.0,0.0,0.0,0.6,1.7439174354206277,0.0,0.0,1.754,1.0,1.0,1642.211226331186,1050.0,1642.2172758699337,1050.0,0.0006371594862312544,0.0
14901,1673470801000.0,0.0,0.0,0.6,1.7553343423544563,0.0,0.0,1.763,1.0,1.0,1642.218165125346,1050.0,1642.2227645199334,1050.0,0.0006413280694238854,0.0
14902,1673474401000.0,0.0,0.0,0.6,1.7553343423544563,0.0,0.0,1.757,1.0,1.0,1642.218165125346,1050.0,1642.2191645199334,1050.0,0.0006413280694238854,0.0
14903,1673478001000.0,0.0,0.0,0.7,1.762680786915539,0.0,0.0,1.767,1.0,1.0,1642.2216171807743,1050.0,1642.2246406299334,1050.0,0.0007513459437704218,0.0
14904,1673481601000.0,0.0,0.0,0.6,1.8034982418544494,0.0,0.0,1.815,1.0,1.0,1642.244446695046,1050.0,1642.2513477499333,1050.0,0.0006589146623636647,0.0
14905,1673485201000.0,0.0,0.0,0.6,1.834110850645104,0.0,0.0,1.831,1.0,1.0,1642.25692170032,1050.0,1642.2550551899328,1050.0,0.0006700940004245427,0.0
14906,1673488801000.0,0.0,0.0,0.6,1.834110850645104,0.0,0.0,1.813,1.0,1.0,1642.25692170032,1050.0,1642.2442551899328,1050.0,0.0006700940004245427,0.0
14907,1673492401000.0,0.0,0.0,0.6,1.834110850645104,0.0,0.0,1.804,1.0,1.0,1642.25692170032,1050.0,1642.2388551899328,1050.0,0.0006700940004245427,0.0
14908,1673496001000.0,0.0,0.0,0.6,1.834110850645104,0.0,0.0,1.818,1.0,1.0,1642.25692170032,1050.0,1642.247255189933,1050.0,0.0006700940004245427,0.0
14909,1673499601000.0,0.0,0.0,0.6,1.834110850645104,0.0,0.0,1.815,1.0,1.0,1642.25692170032,1050.0,1642.245455189933,1050.0,0.0006700940004245427,0.0
14910,1673503201000.0,0.0,0.0,0.6,1.834110850645104,0.0,0.0,1.794,1.0,1.0,1642.25692170032,1050.0,1642.232855189933,1050.0,0.0006700940004245427,0.0
14911,1673506801000.0,0.0,0.0,0.6,1.834110850645104,0.0,0.0,1.794,1.0,1.0,1642.25692170032,1050.0,1642.232855189933,1050.0,0.0006700940004245427,0.0
14912,1673510401000.0,0.0,0.0,0.6,1.834110850645104,0.0,0.0,1.811,1.0,1.0,1642.25692170032,1050.0,1642.2430551899329,1050.0,0.0006700940004245427,0.0
14913,1673514001000.0,0.0,0.0,0.6,1.834110850645104,0.0,0.0,1.801,1.0,1.0,1642.25692170032,1050.0,1642.2370551899328,1050.0,0.0006700940004245427,0.0
14914,1673517601000.0,0.0,0.0,1.4,1.8089046502764732,0.0,0.0,1.792,1.0,1.0,1642.25677850032,1050.0,1642.233111989933,1050.0,0.001542064885066065,0.0
14915,1673521201000.0,0.0,0.0,1.4,1.8089046502764732,0.0,0.0,1.777,1.0,1.0,1642.25677850032,1050.0,1642.212111989933,1050.0,0.001542064885066065,0.0
14916,1673524801000.0,0.0,0.0,1.4,1.8089046502764732,0.0,0.0,1.783,1.0,1.0,1642.25677850032,1050.0,1642.220511989933,1050.0,0.001542064885066065,0.0
14917,1673528401000.0,0.0,0.0,1.4,1.8089046502764732,0.0,0.0,1.789,1.0,1.0,1642.25677850032,1050.0,1642.228911989933,1050.0,0.001542064885066065,0.0
14918,1673532001000.0,0.0,0.0,1.4,1.7836262152688067,0.0,0.0,1.816,1.0,1.0,1642.301109951309,1050.0,1642.3464332499327,1050.0,0.0015204743431308787,0.0
14919,1673535601000.0,0.0,0.0,0.6,1.7953894290083587,0.0,0.0,1.765,1.0,1.0,1642.3325773473377,1050.0,1642.3143436899327,1050.0,0.0006559168783858267,0.0
14920,1673539201000.0,0.0,0.0,0.6,1.7953894290083587,0.0,0.0,1.776,1.0,1.0,1642.3325773473377,1050.0,1642.3209436899326,1050.0,0.0006559168783858267,0.0
14921,1673542801000.0,0.0,0.0,0.6,1.7953894290083587,0.0,0.0,1.789,1.0,1.0,1642.3325773473377,1050.0,1642.3287436899327,1050.0,0.0006559168783858267,0.0
14922,1673546401000.0,0.0,0.0,0.6,1.804284190670382,0.0,0.0,1.815,1.0,1.0,1642.3373693643348,1050.0,1642.3437988499325,1050.0,0.0006591645143051437,0.0
14923,1673550001000.0,0.0,0.0,0.6,1.8132374180757256,0.0,0.0,1.814,1.0,1.0,1642.3421957407782,1050.0,1642.3426532899327,1050.0,0.0006624334768155422,0.0
14924,1673553601000.0,0.0,0.0,0.6,1.8222166302558784,0.0,0.0,1.821,1.0,1.0,1642.3470369880863,1050.0,1642.3463070099328,1050.0,0.000665711907124449,0.0
14925,1673557201000.0,0.0,0.0,0.6,1.8222166302558784,0.0,0.0,1.828,1.0,1.0,1642.3470369880863,1050.0,1642.3505070099327,1050.0,0.000665711907124449,0.0
14926,1673560801000.0,0.0,0.0,0.6,1.8222166302558784,0.0,0.0,1.821,1.0,1.0,1642.3470369880863,1050.0,1642.3463070099328,1050.0,0.000665711907124449,0.0
14927,1673564401000.0,0.0,0.0,0.6,1.8222166302558784,0.0,0.0,1.83,1.0,1.0,1642.3470369880863,1050.0,1642.3517070099329,1050.0,0.000665711907124449,0.0
14928,1673568001000.0,0.0,0.0,0.6,1.8222166302558784,0.0,0.0,1.823,1.0,1.0,1642.3470369880863,1050.0,1642.3475070099328,1050.0,0.000665711907124449,0.0
14929,1673571601000.0,0.0,0.0,0.5,1.8268110868372525,0.0,0.0,1.816,1.0,1.0,1642.3507207433515,1050.0,1642.3453151999329,1050.0,0.0005561574223349844,0.0
14930,1673575201000.0,0.0,0.0,0.5,1.8268110868372525,0.0,0.0,1.812,1.0,1.0,1642.3507207433515,1050.0,1642.343315199933,1050.0,0.0005561574223349844,0.0
14931,1673578801000.0,0.0,0.0,0.5,1.8268110868372525,0.0,0.0,1.821,1.0,1.0,1642.3507207433515,1050.0,1642.347815199933,1050.0,0.0005561574223349844,0.0
14932,1673582401000.0,0.0,0.0,0.5,1.8268110868372525,0.0,0.0,1.834,1.0,1.0,1642.3507207433515,1050.0,1642.354315199933,1050.0,0.0005561574223349844,0.0
14933,1673586001000.0,0.0,0.0,0.6,1.8548983670200063,0.0,0.0,1.859,1.0,1.0,1642.3639282101446,1050.0,1642.3663891899325,1050.0,0.0006776445835758762,0.0
14934,1673589601000.0,0.0,0.0,0.6,1.8548983670200063,0.0,0.0,1.858,1.0,1.0,1642.3639282101446,1050.0,1642.3657891899327,1050.0,0.0006776445835758762,0.0
14935,1673593201000.0,0.0,0.0,0.6,1.8548983670200063,0.0,0.0,1.859,1.0,1.0,1642.3639282101446,1050.0,1642.3663891899325,1050.0,0.0006776445835758762,0.0
14936,1673596801000.0,0.0,0.0,0.6,1.8548983670200063,0.0,0.0,1.853,1.0,1.0,1642.3639282101446,1050.0,1642.3627891899328,1050.0,0.0006776445835758762,0.0
14937,1673600401000.0,0.0,0.0,0.6,1.8548983670200063,0.0,0.0,1.844,1.0,1.0,1642.3639282101446,1050.0,1642.3573891899327,1050.0,0.0006776445835758762,0.0
14938,1673604001000.0,0.0,0.0,0.6,1.8548983670200063,0.0,0.0,1.851,1.0,1.0,1642.3639282101446,1050.0,1642.3615891899326,1050.0,0.0006776445835758762,0.0
14939,1673607601000.0,0.0,0.0,0.6,1.8548983670200063,0.0,0.0,1.85,1.0,1.0,1642.3639282101446,1050.0,1642.3609891899328,1050.0,0.0006776445835758762,0.0
14940,1673611201000.0,0.0,0.0,0.6,1.8548983670200063,0.0,0.0,1.836,1.0,1.0,1642.3639282101446,1050.0,1642.3525891899326,1050.0,0.0006776445835758762,0.0
14941,1673614801000.0,0.0,0.0,1.4,1.8292421572942885,0.0,0.0,1.809,1.0,1.0,1642.3637834101446,1050.0,1642.3354443899325,1050.0,0.0015593007140565186,0.0
14942,1673618401000.0,0.0,0.0,1.4,1.8292421572942885,0.0,0.0,1.813,1.0,1.0,1642.3637834101446,1050.0,1642.3410443899327,1050.0,0.0015593007140565186,0.0
14943,1673622001000.0,0.0,0.0,1.4,1.8292421572942885,0.0,0.0,1.822,1.0,1.0,1642.3637834101446,1050.0,1642.3536443899327,1050.0,0.0015593007140565186,0.0
14944,1673625601000.0,0.0,0.0,1.1,1.8292421572942885,0.0,0.0,1.859,1.0,1.0,1642.3685554029562,1050.0,1642.4012890299325,1050.0,0.0012251612869743668,0.0
14945,1673629201000.0,0.0,0.0,0.6,1.8639614137865268,0.0,0.0,1.869,1.0,1.0,1642.397474168204,1050.0,1642.4004973199321,1050.0,0.0006809416513735936,0.0
14946,1673632801000.0,0.0,0.0,0.6,1.8730939616829012,0.0,0.0,1.861,1.0,1.0,1642.402403336942,1050.0,1642.3951469599322,1050.0,0.0006842758965320264,0.0
14947,1673636401000.0,0.0,0.0,0.6,1.8730939616829012,0.0,0.0,1.849,1.0,1.0,1642.402403336942,1050.0,1642.3879469599322,1050.0,0.0006842758965320264,0.0
14948,1673640001000.0,0.0,0.0,0.5,1.887101914572712,0.0,0.0,1.902,1.0,1.0,1642.4110519972187,1050.0,1642.4185010399324,1050.0,0.0005744913589926048,0.0
14949,1673643601000.0,0.0,0.0,0.6,1.909032476952635,0.0,0.0,1.917,1.0,1.0,1642.4208337461039,1050.0,1642.4256142599322,1050.0,0.0006973970754858602,0.0
14950,1673647201000.0,0.0,0.0,0.6,1.9253477675345048,0.0,0.0,1.924,1.0,1.0,1642.4288680804532,1050.0,1642.4280594199324,1050.0,0.0007033538456193987,0.0
14951,1673650801000.0,0.0,0.0,0.6,1.92989851168967,0.0,0.0,1.919,1.0,1.0,1642.4313209869463,1050.0,1642.4247818799324,1050.0,0.0007050152369951091,0.0
14952,1673654401000.0,0.0,0.0,0.6,1.92989851168967,0.0,0.0,1.922,1.0,1.0,1642.4313209869463,1050.0,1642.4265818799324,1050.0,0.0007050152369951091,0.0
14953,1673658001000.0,0.0,0.0,0.5,1.9778294826360177,0.0,0.0,1.956,1.0,1.0,1642.4551431912507,1050.0,1642.4442284499328,1050.0,0.0006020954334232662,0.0
14954,1673661601000.0,0.0,0.0,0.6,1.982552988424012,0.0,0.0,1.99,1.0,1.0,1642.456400492987,1050.0,1642.4608686999327,1050.0,0.0007242394943922812,0.0
14955,1673665201000.0,0.0,0.0,0.6,1.9929124392995612,0.0,0.0,1.978,1.0,1.0,1642.4616562035126,1050.0,1642.4527087399329,1050.0,0.0007280215395369785,0.0
14956,1673668801000.0,0.0,0.0,0.6,1.9929124392995612,0.0,0.0,1.965,1.0,1.0,1642.4616562035126,1050.0,1642.4449087399328,1050.0,0.0007280215395369785,0.0
14957,1673672401000.0,0.0,0.0,0.6,1.9929124392995612,0.0,0.0,1.965,1.0,1.0,1642.4616562035126,1050.0,1642.4449087399328,1050.0,0.0007280215395369785,0.0
14958,1673676001000.0,0.0,0.0,0.6,1.9929124392995612,0.0,0.0,1.988,1.0,1.0,1642.4616562035126,1050.0,1642.458708739933,1050.0,0.0007280215395369785,0.0
14959,1673679601000.0,0.0,0.0,0.0,2.169369806996998,0.0,0.0,2.282,1.0,1.0,1642.5588721999327,1050.0,1642.5588721999327,1050.0,0.0,0.0
14960,1673683201000.0,0.0,0.0,0.4,2.223451257142857,0.0,0.0,2.239,1.0,1.0,1642.6665776527898,1050.0,1642.6727971499326,1050.0,0.0005414248484485396,0.0
14961,1673686801000.0,0.0,0.0,0.5,2.2697926285714285,0.0,0.0,2.276,1.0,1.0,1642.807814694218,1050.0,1642.8109183799322,1050.0,0.0006908271948395599,0.0
14962,1673690401000.0,0.0,0.0,0.5,2.180137448105146,0.0,0.0,2.154,1.0,1.0,1645.0260867639847,1050.0,1645.0130180399321,1050.0,0.0006626452509314933,0.0
14963,1673694001000.0,0.0,0.0,0.5,2.1659306172157717,0.0,0.0,2.171,1.0,1.0,1645.0484085385394,1050.0,1645.0509432299316,1050.0,0.0006583182008424858,0.0
14964,1673697601000.0,0.0,0.0,0.4,2.154797088882753,0.0,0.0,2.176,1.0,1.0,1645.0740760754852,1050.0,1645.0825572399322,1050.0,0.0005239392244325608,0.0
14965,1673701201000.0,0.0,0.0,0.5,2.1608782533296518,0.0,0.0,2.144,1.0,1.0,1645.0754312765969,1050.0,1645.066992149932,1050.0,0.000656771784517135,0.0
14966,1673704801000.0,0.0,0.0,2.8,2.1011211166660093,0.0,0.0,2.097,1.0,1.0,1645.074951006597,1050.0,1645.0634118799323,1050.0,0.0035762134260600223,0.0
14967,1673708401000.0,0.0,0.0,4.2,2.071909049999718,0.0,0.0,2.073,1.0,1.0,1645.0881263899316,1050.0,1645.092708379933,1050.0,0.005289697172087056,0.0
14968,1673712001000.0,0.0,0.0,0.6,2.080939366666479,0.0,0.0,2.098,1.0,1.0,1645.1419372299338,1050.0,1645.152173609934,1050.0,0.0007589397557405901,0.0
14969,1673715601000.0,0.0,0.0,0.5,2.0896262444443194,0.0,0.0,2.093,1.0,1.0,1645.1482814321557,1050.0,1645.1499683099335,1050.0,0.0006350875079251917,0.0
14970,1673719201000.0,0.0,0.0,0.6,2.099833886419698,0.0,0.0,2.064,1.0,1.0,1645.152421121785,1050.0,1645.1309207899333,1050.0,0.0007658258989721613,0.0
14971,1673722801000.0,0.0,0.0,1.4,2.070785951322728,0.0,0.0,2.064,1.0,1.0,1645.152257201785,1050.0,1645.1427568699332,1050.0,0.001762207916720642,0.0
14972,1673726401000.0,0.0,0.0,1.4,2.070785951322728,0.0,0.0,2.039,1.0,1.0,1645.152257201785,1050.0,1645.1077568699332,1050.0,0.001762207916720642,0.0
14973,1673730001000.0,0.0,0.0,1.4,2.070785951322728,0.0,0.0,2.063,1.0,1.0,1645.152257201785,1050.0,1645.1413568699331,1050.0,0.001762207916720642,0.0
14974,1673733601000.0,0.0,0.0,1.4,2.070785951322728,0.0,0.0,2.057,1.0,1.0,1645.152257201785,1050.0,1645.1329568699332,1050.0,0.001762207916720642,0.0
14975,1673737201000.0,0.0,0.0,1.3,2.070785951322728,0.0,0.0,2.082,1.0,1.0,1645.1536577566526,1050.0,1645.1682360199331,1050.0,0.0016363345296210286,0.0
14976,1673740801000.0,0.0,0.0,0.6,2.1036508248655448,0.0,0.0,2.1,1.0,1.0,1645.1795601648516,1050.0,1645.1773696699322,1050.0,0.0007672053102780171,0.0
14977,1673744401000.0,0.0,0.0,0.7,2.045512271187675,0.0,0.0,2.069,1.0,1.0,1645.219043569764,1050.0,1645.2354849799326,1050.0,0.0008703148650191612,0.0
14978,1673748001000.0,0.0,0.0,0.6,2.0592276760834114,0.0,0.0,2.059,1.0,1.0,1645.2289353055826,1050.0,1645.2287986999324,1050.0,0.0007509815680579189,0.0
14979,1673751601000.0,0.0,0.0,0.6,2.0592276760834114,0.0,0.0,2.033,1.0,1.0,1645.2289353055826,1050.0,1645.2131986999325,1050.0,0.0007509815680579189,0.0
14980,1673755201000.0,0.0,0.0,0.6,2.0592276760834114,0.0,0.0,2.064,1.0,1.0,1645.2289353055826,1050.0,1645.2317986999326,1050.0,0.0007509815680579189,0.0
14981,1673758801000.0,0.0,0.0,0.6,2.0592276760834114,0.0,0.0,2.055,1.0,1.0,1645.2289353055826,1050.0,1645.2263986999326,1050.0,0.0007509815680579189,0.0
14982,1673762401000.0,0.0,0.0,0.6,2.0592276760834114,0.0,0.0,2.056,1.0,1.0,1645.2289353055826,1050.0,1645.2269986999324,1050.0,0.0007509815680579189,0.0
14983,1673766001000.0,0.0,0.0,0.6,2.0592276760834114,0.0,0.0,2.043,1.0,1.0,1645.2289353055826,1050.0,1645.2191986999326,1050.0,0.0007509815680579189,0.0
14984,1673769601000.0,0.0,0.0,0.6,2.0592276760834114,0.0,0.0,2.041,1.0,1.0,1645.2289353055826,1050.0,1645.2179986999324,1050.0,0.0007509815680579189,0.0
14985,1673773201000.0,0.0,0.0,1.4,2.030526146892891,0.0,0.0,2.013,1.0,1.0,1645.2287745855826,1050.0,1645.2042379799325,1050.0,0.0017278670599267297,0.0
14986,1673776801000.0,0.0,0.0,1.0,2.030526146892891,0.0,0.0,2.04,1.0,1.0,1645.2340823668253,1050.0,1645.2435562199323,1050.0,0.001234186775399028,0.0
14987,1673780401000.0,0.0,0.0,0.5,2.0557705969171147,0.0,0.0,2.077,1.0,1.0,1645.2536101783908,1050.0,1645.2642248799323,1050.0,0.000624757965640997,0.0
14988,1673784001000.0,0.0,0.0,0.5,2.155205700202763,0.0,0.0,2.152,1.0,1.0,1645.2987812900324,1050.0,1645.297178439931,1050.0,0.0006549587602906164,0.0
14989,1673787601000.0,0.0,0.0,0.5,2.176068431243797,0.0,0.0,2.167,1.0,1.0,1645.3073513355532,1050.0,1645.3028171199314,1050.0,0.0006612954198124157,0.0
14990,1673791201000.0,0.0,0.0,0.5,2.2121784686891957,0.0,0.0,2.189,1.0,1.0,1645.3224522542762,1050.0,1645.3108630199315,1050.0,0.0006722628946253858,0.0
14991,1673794801000.0,0.0,0.0,0.5,2.1985767703033794,0.0,0.0,2.204,1.0,1.0,1645.3525687250828,1050.0,1645.3552803399311,1050.0,0.0006681172206170279,0.0
14992,1673798401000.0,0.0,0.0,0.4,2.23244458238553,0.0,0.0,2.222,1.0,1.0,1645.3661675528851,1050.0,1645.361989719931,1050.0,0.0005427228604574489,0.0
14993,1673802001000.0,0.0,0.0,0.4,2.23244458238553,0.0,0.0,2.221,1.0,1.0,1645.3661675528851,1050.0,1645.3615897199309,1050.0,0.0005427228604574489,0.0
14994,1673805601000.0,0.0,0.0,2.8,2.183007151724784,0.0,0.0,2.156,1.0,1.0,1645.3700531347604,1050.0,1645.2944331099309,1050.0,0.0037149211590328923,0.0
14995,1673809201000.0,0.0,0.0,0.5,2.205727094648906,0.0,0.0,2.19,1.0,1.0,1645.5749456272554,1050.0,1645.567082079931,1050.0,0.0006701995252510768,0.0
14996,1673812801000.0,0.0,0.0,0.5,2.205727094648906,0.0,0.0,2.178,1.0,1.0,1645.5749456272554,1050.0,1645.5610820799309,1050.0,0.0006701995252510768,0.0
14997,1673816401000.0,0.0,0.0,0.5,2.205727094648906,0.0,0.0,2.172,1.0,1.0,1645.5749456272554,1050.0,1645.558082079931,1050.0,0.0006701995252510768,0.0
14998,1673820001000.0,0.0,0.0,0.5,2.205727094648906,0.0,0.0,2.179,1.0,1.0,1645.5749456272554,1050.0,1645.561582079931,1050.0,0.0006701995252510768,0.0
14999,1673823601000.0,0.0,0.0,0.5,2.205727094648906,0.0,0.0,2.194,1.0,1.0,1645.5749456272554,1050.0,1645.569082079931,1050.0,0.0006701995252510768,0.0
15000,1673827201000.0,0.0,0.0,0.5,2.205727094648906,0.0,0.0,2.172,1.0,1.0,1645.5749456272554,1050.0,1645.558082079931,1050.0,0.0006701995252510768,0.0
15001,1673830801000.0,0.0,0.0,1.2,2.1743862894370443,0.0,0.0,2.17,1.0,1.0,1645.5747949872555,1050.0,1645.569531439931,1050.0,0.0015856244002234255,0.0
15002,1673834401000.0,0.0,0.0,1.0,2.1743862894370443,0.0,0.0,2.195,1.0,1.0,1645.5776739493683,1050.0,1645.5982876599312,1050.0,0.0013213513551253652,0.0
15003,1673838001000.0,0.0,0.0,0.5,2.2146301754073607,0.0,0.0,2.194,1.0,1.0,1645.607294487635,1050.0,1645.5969793999313,1050.0,0.0006728914555817197,0.0
15004,1673841601000.0,0.0,0.0,0.5,2.2146301754073607,0.0,0.0,2.177,1.0,1.0,1645.607294487635,1050.0,1645.5884793999314,1050.0,0.0006728914555817197,0.0
15005,1673845201000.0,0.0,0.0,0.5,2.2146301754073607,0.0,0.0,2.213,1.0,1.0,1645.607294487635,1050.0,1645.6064793999315,1050.0,0.0006728914555817197,0.0
15006,1673848801000.0,0.0,0.0,0.5,2.2965953008313136,0.0,0.0,2.289,1.0,1.0,1645.6372057003468,1050.0,1645.6334080499312,1050.0,0.0006977829903444402,0.0
15007,1673852401000.0,0.0,0.0,2.1,2.234446723967869,0.0,0.0,2.203,1.0,1.0,1645.6383456802637,1050.0,1645.5723075599312,1050.0,0.0028513786960845493,0.0
15008,1673856001000.0,0.0,0.0,2.1,2.234446723967869,0.0,0.0,2.203,1.0,1.0,1645.6383456802637,1050.0,1645.5723075599312,1050.0,0.0028513786960845493,0.0
15009,1673859601000.0,0.0,0.0,26.6,2.1387645909899446,0.0,0.0,2.134,1.0,1.0,1645.6331258002638,1050.0,1645.5063876799313,1050.0,0.03457097285439404,0.0
15010,1673863201000.0,0.0,0.0,3.3,2.1387645909899446,0.0,0.0,2.151,1.0,1.0,1646.011389180198,1050.0,1646.051766029931,1050.0,0.004287894480354745,0.0
15011,1673866801000.0,0.0,0.0,1.1,2.1387645909899446,0.0,0.0,2.148,1.0,1.0,1646.0422334200198,1050.0,1646.0523923699309,1050.0,0.0014292713773211049,0.0
15012,1673870401000.0,0.0,0.0,0.5,2.1557952527563797,0.0,0.0,2.161,1.0,1.0,1646.0597874963087,1050.0,1646.0623898699305,1050.0,0.0006548350397513171,0.0
15013,1673874001000.0,0.0,0.0,0.5,2.1679262909922965,0.0,0.0,2.144,1.0,1.0,1646.065279135427,1050.0,1646.053315989931,1050.0,0.0006585177144769646,0.0
15014,1673877601000.0,0.0,0.0,0.5,2.1679262909922965,0.0,0.0,2.162,1.0,1.0,1646.065279135427,1050.0,1646.062315989931,1050.0,0.0006585177144769646,0.0
15015,1673881201000.0,0.0,0.0,0.5,2.1679262909922965,0.0,0.0,2.163,1.0,1.0,1646.065279135427,1050.0,1646.0628159899309,1050.0,0.0006585177144769646,0.0
15016,1673884801000.0,0.0,0.0,0.5,2.1836248118281505,0.0,0.0,2.181,1.0,1.0,1646.1030924058452,1050.0,1646.101779999931,1050.0,0.0006632709767395844,0.0
15017,1673888401000.0,0.0,0.0,0.5,2.1836248118281505,0.0,0.0,2.157,1.0,1.0,1646.1030924058452,1050.0,1646.0897799999311,1050.0,0.0006632709767395844,0.0
15018,1673892001000.0,0.0,0.0,0.5,2.1836248118281505,0.0,0.0,2.168,1.0,1.0,1646.1030924058452,1050.0,1646.095279999931,1050.0,0.0006632709767395844,0.0
15019,1673895601000.0,0.0,0.0,0.5,2.1836248118281505,0.0,0.0,2.16,1.0,1.0,1646.1030924058452,1050.0,1646.0912799999312,1050.0,0.0006632709767395844,0.0
15020,1673899201000.0,0.0,0.0,0.5,2.1836248118281505,0.0,0.0,2.151,1.0,1.0,1646.1030924058452,1050.0,1646.0867799999312,1050.0,0.0006632709767395844,0.0
15021,1673902801000.0,0.0,0.0,0.5,2.1836248118281505,0.0,0.0,2.15,1.0,1.0,1646.1030924058452,1050.0,1646.086279999931,1050.0,0.0006632709767395844,0.0
15022,1673906401000.0,0.0,0.0,1.2,2.152927004928396,0.0,0.0,2.128,1.0,1.0,1646.1029432358453,1050.0,1646.0730308299312,1050.0,0.0015694719558884372,0.0
15023,1673910001000.0,0.0,0.0,1.2,2.152927004928396,0.0,0.0,2.119,1.0,1.0,1646.1029432358453,1050.0,1646.0622308299312,1050.0,0.0015694719558884372,0.0
15024,1673913601000.0,0.0,0.0,1.2,2.152927004928396,0.0,0.0,2.126,1.0,1.0,1646.1029432358453,1050.0,1646.0706308299311,1050.0,0.0015694719558884372,0.0
15025,1673917201000.0,0.0,0.0,1.2,2.152927004928396,0.0,0.0,2.119,1.0,1.0,1646.1029432358453,1050.0,1646.0622308299312,1050.0,0.0015694719558884372,0.0
15026,1673920801000.0,0.0,0.0,2.8,2.1232544306835983,0.0,0.0,2.118,1.0,1.0,1646.1026070758453,1050.0,1646.0878946699313,1050.0,0.0036116292996309857,0.0
15027,1673924401000.0,0.0,0.0,2.8,2.1232544306835983,0.0,0.0,2.134,1.0,1.0,1646.1026070758453,1050.0,1646.1326946699312,1050.0,0.0036116292996309857,0.0
15028,1673928001000.0,0.0,0.0,0.4,2.138752658410159,0.0,0.0,2.156,1.0,1.0,1646.150595433296,1050.0,1646.157494369932,1050.0,0.0005196979339176927,0.0
15029,1673931601000.0,0.0,0.0,0.5,2.1569465742165947,0.0,0.0,2.154,1.0,1.0,1646.1574300470406,1050.0,1646.1559567599322,1050.0,0.0006551458976056007,0.0
15030,1673935201000.0,0.0,0.0,0.5,2.163367944529957,0.0,0.0,2.174,1.0,1.0,1646.1603538321976,1050.0,1646.1656698599327,1050.0,0.0006570951424913497,0.0
15031,1673938801000.0,0.0,0.0,0.5,2.163367944529957,0.0,0.0,2.161,1.0,1.0,1646.1603538321976,1050.0,1646.1591698599327,1050.0,0.0006570951424913497,0.0
15032,1673942401000.0,0.0,0.0,0.4,2.169620766717974,0.0,0.0,2.182,1.0,1.0,1646.1646091866198,1050.0,1646.1695608799325,1050.0,0.0005271941225343187,0.0
15033,1673946001000.0,0.0,0.0,0.5,2.1757724600307844,0.0,0.0,2.179,1.0,1.0,1646.165981569948,1050.0,1646.1675953399326,1050.0,0.0006608605949795387,0.0
15034,1673949601000.0,0.0,0.0,0.4,2.1757724600307844,0.0,0.0,2.185,1.0,1.0,1646.1673824239447,1050.0,1646.1710734399323,1050.0,0.0005286880260808006,0.0
15035,1673953201000.0,0.0,0.0,0.5,2.2007545108199897,0.0,0.0,2.207,1.0,1.0,1646.1773205553418,1050.0,1646.1804432999318,1050.0,0.0006684439408014563,0.0
15036,1673956801000.0,0.0,0.0,0.5,2.2624959655363637,0.0,0.0,2.258,1.0,1.0,1646.2000622526994,1050.0,1646.197814269931,1050.0,0.0006871874255794616,0.0
15037,1673960401000.0,0.0,0.0,0.4,2.3240758794354757,0.0,0.0,2.293,1.0,1.0,1646.2569787217053,1050.0,1646.2445483699312,1050.0,0.0005646933399766267,0.0
15038,1673964001000.0,0.0,0.0,0.8,2.2929226130824336,0.0,0.0,2.288,1.0,1.0,1646.2583499803973,1050.0,1646.2544118899314,1050.0,0.0011142467951569019,0.0
15039,1673967601000.0,0.0,0.0,0.5,2.327034171304877,0.0,0.0,2.339,1.0,1.0,1646.301170165584,1050.0,1646.3071530799316,1050.0,0.0007067461936720926,0.0
15040,1673971201000.0,0.0,0.0,2.8,2.313425347552929,0.0,0.0,2.293,1.0,1.0,1646.3218458030797,1050.0,1646.2646548299315,1050.0,0.003934583623282006,0.0
15041,1673974801000.0,0.0,0.0,2.8,2.313425347552929,0.0,0.0,2.275,1.0,1.0,1646.3218458030797,1050.0,1646.2142548299314,1050.0,0.003934583623282006,0.0
15042,1673978401000.0,0.0,0.0,2.8,2.313425347552929,0.0,0.0,2.29,1.0,1.0,1646.3218458030797,1050.0,1646.2562548299315,1050.0,0.003934583623282006,0.0
15043,1673982001000.0,0.0,0.0,2.8,2.313425347552929,0.0,0.0,2.307,1.0,1.0,1646.3218458030797,1050.0,1646.3038548299314,1050.0,0.003934583623282006,0.0
15044,1673985601000.0,0.0,0.0,2.8,2.313425347552929,0.0,0.0,2.311,1.0,1.0,1646.3218458030797,1050.0,1646.3150548299316,1050.0,0.003934583623282006,0.0
15045,1673989201000.0,0.0,0.0,2.8,2.313425347552929,0.0,0.0,2.291,1.0,1.0,1646.3218458030797,1050.0,1646.2590548299315,1050.0,0.003934583623282006,0.0
15046,1673992801000.0,0.0,0.0,2.8,2.313425347552929,0.0,0.0,2.278,1.0,1.0,1646.3218458030797,1050.0,1646.2226548299316,1050.0,0.003934583623282006,0.0
15047,1673996401000.0,0.0,0.0,6.5,2.280737072792031,0.0,0.0,2.232,1.0,1.0,1646.3210110830796,1050.0,1646.0042201099313,1050.0,0.009004799716062231,0.0
15048,1674000001000.0,0.0,0.0,15.2,2.247690195601855,0.0,0.0,2.221,1.0,1.0,1646.3190770730796,1050.0,1645.9133860999314,1050.0,0.020752290032311656,0.0
15049,1674003601000.0,0.0,0.0,15.2,2.247690195601855,0.0,0.0,2.224,1.0,1.0,1646.3190770730796,1050.0,1645.9589860999315,1050.0,0.020752290032311656,0.0
15050,1674007201000.0,0.0,0.0,4.9,2.247690195601855,0.0,0.0,2.25,1.0,1.0,1646.4744371683805,1050.0,1646.4857552099315,1050.0,0.006689251718593643,0.0
15051,1674010801000.0,0.0,0.0,1.4,2.247690195601855,0.0,0.0,2.253,1.0,1.0,1646.5272294337742,1050.0,1646.5346631599316,1050.0,0.0019111534978530184,0.0
15052,1674014401000.0,0.0,0.0,0.4,2.259014117361113,0.0,0.0,2.256,1.0,1.0,1646.558450296876,1050.0,1646.5572446499314,1050.0,0.000548784433848385,0.0
15053,1674018001000.0,0.0,0.0,0.4,2.259014117361113,0.0,0.0,2.261,1.0,1.0,1646.558450296876,1050.0,1646.5592446499315,1050.0,0.000548784433848385,0.0
15054,1674021601000.0,0.0,0.0,0.4,2.259014117361113,0.0,0.0,2.255,1.0,1.0,1646.558450296876,1050.0,1646.5568446499315,1050.0,0.000548784433848385,0.0
15055,1674025201000.0,0.0,0.0,0.4,2.259014117361113,0.0,0.0,2.238,1.0,1.0,1646.558450296876,1050.0,1646.5500446499314,1050.0,0.000548784433848385,0.0
15056,1674028801000.0,0.0,0.0,0.4,2.259014117361113,0.0,0.0,2.228,1.0,1.0,1646.558450296876,1050.0,1646.5460446499314,1050.0,0.000548784433848385,0.0
15057,1674032401000.0,0.0,0.0,0.9,2.228450718827162,0.0,0.0,2.211,1.0,1.0,1646.5583400968758,1050.0,1646.5426344499313,1050.0,0.0012180592682956167,0.0
15058,1674036001000.0,0.0,0.0,0.9,2.228450718827162,0.0,0.0,2.21,1.0,1.0,1646.5583400968758,1050.0,1646.5417344499313,1050.0,0.0012180592682956167,0.0
15059,1674039601000.0,0.0,0.0,0.9,2.228450718827162,0.0,0.0,2.211,1.0,1.0,1646.5583400968758,1050.0,1646.5426344499313,1050.0,0.0012180592682956167,0.0
15060,1674043201000.0,0.0,0.0,0.3,2.228450718827162,0.0,0.0,2.245,1.0,1.0,1646.5675350255788,1050.0,1646.5724998099306,1050.0,0.00040601748876201616,0.0
15061,1674046801000.0,0.0,0.0,0.5,2.248065355266667,0.0,0.0,2.249,1.0,1.0,1646.573407267564,1050.0,1646.5738745899307,1050.0,0.0006826495998733696,0.0
15062,1674050401000.0,0.0,0.0,0.5,2.27406287004256,0.0,0.0,2.276,1.0,1.0,1646.5852422649514,1050.0,1646.58621082993,1050.0,0.0006905390658410388,0.0
15063,1674054001000.0,0.0,0.0,0.4,2.280437722025536,0.0,0.0,2.288,1.0,1.0,1646.5896713787404,1050.0,1646.5926962899302,1050.0,0.0005539783861551992,0.0
15064,1674057601000.0,0.0,0.0,2.3,2.123333649955271,0.0,0.0,2.149,1.0,1.0,1647.1429907248269,1050.0,1647.2020233299297,1050.0,0.0029649322629531154,0.0
15065,1674061201000.0,0.0,0.0,0.6,2.0736413090420815,0.0,0.0,2.091,1.0,1.0,1647.2530103653542,1050.0,1647.263425579929,1050.0,0.0007553088551644496,0.0
15066,1674064801000.0,0.0,0.0,0.5,2.134044019457197,0.0,0.0,2.096,1.0,1.0,1647.2818477196577,1050.0,1647.262825709929,1050.0,0.0006477470817794074,0.0
15067,1674068401000.0,0.0,0.0,1.2,2.103685008107165,0.0,0.0,2.083,1.0,1.0,1647.2817019796576,1050.0,1647.256879969929,1050.0,0.0015324774182186433,0.0
15068,1674072001000.0,0.0,0.0,1.2,2.103685008107165,0.0,0.0,2.101,1.0,1.0,1647.2817019796576,1050.0,1647.2784799699289,1050.0,0.0015324774182186433,0.0
15069,1674075601000.0,0.0,0.0,1.2,2.103685008107165,0.0,0.0,2.075,1.0,1.0,1647.2817019796576,1050.0,1647.247279969929,1050.0,0.0015324774182186433,0.0
15070,1674079201000.0,0.0,0.0,1.2,2.103685008107165,0.0,0.0,2.09,1.0,1.0,1647.2817019796576,1050.0,1647.265279969929,1050.0,0.0015324774182186433,0.0
15071,1674082801000.0,0.0,0.0,1.2,2.103685008107165,0.0,0.0,2.077,1.0,1.0,1647.2817019796576,1050.0,1647.249679969929,1050.0,0.0015324774182186433,0.0
15072,1674086401000.0,0.0,0.0,2.8,2.0747221463316423,0.0,0.0,2.056,1.0,1.0,1647.2813734996575,1050.0,1647.228951489929,1050.0,0.0035265511424966076,0.0
15073,1674090001000.0,0.0,0.0,2.8,2.0747221463316423,0.0,0.0,2.055,1.0,1.0,1647.2813734996575,1050.0,1647.226151489929,1050.0,0.0035265511424966076,0.0
15074,1674093601000.0,0.0,0.0,2.8,2.0747221463316423,0.0,0.0,2.071,1.0,1.0,1647.2813734996575,1050.0,1647.2709514899288,1050.0,0.0035265511424966076,0.0
15075,1674097201000.0,0.0,0.0,0.6,2.101399154468635,0.0,0.0,2.113,1.0,1.0,1647.3580748826105,1050.0,1647.3650353899293,1050.0,0.0007653706330792881,0.0
15076,1674100801000.0,0.0,0.0,0.5,2.148005154778436,0.0,0.0,2.146,1.0,1.0,1647.381017887318,1050.0,1647.3800153099287,1050.0,0.0006519454611456986,0.0
15077,1674104401000.0,0.0,0.0,0.5,2.148005154778436,0.0,0.0,2.142,1.0,1.0,1647.381017887318,1050.0,1647.3780153099287,1050.0,0.0006519454611456986,0.0
15078,1674108001000.0,0.0,0.0,0.5,2.148005154778436,0.0,0.0,2.138,1.0,1.0,1647.381017887318,1050.0,1647.3760153099288,1050.0,0.0006519454611456986,0.0
15079,1674111601000.0,0.0,0.0,0.5,2.148005154778436,0.0,0.0,2.121,1.0,1.0,1647.381017887318,1050.0,1647.3675153099286,1050.0,0.0006519454611456986,0.0
15080,1674115201000.0,0.0,0.0,0.5,2.148005154778436,0.0,0.0,2.111,1.0,1.0,1647.381017887318,1050.0,1647.3625153099288,1050.0,0.0006519454611456986,0.0
15081,1674118801000.0,0.0,0.0,0.5,2.148005154778436,0.0,0.0,2.108,1.0,1.0,1647.381017887318,1050.0,1647.3610153099287,1050.0,0.0006519454611456986,0.0
15082,1674122401000.0,0.0,0.0,0.5,2.148005154778436,0.0,0.0,2.125,1.0,1.0,1647.381017887318,1050.0,1647.3695153099288,1050.0,0.0006519454611456986,0.0
15083,1674126001000.0,0.0,0.0,0.5,2.148005154778436,0.0,0.0,2.126,1.0,1.0,1647.381017887318,1050.0,1647.3700153099287,1050.0,0.0006519454611456986,0.0
15084,1674129601000.0,0.0,0.0,0.5,2.148005154778436,0.0,0.0,2.114,1.0,1.0,1647.381017887318,1050.0,1647.3640153099288,1050.0,0.0006519454611456986,0.0
15085,1674133201000.0,0.0,0.0,1.2,2.117668814491015,0.0,0.0,2.104,1.0,1.0,1647.380871167318,1050.0,1647.3644685899287,1050.0,0.0015425713760950416,0.0
15086,1674136801000.0,0.0,0.0,1.2,2.117668814491015,0.0,0.0,2.109,1.0,1.0,1647.380871167318,1050.0,1647.3704685899288,1050.0,0.0015425713760950416,0.0
15087,1674140401000.0,0.0,0.0,0.8,2.117668814491015,0.0,0.0,2.132,1.0,1.0,1647.3865183615214,1050.0,1647.3979833099286,1050.0,0.0010283773921361129,0.0
15088,1674144001000.0,0.0,0.0,0.5,2.1359284639300595,0.0,0.0,2.14,1.0,1.0,1647.3990269618937,1050.0,1647.4010627299288,1050.0,0.0006482729529921794,0.0
15089,1674147601000.0,0.0,0.0,0.5,2.1359284639300595,0.0,0.0,2.133,1.0,1.0,1647.3990269618937,1050.0,1647.3975627299287,1050.0,0.0006482729529921794,0.0
15090,1674151201000.0,0.0,0.0,0.5,2.154624548208893,0.0,0.0,2.131,1.0,1.0,1647.407316164033,1050.0,1647.3955038899287,1050.0,0.0006539440874968034,0.0
15091,1674154801000.0,0.0,0.0,0.4,2.1717448373552015,0.0,0.0,2.167,1.0,1.0,1647.4155056048708,1050.0,1647.4136076699288,1050.0,0.0005273095536533308,0.0
15092,1674158401000.0,0.0,0.0,0.4,2.252128934261063,0.0,0.0,2.258,1.0,1.0,1647.4463579536337,1050.0,1647.4487063799293,1050.0,0.0005468169384424832,0.0
15093,1674162001000.0,0.0,0.0,2.8,2.3155004962811,0.0,0.0,2.285,1.0,1.0,1647.496608659517,1050.0,1647.41120726993,1050.0,0.003935304847068722,0.0
15094,1674165601000.0,0.0,0.0,6.5,2.282769444551858,0.0,0.0,2.26,1.0,1.0,1647.495773199517,1050.0,1647.34777180993,1050.0,0.009006397242993198,0.0
15095,1674169201000.0,0.0,0.0,6.5,2.282769444551858,0.0,0.0,2.265,1.0,1.0,1647.495773199517,1050.0,1647.38027180993,1050.0,0.009006397242993198,0.0
15096,1674172801000.0,0.0,0.0,6.5,2.282769444551858,0.0,0.0,2.258,1.0,1.0,1647.495773199517,1050.0,1647.33477180993,1050.0,0.009006397242993198,0.0
15097,1674176401000.0,0.0,0.0,15.2,2.2497040387886234,0.0,0.0,2.232,1.0,1.0,1647.493837449517,1050.0,1647.22473605993,1050.0,0.02075607241270479,0.0
15098,1674180001000.0,0.0,0.0,15.2,2.2497040387886234,0.0,0.0,2.245,1.0,1.0,1647.493837449517,1050.0,1647.4223360599299,1050.0,0.02075607241270479,0.0
15099,1674183601000.0,0.0,0.0,15.2,2.2497040387886234,0.0,0.0,2.252,1.0,1.0,1647.493837449517,1050.0,1647.52873605993,1050.0,0.02075607241270479,0.0
15100,1674187201000.0,0.0,0.0,5.5,2.2497040387886234,0.0,0.0,2.26,1.0,1.0,1647.6400112232675,1050.0,1647.69663900993,1050.0,0.007509754636360761,0.0
15101,1674190801000.0,0.0,0.0,0.5,2.3130384289513373,0.0,0.0,2.304,1.0,1.0,1647.769006624406,1050.0,1647.7644874099303,1050.0,0.0007018697461999822,0.0
15102,1674194401000.0,0.0,0.0,1.2,2.4295833333333334,0.0,0.0,2.405,1.0,1.0,1647.8163665399309,1050.0,1647.7868665399308,1050.0,0.0017693112286060974,0.0
15103,1674198001000.0,0.0,0.0,0.6,2.362461538461538,0.0,0.0,2.383,1.0,1.0,1647.914495483008,1050.0,1647.9268185599312,1050.0,0.0008601641207491513,0.0
15104,1674201601000.0,0.0,0.0,0.5,2.4112584615384614,0.0,0.0,2.392,1.0,1.0,1647.9306880907006,1050.0,1647.9210588599315,1050.0,0.0007316019050328371,0.0
15105,1674205201000.0,0.0,0.0,0.5,2.4112584615384614,0.0,0.0,2.405,1.0,1.0,1647.9306880907006,1050.0,1647.9275588599314,1050.0,0.0007316019050328371,0.0
15106,1674208801000.0,0.0,0.0,0.5,2.4112584615384614,0.0,0.0,2.414,1.0,1.0,1647.9306880907006,1050.0,1647.9320588599314,1050.0,0.0007316019050328371,0.0
15107,1674212401000.0,0.0,0.0,0.5,2.4112584615384614,0.0,0.0,2.376,1.0,1.0,1647.9306880907006,1050.0,1647.9130588599314,1050.0,0.0007316019050328371,0.0
15108,1674216001000.0,0.0,0.0,0.5,2.4112584615384614,0.0,0.0,2.381,1.0,1.0,1647.9306880907006,1050.0,1647.9155588599315,1050.0,0.0007316019050328371,0.0
15109,1674219601000.0,0.0,0.0,0.5,2.4112584615384614,0.0,0.0,2.388,1.0,1.0,1647.9306880907006,1050.0,1647.9190588599315,1050.0,0.0007316019050328371,0.0
15110,1674223201000.0,0.0,0.0,0.5,2.4112584615384614,0.0,0.0,2.366,1.0,1.0,1647.9306880907006,1050.0,1647.9080588599313,1050.0,0.0007316019050328371,0.0
15111,1674226801000.0,0.0,0.0,1.2,2.377274358974359,0.0,0.0,2.366,1.0,1.0,1647.9305233807006,1050.0,1647.9169941499313,1050.0,0.0017310979985472367,0.0
15112,1674230401000.0,0.0,0.0,0.5,2.4027872615384616,0.0,0.0,2.395,1.0,1.0,1647.951931620701,1050.0,1647.948037989932,1050.0,0.0007290222534511086,0.0
15113,1674234001000.0,0.0,0.0,0.5,2.4306812290953843,0.0,0.0,2.427,1.0,1.0,1647.9644897844798,1050.0,1647.962649169932,1050.0,0.0007374798559565042,0.0
15114,1674237601000.0,0.0,0.0,0.5,2.4445652424743383,0.0,0.0,2.436,1.0,1.0,1647.9708357111695,1050.0,1647.9665530899322,1050.0,0.0007416894733514518,0.0
15115,1674241201000.0,0.0,0.0,0.5,2.4445652424743383,0.0,0.0,2.444,1.0,1.0,1647.9708357111695,1050.0,1647.9705530899323,1050.0,0.0007416894733514518,0.0
15116,1674244801000.0,0.0,0.0,0.4,2.5459150946509608,0.0,0.0,2.531,1.0,1.0,1648.0058922377925,1050.0,1647.9999261999321,1050.0,0.0006179383475853757,0.0
15117,1674248401000.0,0.0,0.0,0.4,2.688667968749999,0.0,0.0,2.656,1.0,1.0,1648.0740831274325,1050.0,1648.0610159399325,1050.0,0.0006525599780436826,0.0
15118,1674252001000.0,0.0,0.0,0.9,2.652741319444444,0.0,0.0,2.637,1.0,1.0,1648.0739519274325,1050.0,1648.0597847399324,1050.0,0.0014486408117231888,0.0
15119,1674255601000.0,0.0,0.0,0.4,2.7134895362854,0.0,0.0,2.661,1.0,1.0,1648.101660914447,1050.0,1648.0806650999327,1050.0,0.0006585733394091295,0.0
15120,1674259201000.0,0.0,0.0,4.9,2.6028154723498282,0.0,0.0,2.591,1.0,1.0,1648.100494074447,1050.0,1648.0425982599327,1050.0,0.00773848188285177,0.0
15121,1674262801000.0,0.0,0.0,3.4,2.6028154723498282,0.0,0.0,2.593,1.0,1.0,1648.1258778659221,1050.0,1648.0925052599328,1050.0,0.005369476157639303,0.0
15122,1674266401000.0,0.0,0.0,0.4,2.6153962031967777,0.0,0.0,2.603,1.0,1.0,1648.203770241211,1050.0,1648.1988117599324,1050.0,0.0006347264216763732,0.0
15123,1674270001000.0,0.0,0.0,0.4,2.620047152397583,0.0,0.0,2.611,1.0,1.0,1648.2054779508912,1050.0,1648.2018590899322,1050.0,0.0006358544944662897,0.0
15124,1674273601000.0,0.0,0.0,0.4,2.620047152397583,0.0,0.0,2.626,1.0,1.0,1648.2054779508912,1050.0,1648.2078590899323,1050.0,0.0006358544944662897,0.0
15125,1674277201000.0,0.0,0.0,0.4,2.620047152397583,0.0,0.0,2.608,1.0,1.0,1648.2054779508912,1050.0,1648.2006590899323,1050.0,0.0006358544944662897,0.0
15126,1674280801000.0,0.0,0.0,0.4,2.624785364298187,0.0,0.0,2.617,1.0,1.0,1648.2072204656515,1050.0,1648.2041063199322,1050.0,0.0006370037290715503,0.0
15127,1674284401000.0,0.0,0.0,0.4,2.62958902322364,0.0,0.0,2.639,1.0,1.0,1648.2088890692216,1050.0,1648.2126534599322,1050.0,0.0006381688730507029,0.0
15128,1674288001000.0,0.0,0.0,0.4,2.6341917674177298,0.0,0.0,2.63,1.0,1.0,1648.2105772168993,1050.0,1648.2089005099322,1050.0,0.000639285247608523,0.0
15129,1674291601000.0,0.0,0.0,0.4,2.6582007807446364,0.0,0.0,2.601,1.0,1.0,1648.2192145922302,1050.0,1648.1963342799322,1050.0,0.0006451085528455695,0.0
15130,1674295201000.0,0.0,0.0,0.4,2.6582007807446364,0.0,0.0,2.649,1.0,1.0,1648.2192145922302,1050.0,1648.2155342799324,1050.0,0.0006451085528455695,0.0
15131,1674298801000.0,0.0,0.0,0.4,2.607302162221553,0.0,0.0,2.589,1.0,1.0,1648.3538878348213,1050.0,1648.3465669699326,1050.0,0.0006327044650942884,0.0
15132,1674302401000.0,0.0,0.0,0.4,2.607302162221553,0.0,0.0,2.591,1.0,1.0,1648.3538878348213,1050.0,1648.3473669699326,1050.0,0.0006327044650942884,0.0
15133,1674306001000.0,0.0,0.0,0.4,2.607302162221553,0.0,0.0,2.608,1.0,1.0,1648.3538878348213,1050.0,1648.3541669699327,1050.0,0.0006327044650942884,0.0
15134,1674309601000.0,0.0,0.0,0.4,2.607302162221553,0.0,0.0,2.592,1.0,1.0,1648.3538878348213,1050.0,1648.3477669699328,1050.0,0.0006327044650942884,0.0
15135,1674313201000.0,0.0,0.0,0.4,2.607302162221553,0.0,0.0,2.572,1.0,1.0,1648.3538878348213,1050.0,1648.3397669699327,1050.0,0.0006327044650942884,0.0
15136,1674316801000.0,0.0,0.0,0.9,2.57213429432069,0.0,0.0,2.556,1.0,1.0,1648.3537606348214,1050.0,1648.3392397699326,1050.0,0.0014043835250493126,0.0
15137,1674320401000.0,0.0,0.0,0.8,2.57213429432069,0.0,0.0,2.558,1.0,1.0,1648.3554213153893,1050.0,1648.3441138799328,1050.0,0.0012483396534798906,0.0
15138,1674324001000.0,0.0,0.0,0.8,2.57213429432069,0.0,0.0,2.576,1.0,1.0,1648.3554213153893,1050.0,1648.3585138799328,1050.0,0.0012483396534798906,0.0
15139,1674327601000.0,0.0,0.0,0.5,2.579280576592414,0.0,0.0,2.587,1.0,1.0,1648.3636729182292,1050.0,1648.367532629933,1050.0,0.0007823760675416089,0.0
15140,1674331201000.0,0.0,0.0,0.4,2.5973696945999394,0.0,0.0,2.609,1.0,1.0,1648.3721462077733,1050.0,1648.3767983299333,1050.0,0.0006302872080374373,0.0
15141,1674334801000.0,0.0,0.0,0.4,2.6067704532124654,0.0,0.0,2.611,1.0,1.0,1648.375601791218,1050.0,1648.377293609933,1050.0,0.0006325671043370943,0.0
15142,1674338401000.0,0.0,0.0,0.4,2.6208875349490084,0.0,0.0,2.632,1.0,1.0,1648.3806908439128,1050.0,1648.3851358299332,1050.0,0.0006359908362205351,0.0
15143,1674342001000.0,0.0,0.0,0.4,2.6208875349490084,0.0,0.0,2.561,1.0,1.0,1648.3806908439128,1050.0,1648.3567358299333,1050.0,0.0006359908362205351,0.0
15144,1674345601000.0,0.0,0.0,2.1,2.5499785780855255,0.0,0.0,2.542,1.0,1.0,1648.3802601839127,1050.0,1648.3635051699332,1050.0,0.003248616319502723,0.0
15145,1674349201000.0,0.0,0.0,0.5,2.5575871468513154,0.0,0.0,2.571,1.0,1.0,1648.432783063358,1050.0,1648.4394894899324,1050.0,0.0007757632501394549,0.0
15146,1674352801000.0,0.0,0.0,0.5,2.5721713728664737,0.0,0.0,2.559,1.0,1.0,1648.4394688563657,1050.0,1648.4328831699324,1050.0,0.0007801837499835416,0.0
15147,1674356401000.0,0.0,0.0,0.5,2.5940690165391587,0.0,0.0,2.604,1.0,1.0,1648.4495060182023,1050.0,1648.4544715099328,1050.0,0.0007868208905000317,0.0
15148,1674360001000.0,0.0,0.0,0.4,2.6088259913524574,0.0,0.0,2.585,1.0,1.0,1648.4564187264734,1050.0,1648.4468883299323,1050.0,0.0006330348710990914,0.0
15149,1674363601000.0,0.0,0.0,0.4,2.618027120135757,0.0,0.0,2.624,1.0,1.0,1648.4597940179867,1050.0,1648.4621831699324,1050.0,0.0006352662357034572,0.0
15150,1674367201000.0,0.0,0.0,0.4,2.6232703401018176,0.0,0.0,2.604,1.0,1.0,1648.4615385559732,1050.0,1648.4538304199325,1050.0,0.0006365378333060198,0.0
15151,1674370801000.0,0.0,0.0,0.4,2.6232703401018176,0.0,0.0,2.609,1.0,1.0,1648.4615385559732,1050.0,1648.4558304199325,1050.0,0.0006365378333060198,0.0
15152,1674374401000.0,0.0,0.0,0.4,2.6232703401018176,0.0,0.0,2.589,1.0,1.0,1648.4615385559732,1050.0,1648.4478304199324,1050.0,0.0006365378333060198,0.0
15153,1674378001000.0,0.0,0.0,0.4,2.6232703401018176,0.0,0.0,2.609,1.0,1.0,1648.4615385559732,1050.0,1648.4558304199325,1050.0,0.0006365378333060198,0.0
15154,1674381601000.0,0.0,0.0,0.4,2.6232703401018176,0.0,0.0,2.586,1.0,1.0,1648.4615385559732,1050.0,1648.4466304199325,1050.0,0.0006365378333060198,0.0
15155,1674385201000.0,0.0,0.0,0.4,2.6232703401018176,0.0,0.0,2.594,1.0,1.0,1648.4615385559732,1050.0,1648.4498304199326,1050.0,0.0006365378333060198,0.0
15156,1674388801000.0,0.0,0.0,0.4,2.6232703401018176,0.0,0.0,2.574,1.0,1.0,1648.4615385559732,1050.0,1648.4418304199326,1050.0,0.0006365378333060198,0.0
15157,1674392401000.0,0.0,0.0,0.9,2.5881201511563634,0.0,0.0,2.586,1.0,1.0,1648.4614105559733,1050.0,1648.4595024199325,1050.0,0.0014130195108753721,0.0
15158,1674396001000.0,0.0,0.0,0.9,2.5881201511563634,0.0,0.0,2.562,1.0,1.0,1648.4614105559733,1050.0,1648.4379024199327,1050.0,0.0014130195108753721,0.0
15159,1674399601000.0,0.0,0.0,0.5,2.5881201511563634,0.0,0.0,2.609,1.0,1.0,1648.4684582555112,1050.0,1648.4788981799331,1050.0,0.0007850074832172515,0.0
15160,1674403201000.0,0.0,0.0,0.9,2.619292834134579,0.0,0.0,2.592,1.0,1.0,1648.4924200806533,1050.0,1648.4678565299323,1050.0,0.001430011762265662,0.0
15161,1674406801000.0,0.0,0.0,0.9,2.619292834134579,0.0,0.0,2.617,1.0,1.0,1648.4924200806533,1050.0,1648.4903565299321,1050.0,0.001430011762265662,0.0
15162,1674410401000.0,0.0,0.0,0.4,2.6358266644005246,0.0,0.0,2.628,1.0,1.0,1648.5062966156934,1050.0,1648.5031659499332,1050.0,0.0006395672663942513,0.0
15163,1674414001000.0,0.0,0.0,0.4,2.6358266644005246,0.0,0.0,2.585,1.0,1.0,1648.5062966156934,1050.0,1648.4859659499332,1050.0,0.0006395672663942513,0.0
15164,1674417601000.0,0.0,0.0,0.9,2.6003674064002333,0.0,0.0,2.567,1.0,1.0,1648.5061680156934,1050.0,1648.4761373499332,1050.0,0.001419667521521782,0.0
15165,1674421201000.0,0.0,0.0,4.9,2.528067482808206,0.0,0.0,2.501,1.0,1.0,1648.5051632956934,1050.0,1648.3725326299332,1050.0,0.007514402102930053,0.0
15166,1674424801000.0,0.0,0.0,0.6,2.528067482808206,0.0,0.0,2.563,1.0,1.0,1648.6320732496195,1050.0,1648.6530327599346,1050.0,0.0009200600390450238,0.0
15167,1674428401000.0,0.0,0.0,0.5,2.555262576286572,0.0,0.0,2.565,1.0,1.0,1648.6478311180783,1050.0,1648.652699829935,1050.0,0.0007749570672572464,0.0
15168,1674432001000.0,0.0,0.0,0.4,2.5887396298867396,0.0,0.0,2.598,1.0,1.0,1648.66285548189,1050.0,1648.6665596299351,1050.0,0.0006280822355593312,0.0
15169,1674435601000.0,0.0,0.0,0.9,2.6275701005204084,0.0,0.0,2.594,1.0,1.0,1648.6876558504036,1050.0,1648.6574427599353,1050.0,0.0014343608882354262,0.0
15170,1674439201000.0,0.0,0.0,0.9,2.6275701005204084,0.0,0.0,2.614,1.0,1.0,1648.6876558504036,1050.0,1648.6754427599353,1050.0,0.0014343608882354262,0.0
15171,1674442801000.0,0.0,0.0,0.9,2.6275701005204084,0.0,0.0,2.623,1.0,1.0,1648.6876558504036,1050.0,1648.6835427599353,1050.0,0.0014343608882354262,0.0
15172,1674446401000.0,0.0,0.0,0.9,2.6275701005204084,0.0,0.0,2.587,1.0,1.0,1648.6876558504036,1050.0,1648.6511427599353,1050.0,0.0014343608882354262,0.0
15173,1674450001000.0,0.0,0.0,0.9,2.6275701005204084,0.0,0.0,2.602,1.0,1.0,1648.6876558504036,1050.0,1648.6646427599353,1050.0,0.0014343608882354262,0.0
15174,1674453601000.0,0.0,0.0,0.9,2.6275701005204084,0.0,0.0,2.595,1.0,1.0,1648.6876558504036,1050.0,1648.6583427599353,1050.0,0.0014343608882354262,0.0
15175,1674457201000.0,0.0,0.0,0.9,2.6275701005204084,0.0,0.0,2.592,1.0,1.0,1648.6876558504036,1050.0,1648.6556427599353,1050.0,0.0014343608882354262,0.0
15176,1674460801000.0,0.0,0.0,2.1,2.5912443287944606,0.0,0.0,2.576,1.0,1.0,1648.6873481704035,1050.0,1648.6553350799352,1050.0,0.0033005730871332787,0.0
15177,1674464401000.0,0.0,0.0,2.1,2.5912443287944606,0.0,0.0,2.581,1.0,1.0,1648.6873481704035,1050.0,1648.6658350799353,1050.0,0.0033005730871332787,0.0
15178,1674468001000.0,0.0,0.0,2.1,2.5912443287944606,0.0,0.0,2.576,1.0,1.0,1648.6873481704035,1050.0,1648.6553350799352,1050.0,0.0033005730871332787,0.0
15179,1674471601000.0,0.0,0.0,1.7,2.5912443287944606,0.0,0.0,2.595,1.0,1.0,1648.694346078886,1050.0,1648.7007307199353,1050.0,0.0026718811582191293,0.0
15180,1674475201000.0,0.0,0.0,1.5,2.5912443287944606,0.0,0.0,2.601,1.0,1.0,1648.6978450331271,1050.0,1648.7124785399355,1050.0,0.00235753719512722,0.0
15181,1674478801000.0,0.0,0.0,1.5,2.5912443287944606,0.0,0.0,2.583,1.0,1.0,1648.6978450331271,1050.0,1648.6854785399355,1050.0,0.00235753719512722,0.0
15182,1674482401000.0,0.0,0.0,3.5,2.5551047123404826,0.0,0.0,2.549,1.0,1.0,1648.6973394331271,1050.0,1648.6759729399355,1050.0,0.005424201446377369,0.0
15183,1674486001000.0,0.0,0.0,0.5,2.56826282740429,0.0,0.0,2.544,1.0,1.0,1648.7925253536382,1050.0,1648.7803939399362,1050.0,0.0007788314138716273,0.0
15184,1674489601000.0,0.0,0.0,0.5,2.56826282740429,0.0,0.0,2.54,1.0,1.0,1648.7925253536382,1050.0,1648.778393939936,1050.0,0.0007788314138716273,0.0
15185,1674493201000.0,0.0,0.0,0.5,2.56826282740429,0.0,0.0,2.546,1.0,1.0,1648.7925253536382,1050.0,1648.7813939399362,1050.0,0.0007788314138716273,0.0
15186,1674496801000.0,0.0,0.0,0.5,2.56826282740429,0.0,0.0,2.538,1.0,1.0,1648.7925253536382,1050.0,1648.777393939936,1050.0,0.0007788314138716273,0.0
15187,1674500401000.0,0.0,0.0,0.5,2.56826282740429,0.0,0.0,2.532,1.0,1.0,1648.7925253536382,1050.0,1648.774393939936,1050.0,0.0007788314138716273,0.0
15188,1674504001000.0,0.0,0.0,0.5,2.56826282740429,0.0,0.0,2.539,1.0,1.0,1648.7925253536382,1050.0,1648.7778939399361,1050.0,0.0007788314138716273,0.0
15189,1674507601000.0,0.0,0.0,0.5,2.56826282740429,0.0,0.0,2.553,1.0,1.0,1648.7925253536382,1050.0,1648.784893939936,1050.0,0.0007788314138716273,0.0
15190,1674511201000.0,0.0,0.0,0.5,2.56826282740429,0.0,0.0,2.56,1.0,1.0,1648.7925253536382,1050.0,1648.788393939936,1050.0,0.0007788314138716273,0.0
15191,1674514801000.0,0.0,0.0,0.5,2.56826282740429,0.0,0.0,2.564,1.0,1.0,1648.7925253536382,1050.0,1648.7903939399362,1050.0,0.0007788314138716273,0.0
15192,1674518401000.0,0.0,0.0,0.5,2.56826282740429,0.0,0.0,2.571,1.0,1.0,1648.7925253536382,1050.0,1648.793893939936,1050.0,0.0007788314138716273,0.0
15193,1674522001000.0,0.0,0.0,0.5,2.56826282740429,0.0,0.0,2.572,1.0,1.0,1648.7925253536382,1050.0,1648.794393939936,1050.0,0.0007788314138716273,0.0
15194,1674525601000.0,0.0,0.0,0.4,2.5949245780394943,0.0,0.0,2.607,1.0,1.0,1648.806074301152,1050.0,1648.810904469936,1050.0,0.0006295281460894315,0.0
15195,1674529201000.0,0.0,0.0,0.4,2.6133589485203084,0.0,0.0,2.59,1.0,1.0,1648.8128384693441,1050.0,1648.803494889936,1050.0,0.0006339977194613282,0.0
15196,1674532801000.0,0.0,0.0,0.4,2.6133589485203084,0.0,0.0,2.596,1.0,1.0,1648.8128384693441,1050.0,1648.805894889936,1050.0,0.0006339977194613282,0.0
15197,1674536401000.0,0.0,0.0,0.4,2.6133589485203084,0.0,0.0,2.575,1.0,1.0,1648.8128384693441,1050.0,1648.797494889936,1050.0,0.0006339977194613282,0.0
15198,1674540001000.0,0.0,0.0,0.4,2.6133589485203084,0.0,0.0,2.574,1.0,1.0,1648.8128384693441,1050.0,1648.797094889936,1050.0,0.0006339977194613282,0.0
15199,1674543601000.0,0.0,0.0,0.4,2.6133589485203084,0.0,0.0,2.575,1.0,1.0,1648.8128384693441,1050.0,1648.797494889936,1050.0,0.0006339977194613282,0.0
15200,1674547201000.0,0.0,0.0,0.4,2.6133589485203084,0.0,0.0,2.574,1.0,1.0,1648.8128384693441,1050.0,1648.797094889936,1050.0,0.0006339977194613282,0.0
15201,1674550801000.0,0.0,0.0,0.4,2.6133589485203084,0.0,0.0,2.587,1.0,1.0,1648.8128384693441,1050.0,1648.802294889936,1050.0,0.0006339977194613282,0.0
15202,1674554401000.0,0.0,0.0,0.4,2.6133589485203084,0.0,0.0,2.553,1.0,1.0,1648.8128384693441,1050.0,1648.788694889936,1050.0,0.0006339977194613282,0.0
15203,1674558001000.0,0.0,0.0,0.9,2.5781595326756928,0.0,0.0,2.549,1.0,1.0,1648.8127109693442,1050.0,1648.786467389936,1050.0,0.001407281472280732,0.0
15204,1674561601000.0,0.0,0.0,0.9,2.5781595326756928,0.0,0.0,2.538,1.0,1.0,1648.8127109693442,1050.0,1648.776567389936,1050.0,0.001407281472280732,0.0
15205,1674565201000.0,0.0,0.0,0.9,2.5781595326756928,0.0,0.0,2.554,1.0,1.0,1648.8127109693442,1050.0,1648.790967389936,1050.0,0.001407281472280732,0.0
15206,1674568801000.0,0.0,0.0,0.9,2.5781595326756928,0.0,0.0,2.54,1.0,1.0,1648.8127109693442,1050.0,1648.778367389936,1050.0,0.001407281472280732,0.0
15207,1674572401000.0,0.0,0.0,0.9,2.5781595326756928,0.0,0.0,2.546,1.0,1.0,1648.8127109693442,1050.0,1648.783767389936,1050.0,0.001407281472280732,0.0
15208,1674576001000.0,0.0,0.0,0.9,2.5781595326756928,0.0,0.0,2.554,1.0,1.0,1648.8127109693442,1050.0,1648.790967389936,1050.0,0.001407281472280732,0.0
15209,1674579601000.0,0.0,0.0,0.9,2.5781595326756928,0.0,0.0,2.536,1.0,1.0,1648.8127109693442,1050.0,1648.774767389936,1050.0,0.001407281472280732,0.0
15210,1674583201000.0,0.0,0.0,4.9,2.5068456284506375,0.0,0.0,2.491,1.0,1.0,1648.8117146493441,1050.0,1648.734071069936,1050.0,0.0074499371094173044,0.0
15211,1674586801000.0,0.0,0.0,4.9,2.5068456284506375,0.0,0.0,2.485,1.0,1.0,1648.8117146493441,1050.0,1648.704671069936,1050.0,0.0074499371094173044,0.0
15212,1674590401000.0,0.0,0.0,4.9,2.5068456284506375,0.0,0.0,2.483,1.0,1.0,1648.8117146493441,1050.0,1648.694871069936,1050.0,0.0074499371094173044,0.0
15213,1674594001000.0,0.0,0.0,11.4,2.471012594684923,0.0,0.0,2.449,1.0,1.0,1648.810126049344,1050.0,1648.5591824699359,1050.0,0.01708477109302099,0.0
15214,1674597601000.0,0.0,0.0,26.6,2.433291112007824,0.0,0.0,2.409,1.0,1.0,1648.806470449344,1050.0,1648.160326869936,1050.0,0.03925599804431182,0.0
15215,1674601201000.0,0.0,0.0,17.8,2.325066401781258,0.0,0.0,2.355,1.0,1.0,1653.3586080616424,1050.0,1653.891426109936,1050.0,0.025031582228991784,0.0
15216,1674604801000.0,0.0,0.0,1.2,2.325066401781258,0.0,0.0,2.332,1.0,1.0,1653.788902762074,1050.0,1653.7972230799364,1050.0,0.0016870833257362295,0.0
15217,1674608401000.0,0.0,0.0,0.5,2.345222342784752,0.0,0.0,2.337,1.0,1.0,1653.8090886013297,1050.0,1653.8049774299373,1050.0,0.0007090365988882576,0.0
15218,1674612001000.0,0.0,0.0,1.2,2.3124259761603136,0.0,0.0,2.306,1.0,1.0,1653.8089283713298,1050.0,1653.8012171999374,1050.0,0.0016778910331105223,0.0
15219,1674615601000.0,0.0,0.0,1.2,2.3124259761603136,0.0,0.0,2.309,1.0,1.0,1653.8089283713298,1050.0,1653.8048171999374,1050.0,0.0016778910331105223,0.0
15220,1674619201000.0,0.0,0.0,1.2,2.3124259761603136,0.0,0.0,2.324,1.0,1.0,1653.8089283713298,1050.0,1653.8228171999374,1050.0,0.0016778910331105223,0.0
15221,1674622801000.0,0.0,0.0,1.2,2.3124259761603136,0.0,0.0,2.318,1.0,1.0,1653.8089283713298,1050.0,1653.8156171999374,1050.0,0.0016778910331105223,0.0
15222,1674626401000.0,0.0,0.0,0.4,2.3124259761603136,0.0,0.0,2.328,1.0,1.0,1653.8212013504008,1050.0,1653.8274309599367,1050.0,0.0005592928605032128,0.0
15223,1674630001000.0,0.0,0.0,0.5,2.3398504065103767,0.0,0.0,2.349,1.0,1.0,1653.831805163192,1050.0,1653.836379959937,1050.0,0.0007074027719159421,0.0
15224,1674633601000.0,0.0,0.0,0.5,2.3467102439062257,0.0,0.0,2.352,1.0,1.0,1653.8349408218896,1050.0,1653.8375856999364,1050.0,0.0007094753490756474,0.0
15225,1674637201000.0,0.0,0.0,0.5,2.3536261463437356,0.0,0.0,2.333,1.0,1.0,1653.8381042331082,1050.0,1653.8277911599364,1050.0,0.0007115648564147462,0.0
15226,1674640801000.0,0.0,0.0,0.5,2.3536261463437356,0.0,0.0,2.316,1.0,1.0,1653.8381042331082,1050.0,1653.8192911599363,1050.0,0.0007115648564147462,0.0
15227,1674644401000.0,0.0,0.0,0.5,2.3536261463437356,0.0,0.0,2.335,1.0,1.0,1653.8381042331082,1050.0,1653.8287911599364,1050.0,0.0007115648564147462,0.0
15228,1674648001000.0,0.0,0.0,0.5,2.3536261463437356,0.0,0.0,2.326,1.0,1.0,1653.8381042331082,1050.0,1653.8242911599364,1050.0,0.0007115648564147462,0.0
15229,1674651601000.0,0.0,0.0,0.5,2.360175687806241,0.0,0.0,2.372,1.0,1.0,1653.8410842238395,1050.0,1653.8469963799364,1050.0,0.0007135436742744512,0.0
15230,1674655201000.0,0.0,0.0,0.5,2.387587569139689,0.0,0.0,2.36,1.0,1.0,1653.8536082445057,1050.0,1653.839814459936,1050.0,0.0007218255464805045,0.0
15231,1674658801000.0,0.0,0.0,0.7,2.3539948204748704,0.0,0.0,2.343,1.0,1.0,1653.8613292342686,1050.0,1653.8536328599362,1050.0,0.0009963328516153966,0.0
15232,1674662401000.0,0.0,0.0,0.5,2.435673331493417,0.0,0.0,2.385,1.0,1.0,1653.8971882056826,1050.0,1653.871851539936,1050.0,0.0007363436339522064,0.0
15233,1674666001000.0,0.0,0.0,0.5,2.44956239933763,0.0,0.0,2.461,1.0,1.0,1653.9035362596046,1050.0,1653.9092550599357,1050.0,0.0007405396825250922,0.0
15234,1674669601000.0,0.0,0.0,0.4,2.44956239933763,0.0,0.0,2.438,1.0,1.0,1653.9051553596707,1050.0,1653.9005303999356,1050.0,0.0005924311660555722,0.0
15235,1674673201000.0,0.0,0.0,0.4,2.44956239933763,0.0,0.0,2.44,1.0,1.0,1653.9051553596707,1050.0,1653.9013303999357,1050.0,0.0005924311660555722,0.0
15236,1674676801000.0,0.0,0.0,0.4,2.44956239933763,0.0,0.0,2.452,1.0,1.0,1653.9051553596707,1050.0,1653.9061303999356,1050.0,0.0005924311660555722,0.0
15237,1674680401000.0,0.0,0.0,0.5,2.463522463761547,0.0,0.0,2.466,1.0,1.0,1653.9099186918165,1050.0,1653.9111574599358,1050.0,0.000744757146661925,0.0
15238,1674684001000.0,0.0,0.0,0.5,2.5118421245213987,0.0,0.0,2.522,1.0,1.0,1653.9290276921965,1050.0,1653.9341066299357,1050.0,0.0007593560795127612,0.0
15239,1674687601000.0,0.0,0.0,1.2,2.5084291245402595,0.0,0.0,2.472,1.0,1.0,1653.941342179384,1050.0,1653.8976272299358,1050.0,0.0018199647549059443,0.0
15240,1674691201000.0,0.0,0.0,1.2,2.5084291245402595,0.0,0.0,2.471,1.0,1.0,1653.941342179384,1050.0,1653.8964272299356,1050.0,0.0018199647549059443,0.0
15241,1674694801000.0,0.0,0.0,1.2,2.5084291245402595,0.0,0.0,2.483,1.0,1.0,1653.941342179384,1050.0,1653.9108272299356,1050.0,0.0018199647549059443,0.0
15242,1674698401000.0,0.0,0.0,1.2,2.5084291245402595,0.0,0.0,2.465,1.0,1.0,1653.941342179384,1050.0,1653.8892272299356,1050.0,0.0018199647549059443,0.0
15243,1674702001000.0,0.0,0.0,1.2,2.5084291245402595,0.0,0.0,2.458,1.0,1.0,1653.941342179384,1050.0,1653.8808272299357,1050.0,0.0018199647549059443,0.0
15244,1674705601000.0,0.0,0.0,1.2,2.5084291245402595,0.0,0.0,2.453,1.0,1.0,1653.941342179384,1050.0,1653.8748272299358,1050.0,0.0018199647549059443,0.0
15245,1674709201000.0,0.0,0.0,1.2,2.5084291245402595,0.0,0.0,2.467,1.0,1.0,1653.941342179384,1050.0,1653.8916272299357,1050.0,0.0018199647549059443,0.0
15246,1674712801000.0,0.0,0.0,1.2,2.5084291245402595,0.0,0.0,2.487,1.0,1.0,1653.941342179384,1050.0,1653.9156272299358,1050.0,0.0018199647549059443,0.0
15247,1674716401000.0,0.0,0.0,2.8,2.4733267676601116,0.0,0.0,2.481,1.0,1.0,1653.940950659384,1050.0,1653.9624357099358,1050.0,0.004187159733052964,0.0
15248,1674720001000.0,0.0,0.0,2.8,2.4733267676601116,0.0,0.0,2.465,1.0,1.0,1653.940950659384,1050.0,1653.9176357099357,1050.0,0.004187159733052964,0.0
15249,1674723601000.0,0.0,0.0,2.8,2.4733267676601116,0.0,0.0,2.461,1.0,1.0,1653.940950659384,1050.0,1653.9064357099357,1050.0,0.004187159733052964,0.0
15250,1674727201000.0,0.0,0.0,2.8,2.4733267676601116,0.0,0.0,2.447,1.0,1.0,1653.940950659384,1050.0,1653.8672357099358,1050.0,0.004187159733052964,0.0
15251,1674730801000.0,0.0,0.0,6.5,2.4384176845305094,0.0,0.0,2.431,1.0,1.0,1653.9400582193841,1050.0,1653.8918432699359,1050.0,0.009583004456952303,0.0
15252,1674734401000.0,0.0,0.0,6.5,2.4384176845305094,0.0,0.0,2.432,1.0,1.0,1653.9400582193841,1050.0,1653.8983432699358,1050.0,0.009583004456952303,0.0
15253,1674738001000.0,0.0,0.0,6.5,2.4384176845305094,0.0,0.0,2.434,1.0,1.0,1653.9400582193841,1050.0,1653.9113432699357,1050.0,0.009583004456952303,0.0
15254,1674741601000.0,0.0,0.0,2.6,2.4026917729900203,0.0,0.0,2.446,1.0,1.0,1654.23921693971,1050.0,1654.3518183299361,1050.0,0.0037763574613657157,0.0
15255,1674745201000.0,0.0,0.0,0.5,2.437568053779507,0.0,0.0,2.414,1.0,1.0,1654.3388990368255,1050.0,1654.3271150099358,1050.0,0.000736719681559409,0.0
15256,1674748801000.0,0.0,0.0,0.5,2.437568053779507,0.0,0.0,2.388,1.0,1.0,1654.3388990368255,1050.0,1654.3141150099357,1050.0,0.000736719681559409,0.0
15257,1674752401000.0,0.0,0.0,1.2,2.403403355741461,0.0,0.0,2.372,1.0,1.0,1654.3387325068256,1050.0,1654.3010484799358,1050.0,0.0017433455254471917,0.0
15258,1674756001000.0,0.0,0.0,1.2,2.403403355741461,0.0,0.0,2.376,1.0,1.0,1654.3387325068256,1050.0,1654.3058484799358,1050.0,0.0017433455254471917,0.0
15259,1674759601000.0,0.0,0.0,1.2,2.403403355741461,0.0,0.0,2.38,1.0,1.0,1654.3387325068256,1050.0,1654.310648479936,1050.0,0.0017433455254471917,0.0
15260,1674763201000.0,0.0,0.0,1.2,2.403403355741461,0.0,0.0,2.381,1.0,1.0,1654.3387325068256,1050.0,1654.3118484799359,1050.0,0.0017433455254471917,0.0
15261,1674766801000.0,0.0,0.0,1.2,2.403403355741461,0.0,0.0,2.404,1.0,1.0,1654.3387325068256,1050.0,1654.339448479936,1050.0,0.0017433455254471917,0.0
15262,1674770401000.0,0.0,0.0,1.2,2.403403355741461,0.0,0.0,2.403,1.0,1.0,1654.3387325068256,1050.0,1654.3382484799358,1050.0,0.0017433455254471917,0.0
15263,1674774001000.0,0.0,0.0,1.2,2.403403355741461,0.0,0.0,2.403,1.0,1.0,1654.3387325068256,1050.0,1654.3382484799358,1050.0,0.0017433455254471917,0.0
15264,1674777601000.0,0.0,0.0,1.2,2.403403355741461,0.0,0.0,2.41,1.0,1.0,1654.3387325068256,1050.0,1654.346648479936,1050.0,0.0017433455254471917,0.0
15265,1674781201000.0,0.0,0.0,0.5,2.403403355741461,0.0,0.0,2.375,1.0,1.0,1654.3501807578064,1050.0,1654.3359790799357,1050.0,0.0007263889422251995,0.0
15266,1674784801000.0,0.0,0.0,1.2,2.3693347315589426,0.0,0.0,2.336,1.0,1.0,1654.3500166078063,1050.0,1654.3100149299355,1050.0,0.0017186216032448976,0.0
15267,1674788401000.0,0.0,0.0,1.2,2.3693347315589426,0.0,0.0,2.361,1.0,1.0,1654.3500166078063,1050.0,1654.3400149299355,1050.0,0.0017186216032448976,0.0
15268,1674792001000.0,0.0,0.0,1.2,2.3693347315589426,0.0,0.0,2.361,1.0,1.0,1654.3500166078063,1050.0,1654.3400149299355,1050.0,0.0017186216032448976,0.0
15269,1674795601000.0,0.0,0.0,1.2,2.3693347315589426,0.0,0.0,2.35,1.0,1.0,1654.3500166078063,1050.0,1654.3268149299356,1050.0,0.0017186216032448976,0.0
15270,1674799201000.0,0.0,0.0,1.2,2.3693347315589426,0.0,0.0,2.379,1.0,1.0,1654.3500166078063,1050.0,1654.3616149299355,1050.0,0.0017186216032448976,0.0
15271,1674802801000.0,0.0,0.0,0.8,2.3693347315589426,0.0,0.0,2.391,1.0,1.0,1654.3561873151828,1050.0,1654.3735195299355,1050.0,0.0011457434618860802,0.0
15272,1674806401000.0,0.0,0.0,0.5,2.4157780287260233,0.0,0.0,2.429,1.0,1.0,1654.3852541442989,1050.0,1654.391865129936,1050.0,0.0007301135036940175,0.0
15273,1674810001000.0,0.0,0.0,0.4,2.4230668172356142,0.0,0.0,2.431,1.0,1.0,1654.3899701468301,1050.0,1654.393143419936,1050.0,0.0005858514282507558,0.0
15274,1674813601000.0,0.0,0.0,0.5,2.4302400903413686,0.0,0.0,2.433,1.0,1.0,1654.3914902551066,1050.0,1654.392870209936,1050.0,0.0007344815615458184,0.0
15275,1674817201000.0,0.0,0.0,0.5,2.4302400903413686,0.0,0.0,2.433,1.0,1.0,1654.3914902551066,1050.0,1654.392870209936,1050.0,0.0007344815615458184,0.0
15276,1674820801000.0,0.0,0.0,2.1,2.551,0.0,0.0,2.512,1.0,1.0,1654.4368127799366,1050.0,1654.3549127799367,1050.0,0.0032380203091579604,0.0
15277,1674824401000.0,0.0,0.0,4.9,2.5149999999999997,0.0,0.0,2.499,1.0,1.0,1654.4361161399368,1050.0,1654.3577161399367,1050.0,0.007448761472127851,0.0
15278,1674828001000.0,0.0,0.0,4.9,2.5149999999999997,0.0,0.0,2.502,1.0,1.0,1654.4361161399368,1050.0,1654.3724161399368,1050.0,0.007448761472127851,0.0
15279,1674831601000.0,0.0,0.0,4.9,2.5149999999999997,0.0,0.0,2.505,1.0,1.0,1654.4361161399368,1050.0,1654.3871161399368,1050.0,0.007448761472127851,0.0
15280,1674835201000.0,0.0,0.0,1.0,2.5149999999999997,0.0,0.0,2.502,1.0,1.0,1654.5483239699365,1050.0,1654.5353239699366,1050.0,0.0015200523088775603,0.0
15281,1674838801000.0,0.0,0.0,0.9,2.5149999999999997,0.0,0.0,2.534,1.0,1.0,1654.5499986499365,1050.0,1654.5670986499365,1050.0,0.0013680456932984486,0.0
15282,1674842401000.0,0.0,0.0,0.5,2.53508,0.0,0.0,2.533,1.0,1.0,1654.571733129936,1050.0,1654.570693129936,1050.0,0.0007660834369521155,0.0
15283,1674846001000.0,0.0,0.0,0.5,2.5497487999999997,0.0,0.0,2.556,1.0,1.0,1654.5782630299361,1050.0,1654.581388629936,1050.0,0.0007705132047760582,0.0
15284,1674849601000.0,0.0,0.0,0.5,2.5497487999999997,0.0,0.0,2.55,1.0,1.0,1654.5782630299361,1050.0,1654.5783886299362,1050.0,0.0007705132047760582,0.0
15285,1674853201000.0,0.0,0.0,0.5,2.5497487999999997,0.0,0.0,2.536,1.0,1.0,1654.5782630299361,1050.0,1654.571388629936,1050.0,0.0007705132047760582,0.0
15286,1674856801000.0,0.0,0.0,0.5,2.55704928,0.0,0.0,2.554,1.0,1.0,1654.581610569936,1050.0,1654.5800859299359,1050.0,0.0007727177866793772,0.0
15287,1674860401000.0,0.0,0.0,0.5,2.55704928,0.0,0.0,2.531,1.0,1.0,1654.581610569936,1050.0,1654.568585929936,1050.0,0.0007727177866793772,0.0
15288,1674864001000.0,0.0,0.0,0.5,2.55704928,0.0,0.0,2.544,1.0,1.0,1654.581610569936,1050.0,1654.575085929936,1050.0,0.0007727177866793772,0.0
15289,1674867601000.0,0.0,0.0,0.5,2.55704928,0.0,0.0,2.57,1.0,1.0,1654.581610569936,1050.0,1654.588085929936,1050.0,0.0007727177866793772,0.0
15290,1674871201000.0,0.0,0.0,0.4,2.55704928,0.0,0.0,2.531,1.0,1.0,1654.583279901936,1050.0,1654.5728601899361,1050.0,0.0006181736056589552,0.0
15291,1674874801000.0,0.0,0.0,0.9,2.5225774577777784,0.0,0.0,2.494,1.0,1.0,1654.5831551519361,1050.0,1654.5574354399362,1050.0,0.0013721399888127852,0.0
15292,1674878401000.0,0.0,0.0,0.9,2.5225774577777784,0.0,0.0,2.504,1.0,1.0,1654.5831551519361,1050.0,1654.5664354399362,1050.0,0.0013721399888127852,0.0
15293,1674882001000.0,0.0,0.0,0.9,2.5225774577777784,0.0,0.0,2.516,1.0,1.0,1654.5831551519361,1050.0,1654.5772354399362,1050.0,0.0013721399888127852,0.0
15294,1674885601000.0,0.0,0.0,0.9,2.5225774577777784,0.0,0.0,2.51,1.0,1.0,1654.5831551519361,1050.0,1654.5718354399362,1050.0,0.0013721399888127852,0.0
15295,1674889201000.0,0.0,0.0,0.9,2.5225774577777784,0.0,0.0,2.506,1.0,1.0,1654.5831551519361,1050.0,1654.5682354399362,1050.0,0.0013721399888127852,0.0
15296,1674892801000.0,0.0,0.0,0.9,2.5225774577777784,0.0,0.0,2.477,1.0,1.0,1654.5831551519361,1050.0,1654.5421354399361,1050.0,0.0013721399888127852,0.0
15297,1674896401000.0,0.0,0.0,0.9,2.5225774577777784,0.0,0.0,2.465,1.0,1.0,1654.5831551519361,1050.0,1654.5313354399361,1050.0,0.0013721399888127852,0.0
15298,1674900001000.0,0.0,0.0,2.1,2.487390339047619,0.0,0.0,2.469,1.0,1.0,1654.582859831936,1050.0,1654.5442401199361,1050.0,0.003157000981220474,0.0
15299,1674903601000.0,0.0,0.0,2.1,2.487390339047619,0.0,0.0,2.455,1.0,1.0,1654.582859831936,1050.0,1654.514840119936,1050.0,0.003157000981220474,0.0
15300,1674907201000.0,0.0,0.0,2.1,2.487390339047619,0.0,0.0,2.466,1.0,1.0,1654.582859831936,1050.0,1654.5379401199361,1050.0,0.003157000981220474,0.0
15301,1674910801000.0,0.0,0.0,2.1,2.487390339047619,0.0,0.0,2.447,1.0,1.0,1654.582859831936,1050.0,1654.4980401199361,1050.0,0.003157000981220474,0.0
15302,1674914401000.0,0.0,0.0,4.9,2.4523101453061225,0.0,0.0,2.442,1.0,1.0,1654.582180551936,1050.0,1654.531660839936,1050.0,0.0072624496100831895,0.0
15303,1674918001000.0,0.0,0.0,4.9,2.4523101453061225,0.0,0.0,2.427,1.0,1.0,1654.582180551936,1050.0,1654.458160839936,1050.0,0.0072624496100831895,0.0
15304,1674921601000.0,0.0,0.0,4.9,2.4523101453061225,0.0,0.0,2.45,1.0,1.0,1654.582180551936,1050.0,1654.5708608399361,1050.0,0.0072624496100831895,0.0
15305,1674925201000.0,0.0,0.0,1.4,2.4523101453061225,0.0,0.0,2.465,1.0,1.0,1654.6397308933645,1050.0,1654.657496689936,1050.0,0.002074913432409191,0.0
15306,1674928801000.0,0.0,0.0,1.4,2.4523101453061225,0.0,0.0,2.457,1.0,1.0,1654.6397308933645,1050.0,1654.646296689936,1050.0,0.002074913432409191,0.0
15307,1674932401000.0,0.0,0.0,1.4,2.4523101453061225,0.0,0.0,2.431,1.0,1.0,1654.6397308933645,1050.0,1654.6098966899358,1050.0,0.002074913432409191,0.0
15308,1674936001000.0,0.0,0.0,1.4,2.4523101453061225,0.0,0.0,2.448,1.0,1.0,1654.6397308933645,1050.0,1654.633696689936,1050.0,0.002074913432409191,0.0
15309,1674939601000.0,0.0,0.0,1.4,2.4523101453061225,0.0,0.0,2.441,1.0,1.0,1654.6397308933645,1050.0,1654.623896689936,1050.0,0.002074913432409191,0.0
15310,1674943201000.0,0.0,0.0,1.2,2.4523101453061225,0.0,0.0,2.463,1.0,1.0,1654.6430194843035,1050.0,1654.6558473099362,1050.0,0.0017784936930290316,0.0
15311,1674946801000.0,0.0,0.0,1.2,2.4523101453061225,0.0,0.0,2.436,1.0,1.0,1654.6430194843035,1050.0,1654.6234473099362,1050.0,0.0017784936930290316,0.0
15312,1674950401000.0,0.0,0.0,1.2,2.4523101453061225,0.0,0.0,2.449,1.0,1.0,1654.6430194843035,1050.0,1654.6390473099361,1050.0,0.0017784936930290316,0.0
15313,1674954001000.0,0.0,0.0,0.5,2.4523101453061225,0.0,0.0,2.462,1.0,1.0,1654.6545295525902,1050.0,1654.6593744799372,1050.0,0.0007410338839640484,0.0
15314,1674957601000.0,0.0,0.0,0.5,2.4944911421394025,0.0,0.0,2.489,1.0,1.0,1654.673823171007,1050.0,1654.6710775999372,1050.0,0.0007537712590868739,0.0
15315,1674961201000.0,0.0,0.0,0.5,2.4944911421394025,0.0,0.0,2.46,1.0,1.0,1654.673823171007,1050.0,1654.6565775999372,1050.0,0.0007537712590868739,0.0
15316,1674964801000.0,0.0,0.0,0.5,2.4944911421394025,0.0,0.0,2.459,1.0,1.0,1654.673823171007,1050.0,1654.6560775999371,1050.0,0.0007537712590868739,0.0
15317,1674968401000.0,0.0,0.0,0.5,2.4944911421394025,0.0,0.0,2.465,1.0,1.0,1654.673823171007,1050.0,1654.6590775999373,1050.0,0.0007537712590868739,0.0
15318,1674972001000.0,0.0,0.0,0.5,2.4944911421394025,0.0,0.0,2.47,1.0,1.0,1654.673823171007,1050.0,1654.6615775999371,1050.0,0.0007537712590868739,0.0
15319,1674975601000.0,0.0,0.0,0.5,2.4944911421394025,0.0,0.0,2.468,1.0,1.0,1654.673823171007,1050.0,1654.6605775999371,1050.0,0.0007537712590868739,0.0
15320,1674979201000.0,0.0,0.0,0.5,2.4944911421394025,0.0,0.0,2.449,1.0,1.0,1654.673823171007,1050.0,1654.6510775999373,1050.0,0.0007537712590868739,0.0
15321,1674982801000.0,0.0,0.0,0.5,2.4944911421394025,0.0,0.0,2.442,1.0,1.0,1654.673823171007,1050.0,1654.6475775999372,1050.0,0.0007537712590868739,0.0
15322,1674986401000.0,0.0,0.0,0.5,2.4944911421394025,0.0,0.0,2.455,1.0,1.0,1654.673823171007,1050.0,1654.6540775999372,1050.0,0.0007537712590868739,0.0
15323,1674990001000.0,0.0,0.0,0.5,2.4944911421394025,0.0,0.0,2.457,1.0,1.0,1654.673823171007,1050.0,1654.6550775999372,1050.0,0.0007537712590868739,0.0
15324,1674993601000.0,0.0,0.0,1.2,2.4592046425580847,0.0,0.0,2.46,1.0,1.0,1654.6736527910068,1050.0,1654.6746072199371,1050.0,0.0017834607846036893,0.0
15325,1674997201000.0,0.0,0.0,1.2,2.4592046425580847,0.0,0.0,2.448,1.0,1.0,1654.6736527910068,1050.0,1654.660207219937,1050.0,0.0017834607846036893,0.0
15326,1675000801000.0,0.0,0.0,1.2,2.4592046425580847,0.0,0.0,2.447,1.0,1.0,1654.6736527910068,1050.0,1654.6590072199372,1050.0,0.0017834607846036893,0.0
15327,1675004401000.0,0.0,0.0,1.2,2.4592046425580847,0.0,0.0,2.453,1.0,1.0,1654.6736527910068,1050.0,1654.6662072199372,1050.0,0.0017834607846036893,0.0
15328,1675008001000.0,0.0,0.0,1.2,2.4592046425580847,0.0,0.0,2.448,1.0,1.0,1654.6736527910068,1050.0,1654.660207219937,1050.0,0.0017834607846036893,0.0
15329,1675011601000.0,0.0,0.0,1.2,2.4592046425580847,0.0,0.0,2.448,1.0,1.0,1654.6736527910068,1050.0,1654.660207219937,1050.0,0.0017834607846036893,0.0
15330,1675015201000.0,0.0,0.0,1.2,2.4592046425580847,0.0,0.0,2.449,1.0,1.0,1654.6736527910068,1050.0,1654.661407219937,1050.0,0.0017834607846036893,0.0
15331,1675018801000.0,0.0,0.0,1.2,2.4592046425580847,0.0,0.0,2.445,1.0,1.0,1654.6736527910068,1050.0,1654.656607219937,1050.0,0.0017834607846036893,0.0
15332,1675022401000.0,0.0,0.0,0.5,2.466322785534851,0.0,0.0,2.473,1.0,1.0,1654.6884962327038,1050.0,1654.6918348399363,1050.0,0.0007452528953788062,0.0
15333,1675026001000.0,0.0,0.0,0.5,2.466322785534851,0.0,0.0,2.45,1.0,1.0,1654.6884962327038,1050.0,1654.6803348399362,1050.0,0.0007452528953788062,0.0
15334,1675029601000.0,0.0,0.0,0.5,2.466322785534851,0.0,0.0,2.467,1.0,1.0,1654.6884962327038,1050.0,1654.6888348399364,1050.0,0.0007452528953788062,0.0
15335,1675033201000.0,0.0,0.0,0.5,2.466322785534851,0.0,0.0,2.473,1.0,1.0,1654.6884962327038,1050.0,1654.6918348399363,1050.0,0.0007452528953788062,0.0
15336,1675036801000.0,0.0,0.0,0.5,2.4804362027925464,0.0,0.0,2.486,1.0,1.0,1654.6949539813324,1050.0,1654.697735879936,1050.0,0.0007495146452294462,0.0
15337,1675040401000.0,0.0,0.0,0.5,2.4944770330053165,0.0,0.0,2.505,1.0,1.0,1654.7013743164387,1050.0,1654.706635799936,1050.0,0.0007537544452804335,0.0
15338,1675044001000.0,0.0,0.0,0.5,2.4944770330053165,0.0,0.0,2.467,1.0,1.0,1654.7013743164387,1050.0,1654.687635799936,1050.0,0.0007537544452804335,0.0
15339,1675047601000.0,0.0,0.0,1.2,2.4591987637522155,0.0,0.0,2.451,1.0,1.0,1654.7012039364386,1050.0,1654.691365419936,1050.0,0.0017834268262344334,0.0
15340,1675051201000.0,0.0,0.0,1.2,2.4591987637522155,0.0,0.0,2.474,1.0,1.0,1654.7012039364386,1050.0,1654.718965419936,1050.0,0.0017834268262344334,0.0
15341,1675054801000.0,0.0,0.0,0.4,2.466319258251329,0.0,0.0,2.467,1.0,1.0,1654.7176959132353,1050.0,1654.7179682099347,1050.0,0.0005961909428641658,0.0
15342,1675058401000.0,0.0,0.0,0.4,2.466319258251329,0.0,0.0,2.458,1.0,1.0,1654.7176959132353,1050.0,1654.7143682099347,1050.0,0.0005961909428641658,0.0
15343,1675062001000.0,0.0,0.0,0.4,2.466319258251329,0.0,0.0,2.446,1.0,1.0,1654.7176959132353,1050.0,1654.7095682099348,1050.0,0.0005961909428641658,0.0
15344,1675065601000.0,0.0,0.0,0.4,2.466319258251329,0.0,0.0,2.448,1.0,1.0,1654.7176959132353,1050.0,1654.7103682099348,1050.0,0.0005961909428641658,0.0
15345,1675069201000.0,0.0,0.0,0.4,2.466319258251329,0.0,0.0,2.429,1.0,1.0,1654.7176959132353,1050.0,1654.7027682099347,1050.0,0.0005961909428641658,0.0
15346,1675072801000.0,0.0,0.0,11.4,2.3318094476579416,0.0,0.0,2.312,1.0,1.0,1654.7151363032353,1050.0,1654.4893085999347,1050.0,0.016064775815545045,0.0
15347,1675076401000.0,0.0,0.0,11.4,2.3318094476579416,0.0,0.0,2.314,1.0,1.0,1654.7151363032353,1050.0,1654.512108599935,1050.0,0.016064775815545045,0.0
15348,1675080001000.0,0.0,0.0,11.4,2.3318094476579416,0.0,0.0,2.296,1.0,1.0,1654.7151363032353,1050.0,1654.3069085999348,1050.0,0.016064775815545045,0.0
15349,1675083601000.0,0.0,0.0,11.4,2.3318094476579416,0.0,0.0,2.288,1.0,1.0,1654.7151363032353,1050.0,1654.2157085999347,1050.0,0.016064775815545045,0.0
15350,1675087201000.0,0.0,0.0,11.4,2.3318094476579416,0.0,0.0,2.286,1.0,1.0,1654.7151363032353,1050.0,1654.1929085999348,1050.0,0.016064775815545045,0.0
15351,1675090801000.0,0.0,0.0,11.4,2.3318094476579416,0.0,0.0,2.324,1.0,1.0,1654.7151363032353,1050.0,1654.6261085999347,1050.0,0.016064775815545045,0.0
15352,1675094401000.0,0.0,0.0,26.6,2.2964897632819747,0.0,0.0,2.297,1.0,1.0,1654.7116859032353,1050.0,1654.7252581999348,1050.0,0.03691678026069901,0.0
15353,1675098001000.0,0.0,0.0,23.3,2.2964897632819747,0.0,0.0,2.299,1.0,1.0,1654.762106724405,1050.0,1654.8205952399348,1050.0,0.032335893641164716,0.0
15354,1675101601000.0,0.0,0.0,7.9,2.2964897632819747,0.0,0.0,2.289,1.0,1.0,1655.0621974098624,1050.0,1655.0030282799348,1050.0,0.010961684194297877,0.0
15355,1675105201000.0,0.0,0.0,7.9,2.2964897632819747,0.0,0.0,2.279,1.0,1.0,1655.0621974098624,1050.0,1654.9240282799349,1050.0,0.010961684194297877,0.0
15356,1675108801000.0,0.0,0.0,42.9,2.226253359671972,0.0,0.0,2.221,1.0,1.0,1655.0544610098623,1050.0,1654.8290918799346,1050.0,0.0577058165636753,0.0
15357,1675112401000.0,0.0,0.0,42.9,2.226253359671972,0.0,0.0,2.205,1.0,1.0,1655.0544610098623,1050.0,1654.1426918799348,1050.0,0.0577058165636753,0.0
15358,1675116001000.0,0.0,0.0,42.9,2.226253359671972,0.0,0.0,2.207,1.0,1.0,1655.0544610098623,1050.0,1654.2284918799346,1050.0,0.0577058165636753,0.0
15359,1675119601000.0,0.0,0.0,37.6,2.226253359671972,0.0,0.0,2.25,1.0,1.0,1655.1314304736009,1050.0,1656.0243041499348,1050.0,0.050574307745285284,0.0
15360,1675123201000.0,0.0,0.0,0.5,2.26849120948191,0.0,0.0,2.286,1.0,1.0,1655.8873326646758,1050.0,1655.8960870599349,1050.0,0.0006849775237520007,0.0
15361,1675126801000.0,0.0,0.0,0.5,2.2750947256891463,0.0,0.0,2.282,1.0,1.0,1655.8903430427795,1050.0,1655.893795679935,1050.0,0.0006869702257906005,0.0
15362,1675130401000.0,0.0,0.0,0.5,2.2750947256891463,0.0,0.0,2.281,1.0,1.0,1655.8903430427795,1050.0,1655.893295679935,1050.0,0.0006869702257906005,0.0
15363,1675134001000.0,0.0,0.0,0.5,2.2814568354134876,0.0,0.0,2.283,1.0,1.0,1655.8932324776417,1050.0,1655.894004059935,1050.0,0.0006888900777738677,0.0
15364,1675137601000.0,0.0,0.0,0.5,2.2814568354134876,0.0,0.0,2.289,1.0,1.0,1655.8932324776417,1050.0,1655.897004059935,1050.0,0.0006888900777738677,0.0
15365,1675141201000.0,0.0,0.0,0.5,2.2880741012480925,0.0,0.0,2.302,1.0,1.0,1655.896249210559,1050.0,1655.903212159935,1050.0,0.0006908869146659766,0.0
15366,1675144801000.0,0.0,0.0,0.5,2.2880741012480925,0.0,0.0,2.277,1.0,1.0,1655.896249210559,1050.0,1655.890712159935,1050.0,0.0006908869146659766,0.0
15367,1675148401000.0,0.0,0.0,0.5,2.2880741012480925,0.0,0.0,2.281,1.0,1.0,1655.896249210559,1050.0,1655.892712159935,1050.0,0.0006908869146659766,0.0
15368,1675152001000.0,0.0,0.0,0.3,2.3079840058695877,0.0,0.0,2.334,1.0,1.0,1655.908483581696,1050.0,1655.916288379935,1050.0,0.0004181361522245721,0.0
15369,1675155601000.0,0.0,0.0,0.5,2.325393602347835,0.0,0.0,2.312,1.0,1.0,1655.911191711109,1050.0,1655.904494909935,1050.0,0.0007021492499078188,0.0
15370,1675159201000.0,0.0,0.0,0.5,2.325393602347835,0.0,0.0,2.314,1.0,1.0,1655.911191711109,1050.0,1655.9054949099352,1050.0,0.0007021492499078188,0.0
15371,1675162801000.0,0.0,0.0,1.2,2.2924973343115984,0.0,0.0,2.265,1.0,1.0,1655.9110328811091,1050.0,1655.878036079935,1050.0,0.0016613192052881466,0.0
15372,1675166401000.0,0.0,0.0,1.2,2.2924973343115984,0.0,0.0,2.287,1.0,1.0,1655.9110328811091,1050.0,1655.9044360799353,1050.0,0.0016613192052881466,0.0
15373,1675170001000.0,0.0,0.0,1.2,2.2924973343115984,0.0,0.0,2.279,1.0,1.0,1655.9110328811091,1050.0,1655.8948360799352,1050.0,0.0016613192052881466,0.0
15374,1675173601000.0,0.0,0.0,0.5,2.2924973343115984,0.0,0.0,2.315,1.0,1.0,1655.9217231870912,1050.0,1655.9329745199354,1050.0,0.0006922118667237826,0.0
15375,1675177201000.0,0.0,0.0,0.4,2.2924973343115984,0.0,0.0,2.299,1.0,1.0,1655.92325037366,1050.0,1655.9258514399353,1050.0,0.0005537689826613148,0.0
15376,1675180801000.0,0.0,0.0,0.5,2.3058590403521753,0.0,0.0,2.308,1.0,1.0,1655.9278190801115,1050.0,1655.9288895599354,1050.0,0.0006962438259033261,0.0
15377,1675184401000.0,0.0,0.0,0.5,2.3265935527160697,0.0,0.0,2.319,1.0,1.0,1655.9369068762933,1050.0,1655.9331100999352,1050.0,0.0007025006638401707,0.0
15378,1675188001000.0,0.0,0.0,0.5,2.339893678977785,0.0,0.0,2.348,1.0,1.0,1655.9429692594242,1050.0,1655.9470224199354,1050.0,0.0007065139689032405,0.0
15379,1675191601000.0,0.0,0.0,0.5,2.339893678977785,0.0,0.0,2.328,1.0,1.0,1655.9429692594242,1050.0,1655.9370224199354,1050.0,0.0007065139689032405,0.0
15380,1675195201000.0,0.0,0.0,0.5,2.339893678977785,0.0,0.0,2.345,1.0,1.0,1655.9429692594242,1050.0,1655.9455224199353,1050.0,0.0007065139689032405,0.0
15381,1675198801000.0,0.0,0.0,0.5,2.339893678977785,0.0,0.0,2.314,1.0,1.0,1655.9429692594242,1050.0,1655.9300224199353,1050.0,0.0007065139689032405,0.0
15382,1675202401000.0,0.0,0.0,1.2,2.306705699574077,0.0,0.0,2.278,1.0,1.0,1655.9428094494242,1050.0,1655.9083626099352,1050.0,0.0016715835979922674,0.0
15383,1675206001000.0,0.0,0.0,1.8,2.274873871246033,0.0,0.0,2.282,1.0,1.0,1655.9573464181788,1050.0,1655.9701734499358,1050.0,0.0024727526811604283,0.0
15384,1675209601000.0,0.0,0.0,0.5,2.3002527561891433,0.0,0.0,2.301,1.0,1.0,1655.9972245580311,1050.0,1655.9975981799366,1050.0,0.0006945219237318037,0.0
15385,1675213201000.0,0.0,0.0,0.5,2.3002527561891433,0.0,0.0,2.3,1.0,1.0,1655.9972245580311,1050.0,1655.9970981799365,1050.0,0.0006945219237318037,0.0
15386,1675216801000.0,0.0,0.0,0.5,2.3002527561891433,0.0,0.0,2.305,1.0,1.0,1655.9972245580311,1050.0,1655.9995981799366,1050.0,0.0006945219237318037,0.0
15387,1675220401000.0,0.0,0.0,0.5,2.3002527561891433,0.0,0.0,2.314,1.0,1.0,1655.9972245580311,1050.0,1656.0040981799366,1050.0,0.0006945219237318037,0.0
15388,1675224001000.0,0.0,0.0,0.5,2.3140109922280914,0.0,0.0,2.324,1.0,1.0,1656.0033180560508,1050.0,1656.0083125599367,1050.0,0.0006986734165920823,0.0
15389,1675227601000.0,0.0,0.0,0.5,2.3208065953368546,0.0,0.0,2.326,1.0,1.0,1656.0064226376053,1050.0,1656.009019339937,1050.0,0.0007007239113361615,0.0
15390,1675231201000.0,0.0,0.0,0.5,2.3208065953368546,0.0,0.0,2.321,1.0,1.0,1656.0064226376053,1050.0,1656.0065193399369,1050.0,0.0007007239113361615,0.0
15391,1675234801000.0,0.0,0.0,0.5,2.3208065953368546,0.0,0.0,2.29,1.0,1.0,1656.0064226376053,1050.0,1655.9910193399369,1050.0,0.0007007239113361615,0.0
15392,1675238401000.0,0.0,0.0,0.5,2.3208065953368546,0.0,0.0,2.279,1.0,1.0,1656.0064226376053,1050.0,1655.985519339937,1050.0,0.0007007239113361615,0.0
15393,1675242001000.0,0.0,0.0,1.2,2.288252748057023,0.0,0.0,2.249,1.0,1.0,1656.0062640876054,1050.0,1655.959160789937,1050.0,0.0016581478930463543,0.0
15394,1675245601000.0,0.0,0.0,2.8,2.256679749167296,0.0,0.0,2.258,1.0,1.0,1656.0059068076055,1050.0,1656.009603509937,1050.0,0.0038156284779499484,0.0
15395,1675249201000.0,0.0,0.0,2.2,2.256679749167296,0.0,0.0,2.259,1.0,1.0,1656.014962638105,1050.0,1656.020067189937,1050.0,0.002997977409732501,0.0
15396,1675252801000.0,0.0,0.0,0.5,2.256679749167296,0.0,0.0,2.272,1.0,1.0,1656.04062082452,1050.0,1656.0482809499363,1050.0,0.0006813479454518832,0.0
15397,1675256401000.0,0.0,0.0,0.5,2.2695247097002262,0.0,0.0,2.273,1.0,1.0,1656.046461264786,1050.0,1656.048198909936,1050.0,0.0006852237430485203,0.0
15398,1675260001000.0,0.0,0.0,0.5,2.2761148258201356,0.0,0.0,2.259,1.0,1.0,1656.049464902846,1050.0,1656.040907489936,1050.0,0.0006872122101599382,0.0
15399,1675263601000.0,0.0,0.0,0.5,2.2761148258201356,0.0,0.0,2.253,1.0,1.0,1656.049464902846,1050.0,1656.0379074899358,1050.0,0.0006872122101599382,0.0
15400,1675267201000.0,0.0,0.0,1.2,2.2439645107583903,0.0,0.0,2.207,1.0,1.0,1656.049309432846,1050.0,1656.004952019936,1050.0,0.0016260128231521487,0.0
15401,1675270801000.0,0.0,0.0,1.2,2.2439645107583903,0.0,0.0,2.213,1.0,1.0,1656.049309432846,1050.0,1656.012152019936,1050.0,0.0016260128231521487,0.0
15402,1675274401000.0,0.0,0.0,1.2,2.2439645107583903,0.0,0.0,2.216,1.0,1.0,1656.049309432846,1050.0,1656.015752019936,1050.0,0.0016260128231521487,0.0
15403,1675278001000.0,0.0,0.0,1.1,2.2439645107583903,0.0,0.0,2.25,1.0,1.0,1656.05079039177,1050.0,1656.0574294299358,1050.0,0.0014905104216340443,0.0
15404,1675281601000.0,0.0,0.0,0.5,2.376976137980108,0.0,0.0,2.36,1.0,1.0,1656.1190765189258,1050.0,1656.1105884499357,1050.0,0.0007176344296982515,0.0
15405,1675285201000.0,0.0,0.0,0.0,2.531,0.0,0.0,2.584,1.0,1.0,1656.1977728999348,1050.0,1656.1977728999348,1050.0,0.0,0.0
15406,1675288801000.0,0.0,0.0,0.0,2.531,0.0,0.0,2.682,1.0,1.0,1656.1977728999348,1050.0,1656.1977728999348,1050.0,0.0,0.0
15407,1675292401000.0,0.0,0.0,0.4,2.691,0.0,0.0,2.697,1.0,1.0,1656.1976652599349,1050.0,1656.200065259935,1050.0,0.0006499224232580128,0.0
15408,1675296001000.0,0.0,0.0,0.4,2.7009374999999993,0.0,0.0,2.669,1.0,1.0,1656.201131759935,1050.0,1656.188356759935,1050.0,0.0006523211337574423,0.0
15409,1675299601000.0,0.0,0.0,0.7,2.664861111111111,0.0,0.0,2.638,1.0,1.0,1656.2045740777126,1050.0,1656.1857712999347,1050.0,0.0011263118137543853,0.0
15410,1675303201000.0,0.0,0.0,0.4,2.664861111111111,0.0,0.0,2.693,1.0,1.0,1656.209935254379,1050.0,1656.2211908099346,1050.0,0.0006436046673519834,0.0
15411,1675306801000.0,0.0,0.0,0.4,2.7154229507446277,0.0,0.0,2.717,1.0,1.0,1656.2272723102324,1050.0,1656.2279031299345,1050.0,0.000655809259065502,0.0
15412,1675310401000.0,0.0,0.0,0.4,2.7213172130584704,0.0,0.0,2.716,1.0,1.0,1656.2290752851577,1050.0,1656.2269483999344,1050.0,0.0006572320830896979,0.0
15413,1675314001000.0,0.0,0.0,0.4,2.7213172130584704,0.0,0.0,2.706,1.0,1.0,1656.2290752851577,1050.0,1656.2229483999342,1050.0,0.0006572320830896979,0.0
15414,1675317601000.0,0.0,0.0,0.4,2.731178432345389,0.0,0.0,2.71,1.0,1.0,1656.2327100528726,1050.0,1656.2242386799344,1050.0,0.0006596122430786193,0.0
15415,1675321201000.0,0.0,0.0,0.9,2.694412636597951,0.0,0.0,2.632,1.0,1.0,1656.2325768028725,1050.0,1656.1764054299342,1050.0,0.0014641490614918512,0.0
15416,1675324801000.0,0.0,0.0,2.1,2.657033987113407,0.0,0.0,2.656,1.0,1.0,1656.2322613228725,1050.0,1656.2300899499344,1050.0,0.003368954646784538,0.0
15417,1675328401000.0,0.0,0.0,2.1,2.657033987113407,0.0,0.0,2.632,1.0,1.0,1656.2322613228725,1050.0,1656.1796899499343,1050.0,0.003368954646784538,0.0
15418,1675332001000.0,0.0,0.0,2.1,2.657033987113407,0.0,0.0,2.642,1.0,1.0,1656.2322613228725,1050.0,1656.2006899499345,1050.0,0.003368954646784538,0.0
15419,1675335601000.0,0.0,0.0,2.1,2.657033987113407,0.0,0.0,2.641,1.0,1.0,1656.2322613228725,1050.0,1656.1985899499343,1050.0,0.003368954646784538,0.0
15420,1675339201000.0,0.0,0.0,2.1,2.657033987113407,0.0,0.0,2.651,1.0,1.0,1656.2322613228725,1050.0,1656.2195899499343,1050.0,0.003368954646784538,0.0
15421,1675342801000.0,0.0,0.0,2.1,2.657033987113407,0.0,0.0,2.623,1.0,1.0,1656.2322613228725,1050.0,1656.1607899499345,1050.0,0.003368954646784538,0.0
15422,1675346401000.0,0.0,0.0,4.9,2.6198717087628887,0.0,0.0,2.589,1.0,1.0,1656.2315355628725,1050.0,1656.0802641899343,1050.0,0.007750952144849336,0.0
15423,1675350001000.0,0.0,0.0,4.9,2.6198717087628887,0.0,0.0,2.592,1.0,1.0,1656.2315355628725,1050.0,1656.0949641899344,1050.0,0.007750952144849336,0.0
15424,1675353601000.0,0.0,0.0,0.9,2.6198717087628887,0.0,0.0,2.682,1.0,1.0,1656.3765861678212,1050.0,1656.4325016299347,1050.0,0.0014235196015066729,0.0
15425,1675357201000.0,0.0,0.0,0.4,2.660195826847194,0.0,0.0,2.677,1.0,1.0,1656.4115742506738,1050.0,1656.418295919935,1050.0,0.0006423997195384515,0.0
15426,1675360801000.0,0.0,0.0,0.4,2.686711326300773,0.0,0.0,2.683,1.0,1.0,1656.4199650904552,1050.0,1656.418480559935,1050.0,0.0006487995515446603,0.0
15427,1675364401000.0,0.0,0.0,0.4,2.686711326300773,0.0,0.0,2.69,1.0,1.0,1656.4199650904552,1050.0,1656.421280559935,1050.0,0.0006487995515446603,0.0
15428,1675368001000.0,0.0,0.0,0.9,2.6507605894670103,0.0,0.0,2.615,1.0,1.0,1656.4198339904551,1050.0,1656.387649459935,1050.0,0.0014402656147704982,0.0
15429,1675371601000.0,0.0,0.0,0.9,2.6507605894670103,0.0,0.0,2.631,1.0,1.0,1656.4198339904551,1050.0,1656.402049459935,1050.0,0.0014402656147704982,0.0
15430,1675375201000.0,0.0,0.0,11.4,2.5400775903965185,0.0,0.0,2.519,1.0,1.0,1656.4171768704553,1050.0,1656.176892339935,1050.0,0.01748163743703134,0.0
15431,1675378801000.0,0.0,0.0,11.4,2.5400775903965185,0.0,0.0,2.541,1.0,1.0,1656.4171768704553,1050.0,1656.427692339935,1050.0,0.01748163743703134,0.0
15432,1675382401000.0,0.0,0.0,11.4,2.5400775903965185,0.0,0.0,2.512,1.0,1.0,1656.4171768704553,1050.0,1656.097092339935,1050.0,0.01748163743703134,0.0
15433,1675386001000.0,0.0,0.0,26.6,2.5011761101699364,0.0,0.0,2.505,1.0,1.0,1656.4134194304552,1050.0,1656.5151348999348,1050.0,0.04016586906993097,0.0
15434,1675389601000.0,0.0,0.0,26.6,2.5011761101699364,0.0,0.0,2.478,1.0,1.0,1656.4134194304552,1050.0,1655.796934899935,1050.0,0.04016586906993097,0.0
15435,1675393201000.0,0.0,0.0,26.6,2.5011761101699364,0.0,0.0,2.493,1.0,1.0,1656.4134194304552,1050.0,1656.1959348999349,1050.0,0.04016586906993097,0.0
15436,1675396801000.0,0.0,0.0,26.6,2.5011761101699364,0.0,0.0,2.509,1.0,1.0,1656.4134194304552,1050.0,1656.6215348999349,1050.0,0.04016586906993097,0.0
15437,1675400401000.0,0.0,0.0,10.6,2.5011761101699364,0.0,0.0,2.517,1.0,1.0,1656.6785728677364,1050.0,1656.8463060999352,1050.0,0.016003386053281193,0.0
15438,1675404001000.0,0.0,0.0,1.5,2.5011761101699364,0.0,0.0,2.529,1.0,1.0,1656.8293788851897,1050.0,1656.871114719935,1050.0,0.00226442397332386,0.0
15439,1675407601000.0,0.0,0.0,0.5,2.508305666101962,0.0,0.0,2.508,1.0,1.0,1656.8590140329861,1050.0,1656.858861199935,1050.0,0.0007569460179947527,0.0
15440,1675411201000.0,0.0,0.0,0.5,2.508305666101962,0.0,0.0,2.481,1.0,1.0,1656.8590140329861,1050.0,1656.845361199935,1050.0,0.0007569460179947527,0.0
15441,1675414801000.0,0.0,0.0,0.5,2.508305666101962,0.0,0.0,2.493,1.0,1.0,1656.8590140329861,1050.0,1656.8513611999351,1050.0,0.0007569460179947527,0.0
15442,1675418401000.0,0.0,0.0,0.5,2.508305666101962,0.0,0.0,2.491,1.0,1.0,1656.8590140329861,1050.0,1656.8503611999352,1050.0,0.0007569460179947527,0.0
15443,1675422001000.0,0.0,0.0,0.5,2.537074023878024,0.0,0.0,2.538,1.0,1.0,1656.8702932518743,1050.0,1656.8707562399352,1050.0,0.0007656224009239156,0.0
15444,1675425601000.0,0.0,0.0,0.5,2.5513466485960885,0.0,0.0,2.564,1.0,1.0,1656.8768249242332,1050.0,1656.8831515999352,1050.0,0.000769926469552967,0.0
15445,1675429201000.0,0.0,0.0,0.5,2.566084793494592,0.0,0.0,2.568,1.0,1.0,1656.8835881566822,1050.0,1656.884545759935,1050.0,0.0007743708766979263,0.0
15446,1675432801000.0,0.0,0.0,1.2,2.52986866395608,0.0,0.0,2.512,1.0,1.0,1656.8834128766823,1050.0,1656.861970479935,1050.0,0.0018322607210343566,0.0
15447,1675436401000.0,0.0,0.0,0.5,2.5581476314145135,0.0,0.0,2.564,1.0,1.0,1656.915057605642,1050.0,1656.9179837899349,1050.0,0.0007719610065923402,0.0
15448,1675440001000.0,0.0,0.0,0.4,2.6430436093042156,0.0,0.0,2.623,1.0,1.0,1656.9465998936564,1050.0,1656.9385824499348,1050.0,0.0006380516087781821,0.0
15449,1675443601000.0,0.0,0.0,0.4,2.6430436093042156,0.0,0.0,2.6,1.0,1.0,1656.9465998936564,1050.0,1656.9293824499348,1050.0,0.0006380516087781821,0.0
15450,1675447201000.0,0.0,0.0,0.4,2.6430436093042156,0.0,0.0,2.605,1.0,1.0,1656.9465998936564,1050.0,1656.9313824499347,1050.0,0.0006380516087781821,0.0
15451,1675450801000.0,0.0,0.0,0.9,2.6074638263574297,0.0,0.0,2.561,1.0,1.0,1656.9464709436563,1050.0,1656.9046534999347,1050.0,0.00141629043839008,0.0
15452,1675454401000.0,0.0,0.0,4.9,2.5350851925962625,0.0,0.0,2.511,1.0,1.0,1656.9454634236563,1050.0,1656.8274459799345,1050.0,0.007496877669138823,0.0
15453,1675458001000.0,0.0,0.0,4.9,2.5350851925962625,0.0,0.0,2.543,1.0,1.0,1656.9454634236563,1050.0,1656.9842459799347,1050.0,0.007496877669138823,0.0
15454,1675461601000.0,0.0,0.0,0.5,2.5422511155577574,0.0,0.0,2.556,1.0,1.0,1657.0220465577136,1050.0,1657.0289209999346,1050.0,0.0007671144511441513,0.0
15455,1675465201000.0,0.0,0.0,0.5,2.5564104016007927,0.0,0.0,2.57,1.0,1.0,1657.0285211607354,1050.0,1657.035315959935,1050.0,0.0007713839469130101,0.0
15456,1675468801000.0,0.0,0.0,0.5,2.5638462409604754,0.0,0.0,2.565,1.0,1.0,1657.0319361004154,1050.0,1657.032512979935,1050.0,0.0007736260795896656,0.0
15457,1675472401000.0,0.0,0.0,0.5,2.578264646745771,0.0,0.0,2.568,1.0,1.0,1657.0385385033082,1050.0,1657.0334061799354,1050.0,0.0007779736520414741,0.0
15458,1675476001000.0,0.0,0.0,0.5,2.578264646745771,0.0,0.0,2.543,1.0,1.0,1657.0385385033082,1050.0,1657.0209061799353,1050.0,0.0007779736520414741,0.0
15459,1675479601000.0,0.0,0.0,0.5,2.578264646745771,0.0,0.0,2.555,1.0,1.0,1657.0385385033082,1050.0,1657.0269061799354,1050.0,0.0007779736520414741,0.0
15460,1675483201000.0,0.0,0.0,0.5,2.578264646745771,0.0,0.0,2.547,1.0,1.0,1657.0385385033082,1050.0,1657.0229061799353,1050.0,0.0007779736520414741,0.0
15461,1675486801000.0,0.0,0.0,0.5,2.578264646745771,0.0,0.0,2.543,1.0,1.0,1657.0385385033082,1050.0,1657.0209061799353,1050.0,0.0007779736520414741,0.0
15462,1675490401000.0,0.0,0.0,0.5,2.578264646745771,0.0,0.0,2.538,1.0,1.0,1657.0385385033082,1050.0,1657.0184061799353,1050.0,0.0007779736520414741,0.0
15463,1675494001000.0,0.0,0.0,0.5,2.578264646745771,0.0,0.0,2.575,1.0,1.0,1657.0385385033082,1050.0,1657.0369061799354,1050.0,0.0007779736520414741,0.0
15464,1675497601000.0,0.0,0.0,0.5,2.578264646745771,0.0,0.0,2.572,1.0,1.0,1657.0385385033082,1050.0,1657.0354061799353,1050.0,0.0007779736520414741,0.0
15465,1675501201000.0,0.0,0.0,0.4,2.6360130526706134,0.0,0.0,2.614,1.0,1.0,1657.0581639810039,1050.0,1657.0493587599356,1050.0,0.0006363115332868501,0.0
15466,1675504801000.0,0.0,0.0,0.4,2.6797759548786755,0.0,0.0,2.656,1.0,1.0,1657.073887831887,1050.0,1657.0643774499356,1050.0,0.0006468693941909592,0.0
15467,1675508401000.0,0.0,0.0,0.4,2.7805216009660247,0.0,0.0,2.791,1.0,1.0,1657.109387380322,1050.0,1657.1135787399355,1050.0,0.0006711739423217375,0.0
15468,1675512001000.0,0.0,0.0,0.9,2.7678952903796628,0.0,0.0,2.728,1.0,1.0,1657.1182666412774,1050.0,1657.0823608799358,1050.0,0.001503275783925056,0.0
15469,1675515601000.0,0.0,0.0,0.9,2.7678952903796628,0.0,0.0,2.712,1.0,1.0,1657.1182666412774,1050.0,1657.0679608799358,1050.0,0.001503275783925056,0.0
15470,1675519201000.0,0.0,0.0,0.9,2.7678952903796628,0.0,0.0,2.719,1.0,1.0,1657.1182666412774,1050.0,1657.0742608799358,1050.0,0.001503275783925056,0.0
15471,1675522801000.0,0.0,0.0,0.4,2.8051546630896182,0.0,0.0,2.815,1.0,1.0,1657.1397909351715,1050.0,1657.1437290699357,1050.0,0.0006771075508377213,0.0
15472,1675526401000.0,0.0,0.0,0.4,2.888543114850133,0.0,0.0,2.849,1.0,1.0,1657.1673436758758,1050.0,1657.1515264299358,1050.0,0.0006972242425301137,0.0
15473,1675530001000.0,0.0,0.0,0.4,2.888543114850133,0.0,0.0,2.841,1.0,1.0,1657.1673436758758,1050.0,1657.1483264299359,1050.0,0.0006972242425301137,0.0
15474,1675533601000.0,0.0,0.0,2.1,2.8105320218762158,0.0,0.0,2.776,1.0,1.0,1657.1668690058757,1050.0,1657.0943517599355,1050.0,0.0035615708691308185,0.0
15475,1675537201000.0,0.0,0.0,4.9,2.7707994379469496,0.0,0.0,2.74,1.0,1.0,1657.1661015258758,1050.0,1657.0151842799357,1050.0,0.00819285238422315,0.0
15476,1675540801000.0,0.0,0.0,4.9,2.7707994379469496,0.0,0.0,2.74,1.0,1.0,1657.1661015258758,1050.0,1657.0151842799357,1050.0,0.00819285238422315,0.0
15477,1675544401000.0,0.0,0.0,4.9,2.7707994379469496,0.0,0.0,2.758,1.0,1.0,1657.1661015258758,1050.0,1657.1033842799357,1050.0,0.00819285238422315,0.0
15478,1675548001000.0,0.0,0.0,4.9,2.7707994379469496,0.0,0.0,2.735,1.0,1.0,1657.1661015258758,1050.0,1656.9906842799357,1050.0,0.00819285238422315,0.0
15479,1675551601000.0,0.0,0.0,11.4,2.7310015128017593,0.0,0.0,2.71,1.0,1.0,1657.1643458758758,1050.0,1656.9249286299357,1050.0,0.01878716333924312,0.0
15480,1675555201000.0,0.0,0.0,11.4,2.7310015128017593,0.0,0.0,2.711,1.0,1.0,1657.1643458758758,1050.0,1656.9363286299358,1050.0,0.01878716333924312,0.0
15481,1675558801000.0,0.0,0.0,11.4,2.7310015128017593,0.0,0.0,2.693,1.0,1.0,1657.1643458758758,1050.0,1656.7311286299357,1050.0,0.01878716333924312,0.0
15482,1675562401000.0,0.0,0.0,11.4,2.7310015128017593,0.0,0.0,2.7,1.0,1.0,1657.1643458758758,1050.0,1656.8109286299357,1050.0,0.01878716333924312,0.0
15483,1675566001000.0,0.0,0.0,11.4,2.7310015128017593,0.0,0.0,2.676,1.0,1.0,1657.1643458758758,1050.0,1656.5373286299357,1050.0,0.01878716333924312,0.0
15484,1675569601000.0,0.0,0.0,11.4,2.7310015128017593,0.0,0.0,2.685,1.0,1.0,1657.1643458758758,1050.0,1656.6399286299359,1050.0,0.01878716333924312,0.0
15485,1675573201000.0,0.0,0.0,11.4,2.7310015128017593,0.0,0.0,2.707,1.0,1.0,1657.1643458758758,1050.0,1656.8907286299357,1050.0,0.01878716333924312,0.0
15486,1675576801000.0,0.0,0.0,11.4,2.7310015128017593,0.0,0.0,2.677,1.0,1.0,1657.1643458758758,1050.0,1656.5487286299358,1050.0,0.01878716333924312,0.0
15487,1675580401000.0,0.0,0.0,11.4,2.7310015128017593,0.0,0.0,2.687,1.0,1.0,1657.1643458758758,1050.0,1656.6627286299358,1050.0,0.01878716333924312,0.0
15488,1675584001000.0,0.0,0.0,11.4,2.7310015128017593,0.0,0.0,2.726,1.0,1.0,1657.1643458758758,1050.0,1657.1073286299359,1050.0,0.01878716333924312,0.0
15489,1675587601000.0,0.0,0.0,1.3,2.7310015128017593,0.0,0.0,2.743,1.0,1.0,1657.3433541065779,1050.0,1657.3589521399356,1050.0,0.0021421644210569417,0.0
15490,1675591201000.0,0.0,0.0,0.4,2.7454225132132413,0.0,0.0,2.75,1.0,1.0,1657.3646084652207,1050.0,1657.3664394599355,1050.0,0.0006625995267886411,0.0
15491,1675594801000.0,0.0,0.0,0.4,2.7454225132132413,0.0,0.0,2.726,1.0,1.0,1657.3646084652207,1050.0,1657.3568394599354,1050.0,0.0006625995267886411,0.0
15492,1675598401000.0,0.0,0.0,0.4,2.7454225132132413,0.0,0.0,2.702,1.0,1.0,1657.3646084652207,1050.0,1657.3472394599355,1050.0,0.0006625995267886411,0.0
15493,1675602001000.0,0.0,0.0,0.8,2.5587734395271005,0.0,0.0,2.616,1.0,1.0,1657.8769275515576,1050.0,1657.922708799936,1050.0,0.0012347229867326935,0.0
15494,1675605601000.0,0.0,0.0,0.4,2.652742758899132,0.0,0.0,2.648,1.0,1.0,1657.936158013495,1050.0,1657.9342609099353,1050.0,0.000640010834211516,0.0
15495,1675609201000.0,0.0,0.0,0.4,2.6776332914184455,0.0,0.0,2.668,1.0,1.0,1657.9448460465028,1050.0,1657.9409927299355,1050.0,0.000646012633726259,0.0
15496,1675612801000.0,0.0,0.0,0.9,2.641725907297087,0.0,0.0,2.615,1.0,1.0,1657.9447153965027,1050.0,1657.9206620799353,1050.0,0.0014340365480755967,0.0
15497,1675616401000.0,0.0,0.0,2.1,2.6053111031273226,0.0,0.0,2.572,1.0,1.0,1657.9444060365026,1050.0,1657.8744527199353,1050.0,0.0032999618664215453,0.0
15498,1675620001000.0,0.0,0.0,4.9,2.568561901340281,0.0,0.0,2.533,1.0,1.0,1657.9436945565026,1050.0,1657.7694412399353,1050.0,0.007591303225731137,0.0
15499,1675623601000.0,0.0,0.0,4.9,2.568561901340281,0.0,0.0,2.533,1.0,1.0,1657.9436945565026,1050.0,1657.7694412399353,1050.0,0.007591303225731137,0.0
15500,1675627201000.0,0.0,0.0,4.9,2.568561901340281,0.0,0.0,2.537,1.0,1.0,1657.9436945565026,1050.0,1657.7890412399352,1050.0,0.007591303225731137,0.0
15501,1675630801000.0,0.0,0.0,4.9,2.568561901340281,0.0,0.0,2.529,1.0,1.0,1657.9436945565026,1050.0,1657.7498412399352,1050.0,0.007591303225731137,0.0
15502,1675634401000.0,0.0,0.0,11.4,2.5317502909269627,0.0,0.0,2.525,1.0,1.0,1657.9420669565027,1050.0,1657.8651136399353,1050.0,0.01740830026078625,0.0
15503,1675638001000.0,0.0,0.0,1.1,2.5317502909269627,0.0,0.0,2.561,1.0,1.0,1658.138111389955,1050.0,1658.1702860699352,1050.0,0.001679549671338994,0.0
15504,1675641601000.0,0.0,0.0,0.5,2.5522301047337064,0.0,0.0,2.56,1.0,1.0,1658.166142282302,1050.0,1658.1700272299352,1050.0,0.0007695942039984044,0.0
15505,1675645201000.0,0.0,0.0,0.5,2.597424751766456,0.0,0.0,2.609,1.0,1.0,1658.1861183258172,1050.0,1658.191905949934,1050.0,0.0007832126692716914,0.0
15506,1675648801000.0,0.0,0.0,0.5,2.6048548510598737,0.0,0.0,2.586,1.0,1.0,1658.1895287554644,1050.0,1658.1801013299344,1050.0,0.0007854514836476257,0.0
15507,1675652401000.0,0.0,0.0,1.2,2.568189521274947,0.0,0.0,2.54,1.0,1.0,1658.1893508154644,1050.0,1658.1555233899344,1050.0,0.0018585497633393647,0.0
15508,1675656001000.0,0.0,0.0,1.2,2.568189521274947,0.0,0.0,2.534,1.0,1.0,1658.1893508154644,1050.0,1658.1483233899344,1050.0,0.0018585497633393647,0.0
15509,1675659601000.0,0.0,0.0,1.2,2.568189521274947,0.0,0.0,2.528,1.0,1.0,1658.1893508154644,1050.0,1658.1411233899346,1050.0,0.0018585497633393647,0.0
15510,1675663201000.0,0.0,0.0,4.4,2.4969888346969134,0.0,0.0,2.525,1.0,1.0,1658.2232314626012,1050.0,1658.3464805899348,1050.0,0.006625616300753298,0.0
15511,1675666801000.0,0.0,0.0,0.5,2.5149933008181478,0.0,0.0,2.539,1.0,1.0,1658.3647883703431,1050.0,1658.376791719934,1050.0,0.000758275054576383,0.0
15512,1675670401000.0,0.0,0.0,0.5,2.5399105529767203,0.0,0.0,2.549,1.0,1.0,1658.3747419364222,1050.0,1658.3792866599338,1050.0,0.0007657830551648905,0.0
15513,1675674001000.0,0.0,0.0,0.5,2.554287799071619,0.0,0.0,2.565,1.0,1.0,1658.3813256794697,1050.0,1658.386681779934,1050.0,0.0007701147376418629,0.0
15514,1675677601000.0,0.0,0.0,0.5,2.554287799071619,0.0,0.0,2.541,1.0,1.0,1658.3813256794697,1050.0,1658.3746817799338,1050.0,0.0007701147376418629,0.0
15515,1675681201000.0,0.0,0.0,0.5,2.554287799071619,0.0,0.0,2.529,1.0,1.0,1658.3813256794697,1050.0,1658.368681779934,1050.0,0.0007701147376418629,0.0
15516,1675684801000.0,0.0,0.0,0.5,2.518536582946508,0.0,0.0,2.549,1.0,1.0,1658.4008972714066,1050.0,1658.4161289799333,1050.0,0.0007593268271532826,0.0
15517,1675688401000.0,0.0,0.0,0.5,2.538273169860743,0.0,0.0,2.54,1.0,1.0,1658.4101616448638,1050.0,1658.4110250599335,1050.0,0.000765273039373807,0.0
15518,1675692001000.0,0.0,0.0,0.4,2.610759216675348,0.0,0.0,2.617,1.0,1.0,1658.437627966604,1050.0,1658.4401242799338,1050.0,0.0006296912642717538,0.0
15519,1675695601000.0,0.0,0.0,0.4,2.7093623045667834,0.0,0.0,2.724,1.0,1.0,1658.4724984117604,1050.0,1658.4783534899336,1050.0,0.0006534596882761481,0.0
15520,1675699201000.0,0.0,0.0,0.4,2.864056511540415,0.0,0.0,2.876,1.0,1.0,1658.52377281455,1050.0,1658.5285502099339,1050.0,0.0006907483771981274,0.0
15521,1675702801000.0,0.0,0.0,0.9,2.85083755742375,0.0,0.0,2.806,1.0,1.0,1658.5329735616153,1050.0,1658.4926197599339,1050.0,0.0015470019846343778,0.0
15522,1675706401000.0,0.0,0.0,2.1,2.8115018103244642,0.0,0.0,2.782,1.0,1.0,1658.5326397216154,1050.0,1658.470685919934,1050.0,0.0035598659081393703,0.0
15523,1675710001000.0,0.0,0.0,2.1,2.8115018103244642,0.0,0.0,2.764,1.0,1.0,1658.5326397216154,1050.0,1658.432885919934,1050.0,0.0035598659081393703,0.0
15524,1675713601000.0,0.0,0.0,4.9,2.771786490139056,0.0,0.0,2.73,1.0,1.0,1658.5318719616155,1050.0,1658.3271181599341,1050.0,0.00818902188814597,0.0
15525,1675717201000.0,0.0,0.0,4.9,2.771786490139056,0.0,0.0,2.75,1.0,1.0,1658.5318719616155,1050.0,1658.425118159934,1050.0,0.00818902188814597,0.0
15526,1675720801000.0,0.0,0.0,0.9,2.771786490139056,0.0,0.0,2.788,1.0,1.0,1658.6036100010595,1050.0,1658.6182021599343,1050.0,0.0015040410053873917,0.0
15527,1675724401000.0,0.0,0.0,0.4,2.81012442519778,0.0,0.0,2.773,1.0,1.0,1658.6248753000134,1050.0,1658.6100255299343,1050.0,0.0006776998143572355,0.0
15528,1675728001000.0,0.0,0.0,0.4,2.813616170521718,0.0,0.0,2.786,1.0,1.0,1658.6509573681426,1050.0,1658.639910899934,1050.0,0.0006785312263615033,0.0
15529,1675731601000.0,0.0,0.0,0.4,2.8233465959184665,0.0,0.0,2.833,1.0,1.0,1658.6545361383012,1050.0,1658.6583974999337,1050.0,0.0006808763451108548,0.0
15530,1675735201000.0,0.0,0.0,0.4,2.8233465959184665,0.0,0.0,2.827,1.0,1.0,1658.6545361383012,1050.0,1658.6559974999338,1050.0,0.0006808763451108548,0.0
15531,1675738801000.0,0.0,0.0,0.4,2.843109665114827,0.0,0.0,2.844,1.0,1.0,1658.66181336598,1050.0,1658.662169499934,1050.0,0.0006856393852451949,0.0
15532,1675742401000.0,0.0,0.0,0.4,2.843109665114827,0.0,0.0,2.821,1.0,1.0,1658.66181336598,1050.0,1658.652969499934,1050.0,0.0006856393852451949,0.0
15533,1675746001000.0,0.0,0.0,0.4,2.8532491866270897,0.0,0.0,2.836,1.0,1.0,1658.6654545645852,1050.0,1658.6585548899343,1050.0,0.0006880831041063899,0.0
15534,1675749601000.0,0.0,0.0,0.4,2.9358819702562764,0.0,0.0,2.942,1.0,1.0,1658.693092218037,1050.0,1658.6955394299346,1050.0,0.0007079988417460297,0.0
15535,1675753201000.0,0.0,0.0,2.1,2.856215613382148,0.0,0.0,2.838,1.0,1.0,1658.692609848037,1050.0,1658.6543570599345,1050.0,0.0036161328220133742,0.0
15536,1675756801000.0,0.0,0.0,1.0,2.816092405735206,0.0,0.0,2.852,1.0,1.0,1658.8004601356695,1050.0,1658.8363677299342,1050.0,0.0016976679675534238,0.0
15537,1675760401000.0,0.0,0.0,0.4,2.8809296127740587,0.0,0.0,2.872,1.0,1.0,1658.8366385850434,1050.0,1658.8330667399337,1050.0,0.0006946867571556504,0.0
15538,1675764001000.0,0.0,0.0,0.4,2.93977447702444,0.0,0.0,2.951,1.0,1.0,1658.8551486207439,1050.0,1658.859638829934,1050.0,0.0007088682768881219,0.0
15539,1675767601000.0,0.0,0.0,0.4,2.93977447702444,0.0,0.0,2.878,1.0,1.0,1658.8551486207439,1050.0,1658.830438829934,1050.0,0.0007088682768881219,0.0
15540,1675771201000.0,0.0,0.0,0.9,2.9004553231219736,0.0,0.0,2.867,1.0,1.0,1658.8550051707439,1050.0,1658.824895379934,1050.0,0.0015736214332614865,0.0
15541,1675774801000.0,0.0,0.0,0.9,2.9004553231219736,0.0,0.0,2.84,1.0,1.0,1658.8550051707439,1050.0,1658.800595379934,1050.0,0.0015736214332614865,0.0
15542,1675778401000.0,0.0,0.0,4.9,2.8200836307775052,0.0,0.0,2.795,1.0,1.0,1658.853884370744,1050.0,1658.7309745799344,1050.0,0.008330094603872563,0.0
15543,1675782001000.0,0.0,0.0,4.9,2.8200836307775052,0.0,0.0,2.813,1.0,1.0,1658.853884370744,1050.0,1658.8191745799343,1050.0,0.008330094603872563,0.0
15544,1675785601000.0,0.0,0.0,0.4,2.8365627230831283,0.0,0.0,2.883,1.0,1.0,1659.045754249167,1050.0,1659.0643291599338,1050.0,0.0006839022289332507,0.0
15545,1675789201000.0,0.0,0.0,0.4,2.888272964876531,0.0,0.0,2.856,1.0,1.0,1659.065076115884,1050.0,1659.0521669299335,1050.0,0.0006963615849568491,0.0
15546,1675792801000.0,0.0,0.0,0.4,2.891278789264321,0.0,0.0,2.905,1.0,1.0,1659.0945033056396,1050.0,1659.099991789934,1050.0,0.0006970739239997801,0.0
15547,1675796401000.0,0.0,0.0,0.9,2.8630141417605244,0.0,0.0,2.849,1.0,1.0,1659.0981463475182,1050.0,1659.0855336199338,1050.0,0.0015530803486563285,0.0
15548,1675800001000.0,0.0,0.0,0.4,2.894899005791415,0.0,0.0,2.891,1.0,1.0,1659.1244158622505,1050.0,1659.122856259934,1050.0,0.000697934158069015,0.0
15549,1675803601000.0,0.0,0.0,0.4,2.9305646439005004,0.0,0.0,2.932,1.0,1.0,1659.1375719274943,1050.0,1659.138146069934,1050.0,0.000706527220764685,0.0
15550,1675807201000.0,0.0,0.0,0.4,2.9305646439005004,0.0,0.0,2.922,1.0,1.0,1659.1375719274943,1050.0,1659.134146069934,1050.0,0.000706527220764685,0.0
15551,1675810801000.0,0.0,0.0,0.4,2.9305646439005004,0.0,0.0,2.922,1.0,1.0,1659.1375719274943,1050.0,1659.134146069934,1050.0,0.000706527220764685,0.0
15552,1675814401000.0,0.0,0.0,0.4,2.935923482925375,0.0,0.0,2.923,1.0,1.0,1659.1394564431043,1050.0,1659.134287049934,1050.0,0.0007078183745251808,0.0
15553,1675818001000.0,0.0,0.0,0.4,2.967992729260887,0.0,0.0,2.95,1.0,1.0,1659.1509277816383,1050.0,1659.143730689934,1050.0,0.0007155449644907786,0.0
15554,1675821601000.0,0.0,0.0,0.4,2.9784334102092482,0.0,0.0,2.977,1.0,1.0,1659.1547844140175,1050.0,1659.1542110499338,1050.0,0.0007180604095985356,0.0
15555,1675825201000.0,0.0,0.0,0.9,2.962183346145986,0.0,0.0,2.937,1.0,1.0,1659.162048761465,1050.0,1659.1393837499336,1050.0,0.0016068141225394367,0.0
15556,1675828801000.0,0.0,0.0,0.9,2.962183346145986,0.0,0.0,2.916,1.0,1.0,1659.162048761465,1050.0,1659.1204837499336,1050.0,0.0016068141225394367,0.0
15557,1675832401000.0,0.0,0.0,0.9,2.962183346145986,0.0,0.0,2.939,1.0,1.0,1659.162048761465,1050.0,1659.1411837499336,1050.0,0.0016068141225394367,0.0
15558,1675836001000.0,0.0,0.0,0.9,2.920935719776851,0.0,0.0,2.952,1.0,1.0,1659.1929254277327,1050.0,1659.2208832799336,1050.0,0.0015844101716631065,0.0
15559,1675839601000.0,0.0,0.0,0.4,2.9534819211872394,0.0,0.0,2.929,1.0,1.0,1659.2210912684086,1050.0,1659.2112984999337,1050.0,0.000712016484537192,0.0
15560,1675843201000.0,0.0,0.0,0.4,2.9534819211872394,0.0,0.0,2.912,1.0,1.0,1659.2210912684086,1050.0,1659.2044984999336,1050.0,0.000712016484537192,0.0
15561,1675846801000.0,0.0,0.0,2.1,2.87332988974995,0.0,0.0,2.84,1.0,1.0,1659.2206060084086,1050.0,1659.1506132399336,1050.0,0.0036366428590776053,0.0
15562,1675850401000.0,0.0,0.0,2.1,2.87332988974995,0.0,0.0,2.853,1.0,1.0,1659.2206060084086,1050.0,1659.1779132399338,1050.0,0.0036366428590776053,0.0
15563,1675854001000.0,0.0,0.0,2.1,2.87332988974995,0.0,0.0,2.87,1.0,1.0,1659.2206060084086,1050.0,1659.2136132399337,1050.0,0.0036366428590776053,0.0
15564,1675857601000.0,0.0,0.0,2.1,2.87332988974995,0.0,0.0,2.86,1.0,1.0,1659.2206060084086,1050.0,1659.1926132399337,1050.0,0.0036366428590776053,0.0
15565,1675861201000.0,0.0,0.0,2.1,2.87332988974995,0.0,0.0,2.829,1.0,1.0,1659.2206060084086,1050.0,1659.1275132399337,1050.0,0.0036366428590776053,0.0
15566,1675864801000.0,0.0,0.0,4.9,2.833141381321407,0.0,0.0,2.836,1.0,1.0,1659.2198211684085,1050.0,1659.2338283999336,1050.0,0.008366819508399454,0.0
15567,1675868401000.0,0.0,0.0,4.9,2.833141381321407,0.0,0.0,2.8,1.0,1.0,1659.2198211684085,1050.0,1659.0574283999335,1050.0,0.008366819508399454,0.0
15568,1675872001000.0,0.0,0.0,11.4,2.7920081375855172,0.0,0.0,2.74,1.0,1.0,1659.2180265184086,1050.0,1658.6251337499336,1050.0,0.019183068324819558,0.0
15569,1675875601000.0,0.0,0.0,17.8,2.6258366320783715,0.0,0.0,2.676,1.0,1.0,1664.2549929909285,1050.0,1665.1479009399334,1050.0,0.028084573726887888,0.0
15570,1675879201000.0,0.0,0.0,0.4,2.666096746868547,0.0,0.0,2.674,1.0,1.0,1664.9569867486807,1050.0,1664.9601480499332,1050.0,0.0006405202700340955,0.0
15571,1675882801000.0,0.0,0.0,0.4,2.67082256015141,0.0,0.0,2.642,1.0,1.0,1664.9587233839939,1050.0,1664.9471943599333,1050.0,0.000641654960604193,0.0
15572,1675886401000.0,0.0,0.0,0.4,2.67082256015141,0.0,0.0,2.652,1.0,1.0,1664.9587233839939,1050.0,1664.9511943599332,1050.0,0.000641654960604193,0.0
15573,1675890001000.0,0.0,0.0,0.4,2.67082256015141,0.0,0.0,2.618,1.0,1.0,1664.9587233839939,1050.0,1664.9375943599332,1050.0,0.000641654960604193,0.0
15574,1675893601000.0,0.0,0.0,0.4,2.67082256015141,0.0,0.0,2.642,1.0,1.0,1664.9587233839939,1050.0,1664.9471943599333,1050.0,0.000641654960604193,0.0
15575,1675897201000.0,0.0,0.0,0.4,2.67082256015141,0.0,0.0,2.656,1.0,1.0,1664.9587233839939,1050.0,1664.9527943599333,1050.0,0.000641654960604193,0.0
15576,1675900801000.0,0.0,0.0,0.4,2.675616920113557,0.0,0.0,2.688,1.0,1.0,1664.9604873379787,1050.0,1664.9654405699334,1050.0,0.0006428061063218301,0.0
15577,1675904401000.0,0.0,0.0,0.4,2.6946170723796796,0.0,0.0,2.707,1.0,1.0,1664.9674712988854,1050.0,1664.9724244699335,1050.0,0.000647368100297488,0.0
15578,1675908001000.0,0.0,0.0,0.4,2.6994628042847597,0.0,0.0,2.683,1.0,1.0,1664.9692553216473,1050.0,1664.9626701999334,1050.0,0.0006485315679329498,0.0
15579,1675911601000.0,0.0,0.0,0.9,2.6630945796821157,0.0,0.0,2.614,1.0,1.0,1664.9691236216472,1050.0,1664.9249384999332,1050.0,0.0014395372789258746,0.0
15580,1675915201000.0,0.0,0.0,0.5,2.5812463150679053,0.0,0.0,2.585,1.0,1.0,1665.2145732274669,1050.0,1665.216450069933,1050.0,0.0007750491608012457,0.0
15581,1675918801000.0,0.0,0.0,0.5,2.5960486734244457,0.0,0.0,2.589,1.0,1.0,1665.2213661666449,1050.0,1665.2178418299327,1050.0,0.00077949056088578,0.0
15582,1675922401000.0,0.0,0.0,0.4,2.62597735636845,0.0,0.0,2.627,1.0,1.0,1665.2346908624802,1050.0,1665.2350999199327,1050.0,0.0006307765195567406,0.0
15583,1675926001000.0,0.0,0.0,0.4,2.62597735636845,0.0,0.0,2.63,1.0,1.0,1665.2346908624802,1050.0,1665.236299919933,1050.0,0.0006307765195567406,0.0
15584,1675929601000.0,0.0,0.0,0.4,2.6402248222179394,0.0,0.0,2.638,1.0,1.0,1665.2398309088198,1050.0,1665.2389409799327,1050.0,0.0006341968942160152,0.0
15585,1675933201000.0,0.0,0.0,0.4,2.6545167218731924,0.0,0.0,2.654,1.0,1.0,1665.244987868682,1050.0,1665.2447811799327,1050.0,0.0006376279145017964,0.0
15586,1675936801000.0,0.0,0.0,0.4,2.6545167218731924,0.0,0.0,2.648,1.0,1.0,1665.244987868682,1050.0,1665.2423811799329,1050.0,0.0006376279145017964,0.0
15587,1675940401000.0,0.0,0.0,0.4,2.6545167218731924,0.0,0.0,2.632,1.0,1.0,1665.244987868682,1050.0,1665.2359811799329,1050.0,0.0006376279145017964,0.0
15588,1675944001000.0,0.0,0.0,0.4,2.6545167218731924,0.0,0.0,2.632,1.0,1.0,1665.244987868682,1050.0,1665.2359811799329,1050.0,0.0006376279145017964,0.0
15589,1675947601000.0,0.0,0.0,0.4,2.6545167218731924,0.0,0.0,2.622,1.0,1.0,1665.244987868682,1050.0,1665.2319811799327,1050.0,0.0006376279145017964,0.0
15590,1675951201000.0,0.0,0.0,0.4,2.6545167218731924,0.0,0.0,2.653,1.0,1.0,1665.244987868682,1050.0,1665.2443811799328,1050.0,0.0006376279145017964,0.0
15591,1675954801000.0,0.0,0.0,0.4,2.6545167218731924,0.0,0.0,2.635,1.0,1.0,1665.244987868682,1050.0,1665.2371811799328,1050.0,0.0006376279145017964,0.0
15592,1675958401000.0,0.0,0.0,0.9,2.6192296541658635,0.0,0.0,2.587,1.0,1.0,1665.244858318682,1050.0,1665.2158516299328,1050.0,0.001415591633250462,0.0
15593,1675962001000.0,0.0,0.0,4.9,2.547042181377403,0.0,0.0,2.54,1.0,1.0,1665.243845998682,1050.0,1665.2093393099326,1050.0,0.007494702183549852,0.0
15594,1675965601000.0,0.0,0.0,1.5,2.547042181377403,0.0,0.0,2.555,1.0,1.0,1665.3006308219992,1050.0,1665.3125675499332,1050.0,0.0022942183539438514,0.0
15595,1675969201000.0,0.0,0.0,0.5,2.554625308826442,0.0,0.0,2.557,1.0,1.0,1665.3318200843453,1050.0,1665.333007429932,1050.0,0.0007670018905592808,0.0
15596,1675972801000.0,0.0,0.0,3.9,2.448463485294342,0.0,0.0,2.472,1.0,1.0,1665.3727103525805,1050.0,1665.4645027599327,1050.0,0.005733856171226853,0.0
15597,1675976401000.0,0.0,0.0,1.2,2.448463485294342,0.0,0.0,2.452,1.0,1.0,1665.416693392286,1050.0,1665.4209372099328,1050.0,0.0017642168437548694,0.0
15598,1675980001000.0,0.0,0.0,1.8,2.414484350840432,0.0,0.0,2.425,1.0,1.0,1665.4325837014458,1050.0,1665.451511869933,1050.0,0.002609575358405428,0.0
15599,1675983601000.0,0.0,0.0,9.7,2.3127910412622867,0.0,0.0,2.323,1.0,1.0,1665.508348630177,1050.0,1665.6073755299328,1050.0,0.013469805251168768,0.0
15600,1675987201000.0,0.0,0.0,0.5,2.3707777189475925,0.0,0.0,2.376,1.0,1.0,1665.8269266894083,1050.0,1665.8295378299345,1050.0,0.0007115918469571064,0.0
15601,1675990801000.0,0.0,0.0,0.5,2.3776666313685553,0.0,0.0,2.373,1.0,1.0,1665.8300756456188,1050.0,1665.8277423299344,1050.0,0.0007136582134426445,0.0
15602,1675994401000.0,0.0,0.0,0.5,2.384599978821133,0.0,0.0,2.386,1.0,1.0,1665.833246539345,1050.0,1665.8339465499346,1050.0,0.0007157378998693228,0.0
15603,1675998001000.0,0.0,0.0,0.5,2.384599978821133,0.0,0.0,2.386,1.0,1.0,1665.833246539345,1050.0,1665.8339465499346,1050.0,0.0007157378998693228,0.0
15604,1676001601000.0,0.0,0.0,0.5,2.384599978821133,0.0,0.0,2.364,1.0,1.0,1665.833246539345,1050.0,1665.8229465499344,1050.0,0.0007157378998693228,0.0
15605,1676005201000.0,0.0,0.0,0.5,2.384599978821133,0.0,0.0,2.354,1.0,1.0,1665.833246539345,1050.0,1665.8179465499345,1050.0,0.0007157378998693228,0.0
15606,1676008801000.0,0.0,0.0,0.5,2.3577999947052835,0.0,0.0,2.36,1.0,1.0,1665.8472232672873,1050.0,1665.8483232699346,1050.0,0.0007076879445405695,0.0
15607,1676012401000.0,0.0,0.0,0.5,2.3832527988563412,0.0,0.0,2.398,1.0,1.0,1665.8576631893627,1050.0,1665.8650367899345,1050.0,0.00071532305896216,0.0
15608,1676016001000.0,0.0,0.0,0.5,2.3899516793138047,0.0,0.0,2.403,1.0,1.0,1665.8607166495913,1050.0,1665.8672408099344,1050.0,0.0007173323842225291,0.0
15609,1676019601000.0,0.0,0.0,0.4,2.40742260455297,0.0,0.0,2.42,1.0,1.0,1665.8686924717558,1050.0,1665.8737234299347,1050.0,0.0005780581904041725,0.0
15610,1676023201000.0,0.0,0.0,0.5,2.414453562731782,0.0,0.0,2.401,1.0,1.0,1665.8702774713006,1050.0,1665.8635506899348,1050.0,0.0007246823463339504,0.0
15611,1676026801000.0,0.0,0.0,0.5,2.414453562731782,0.0,0.0,2.412,1.0,1.0,1665.8702774713006,1050.0,1665.8690506899347,1050.0,0.0007246823463339504,0.0
15612,1676030401000.0,0.0,0.0,0.5,2.414453562731782,0.0,0.0,2.386,1.0,1.0,1665.8702774713006,1050.0,1665.8560506899348,1050.0,0.0007246823463339504,0.0
15613,1676034001000.0,0.0,0.0,0.5,2.414453562731782,0.0,0.0,2.396,1.0,1.0,1665.8702774713006,1050.0,1665.8610506899347,1050.0,0.0007246823463339504,0.0
15614,1676037601000.0,0.0,0.0,0.5,2.4287232825834417,0.0,0.0,2.428,1.0,1.0,1665.8766175112264,1050.0,1665.8762558699348,1050.0,0.0007289625345158776,0.0
15615,1676041201000.0,0.0,0.0,0.5,2.4495482290380233,0.0,0.0,2.455,1.0,1.0,1665.8861356844543,1050.0,1665.8888615699352,1050.0,0.0007352087806504223,0.0
15616,1676044801000.0,0.0,0.0,0.9,2.4437548522098727,0.0,0.0,2.419,1.0,1.0,1665.898697556924,1050.0,1665.876418189935,1050.0,0.0013202359604544515,0.0
15617,1676048401000.0,0.0,0.0,0.9,2.4437548522098727,0.0,0.0,2.401,1.0,1.0,1665.898697556924,1050.0,1665.860218189935,1050.0,0.0013202359604544515,0.0
15618,1676052001000.0,0.0,0.0,2.1,2.410180650947088,0.0,0.0,2.409,1.0,1.0,1665.898411356924,1050.0,1665.8959319899352,1050.0,0.003038228101115866,0.0
15619,1676055601000.0,0.0,0.0,1.3,2.410180650947088,0.0,0.0,2.429,1.0,1.0,1665.9108727561663,1050.0,1665.935337909935,1050.0,0.0018807938032407666,0.0
15620,1676059201000.0,0.0,0.0,0.5,2.444791020604571,0.0,0.0,2.452,1.0,1.0,1665.936645310238,1050.0,1665.9402497999356,1050.0,0.0007337587018950805,0.0
15621,1676062801000.0,0.0,0.0,0.5,2.444791020604571,0.0,0.0,2.434,1.0,1.0,1665.936645310238,1050.0,1665.9312497999356,1050.0,0.0007337587018950805,0.0
15622,1676066401000.0,0.0,0.0,1.2,2.410496258585238,0.0,0.0,2.386,1.0,1.0,1665.936478290238,1050.0,1665.9070827799358,1050.0,0.0017363180097184593,0.0
15623,1676070001000.0,0.0,0.0,1.2,2.410496258585238,0.0,0.0,2.401,1.0,1.0,1665.936478290238,1050.0,1665.9250827799358,1050.0,0.0017363180097184593,0.0
15624,1676073601000.0,0.0,0.0,1.2,2.410496258585238,0.0,0.0,2.393,1.0,1.0,1665.936478290238,1050.0,1665.9154827799357,1050.0,0.0017363180097184593,0.0
15625,1676077201000.0,0.0,0.0,1.2,2.410496258585238,0.0,0.0,2.394,1.0,1.0,1665.936478290238,1050.0,1665.9166827799359,1050.0,0.0017363180097184593,0.0
15626,1676080801000.0,0.0,0.0,1.2,2.410496258585238,0.0,0.0,2.375,1.0,1.0,1665.936478290238,1050.0,1665.8938827799357,1050.0,0.0017363180097184593,0.0
15627,1676084401000.0,0.0,0.0,1.2,2.410496258585238,0.0,0.0,2.372,1.0,1.0,1665.936478290238,1050.0,1665.8902827799357,1050.0,0.0017363180097184593,0.0
15628,1676088001000.0,0.0,0.0,1.2,2.410496258585238,0.0,0.0,2.397,1.0,1.0,1665.936478290238,1050.0,1665.9202827799356,1050.0,0.0017363180097184593,0.0
15629,1676091601000.0,0.0,0.0,1.2,2.410496258585238,0.0,0.0,2.397,1.0,1.0,1665.936478290238,1050.0,1665.9202827799356,1050.0,0.0017363180097184593,0.0
15630,1676095201000.0,0.0,0.0,1.2,2.410496258585238,0.0,0.0,2.38,1.0,1.0,1665.936478290238,1050.0,1665.8998827799358,1050.0,0.0017363180097184593,0.0
15631,1676098801000.0,0.0,0.0,1.2,2.410496258585238,0.0,0.0,2.379,1.0,1.0,1665.936478290238,1050.0,1665.8986827799358,1050.0,0.0017363180097184593,0.0
15632,1676102401000.0,0.0,0.0,1.2,2.410496258585238,0.0,0.0,2.404,1.0,1.0,1665.936478290238,1050.0,1665.9286827799358,1050.0,0.0017363180097184593,0.0
15633,1676106001000.0,0.0,0.0,1.2,2.410496258585238,0.0,0.0,2.412,1.0,1.0,1665.936478290238,1050.0,1665.9382827799357,1050.0,0.0017363180097184593,0.0
15634,1676109601000.0,0.0,0.0,1.2,2.410496258585238,0.0,0.0,2.407,1.0,1.0,1665.936478290238,1050.0,1665.9322827799358,1050.0,0.0017363180097184593,0.0
15635,1676113201000.0,0.0,0.0,1.2,2.410496258585238,0.0,0.0,2.39,1.0,1.0,1665.936478290238,1050.0,1665.9118827799357,1050.0,0.0017363180097184593,0.0
15636,1676116801000.0,0.0,0.0,1.2,2.410496258585238,0.0,0.0,2.395,1.0,1.0,1665.936478290238,1050.0,1665.9178827799358,1050.0,0.0017363180097184593,0.0
15637,1676120401000.0,0.0,0.0,1.2,2.410496258585238,0.0,0.0,2.42,1.0,1.0,1665.936478290238,1050.0,1665.9478827799358,1050.0,0.0017363180097184593,0.0
15638,1676124001000.0,0.0,0.0,0.5,2.4244986530906854,0.0,0.0,2.439,1.0,1.0,1665.9542677364807,1050.0,1665.9615184099353,1050.0,0.0007276606267184132,0.0
15639,1676127601000.0,0.0,0.0,0.5,2.431899191854411,0.0,0.0,2.448,1.0,1.0,1665.9574703258625,1050.0,1665.9655207299352,1050.0,0.0007298803346338517,0.0
15640,1676131201000.0,0.0,0.0,0.5,2.4387395151126467,0.0,0.0,2.446,1.0,1.0,1665.9605925474914,1050.0,1665.964222789935,1050.0,0.0007319319334509186,0.0
15641,1676134801000.0,0.0,0.0,0.5,2.4387395151126467,0.0,0.0,2.428,1.0,1.0,1665.9605925474914,1050.0,1665.955222789935,1050.0,0.0007319319334509186,0.0
15642,1676138401000.0,0.0,0.0,0.5,2.4387395151126467,0.0,0.0,2.423,1.0,1.0,1665.9605925474914,1050.0,1665.952722789935,1050.0,0.0007319319334509186,0.0
15643,1676142001000.0,0.0,0.0,0.5,2.4387395151126467,0.0,0.0,2.405,1.0,1.0,1665.9605925474914,1050.0,1665.943722789935,1050.0,0.0007319319334509186,0.0
15644,1676145601000.0,0.0,0.0,0.5,2.4387395151126467,0.0,0.0,2.411,1.0,1.0,1665.9605925474914,1050.0,1665.9467227899352,1050.0,0.0007319319334509186,0.0
15645,1676149201000.0,0.0,0.0,0.5,2.4387395151126467,0.0,0.0,2.401,1.0,1.0,1665.9605925474914,1050.0,1665.941722789935,1050.0,0.0007319319334509186,0.0
15646,1676152801000.0,0.0,0.0,0.5,2.4387395151126467,0.0,0.0,2.437,1.0,1.0,1665.9605925474914,1050.0,1665.959722789935,1050.0,0.0007319319334509186,0.0
15647,1676156401000.0,0.0,0.0,0.5,2.4387395151126467,0.0,0.0,2.44,1.0,1.0,1665.9605925474914,1050.0,1665.9612227899352,1050.0,0.0007319319334509186,0.0
15648,1676160001000.0,0.0,0.0,0.5,2.4387395151126467,0.0,0.0,2.442,1.0,1.0,1665.9605925474914,1050.0,1665.9622227899351,1050.0,0.0007319319334509186,0.0
15649,1676163601000.0,0.0,0.0,0.5,2.4387395151126467,0.0,0.0,2.429,1.0,1.0,1665.9605925474914,1050.0,1665.955722789935,1050.0,0.0007319319334509186,0.0
15650,1676167201000.0,0.0,0.0,0.5,2.4387395151126467,0.0,0.0,2.429,1.0,1.0,1665.9605925474914,1050.0,1665.955722789935,1050.0,0.0007319319334509186,0.0
15651,1676170801000.0,0.0,0.0,0.5,2.4387395151126467,0.0,0.0,2.453,1.0,1.0,1665.9605925474914,1050.0,1665.9677227899351,1050.0,0.0007319319334509186,0.0
15652,1676174401000.0,0.0,0.0,0.5,2.4387395151126467,0.0,0.0,2.441,1.0,1.0,1665.9605925474914,1050.0,1665.961722789935,1050.0,0.0007319319334509186,0.0
15653,1676178001000.0,0.0,0.0,0.5,2.4387395151126467,0.0,0.0,2.428,1.0,1.0,1665.9605925474914,1050.0,1665.955222789935,1050.0,0.0007319319334509186,0.0
15654,1676181601000.0,0.0,0.0,0.5,2.4387395151126467,0.0,0.0,2.428,1.0,1.0,1665.9605925474914,1050.0,1665.955222789935,1050.0,0.0007319319334509186,0.0
15655,1676185201000.0,0.0,0.0,0.5,2.4387395151126467,0.0,0.0,2.455,1.0,1.0,1665.9605925474914,1050.0,1665.968722789935,1050.0,0.0007319319334509186,0.0
15656,1676188801000.0,0.0,0.0,0.5,2.4387395151126467,0.0,0.0,2.414,1.0,1.0,1665.9605925474914,1050.0,1665.948222789935,1050.0,0.0007319319334509186,0.0
15657,1676192401000.0,0.0,0.0,0.5,2.4387395151126467,0.0,0.0,2.411,1.0,1.0,1665.9605925474914,1050.0,1665.9467227899352,1050.0,0.0007319319334509186,0.0
15658,1676196001000.0,0.0,0.0,0.5,2.4387395151126467,0.0,0.0,2.428,1.0,1.0,1665.9605925474914,1050.0,1665.955222789935,1050.0,0.0007319319334509186,0.0
15659,1676199601000.0,0.0,0.0,0.5,2.4387395151126467,0.0,0.0,2.434,1.0,1.0,1665.9605925474914,1050.0,1665.958222789935,1050.0,0.0007319319334509186,0.0
15660,1676203201000.0,0.0,0.0,0.5,2.4387395151126467,0.0,0.0,2.432,1.0,1.0,1665.9605925474914,1050.0,1665.957222789935,1050.0,0.0007319319334509186,0.0
15661,1676206801000.0,0.0,0.0,0.5,2.4387395151126467,0.0,0.0,2.413,1.0,1.0,1665.9605925474914,1050.0,1665.9477227899351,1050.0,0.0007319319334509186,0.0
15662,1676210401000.0,0.0,0.0,0.5,2.4387395151126467,0.0,0.0,2.42,1.0,1.0,1665.9605925474914,1050.0,1665.9512227899352,1050.0,0.0007319319334509186,0.0
15663,1676214001000.0,0.0,0.0,0.5,2.445643709067588,0.0,0.0,2.425,1.0,1.0,1665.9637464244688,1050.0,1665.9534245699351,1050.0,0.0007340026799252046,0.0
15664,1676217601000.0,0.0,0.0,0.5,2.445643709067588,0.0,0.0,2.432,1.0,1.0,1665.9637464244688,1050.0,1665.956924569935,1050.0,0.0007340026799252046,0.0
15665,1676221201000.0,0.0,0.0,0.5,2.459551735264332,0.0,0.0,2.469,1.0,1.0,1665.9701031575676,1050.0,1665.9748272899353,1050.0,0.0007381740316355807,0.0
15666,1676224801000.0,0.0,0.0,0.5,2.4875067048902575,0.0,0.0,2.498,1.0,1.0,1665.9828827223803,1050.0,1665.9881293699352,1050.0,0.0007465583022153945,0.0
15667,1676228401000.0,0.0,0.0,0.5,2.494504022934154,0.0,0.0,2.473,1.0,1.0,1665.986081201402,1050.0,1665.9753291899349,1050.0,0.000748656921891952,0.0
15668,1676232001000.0,0.0,0.0,0.5,2.494504022934154,0.0,0.0,2.468,1.0,1.0,1665.986081201402,1050.0,1665.9728291899348,1050.0,0.000748656921891952,0.0
15669,1676235601000.0,0.0,0.0,0.5,2.494504022934154,0.0,0.0,2.45,1.0,1.0,1665.986081201402,1050.0,1665.9638291899348,1050.0,0.000748656921891952,0.0
15670,1676239201000.0,0.0,0.0,2.8,2.4248042898096704,0.0,0.0,2.377,1.0,1.0,1665.9855269814018,1050.0,1665.8516749699347,1050.0,0.0040753367310272385,0.0
15671,1676242801000.0,0.0,0.0,15.2,2.355983684964939,0.0,0.0,2.348,1.0,1.0,1665.9826248314016,1050.0,1665.8612728199346,1050.0,0.02149539345591384,0.0
15672,1676246401000.0,0.0,0.0,15.2,2.355983684964939,0.0,0.0,2.352,1.0,1.0,1665.9826248314016,1050.0,1665.9220728199346,1050.0,0.02149539345591384,0.0
15673,1676250001000.0,0.0,0.0,2.1,2.355983684964939,0.0,0.0,2.384,1.0,1.0,1666.2257275983613,1050.0,1666.284561859935,1050.0,0.0029693250178999568,0.0
15674,1676253601000.0,0.0,0.0,1.4,2.355983684964939,0.0,0.0,2.328,1.0,1.0,1666.243272328886,1050.0,1666.204095169935,1050.0,0.0019795291682353305,0.0
15675,1676257201000.0,0.0,0.0,1.4,2.355983684964939,0.0,0.0,2.355,1.0,1.0,1666.243272328886,1050.0,1666.241895169935,1050.0,0.0019795291682353305,0.0
15676,1676260801000.0,0.0,0.0,1.0,2.355983684964939,0.0,0.0,2.382,1.0,1.0,1666.2495839749001,1050.0,1666.2756002899353,1050.0,0.0014139440499331755,0.0
15677,1676264401000.0,0.0,0.0,0.5,2.3696741265873777,0.0,0.0,2.379,1.0,1.0,1666.2637286732295,1050.0,1666.2683916099359,1050.0,0.0007110741492507438,0.0
15678,1676268001000.0,0.0,0.0,0.5,2.3909376113428737,0.0,0.0,2.384,1.0,1.0,1666.2732731756073,1050.0,1666.2698043699359,1050.0,0.0007174506276471058,0.0
15679,1676271601000.0,0.0,0.0,0.5,2.3909376113428737,0.0,0.0,2.369,1.0,1.0,1666.2732731756073,1050.0,1666.262304369936,1050.0,0.0007174506276471058,0.0
15680,1676275201000.0,0.0,0.0,0.5,2.3909376113428737,0.0,0.0,2.374,1.0,1.0,1666.2732731756073,1050.0,1666.264804369936,1050.0,0.0007174506276471058,0.0
15681,1676278801000.0,0.0,0.0,2.8,2.3244888591683703,0.0,0.0,2.292,1.0,1.0,1666.2727418656073,1050.0,1666.1817730599357,1050.0,0.0039060645008117062,0.0
15682,1676282401000.0,0.0,0.0,6.2,2.25812952668891,0.0,0.0,2.261,1.0,1.0,1666.4017489254068,1050.0,1666.4195458599356,1050.0,0.008401577275407638,0.0
15683,1676286001000.0,0.0,0.0,2.7,2.25812952668891,0.0,0.0,2.268,1.0,1.0,1666.4530000319958,1050.0,1666.4796503099358,1050.0,0.003658638870669018,0.0
15684,1676289601000.0,0.0,0.0,0.4,2.2810866296080077,0.0,0.0,2.3,1.0,1.0,1666.5354745917791,1050.0,1666.5430399399359,1050.0,0.000547503888008568,0.0
15685,1676293201000.0,0.0,0.0,0.5,2.3247334508788793,0.0,0.0,2.338,1.0,1.0,1666.551819775375,1050.0,1666.5584530499355,1050.0,0.0006974680964892579,0.0
15686,1676296801000.0,0.0,0.0,0.5,2.361995855233903,0.0,0.0,2.335,1.0,1.0,1666.5664734175527,1050.0,1666.5529754899358,1050.0,0.0007086413572181926,0.0
15687,1676300401000.0,0.0,0.0,0.5,2.361995855233903,0.0,0.0,2.373,1.0,1.0,1666.5664734175527,1050.0,1666.5719754899358,1050.0,0.0007086413572181926,0.0
15688,1676304001000.0,0.0,0.0,0.9,2.4131005868041027,0.0,0.0,2.387,1.0,1.0,1666.5999999080593,1050.0,1666.5765093799357,1050.0,0.0013031264420037818,0.0
15689,1676307601000.0,0.0,0.0,2.1,2.3799002514874728,0.0,0.0,2.357,1.0,1.0,1666.5997173080593,1050.0,1666.5516267799355,1050.0,0.0029987947773063776,0.0
15690,1676311201000.0,0.0,0.0,4.9,2.346814393494631,0.0,0.0,2.336,1.0,1.0,1666.5990671480592,1050.0,1666.5460766199355,1050.0,0.006899914175400229,0.0
15691,1676314801000.0,0.0,0.0,0.5,2.3636886360967786,0.0,0.0,2.387,1.0,1.0,1666.6909843179833,1050.0,1666.702639999935,1050.0,0.0007090962446958966,0.0
15692,1676318401000.0,0.0,0.0,0.5,2.4007692472381423,0.0,0.0,2.405,1.0,1.0,1666.707040313554,1050.0,1666.709155689935,1050.0,0.0007202133275882997,0.0
15693,1676322001000.0,0.0,0.0,0.5,2.4007692472381423,0.0,0.0,2.387,1.0,1.0,1666.707040313554,1050.0,1666.700155689935,1050.0,0.0007202133275882997,0.0
15694,1676325601000.0,0.0,0.0,0.5,2.4007692472381423,0.0,0.0,2.364,1.0,1.0,1666.707040313554,1050.0,1666.6886556899349,1050.0,0.0007202133275882997,0.0
15695,1676329201000.0,0.0,0.0,0.5,2.4007692472381423,0.0,0.0,2.357,1.0,1.0,1666.707040313554,1050.0,1666.6851556899348,1050.0,0.0007202133275882997,0.0
15696,1676332801000.0,0.0,0.0,0.5,2.4007692472381423,0.0,0.0,2.399,1.0,1.0,1666.707040313554,1050.0,1666.706155689935,1050.0,0.0007202133275882997,0.0
15697,1676336401000.0,0.0,0.0,0.5,2.4007692472381423,0.0,0.0,2.372,1.0,1.0,1666.707040313554,1050.0,1666.692655689935,1050.0,0.0007202133275882997,0.0
15698,1676340001000.0,0.0,0.0,0.5,2.4007692472381423,0.0,0.0,2.369,1.0,1.0,1666.707040313554,1050.0,1666.691155689935,1050.0,0.0007202133275882997,0.0
15699,1676343601000.0,0.0,0.0,0.5,2.4007692472381423,0.0,0.0,2.361,1.0,1.0,1666.707040313554,1050.0,1666.687155689935,1050.0,0.0007202133275882997,0.0
15700,1676347201000.0,0.0,0.0,0.5,2.4007692472381423,0.0,0.0,2.354,1.0,1.0,1666.707040313554,1050.0,1666.683655689935,1050.0,0.0007202133275882997,0.0
15701,1676350801000.0,0.0,0.0,0.5,2.4007692472381423,0.0,0.0,2.35,1.0,1.0,1666.707040313554,1050.0,1666.6816556899348,1050.0,0.0007202133275882997,0.0
15702,1676354401000.0,0.0,0.0,1.2,2.367070519682559,0.0,0.0,2.348,1.0,1.0,1666.706876303554,1050.0,1666.683991679935,1050.0,0.0017042496578154988,0.0
15703,1676358001000.0,0.0,0.0,1.2,2.367070519682559,0.0,0.0,2.352,1.0,1.0,1666.706876303554,1050.0,1666.688791679935,1050.0,0.0017042496578154988,0.0
15704,1676361601000.0,0.0,0.0,1.2,2.367070519682559,0.0,0.0,2.359,1.0,1.0,1666.706876303554,1050.0,1666.697191679935,1050.0,0.0017042496578154988,0.0
15705,1676365201000.0,0.0,0.0,1.2,2.367070519682559,0.0,0.0,2.336,1.0,1.0,1666.706876303554,1050.0,1666.669591679935,1050.0,0.0017042496578154988,0.0
15706,1676368801000.0,0.0,0.0,0.5,2.3738423118095353,0.0,0.0,2.383,1.0,1.0,1666.7209506858396,1050.0,1666.7255295299349,1050.0,0.0007121294991920279,0.0
15707,1676372401000.0,0.0,0.0,0.5,2.3738423118095353,0.0,0.0,2.366,1.0,1.0,1666.7209506858396,1050.0,1666.717029529935,1050.0,0.0007121294991920279,0.0
15708,1676376001000.0,0.0,0.0,0.5,2.3738423118095353,0.0,0.0,2.348,1.0,1.0,1666.7209506858396,1050.0,1666.708029529935,1050.0,0.0007121294991920279,0.0
15709,1676379601000.0,0.0,0.0,0.5,2.3738423118095353,0.0,0.0,2.355,1.0,1.0,1666.7209506858396,1050.0,1666.7115295299348,1050.0,0.0007121294991920279,0.0
15710,1676383201000.0,0.0,0.0,0.5,2.3969129292900573,0.0,0.0,2.39,1.0,1.0,1666.7550872845798,1050.0,1666.7516308199347,1050.0,0.0007190357322367696,0.0
15711,1676386801000.0,0.0,0.0,0.5,2.4439945741381597,0.0,0.0,2.457,1.0,1.0,1666.8034695770034,1050.0,1666.8099722899344,1050.0,0.0007331381949781967,0.0
15712,1676390401000.0,0.0,0.0,1.2,2.4449296744482893,0.0,0.0,2.448,1.0,1.0,1666.815772029273,1050.0,1666.819456419935,1050.0,0.0017601918931724754,0.0
15713,1676394001000.0,0.0,0.0,1.2,2.4449296744482893,0.0,0.0,2.435,1.0,1.0,1666.815772029273,1050.0,1666.803856419935,1050.0,0.0017601918931724754,0.0
15714,1676397601000.0,0.0,0.0,1.2,2.4449296744482893,0.0,0.0,2.454,1.0,1.0,1666.815772029273,1050.0,1666.826656419935,1050.0,0.0017601918931724754,0.0
15715,1676401201000.0,0.0,0.0,0.5,2.4716888096808307,0.0,0.0,2.479,1.0,1.0,1666.8377314147756,1050.0,1666.8413870099353,1050.0,0.0007414305433267685,0.0
15716,1676404801000.0,0.0,0.0,0.5,2.4716888096808307,0.0,0.0,2.479,1.0,1.0,1666.8377314147756,1050.0,1666.8413870099353,1050.0,0.0007414305433267685,0.0
15717,1676408401000.0,0.0,0.0,0.4,2.4814132858084985,0.0,0.0,2.476,1.0,1.0,1666.8425276642588,1050.0,1666.8403623499355,1050.0,0.0005954763559544393,0.0
15718,1676412001000.0,0.0,0.0,0.4,2.4814132858084985,0.0,0.0,2.474,1.0,1.0,1666.8425276642588,1050.0,1666.8395623499355,1050.0,0.0005954763559544393,0.0
15719,1676415601000.0,0.0,0.0,0.4,2.4814132858084985,0.0,0.0,2.472,1.0,1.0,1666.8425276642588,1050.0,1666.8387623499355,1050.0,0.0005954763559544393,0.0
15720,1676419201000.0,0.0,0.0,0.5,2.4884479714850993,0.0,0.0,2.488,1.0,1.0,1666.8441113756778,1050.0,1666.8438873899352,1050.0,0.0007464549187600202,0.0
15721,1676422801000.0,0.0,0.0,0.5,2.4884479714850993,0.0,0.0,2.458,1.0,1.0,1666.8441113756778,1050.0,1666.8288873899353,1050.0,0.0007464549187600202,0.0
15722,1676426401000.0,0.0,0.0,0.5,2.4884479714850993,0.0,0.0,2.439,1.0,1.0,1666.8441113756778,1050.0,1666.8193873899352,1050.0,0.0007464549187600202,0.0
15723,1676430001000.0,0.0,0.0,0.5,2.4884479714850993,0.0,0.0,2.435,1.0,1.0,1666.8441113756778,1050.0,1666.8173873899352,1050.0,0.0007464549187600202,0.0
15724,1676433601000.0,0.0,0.0,0.5,2.4884479714850993,0.0,0.0,2.448,1.0,1.0,1666.8441113756778,1050.0,1666.8238873899352,1050.0,0.0007464549187600202,0.0
15725,1676437201000.0,0.0,0.0,0.5,2.4884479714850993,0.0,0.0,2.437,1.0,1.0,1666.8441113756778,1050.0,1666.8183873899352,1050.0,0.0007464549187600202,0.0
15726,1676440801000.0,0.0,0.0,0.5,2.4884479714850993,0.0,0.0,2.434,1.0,1.0,1666.8441113756778,1050.0,1666.8168873899353,1050.0,0.0007464549187600202,0.0
15727,1676444401000.0,0.0,0.0,1.2,2.4531866547854584,0.0,0.0,2.436,1.0,1.0,1666.8439414156778,1050.0,1666.8233174299353,1050.0,0.0017661065397893891,0.0
15728,1676448001000.0,0.0,0.0,1.2,2.4531866547854584,0.0,0.0,2.437,1.0,1.0,1666.8439414156778,1050.0,1666.8245174299352,1050.0,0.0017661065397893891,0.0
15729,1676451601000.0,0.0,0.0,1.2,2.4531866547854584,0.0,0.0,2.436,1.0,1.0,1666.8439414156778,1050.0,1666.8233174299353,1050.0,0.0017661065397893891,0.0
15730,1676455201000.0,0.0,0.0,1.2,2.4531866547854584,0.0,0.0,2.463,1.0,1.0,1666.8439414156778,1050.0,1666.8557174299353,1050.0,0.0017661065397893891,0.0
15731,1676458801000.0,0.0,0.0,0.6,2.4531866547854584,0.0,0.0,2.47,1.0,1.0,1666.8538812228062,1050.0,1666.8639692299348,1050.0,0.0008830480040586871,0.0
15732,1676462401000.0,0.0,0.0,0.5,2.4744323174336587,0.0,0.0,2.488,1.0,1.0,1666.8652633886516,1050.0,1666.8720472299347,1050.0,0.0007422412512224488,0.0
15733,1676466001000.0,0.0,0.0,0.5,2.525306105321311,0.0,0.0,2.535,1.0,1.0,1666.8877965825957,1050.0,1666.892643529935,1050.0,0.0007574913292000275,0.0
15734,1676469601000.0,0.0,0.0,0.5,2.5327836631927862,0.0,0.0,2.53,1.0,1.0,1666.8910336415317,1050.0,1666.8896418099353,1050.0,0.0007597328235846359,0.0
15735,1676473201000.0,0.0,0.0,0.5,2.5327836631927862,0.0,0.0,2.504,1.0,1.0,1666.8910336415317,1050.0,1666.8766418099353,1050.0,0.0007597328235846359,0.0
15736,1676476801000.0,0.0,0.0,0.5,2.5327836631927862,0.0,0.0,2.538,1.0,1.0,1666.8910336415317,1050.0,1666.8936418099354,1050.0,0.0007597328235846359,0.0
15737,1676480401000.0,0.0,0.0,0.4,2.540070197915672,0.0,0.0,2.524,1.0,1.0,1666.8960422991017,1050.0,1666.8896142199355,1050.0,0.0006095329602948066,0.0
15738,1676484001000.0,0.0,0.0,0.4,2.540070197915672,0.0,0.0,2.526,1.0,1.0,1666.8960422991017,1050.0,1666.8904142199356,1050.0,0.0006095329602948066,0.0
15739,1676487601000.0,0.0,0.0,0.4,2.540070197915672,0.0,0.0,2.529,1.0,1.0,1666.8960422991017,1050.0,1666.8916142199355,1050.0,0.0006095329602948066,0.0
15740,1676491201000.0,0.0,0.0,0.4,2.569084297649871,0.0,0.0,2.59,1.0,1.0,1666.9093366889947,1050.0,1666.9177029699347,1050.0,0.0006164904691824161,0.0
15741,1676494801000.0,0.0,0.0,0.4,2.633230580230642,0.0,0.0,2.644,1.0,1.0,1666.9363095520266,1050.0,1666.9406173199343,1050.0,0.0006318731112020226,0.0
15742,1676498401000.0,0.0,0.0,0.4,2.6381729351729812,0.0,0.0,2.623,1.0,1.0,1666.9380334540035,1050.0,1666.9319642799344,1050.0,0.0006330584298221371,0.0
15743,1676502001000.0,0.0,0.0,0.4,2.7054491167272174,0.0,0.0,2.697,1.0,1.0,1666.959805406625,1050.0,1666.956425759934,1050.0,0.0006491936057371874,0.0
15744,1676505601000.0,0.0,0.0,0.4,2.7275405408394704,0.0,0.0,2.734,1.0,1.0,1666.9669232662702,1050.0,1666.9695070499345,1050.0,0.0006544918205083764,0.0
15745,1676509201000.0,0.0,0.0,0.9,2.7125968468888835,0.0,0.0,2.684,1.0,1.0,1666.973889512135,1050.0,1666.948152349935,1050.0,0.001464532334645319,0.0
15746,1676512801000.0,0.0,0.0,0.9,2.7125968468888835,0.0,0.0,2.705,1.0,1.0,1666.973889512135,1050.0,1666.9670523499349,1050.0,0.001464532334645319,0.0
15747,1676516401000.0,0.0,0.0,0.9,2.7125968468888835,0.0,0.0,2.718,1.0,1.0,1666.973889512135,1050.0,1666.978752349935,1050.0,0.001464532334645319,0.0
15748,1676520001000.0,0.0,0.0,0.9,2.7125968468888835,0.0,0.0,2.724,1.0,1.0,1666.973889512135,1050.0,1666.984152349935,1050.0,0.001464532334645319,0.0
15749,1676523601000.0,0.0,0.0,0.9,2.7125968468888835,0.0,0.0,2.695,1.0,1.0,1666.973889512135,1050.0,1666.958052349935,1050.0,0.001464532334645319,0.0
15750,1676527201000.0,0.0,0.0,0.9,2.7125968468888835,0.0,0.0,2.692,1.0,1.0,1666.973889512135,1050.0,1666.955352349935,1050.0,0.001464532334645319,0.0
15751,1676530801000.0,0.0,0.0,0.9,2.7125968468888835,0.0,0.0,2.69,1.0,1.0,1666.973889512135,1050.0,1666.953552349935,1050.0,0.001464532334645319,0.0
15752,1676534401000.0,0.0,0.0,2.1,2.67511293438095,0.0,0.0,2.667,1.0,1.0,1666.973571872135,1050.0,1666.9565347099349,1050.0,0.003370021730992927,0.0
15753,1676538001000.0,0.0,0.0,2.1,2.67511293438095,0.0,0.0,2.646,1.0,1.0,1666.973571872135,1050.0,1666.912434709935,1050.0,0.003370021730992927,0.0
15754,1676541601000.0,0.0,0.0,2.1,2.67511293438095,0.0,0.0,2.667,1.0,1.0,1666.973571872135,1050.0,1666.9565347099349,1050.0,0.003370021730992927,0.0
15755,1676545201000.0,0.0,0.0,2.1,2.67511293438095,0.0,0.0,2.645,1.0,1.0,1666.973571872135,1050.0,1666.910334709935,1050.0,0.003370021730992927,0.0
15756,1676548801000.0,0.0,0.0,2.1,2.67511293438095,0.0,0.0,2.652,1.0,1.0,1666.973571872135,1050.0,1666.9250347099348,1050.0,0.003370021730992927,0.0
15757,1676552401000.0,0.0,0.0,2.1,2.67511293438095,0.0,0.0,2.661,1.0,1.0,1666.973571872135,1050.0,1666.9439347099349,1050.0,0.003370021730992927,0.0
15758,1676556001000.0,0.0,0.0,4.9,2.6373341147346925,0.0,0.0,2.618,1.0,1.0,1666.972841352135,1050.0,1666.878104189935,1050.0,0.007752338155502154,0.0
15759,1676559601000.0,0.0,0.0,4.9,2.6373341147346925,0.0,0.0,2.639,1.0,1.0,1666.972841352135,1050.0,1666.981004189935,1050.0,0.007752338155502154,0.0
15760,1676563201000.0,0.0,0.0,0.4,2.684610978916403,0.0,0.0,2.698,1.0,1.0,1667.1070269815027,1050.0,1667.1123825899363,1050.0,0.0006441364436636594,0.0
15761,1676566801000.0,0.0,0.0,0.4,2.708707488160826,0.0,0.0,2.711,1.0,1.0,1667.1157942852005,1050.0,1667.1167112899361,1050.0,0.000649914660384397,0.0
15762,1676570401000.0,0.0,0.0,0.4,2.741205019255185,0.0,0.0,2.754,1.0,1.0,1667.126564127638,1050.0,1667.131682119936,1050.0,0.0006577077177555703,0.0
15763,1676574001000.0,0.0,0.0,0.4,2.741205019255185,0.0,0.0,2.756,1.0,1.0,1667.126564127638,1050.0,1667.132482119936,1050.0,0.0006577077177555703,0.0
15764,1676577601000.0,0.0,0.0,0.9,2.7094016730850616,0.0,0.0,2.683,1.0,1.0,1667.1282544157125,1050.0,1667.104492909936,1050.0,0.0014626718126321818,0.0
15765,1676581201000.0,0.0,0.0,2.1,2.6720292884650263,0.0,0.0,2.664,1.0,1.0,1667.1279371357125,1050.0,1667.1110756299358,1050.0,0.003365825369957657,0.0
15766,1676584801000.0,0.0,0.0,2.1,2.6720292884650263,0.0,0.0,2.635,1.0,1.0,1667.1279371357125,1050.0,1667.050175629936,1050.0,0.003365825369957657,0.0
15767,1676588401000.0,0.0,0.0,26.6,2.5567842671344567,0.0,0.0,2.511,1.0,1.0,1667.1216972157126,1050.0,1665.9038357099362,1050.0,0.04079513908274479,0.0
15768,1676592001000.0,0.0,0.0,205.0,2.4429188366135444,0.0,0.0,2.439,1.0,1.0,1667.0784184257125,1050.0,1666.2750569199359,1050.0,0.30040480158018007,0.0
15769,1676595601000.0,0.0,0.0,3.0,2.4429188366135444,0.0,0.0,2.491,1.0,1.0,1671.4370256297761,1050.0,1671.5812691199355,1050.0,0.0043847039388631775,0.0
15770,1676599201000.0,0.0,0.0,0.5,2.479638468708526,0.0,0.0,2.489,1.0,1.0,1671.5953648142904,1050.0,1671.6000455799362,1050.0,0.0007416981767546379,0.0
15771,1676602801000.0,0.0,0.0,0.5,2.4935498487350696,0.0,0.0,2.502,1.0,1.0,1671.6017205043036,1050.0,1671.6059455799361,1050.0,0.0007458564495802246,0.0
15772,1676606401000.0,0.0,0.0,0.5,2.500529909241042,0.0,0.0,2.494,1.0,1.0,1671.6049101145568,1050.0,1671.6016451599362,1050.0,0.0007479428584203184,0.0
15773,1676610001000.0,0.0,0.0,0.5,2.500529909241042,0.0,0.0,2.49,1.0,1.0,1671.6049101145568,1050.0,1671.5996451599362,1050.0,0.0007479428584203184,0.0
15774,1676613601000.0,0.0,0.0,0.5,2.500529909241042,0.0,0.0,2.488,1.0,1.0,1671.6049101145568,1050.0,1671.5986451599363,1050.0,0.0007479428584203184,0.0
15775,1676617201000.0,0.0,0.0,0.5,2.500529909241042,0.0,0.0,2.508,1.0,1.0,1671.6049101145568,1050.0,1671.6086451599363,1050.0,0.0007479428584203184,0.0
15776,1676620801000.0,0.0,0.0,0.5,2.534417476237639,0.0,0.0,2.532,1.0,1.0,1671.6192482780555,1050.0,1671.6180395399367,1050.0,0.0007580725930406571,0.0
15777,1676624401000.0,0.0,0.0,0.5,2.534417476237639,0.0,0.0,2.534,1.0,1.0,1671.6192482780555,1050.0,1671.6190395399367,1050.0,0.0007580725930406571,0.0
15778,1676628001000.0,0.0,0.0,0.3,2.534417476237639,0.0,0.0,2.553,1.0,1.0,1671.6225137628082,1050.0,1671.628088519937,1050.0,0.00045484266729562404,0.0
15779,1676631601000.0,0.0,0.0,0.5,2.5622661748673297,0.0,0.0,2.567,1.0,1.0,1671.630465067371,1050.0,1671.6328319799372,1050.0,0.0007663973074228651,0.0
15780,1676635201000.0,0.0,0.0,0.5,2.5622661748673297,0.0,0.0,2.539,1.0,1.0,1671.630465067371,1050.0,1671.6188319799373,1050.0,0.0007663973074228651,0.0
15781,1676638801000.0,0.0,0.0,0.5,2.5622661748673297,0.0,0.0,2.562,1.0,1.0,1671.630465067371,1050.0,1671.6303319799374,1050.0,0.0007663973074228651,0.0
15782,1676642401000.0,0.0,0.0,0.5,2.5622661748673297,0.0,0.0,2.534,1.0,1.0,1671.630465067371,1050.0,1671.6163319799373,1050.0,0.0007663973074228651,0.0
15783,1676646001000.0,0.0,0.0,0.4,2.5622661748673297,0.0,0.0,2.536,1.0,1.0,1671.6321126598841,1050.0,1671.6216061899372,1050.0,0.0006131172416376418,0.0
15784,1676649601000.0,0.0,0.0,0.5,2.569759704920398,0.0,0.0,2.577,1.0,1.0,1671.6337086323972,1050.0,1671.637328779937,1050.0,0.0007686371995401967,0.0
15785,1676653201000.0,0.0,0.0,1.2,2.580288357399035,0.0,0.0,2.575,1.0,1.0,1671.6525778088162,1050.0,1671.6462317799374,1050.0,0.0018522664756916766,0.0
15786,1676656801000.0,0.0,0.0,0.5,2.6086382851981913,0.0,0.0,2.598,1.0,1.0,1671.690454042537,1050.0,1671.685134899938,1050.0,0.0007802396307551724,0.0
15787,1676660401000.0,0.0,0.0,0.5,2.6086382851981913,0.0,0.0,2.594,1.0,1.0,1671.690454042537,1050.0,1671.683134899938,1050.0,0.0007802396307551724,0.0
15788,1676664001000.0,0.0,0.0,0.4,2.615982971118915,0.0,0.0,2.641,1.0,1.0,1671.6955966883856,1050.0,1671.705603499938,1050.0,0.0006259472062500265,0.0
15789,1676667601000.0,0.0,0.0,0.4,2.650254310304013,0.0,0.0,2.659,1.0,1.0,1671.7093814340599,1050.0,1671.7128797099383,1050.0,0.0006341423550618632,0.0
15790,1676671201000.0,0.0,0.0,0.4,2.6551907327280095,0.0,0.0,2.619,1.0,1.0,1671.7111026230293,1050.0,1671.6966263299382,1050.0,0.00063532286854154,0.0
15791,1676674801000.0,0.0,0.0,0.3,2.619529214545782,0.0,0.0,2.64,1.0,1.0,1671.721297324302,1050.0,1671.7274385599383,1050.0,0.00047008958109318364,0.0
15792,1676678401000.0,0.0,0.0,0.4,2.6310476831820018,0.0,0.0,2.622,1.0,1.0,1671.722978273211,1050.0,1671.7193591999383,1050.0,0.0006295415490190163,0.0
15793,1676682001000.0,0.0,0.0,0.4,2.6310476831820018,0.0,0.0,2.62,1.0,1.0,1671.722978273211,1050.0,1671.7185591999382,1050.0,0.0006295415490190163,0.0
15794,1676685601000.0,0.0,0.0,0.4,2.6310476831820018,0.0,0.0,2.638,1.0,1.0,1671.722978273211,1050.0,1671.7257591999382,1050.0,0.0006295415490190163,0.0
15795,1676689201000.0,0.0,0.0,0.4,2.6310476831820018,0.0,0.0,2.606,1.0,1.0,1671.722978273211,1050.0,1671.7129591999383,1050.0,0.0006295415490190163,0.0
15796,1676692801000.0,0.0,0.0,0.4,2.6310476831820018,0.0,0.0,2.619,1.0,1.0,1671.722978273211,1050.0,1671.7181591999383,1050.0,0.0006295415490190163,0.0
15797,1676696401000.0,0.0,0.0,0.4,2.6310476831820018,0.0,0.0,2.632,1.0,1.0,1671.722978273211,1050.0,1671.7233591999384,1050.0,0.0006295415490190163,0.0
15798,1676700001000.0,0.0,0.0,0.4,2.635785762386501,0.0,0.0,2.648,1.0,1.0,1671.7247205148929,1050.0,1671.7296062099383,1050.0,0.000630674591346517,0.0
15799,1676703601000.0,0.0,0.0,0.4,2.635785762386501,0.0,0.0,2.619,1.0,1.0,1671.7247205148929,1050.0,1671.7180062099383,1050.0,0.000630674591346517,0.0
15800,1676707201000.0,0.0,0.0,0.4,2.635785762386501,0.0,0.0,2.589,1.0,1.0,1671.7247205148929,1050.0,1671.7060062099383,1050.0,0.000630674591346517,0.0
15801,1676710801000.0,0.0,0.0,0.4,2.635785762386501,0.0,0.0,2.59,1.0,1.0,1671.7247205148929,1050.0,1671.7064062099382,1050.0,0.000630674591346517,0.0
15802,1676714401000.0,0.0,0.0,0.4,2.635785762386501,0.0,0.0,2.596,1.0,1.0,1671.7247205148929,1050.0,1671.7088062099383,1050.0,0.000630674591346517,0.0
15803,1676718001000.0,0.0,0.0,0.9,2.600349227727334,0.0,0.0,2.561,1.0,1.0,1671.724591914893,1050.0,1671.6891776099383,1050.0,0.0013999401075232524,0.0
15804,1676721601000.0,0.0,0.0,0.9,2.600349227727334,0.0,0.0,2.579,1.0,1.0,1671.724591914893,1050.0,1671.7053776099383,1050.0,0.0013999401075232524,0.0
15805,1676725201000.0,0.0,0.0,0.9,2.600349227727334,0.0,0.0,2.586,1.0,1.0,1671.724591914893,1050.0,1671.7116776099383,1050.0,0.0013999401075232524,0.0
15806,1676728801000.0,0.0,0.0,0.9,2.600349227727334,0.0,0.0,2.596,1.0,1.0,1671.724591914893,1050.0,1671.7206776099383,1050.0,0.0013999401075232524,0.0
15807,1676732401000.0,0.0,0.0,0.9,2.600349227727334,0.0,0.0,2.584,1.0,1.0,1671.724591914893,1050.0,1671.7098776099383,1050.0,0.0013999401075232524,0.0
15808,1676736001000.0,0.0,0.0,0.9,2.600349227727334,0.0,0.0,2.586,1.0,1.0,1671.724591914893,1050.0,1671.7116776099383,1050.0,0.0013999401075232524,0.0
15809,1676739601000.0,0.0,0.0,0.9,2.600349227727334,0.0,0.0,2.585,1.0,1.0,1671.724591914893,1050.0,1671.7107776099383,1050.0,0.0013999401075232524,0.0
15810,1676743201000.0,0.0,0.0,0.9,2.600349227727334,0.0,0.0,2.596,1.0,1.0,1671.724591914893,1050.0,1671.7206776099383,1050.0,0.0013999401075232524,0.0
15811,1676746801000.0,0.0,0.0,0.5,2.61508572198184,0.0,0.0,2.611,1.0,1.0,1671.7383059909284,1050.0,1671.7362631299375,1050.0,0.000782145660182064,0.0
15812,1676750401000.0,0.0,0.0,0.5,2.61508572198184,0.0,0.0,2.6,1.0,1.0,1671.7383059909284,1050.0,1671.7307631299375,1050.0,0.000782145660182064,0.0
15813,1676754001000.0,0.0,0.0,0.5,2.61508572198184,0.0,0.0,2.592,1.0,1.0,1671.7383059909284,1050.0,1671.7267631299376,1050.0,0.000782145660182064,0.0
15814,1676757601000.0,0.0,0.0,0.5,2.61508572198184,0.0,0.0,2.598,1.0,1.0,1671.7383059909284,1050.0,1671.7297631299375,1050.0,0.000782145660182064,0.0
15815,1676761201000.0,0.0,0.0,0.5,2.61508572198184,0.0,0.0,2.611,1.0,1.0,1671.7383059909284,1050.0,1671.7362631299375,1050.0,0.000782145660182064,0.0
15816,1676764801000.0,0.0,0.0,0.5,2.61508572198184,0.0,0.0,2.6,1.0,1.0,1671.7383059909284,1050.0,1671.7307631299375,1050.0,0.000782145660182064,0.0
15817,1676768401000.0,0.0,0.0,0.5,2.61508572198184,0.0,0.0,2.599,1.0,1.0,1671.7383059909284,1050.0,1671.7302631299376,1050.0,0.000782145660182064,0.0
15818,1676772001000.0,0.0,0.0,0.5,2.61508572198184,0.0,0.0,2.586,1.0,1.0,1671.7383059909284,1050.0,1671.7237631299374,1050.0,0.000782145660182064,0.0
15819,1676775601000.0,0.0,0.0,0.5,2.61508572198184,0.0,0.0,2.61,1.0,1.0,1671.7383059909284,1050.0,1671.7357631299376,1050.0,0.000782145660182064,0.0
15820,1676779201000.0,0.0,0.0,0.5,2.61508572198184,0.0,0.0,2.582,1.0,1.0,1671.7383059909284,1050.0,1671.7217631299375,1050.0,0.000782145660182064,0.0
15821,1676782801000.0,0.0,0.0,0.5,2.61508572198184,0.0,0.0,2.591,1.0,1.0,1671.7383059909284,1050.0,1671.7262631299375,1050.0,0.000782145660182064,0.0
15822,1676786401000.0,0.0,0.0,0.5,2.61508572198184,0.0,0.0,2.617,1.0,1.0,1671.7383059909284,1050.0,1671.7392631299376,1050.0,0.000782145660182064,0.0
15823,1676790001000.0,0.0,0.0,0.5,2.61508572198184,0.0,0.0,2.589,1.0,1.0,1671.7383059909284,1050.0,1671.7252631299375,1050.0,0.000782145660182064,0.0
15824,1676793601000.0,0.0,0.0,0.5,2.61508572198184,0.0,0.0,2.578,1.0,1.0,1671.7383059909284,1050.0,1671.7197631299375,1050.0,0.000782145660182064,0.0
15825,1676797201000.0,0.0,0.0,0.5,2.61508572198184,0.0,0.0,2.577,1.0,1.0,1671.7383059909284,1050.0,1671.7192631299374,1050.0,0.000782145660182064,0.0
15826,1676800801000.0,0.0,0.0,0.5,2.61508572198184,0.0,0.0,2.581,1.0,1.0,1671.7383059909284,1050.0,1671.7212631299376,1050.0,0.000782145660182064,0.0
15827,1676804401000.0,0.0,0.0,0.5,2.61508572198184,0.0,0.0,2.603,1.0,1.0,1671.7383059909284,1050.0,1671.7322631299376,1050.0,0.000782145660182064,0.0
15828,1676808001000.0,0.0,0.0,0.4,2.641057358701322,0.0,0.0,2.65,1.0,1.0,1671.7503425434184,1050.0,1671.7539195999377,1050.0,0.0006319262611146088,0.0
15829,1676811601000.0,0.0,0.0,0.4,2.6457930190259913,0.0,0.0,2.643,1.0,1.0,1671.7520836175481,1050.0,1671.7509664099377,1050.0,0.0006330587040874364,0.0
15830,1676815201000.0,0.0,0.0,0.4,2.674128445036607,0.0,0.0,2.686,1.0,1.0,1671.7624966679525,1050.0,1671.7672452899378,1050.0,0.0006398345340002553,0.0
15831,1676818801000.0,0.0,0.0,0.4,2.7596241310141014,0.0,0.0,2.747,1.0,1.0,1671.7925658823433,1050.0,1671.7875162299376,1050.0,0.0006602790770415035,0.0
15832,1676822401000.0,0.0,0.0,0.4,2.7596241310141014,0.0,0.0,2.726,1.0,1.0,1671.7925658823433,1050.0,1671.7791162299377,1050.0,0.0006602790770415035,0.0
15833,1676826001000.0,0.0,0.0,2.1,2.6851188820979237,0.0,0.0,2.666,1.0,1.0,1671.7921123923431,1050.0,1671.7519627399374,1050.0,0.0033728772917444626,0.0
15834,1676829601000.0,0.0,0.0,1.5,2.6473366637562528,0.0,0.0,2.618,1.0,1.0,1671.8505283155714,1050.0,1671.806523319937,1050.0,0.002375215324802547,0.0
15835,1676833201000.0,0.0,0.0,1.5,2.6473366637562528,0.0,0.0,2.632,1.0,1.0,1671.8505283155714,1050.0,1671.827523319937,1050.0,0.002375215324802547,0.0
15836,1676836801000.0,0.0,0.0,1.5,2.6473366637562528,0.0,0.0,2.612,1.0,1.0,1671.8505283155714,1050.0,1671.797523319937,1050.0,0.002375215324802547,0.0
15837,1676840401000.0,0.0,0.0,3.5,2.610572855895537,0.0,0.0,2.606,1.0,1.0,1671.8500117155713,1050.0,1671.834006719937,1050.0,0.005465206167782018,0.0
15838,1676844001000.0,0.0,0.0,2.2,2.610572855895537,0.0,0.0,2.634,1.0,1.0,1671.872325362907,1050.0,1671.9238650799368,1050.0,0.0034352265994495204,0.0
15839,1676847601000.0,0.0,0.0,0.4,2.640271003318846,0.0,0.0,2.651,1.0,1.0,1671.9344809912632,1050.0,1671.9387725899355,1050.0,0.0006316685332677562,0.0
15840,1676851201000.0,0.0,0.0,0.4,2.640271003318846,0.0,0.0,2.615,1.0,1.0,1671.9344809912632,1050.0,1671.9243725899357,1050.0,0.0006316685332677562,0.0
15841,1676854801000.0,0.0,0.0,0.4,2.640271003318846,0.0,0.0,2.631,1.0,1.0,1671.9344809912632,1050.0,1671.9307725899357,1050.0,0.0006316685332677562,0.0
15842,1676858401000.0,0.0,0.0,0.5,2.6081151498508324,0.0,0.0,2.612,1.0,1.0,1671.9889674148608,1050.0,1671.9909098399353,1050.0,0.0007799438873939939,0.0
15843,1676862001000.0,0.0,0.0,0.4,2.6753713097134337,0.0,0.0,2.689,1.0,1.0,1672.0161877538205,1050.0,1672.021639229935,1050.0,0.0006400347865788349,0.0
15844,1676865601000.0,0.0,0.0,0.4,2.6753713097134337,0.0,0.0,2.68,1.0,1.0,1672.0161877538205,1050.0,1672.018039229935,1050.0,0.0006400347865788349,0.0
15845,1676869201000.0,0.0,0.0,0.4,2.6753713097134337,0.0,0.0,2.677,1.0,1.0,1672.0161877538205,1050.0,1672.0168392299352,1050.0,0.0006400347865788349,0.0
15846,1676872801000.0,0.0,0.0,0.4,2.6753713097134337,0.0,0.0,2.659,1.0,1.0,1672.0161877538205,1050.0,1672.0096392299351,1050.0,0.0006400347865788349,0.0
15847,1676876401000.0,0.0,0.0,0.4,2.6753713097134337,0.0,0.0,2.683,1.0,1.0,1672.0161877538205,1050.0,1672.0192392299352,1050.0,0.0006400347865788349,0.0
15848,1676880001000.0,0.0,0.0,0.4,2.7234199967072175,0.0,0.0,2.734,1.0,1.0,1672.0337641186181,1050.0,1672.0379961199353,1050.0,0.0006515227276269312,0.0
15849,1676883601000.0,0.0,0.0,0.4,2.7341737481478092,0.0,0.0,2.714,1.0,1.0,1672.0373557791943,1050.0,1672.0292862799351,1050.0,0.0006540939384392267,0.0
15850,1676887201000.0,0.0,0.0,0.4,2.7741953729491837,0.0,0.0,2.759,1.0,1.0,1672.0518210391149,1050.0,1672.0457428899351,1050.0,0.0006636625343884688,0.0
15851,1676890801000.0,0.0,0.0,0.4,2.8041995671093627,0.0,0.0,2.803,1.0,1.0,1672.062685976779,1050.0,1672.0622061499353,1050.0,0.0006708359897335348,0.0
15852,1676894401000.0,0.0,0.0,0.4,2.8041995671093627,0.0,0.0,2.766,1.0,1.0,1672.062685976779,1050.0,1672.0474061499353,1050.0,0.0006708359897335348,0.0
15853,1676898001000.0,0.0,0.0,0.4,2.8041995671093627,0.0,0.0,2.769,1.0,1.0,1672.062685976779,1050.0,1672.0486061499353,1050.0,0.0006708359897335348,0.0
15854,1676901601000.0,0.0,0.0,0.4,2.8041995671093627,0.0,0.0,2.806,1.0,1.0,1672.062685976779,1050.0,1672.0634061499352,1050.0,0.0006708359897335348,0.0
15855,1676905201000.0,0.0,0.0,0.4,2.8190841923742616,0.0,0.0,2.822,1.0,1.0,1672.068170116885,1050.0,1672.0693364399353,1050.0,0.000674394559446029,0.0
15856,1676908801000.0,0.0,0.0,0.4,2.8190841923742616,0.0,0.0,2.792,1.0,1.0,1672.068170116885,1050.0,1672.0573364399354,1050.0,0.000674394559446029,0.0
15857,1676912401000.0,0.0,0.0,0.9,2.7812596410552275,0.0,0.0,2.768,1.0,1.0,1672.068032566885,1050.0,1672.0560988899354,1050.0,0.001497028606609388,0.0
15858,1676916001000.0,0.0,0.0,0.9,2.7812596410552275,0.0,0.0,2.765,1.0,1.0,1672.068032566885,1050.0,1672.0533988899354,1050.0,0.001497028606609388,0.0
15859,1676919601000.0,0.0,0.0,0.9,2.7812596410552275,0.0,0.0,2.756,1.0,1.0,1672.068032566885,1050.0,1672.0452988899353,1050.0,0.001497028606609388,0.0
15860,1676923201000.0,0.0,0.0,0.9,2.7812596410552275,0.0,0.0,2.762,1.0,1.0,1672.068032566885,1050.0,1672.0506988899353,1050.0,0.001497028606609388,0.0
15861,1676926801000.0,0.0,0.0,0.9,2.7812596410552275,0.0,0.0,2.748,1.0,1.0,1672.068032566885,1050.0,1672.0380988899353,1050.0,0.001497028606609388,0.0
15862,1676930401000.0,0.0,0.0,0.9,2.7812596410552275,0.0,0.0,2.748,1.0,1.0,1672.068032566885,1050.0,1672.0380988899353,1050.0,0.001497028606609388,0.0
15863,1676934001000.0,0.0,0.0,0.9,2.7812596410552275,0.0,0.0,2.735,1.0,1.0,1672.068032566885,1050.0,1672.0263988899353,1050.0,0.001497028606609388,0.0
15864,1676937601000.0,0.0,0.0,0.9,2.7812596410552275,0.0,0.0,2.763,1.0,1.0,1672.068032566885,1050.0,1672.0515988899353,1050.0,0.001497028606609388,0.0
15865,1676941201000.0,0.0,0.0,0.9,2.7812596410552275,0.0,0.0,2.773,1.0,1.0,1672.068032566885,1050.0,1672.0605988899354,1050.0,0.001497028606609388,0.0
15866,1676944801000.0,0.0,0.0,0.9,2.7812596410552275,0.0,0.0,2.765,1.0,1.0,1672.068032566885,1050.0,1672.0533988899354,1050.0,0.001497028606609388,0.0
15867,1676948401000.0,0.0,0.0,0.5,2.7812596410552275,0.0,0.0,2.778,1.0,1.0,1672.0754167104628,1050.0,1672.0737868899353,1050.0,0.0008316788863886608,0.0
15868,1676952001000.0,0.0,0.0,0.4,2.7861947307914203,0.0,0.0,2.785,1.0,1.0,1672.0790807722517,1050.0,1672.078602879935,1050.0,0.0006665222387698584,0.0
15869,1676955601000.0,0.0,0.0,0.4,2.7861947307914203,0.0,0.0,2.754,1.0,1.0,1672.0790807722517,1050.0,1672.0662028799352,1050.0,0.0006665222387698584,0.0
15870,1676959201000.0,0.0,0.0,0.4,2.7861947307914203,0.0,0.0,2.761,1.0,1.0,1672.0790807722517,1050.0,1672.0690028799352,1050.0,0.0006665222387698584,0.0
15871,1676962801000.0,0.0,0.0,0.4,2.7861947307914203,0.0,0.0,2.795,1.0,1.0,1672.0790807722517,1050.0,1672.0826028799352,1050.0,0.0006665222387698584,0.0
15872,1676966401000.0,0.0,0.0,0.4,2.7861947307914203,0.0,0.0,2.789,1.0,1.0,1672.0790807722517,1050.0,1672.080202879935,1050.0,0.0006665222387698584,0.0
15873,1676970001000.0,0.0,0.0,2.1,2.7206399116324143,0.0,0.0,2.694,1.0,1.0,1672.0822748843632,1050.0,1672.0263310699352,1050.0,0.0034169035221805638,0.0
15874,1676973601000.0,0.0,0.0,2.1,2.7206399116324143,0.0,0.0,2.707,1.0,1.0,1672.0822748843632,1050.0,1672.0536310699351,1050.0,0.0034169035221805638,0.0
15875,1676977201000.0,0.0,0.0,2.1,2.7206399116324143,0.0,0.0,2.665,1.0,1.0,1672.0822748843632,1050.0,1671.9654310699352,1050.0,0.0034169035221805638,0.0
15876,1676980801000.0,0.0,0.0,11.4,2.6440389310901815,0.0,0.0,2.617,1.0,1.0,1672.0798320143633,1050.0,1671.7715881999352,1050.0,0.01802667745720956,0.0
15877,1676984401000.0,0.0,0.0,11.4,2.6440389310901815,0.0,0.0,2.643,1.0,1.0,1672.0798320143633,1050.0,1672.0679881999351,1050.0,0.01802667745720956,0.0
15878,1676988001000.0,0.0,0.0,11.4,2.6440389310901815,0.0,0.0,2.606,1.0,1.0,1672.0798320143633,1050.0,1671.6461881999353,1050.0,0.01802667745720956,0.0
15879,1676991601000.0,0.0,0.0,11.4,2.6440389310901815,0.0,0.0,2.618,1.0,1.0,1672.0798320143633,1050.0,1671.7829881999353,1050.0,0.01802667745720956,0.0
15880,1676995201000.0,0.0,0.0,11.4,2.6440389310901815,0.0,0.0,2.619,1.0,1.0,1672.0798320143633,1050.0,1671.7943881999352,1050.0,0.01802667745720956,0.0
15881,1676998801000.0,0.0,0.0,11.4,2.6440389310901815,0.0,0.0,2.605,1.0,1.0,1672.0798320143633,1050.0,1671.6347881999352,1050.0,0.01802667745720956,0.0
15882,1677002401000.0,0.0,0.0,11.4,2.6440389310901815,0.0,0.0,2.628,1.0,1.0,1672.0798320143633,1050.0,1671.8969881999353,1050.0,0.01802667745720956,0.0
15883,1677006001000.0,0.0,0.0,11.4,2.6440389310901815,0.0,0.0,2.632,1.0,1.0,1672.0798320143633,1050.0,1671.9425881999352,1050.0,0.01802667745720956,0.0
15884,1677009601000.0,0.0,0.0,11.4,2.6440389310901815,0.0,0.0,2.625,1.0,1.0,1672.0798320143633,1050.0,1671.8627881999353,1050.0,0.01802667745720956,0.0
15885,1677013201000.0,0.0,0.0,11.4,2.6440389310901815,0.0,0.0,2.612,1.0,1.0,1672.0798320143633,1050.0,1671.7145881999352,1050.0,0.01802667745720956,0.0
15886,1677016801000.0,0.0,0.0,26.6,2.603445256181506,0.0,0.0,2.561,1.0,1.0,1672.0759210543633,1050.0,1670.9468772399352,1050.0,0.04141656664175868,0.0
15887,1677020401000.0,0.0,0.0,26.6,2.603445256181506,0.0,0.0,2.583,1.0,1.0,1672.0759210543633,1050.0,1671.5320772399352,1050.0,0.04141656664175868,0.0
15888,1677024001000.0,0.0,0.0,26.6,2.603445256181506,0.0,0.0,2.612,1.0,1.0,1672.0759210543633,1050.0,1672.3034772399353,1050.0,0.04141656664175868,0.0
15889,1677027601000.0,0.0,0.0,13.8,2.603445256181506,0.0,0.0,2.617,1.0,1.0,1672.29726689524,1050.0,1672.4843223599353,1050.0,0.02148394621370594,0.0
15890,1677031201000.0,0.0,0.0,3.4,2.603445256181506,0.0,0.0,2.572,1.0,1.0,1672.4771103909525,1050.0,1672.3701965199355,1050.0,0.005292576990155623,0.0
15891,1677034801000.0,0.0,0.0,7.9,2.5667359330401416,0.0,0.0,2.558,1.0,1.0,1672.4759678409525,1050.0,1672.4069539699353,1050.0,0.012124068901984617,0.0
15892,1677038401000.0,0.0,0.0,7.9,2.5667359330401416,0.0,0.0,2.572,1.0,1.0,1672.4759678409525,1050.0,1672.5175539699353,1050.0,0.012124068901984617,0.0
15893,1677042001000.0,0.0,0.0,7.9,2.5667359330401416,0.0,0.0,2.564,1.0,1.0,1672.4759678409525,1050.0,1672.4543539699355,1050.0,0.012124068901984617,0.0
15894,1677045601000.0,0.0,0.0,7.9,2.5667359330401416,0.0,0.0,2.551,1.0,1.0,1672.4759678409525,1050.0,1672.3516539699353,1050.0,0.012124068901984617,0.0
15895,1677049201000.0,0.0,0.0,7.9,2.5667359330401416,0.0,0.0,2.513,1.0,1.0,1672.4759678409525,1050.0,1672.0514539699354,1050.0,0.012124068901984617,0.0
15896,1677052801000.0,0.0,0.0,7.9,2.5667359330401416,0.0,0.0,2.535,1.0,1.0,1672.4759678409525,1050.0,1672.2252539699355,1050.0,0.012124068901984617,0.0
15897,1677056401000.0,0.0,0.0,42.9,2.4871611624945715,0.0,0.0,2.464,1.0,1.0,1672.4673256409524,1050.0,1671.4737117699353,1050.0,0.06379748784038335,0.0
15898,1677060001000.0,0.0,0.0,42.9,2.4871611624945715,0.0,0.0,2.49,1.0,1.0,1672.4673256409524,1050.0,1672.5891117699352,1050.0,0.06379748784038335,0.0
15899,1677063601000.0,0.0,0.0,13.1,2.4871611624945715,0.0,0.0,2.495,1.0,1.0,1672.9616610786143,1050.0,1673.0643498499353,1050.0,0.01947552773425322,0.0
15900,1677067201000.0,0.0,0.0,13.1,2.4871611624945715,0.0,0.0,2.49,1.0,1.0,1672.9616610786143,1050.0,1672.9988498499354,1050.0,0.01947552773425322,0.0
15901,1677070801000.0,0.0,0.0,4.1,2.4871611624945715,0.0,0.0,2.492,1.0,1.0,1673.1304550661632,1050.0,1673.1502942999355,1050.0,0.00609477924172057,0.0
15902,1677074401000.0,0.0,0.0,3.2,2.4871611624945715,0.0,0.0,2.492,1.0,1.0,1673.1453846599181,1050.0,1673.1608689399354,1050.0,0.004756858425426282,0.0
15903,1677078001000.0,0.0,0.0,3.2,2.4871611624945715,0.0,0.0,2.46,1.0,1.0,1673.1453846599181,1050.0,1673.0584689399354,1050.0,0.004756858425426282,0.0
15904,1677081601000.0,0.0,0.0,7.5,2.451522095997684,0.0,0.0,2.423,1.0,1.0,1673.1443419099182,1050.0,1672.9304261899356,1050.0,0.01098913898784983,0.0
15905,1677085201000.0,0.0,0.0,7.5,2.451522095997684,0.0,0.0,2.409,1.0,1.0,1673.1443419099182,1050.0,1672.8254261899356,1050.0,0.01098913898784983,0.0
15906,1677088801000.0,0.0,0.0,7.5,2.451522095997684,0.0,0.0,2.414,1.0,1.0,1673.1443419099182,1050.0,1672.8629261899357,1050.0,0.01098913898784983,0.0
15907,1677092401000.0,0.0,0.0,7.5,2.451522095997684,0.0,0.0,2.442,1.0,1.0,1673.1443419099182,1050.0,1673.0729261899355,1050.0,0.01098913898784983,0.0
15908,1677096001000.0,0.0,0.0,1.2,2.451522095997684,0.0,0.0,2.472,1.0,1.0,1673.253097215133,1050.0,1673.277670699936,1050.0,0.0017581479574688543,0.0
15909,1677099601000.0,0.0,0.0,0.5,2.45851325759861,0.0,0.0,2.443,1.0,1.0,1673.2676558287353,1050.0,1673.259899199936,1050.0,0.0007346443496455917,0.0
15910,1677103201000.0,0.0,0.0,0.5,2.45851325759861,0.0,0.0,2.459,1.0,1.0,1673.2676558287353,1050.0,1673.267899199936,1050.0,0.0007346443496455917,0.0
15911,1677106801000.0,0.0,0.0,0.5,2.4795028636413,0.0,0.0,2.494,1.0,1.0,1673.2772527317568,1050.0,1673.2845012999362,1050.0,0.0007409121410075097,0.0
15912,1677110401000.0,0.0,0.0,0.5,2.493501030910868,0.0,0.0,2.505,1.0,1.0,1673.283651815392,1050.0,1673.2894012999366,1050.0,0.0007450921510544847,0.0
15913,1677114001000.0,0.0,0.0,0.5,2.5079003711279126,0.0,0.0,2.493,1.0,1.0,1673.2900503455007,1050.0,1673.2826001599367,1050.0,0.0007493920048738955,0.0
15914,1677117601000.0,0.0,0.0,0.5,2.5079003711279126,0.0,0.0,2.508,1.0,1.0,1673.2900503455007,1050.0,1673.2901001599369,1050.0,0.0007493920048738955,0.0
15915,1677121201000.0,0.0,0.0,0.5,2.5151402226767474,0.0,0.0,2.527,1.0,1.0,1673.2933692512752,1050.0,1673.299299139937,1050.0,0.000751553872409762,0.0
15916,1677124801000.0,0.0,0.0,0.5,2.529370480163629,0.0,0.0,2.515,1.0,1.0,1673.299881500018,1050.0,1673.2926962599363,1050.0,0.0007558031014429381,0.0
15917,1677128401000.0,0.0,0.0,0.5,2.529370480163629,0.0,0.0,2.54,1.0,1.0,1673.299881500018,1050.0,1673.3051962599363,1050.0,0.0007558031014429381,0.0
15918,1677132001000.0,0.0,0.0,0.5,2.5434533728589064,0.0,0.0,2.529,1.0,1.0,1673.306318946366,1050.0,1673.2990922599365,1050.0,0.0007600082973631653,0.0
15919,1677135601000.0,0.0,0.0,0.5,2.5434533728589064,0.0,0.0,2.538,1.0,1.0,1673.306318946366,1050.0,1673.3035922599365,1050.0,0.0007600082973631653,0.0
15920,1677139201000.0,0.0,0.0,0.5,2.5434533728589064,0.0,0.0,2.528,1.0,1.0,1673.306318946366,1050.0,1673.2985922599366,1050.0,0.0007600082973631653,0.0
15921,1677142801000.0,0.0,0.0,0.5,2.5434533728589064,0.0,0.0,2.54,1.0,1.0,1673.306318946366,1050.0,1673.3045922599365,1050.0,0.0007600082973631653,0.0
15922,1677146401000.0,0.0,0.0,0.5,2.5434533728589064,0.0,0.0,2.521,1.0,1.0,1673.306318946366,1050.0,1673.2950922599366,1050.0,0.0007600082973631653,0.0
15923,1677150001000.0,0.0,0.0,0.5,2.5434533728589064,0.0,0.0,2.532,1.0,1.0,1673.306318946366,1050.0,1673.3005922599366,1050.0,0.0007600082973631653,0.0
15924,1677153601000.0,0.0,0.0,2.8,2.472973816581948,0.0,0.0,2.464,1.0,1.0,1673.305753686366,1050.0,1673.2806269999364,1050.0,0.00413811204029799,0.0
15925,1677157201000.0,0.0,0.0,0.5,2.4909842899491688,0.0,0.0,2.519,1.0,1.0,1673.3593451149122,1050.0,1673.3733529699377,1050.0,0.0007443064447636944,0.0
15926,1677160801000.0,0.0,0.0,0.5,2.5362363639774124,0.0,0.0,2.517,1.0,1.0,1673.3777654119265,1050.0,1673.3681472299377,1050.0,0.0007578194285834438,0.0
15927,1677164401000.0,0.0,0.0,0.9,2.7407777777777778,0.0,0.0,2.684,1.0,1.0,1673.4634668699368,1050.0,1673.412366869937,1050.0,0.0014740088737125172,0.0
15928,1677168001000.0,0.0,0.0,11.4,2.6260350877192984,0.0,0.0,2.585,1.0,1.0,1673.460719859937,1050.0,1672.992919859937,1050.0,0.017889156073233443,0.0
15929,1677171601000.0,0.0,0.0,11.4,2.6260350877192984,0.0,0.0,2.586,1.0,1.0,1673.460719859937,1050.0,1673.004319859937,1050.0,0.017889156073233443,0.0
15930,1677175201000.0,0.0,0.0,11.4,2.6260350877192984,0.0,0.0,2.586,1.0,1.0,1673.460719859937,1050.0,1673.004319859937,1050.0,0.017889156073233443,0.0
15931,1677178801000.0,0.0,0.0,11.4,2.6260350877192984,0.0,0.0,2.572,1.0,1.0,1673.460719859937,1050.0,1672.844719859937,1050.0,0.017889156073233443,0.0
15932,1677182401000.0,0.0,0.0,11.4,2.6260350877192984,0.0,0.0,2.612,1.0,1.0,1673.460719859937,1050.0,1673.3007198599369,1050.0,0.017889156073233443,0.0
15933,1677186001000.0,0.0,0.0,11.4,2.6260350877192984,0.0,0.0,2.616,1.0,1.0,1673.460719859937,1050.0,1673.346319859937,1050.0,0.017889156073233443,0.0
15934,1677189601000.0,0.0,0.0,11.4,2.6260350877192984,0.0,0.0,2.615,1.0,1.0,1673.460719859937,1050.0,1673.334919859937,1050.0,0.017889156073233443,0.0
15935,1677193201000.0,0.0,0.0,11.4,2.6260350877192984,0.0,0.0,2.623,1.0,1.0,1673.460719859937,1050.0,1673.426119859937,1050.0,0.017889156073233443,0.0
15936,1677196801000.0,0.0,0.0,11.4,2.6260350877192984,0.0,0.0,2.619,1.0,1.0,1673.460719859937,1050.0,1673.3805198599368,1050.0,0.017889156073233443,0.0
15937,1677200401000.0,0.0,0.0,11.4,2.6260350877192984,0.0,0.0,2.599,1.0,1.0,1673.460719859937,1050.0,1673.152519859937,1050.0,0.017889156073233443,0.0
15938,1677204001000.0,0.0,0.0,11.4,2.6260350877192984,0.0,0.0,2.612,1.0,1.0,1673.460719859937,1050.0,1673.3007198599369,1050.0,0.017889156073233443,0.0
15939,1677207601000.0,0.0,0.0,11.4,2.6260350877192984,0.0,0.0,2.609,1.0,1.0,1673.460719859937,1050.0,1673.266519859937,1050.0,0.017889156073233443,0.0
15940,1677211201000.0,0.0,0.0,11.4,2.6260350877192984,0.0,0.0,2.589,1.0,1.0,1673.460719859937,1050.0,1673.038519859937,1050.0,0.017889156073233443,0.0
15941,1677214801000.0,0.0,0.0,11.4,2.6260350877192984,0.0,0.0,2.601,1.0,1.0,1673.460719859937,1050.0,1673.175319859937,1050.0,0.017889156073233443,0.0
15942,1677218401000.0,0.0,0.0,11.4,2.6260350877192984,0.0,0.0,2.609,1.0,1.0,1673.460719859937,1050.0,1673.266519859937,1050.0,0.017889156073233443,0.0
15943,1677222001000.0,0.0,0.0,0.4,2.7121206992888127,0.0,0.0,2.721,1.0,1.0,1673.8799384996528,1050.0,1673.8834902199374,1050.0,0.0006481039976426901,0.0
15944,1677225601000.0,0.0,0.0,0.4,2.7766951574785255,0.0,0.0,2.72,1.0,1.0,1673.9009602029284,1050.0,1673.878282139937,1050.0,0.0006635267494301226,0.0
15945,1677229201000.0,0.0,0.0,2.1,2.701560982376862,0.0,0.0,2.673,1.0,1.0,1673.9005039429285,1050.0,1673.840525879937,1050.0,0.00338925644004994,0.0
15946,1677232801000.0,0.0,0.0,2.1,2.701560982376862,0.0,0.0,2.691,1.0,1.0,1673.9005039429285,1050.0,1673.8783258799372,1050.0,0.00338925644004994,0.0
15947,1677236401000.0,0.0,0.0,2.1,2.701560982376862,0.0,0.0,2.666,1.0,1.0,1673.9005039429285,1050.0,1673.8258258799372,1050.0,0.00338925644004994,0.0
15948,1677240001000.0,0.0,0.0,2.1,2.701560982376862,0.0,0.0,2.675,1.0,1.0,1673.9005039429285,1050.0,1673.844725879937,1050.0,0.00338925644004994,0.0
15949,1677243601000.0,0.0,0.0,2.1,2.701560982376862,0.0,0.0,2.659,1.0,1.0,1673.9005039429285,1050.0,1673.811125879937,1050.0,0.00338925644004994,0.0
15950,1677247201000.0,0.0,0.0,11.4,2.6250243914904745,0.0,0.0,2.595,1.0,1.0,1673.8980787429284,1050.0,1673.555800679937,1050.0,0.017877598668053215,0.0
15951,1677250801000.0,0.0,0.0,11.4,2.6250243914904745,0.0,0.0,2.601,1.0,1.0,1673.8980787429284,1050.0,1673.624200679937,1050.0,0.017877598668053215,0.0
15952,1677254401000.0,0.0,0.0,26.6,2.584439024924489,0.0,0.0,2.552,1.0,1.0,1673.8941966629284,1050.0,1673.0313185999369,1050.0,0.041069548003716976,0.0
15953,1677258001000.0,0.0,0.0,4.4,2.5390819042417965,0.0,0.0,2.555,1.0,1.0,1675.066266598601,1050.0,1675.136306219937,1050.0,0.006669563229489274,0.0
15954,1677261601000.0,0.0,0.0,0.4,2.655527106092797,0.0,0.0,2.661,1.0,1.0,1675.226791072374,1050.0,1675.228980229937,1050.0,0.0006340698752538208,0.0
15955,1677265201000.0,0.0,0.0,0.4,2.665046497177198,0.0,0.0,2.652,1.0,1.0,1675.230191778808,1050.0,1675.224973179937,1050.0,0.0006363415631489722,0.0
15956,1677268801000.0,0.0,0.0,0.4,2.7208038758839237,0.0,0.0,2.727,1.0,1.0,1675.2494987102907,1050.0,1675.251977159937,1050.0,0.0006496474412864626,0.0
15957,1677272401000.0,0.0,0.0,0.9,2.719480633587189,0.0,0.0,2.686,1.0,1.0,1675.2617895101655,1050.0,1675.231656939937,1050.0,0.0014609851341169256,0.0
15958,1677276001000.0,0.0,0.0,2.1,2.6820631286802237,0.0,0.0,2.664,1.0,1.0,1675.2614710301655,1050.0,1675.223538459937,1050.0,0.0033620617841613643,0.0
15959,1677279601000.0,0.0,0.0,3.4,2.6443127694343813,0.0,0.0,2.666,1.0,1.0,1675.2868700960137,1050.0,1675.3606066799368,1050.0,0.005366641126699469,0.0
15960,1677283201000.0,0.0,0.0,2.1,2.6443127694343813,0.0,0.0,2.641,1.0,1.0,1675.309517435749,1050.0,1675.302560619937,1050.0,0.0033146452986859308,0.0
15961,1677286801000.0,0.0,0.0,0.4,2.6711192164034196,0.0,0.0,2.618,1.0,1.0,1675.367439666498,1050.0,1675.3461919799367,1050.0,0.0006377393169190725,0.0
15962,1677290401000.0,0.0,0.0,0.4,2.6450298041008544,0.0,0.0,2.658,1.0,1.0,1675.3793346515772,1050.0,1675.3845227299369,1050.0,0.0006315058922822233,0.0
15963,1677294001000.0,0.0,0.0,0.4,2.669853752340339,0.0,0.0,2.626,1.0,1.0,1675.3879968508732,1050.0,1675.370455349937,1050.0,0.0006374293614037355,0.0
15964,1677297601000.0,0.0,0.0,0.9,2.6338238899290394,0.0,0.0,2.582,1.0,1.0,1675.3878666008732,1050.0,1675.341225099937,1050.0,0.0014148613274521493,0.0
15965,1677301201000.0,0.0,0.0,4.9,2.56115132672166,0.0,0.0,2.526,1.0,1.0,1675.386848680873,1050.0,1675.214607179937,1050.0,0.00749059329838788,0.0
15966,1677304801000.0,0.0,0.0,11.4,2.524003640432994,0.0,0.0,2.496,1.0,1.0,1675.385226280873,1050.0,1675.0659847799368,1050.0,0.017174343577572124,0.0
15967,1677308401000.0,0.0,0.0,0.7,2.524003640432994,0.0,0.0,2.577,1.0,1.0,1675.8236425282394,1050.0,1675.8607399799362,1050.0,0.001054289069246929,0.0
15968,1677312001000.0,0.0,0.0,0.4,2.568992471800116,0.0,0.0,2.591,1.0,1.0,1675.8540485986564,1050.0,1675.8628516099363,1050.0,0.0006131780924355075,0.0
15969,1677315601000.0,0.0,0.0,0.5,2.5837172898480416,0.0,0.0,2.561,1.0,1.0,1675.8591288748605,1050.0,1675.8477702299365,1050.0,0.0007708635067622598,0.0
15970,1677319201000.0,0.0,0.0,0.5,2.5837172898480416,0.0,0.0,2.551,1.0,1.0,1675.8591288748605,1050.0,1675.8427702299366,1050.0,0.0007708635067622598,0.0
15971,1677322801000.0,0.0,0.0,0.5,2.5837172898480416,0.0,0.0,2.537,1.0,1.0,1675.8591288748605,1050.0,1675.8357702299365,1050.0,0.0007708635067622598,0.0
15972,1677326401000.0,0.0,0.0,0.5,2.5837172898480416,0.0,0.0,2.546,1.0,1.0,1675.8591288748605,1050.0,1675.8402702299366,1050.0,0.0007708635067622598,0.0
15973,1677330001000.0,0.0,0.0,1.2,2.5471322041033506,0.0,0.0,2.559,1.0,1.0,1675.8589524048605,1050.0,1675.8731937599364,1050.0,0.001823875834262695,0.0
15974,1677333601000.0,0.0,0.0,0.5,2.55427932246201,0.0,0.0,2.543,1.0,1.0,1675.8738513611659,1050.0,1675.8682116999348,1050.0,0.0007620738638494158,0.0
15975,1677337201000.0,0.0,0.0,0.5,2.55427932246201,0.0,0.0,2.53,1.0,1.0,1675.8738513611659,1050.0,1675.8617116999349,1050.0,0.0007620738638494158,0.0
15976,1677340801000.0,0.0,0.0,0.5,2.55427932246201,0.0,0.0,2.515,1.0,1.0,1675.8738513611659,1050.0,1675.854211699935,1050.0,0.0007620738638494158,0.0
15977,1677344401000.0,0.0,0.0,0.5,2.55427932246201,0.0,0.0,2.525,1.0,1.0,1675.8738513611659,1050.0,1675.8592116999348,1050.0,0.0007620738638494158,0.0
15978,1677348001000.0,0.0,0.0,0.5,2.55427932246201,0.0,0.0,2.532,1.0,1.0,1675.8738513611659,1050.0,1675.8627116999348,1050.0,0.0007620738638494158,0.0
15979,1677351601000.0,0.0,0.0,1.2,2.5185330510258375,0.0,0.0,2.48,1.0,1.0,1675.8736768511658,1050.0,1675.8274371899347,1050.0,0.0018033815453856608,0.0
15980,1677355201000.0,0.0,0.0,1.2,2.5185330510258375,0.0,0.0,2.485,1.0,1.0,1675.8736768511658,1050.0,1675.8334371899348,1050.0,0.0018033815453856608,0.0
15981,1677358801000.0,0.0,0.0,6.5,2.4484368709586164,0.0,0.0,2.443,1.0,1.0,1675.872387591166,1050.0,1675.837047929935,1050.0,0.009496450791283924,0.0
15982,1677362401000.0,0.0,0.0,6.5,2.4484368709586164,0.0,0.0,2.429,1.0,1.0,1675.872387591166,1050.0,1675.746047929935,1050.0,0.009496450791283924,0.0
15983,1677366001000.0,0.0,0.0,1.1,2.4484368709586164,0.0,0.0,2.483,1.0,1.0,1675.9773956979898,1050.0,1676.0154151399354,1050.0,0.0016069909802887378,0.0
15984,1677369601000.0,0.0,0.0,0.5,2.479630364127061,0.0,0.0,2.468,1.0,1.0,1676.0148825819979,1050.0,1676.0090673999343,1050.0,0.00073973995991821,0.0
15985,1677373201000.0,0.0,0.0,0.5,2.479630364127061,0.0,0.0,2.456,1.0,1.0,1676.0148825819979,1050.0,1676.0030673999343,1050.0,0.00073973995991821,0.0
15986,1677376801000.0,0.0,0.0,0.5,2.479630364127061,0.0,0.0,2.475,1.0,1.0,1676.0148825819979,1050.0,1676.0125673999344,1050.0,0.00073973995991821,0.0
15987,1677380401000.0,0.0,0.0,0.5,2.5009281586514454,0.0,0.0,2.514,1.0,1.0,1676.0244310392607,1050.0,1676.0309669599349,1050.0,0.0007460894102542057,0.0
15988,1677384001000.0,0.0,0.0,0.5,2.5487105929074847,0.0,0.0,2.524,1.0,1.0,1676.0420653563888,1050.0,1676.029710059935,1050.0,0.0007603361053964759,0.0
15989,1677387601000.0,0.0,0.0,0.5,2.5487105929074847,0.0,0.0,2.498,1.0,1.0,1676.0420653563888,1050.0,1676.0167100599351,1050.0,0.0007603361053964759,0.0
15990,1677391201000.0,0.0,0.0,1.2,2.5127127470447856,0.0,0.0,2.486,1.0,1.0,1676.0418912663888,1050.0,1676.009835969935,1050.0,0.001799033372713296,0.0
15991,1677394801000.0,0.0,0.0,1.2,2.5127127470447856,0.0,0.0,2.498,1.0,1.0,1676.0418912663888,1050.0,1676.024235969935,1050.0,0.001799033372713296,0.0
15992,1677398401000.0,0.0,0.0,1.2,2.5127127470447856,0.0,0.0,2.481,1.0,1.0,1676.0418912663888,1050.0,1676.0038359699352,1050.0,0.001799033372713296,0.0
15993,1677402001000.0,0.0,0.0,1.2,2.5127127470447856,0.0,0.0,2.491,1.0,1.0,1676.0418912663888,1050.0,1676.015835969935,1050.0,0.001799033372713296,0.0
15994,1677405601000.0,0.0,0.0,1.2,2.5127127470447856,0.0,0.0,2.499,1.0,1.0,1676.0418912663888,1050.0,1676.025435969935,1050.0,0.001799033372713296,0.0
15995,1677409201000.0,0.0,0.0,1.2,2.5127127470447856,0.0,0.0,2.503,1.0,1.0,1676.0418912663888,1050.0,1676.0302359699351,1050.0,0.001799033372713296,0.0
15996,1677412801000.0,0.0,0.0,1.2,2.5127127470447856,0.0,0.0,2.501,1.0,1.0,1676.0418912663888,1050.0,1676.027835969935,1050.0,0.001799033372713296,0.0
15997,1677416401000.0,0.0,0.0,1.2,2.5127127470447856,0.0,0.0,2.474,1.0,1.0,1676.0418912663888,1050.0,1675.995435969935,1050.0,0.001799033372713296,0.0
15998,1677420001000.0,0.0,0.0,1.2,2.5127127470447856,0.0,0.0,2.507,1.0,1.0,1676.0418912663888,1050.0,1676.035035969935,1050.0,0.001799033372713296,0.0
15999,1677423601000.0,0.0,0.0,0.5,2.5200276482268715,0.0,0.0,2.527,1.0,1.0,1676.0571714740488,1050.0,1676.0606576499354,1050.0,0.0007517725800518405,0.0
16000,1677427201000.0,0.0,0.0,0.5,2.5272165889361227,0.0,0.0,2.518,1.0,1.0,1676.0604644444034,1050.0,1676.0558561499354,1050.0,0.000753915697717346,0.0
16001,1677430801000.0,0.0,0.0,0.5,2.5413979720170046,0.0,0.0,2.53,1.0,1.0,1676.0669512959441,1050.0,1676.0612523099355,1050.0,0.0007581433337289962,0.0
16002,1677434401000.0,0.0,0.0,0.5,2.5413979720170046,0.0,0.0,2.55,1.0,1.0,1676.0669512959441,1050.0,1676.0712523099357,1050.0,0.0007581433337289962,0.0
16003,1677438001000.0,0.0,0.0,0.5,2.555863269926122,0.0,0.0,2.572,1.0,1.0,1676.0735789448988,1050.0,1676.0816473099358,1050.0,0.0007624555693834925,0.0
16004,1677441601000.0,0.0,0.0,0.5,2.5831224663040424,0.0,0.0,2.593,1.0,1.0,1676.0848982230877,1050.0,1676.0898369899357,1050.0,0.0007705822267841433,0.0
16005,1677445201000.0,0.0,0.0,0.5,2.6206978429798022,0.0,0.0,2.637,1.0,1.0,1676.1017626514254,1050.0,1676.1099137299354,1050.0,0.000781783630736752,0.0
16006,1677448801000.0,0.0,0.0,0.4,2.654539109902557,0.0,0.0,2.652,1.0,1.0,1676.1155312238961,1050.0,1676.1145155799352,1050.0,0.0006334978849493073,0.0
16007,1677452401000.0,0.0,0.0,0.4,2.654539109902557,0.0,0.0,2.624,1.0,1.0,1676.1155312238961,1050.0,1676.103315579935,1050.0,0.0006334978849493073,0.0
16008,1677456001000.0,0.0,0.0,0.4,2.664865749320188,0.0,0.0,2.67,1.0,1.0,1676.118954819663,1050.0,1676.121008519935,1050.0,0.0006359610078168721,0.0
16009,1677459601000.0,0.0,0.0,0.4,2.6701493119901407,0.0,0.0,2.668,1.0,1.0,1676.120714554731,1050.0,1676.1198548299349,1050.0,0.0006372212427908519,0.0
16010,1677463201000.0,0.0,0.0,0.4,2.6701493119901407,0.0,0.0,2.661,1.0,1.0,1676.120714554731,1050.0,1676.117054829935,1050.0,0.0006372212427908519,0.0
16011,1677466801000.0,0.0,0.0,0.4,2.6701493119901407,0.0,0.0,2.671,1.0,1.0,1676.120714554731,1050.0,1676.121054829935,1050.0,0.0006372212427908519,0.0
16012,1677470401000.0,0.0,0.0,0.4,2.6701493119901407,0.0,0.0,2.636,1.0,1.0,1676.120714554731,1050.0,1676.107054829935,1050.0,0.0006372212427908519,0.0
16013,1677474001000.0,0.0,0.0,0.4,2.6701493119901407,0.0,0.0,2.641,1.0,1.0,1676.120714554731,1050.0,1676.1090548299348,1050.0,0.0006372212427908519,0.0
16014,1677477601000.0,0.0,0.0,0.9,2.6345108053289517,0.0,0.0,2.603,1.0,1.0,1676.120584254731,1050.0,1676.092224529935,1050.0,0.0014146116616366971,0.0
16015,1677481201000.0,0.0,0.0,0.9,2.6345108053289517,0.0,0.0,2.624,1.0,1.0,1676.120584254731,1050.0,1676.111124529935,1050.0,0.0014146116616366971,0.0
16016,1677484801000.0,0.0,0.0,0.9,2.6345108053289517,0.0,0.0,2.613,1.0,1.0,1676.120584254731,1050.0,1676.101224529935,1050.0,0.0014146116616366971,0.0
16017,1677488401000.0,0.0,0.0,0.9,2.6345108053289517,0.0,0.0,2.612,1.0,1.0,1676.120584254731,1050.0,1676.100324529935,1050.0,0.0014146116616366971,0.0
16018,1677492001000.0,0.0,0.0,0.9,2.6345108053289517,0.0,0.0,2.604,1.0,1.0,1676.120584254731,1050.0,1676.093124529935,1050.0,0.0014146116616366971,0.0
16019,1677495601000.0,0.0,0.0,0.9,2.6345108053289517,0.0,0.0,2.591,1.0,1.0,1676.120584254731,1050.0,1676.081424529935,1050.0,0.0014146116616366971,0.0
16020,1677499201000.0,0.0,0.0,0.9,2.6345108053289517,0.0,0.0,2.646,1.0,1.0,1676.120584254731,1050.0,1676.130924529935,1050.0,0.0014146116616366971,0.0
16021,1677502801000.0,0.0,0.0,0.4,2.644224827997535,0.0,0.0,2.655,1.0,1.0,1676.1325756411354,1050.0,1676.1368857099365,1050.0,0.0006310299952224473,0.0
16022,1677506401000.0,0.0,0.0,0.4,2.68262414698016,0.0,0.0,2.677,1.0,1.0,1676.1465066287285,1050.0,1676.1442569699364,1050.0,0.0006401884647603468,0.0
16023,1677510001000.0,0.0,0.0,0.4,2.7403702394740046,0.0,0.0,2.745,1.0,1.0,1676.1656588057265,1050.0,1676.1675107099368,1050.0,0.0006539616714081895,0.0
16024,1677513601000.0,0.0,0.0,0.4,2.7753437223890476,0.0,0.0,2.759,1.0,1.0,1676.176070728892,1050.0,1676.1695332399363,1050.0,0.0006623036257001755,0.0
16025,1677517201000.0,0.0,0.0,2.1,2.7217150277896938,0.0,0.0,2.729,1.0,1.0,1676.1825066782947,1050.0,1676.1978051199362,1050.0,0.003409892142165959,0.0
16026,1677520801000.0,0.0,0.0,0.4,2.7906430136743876,0.0,0.0,2.78,1.0,1.0,1676.2563142354065,1050.0,1676.2520570299369,1050.0,0.000665922744624479,0.0
16027,1677524401000.0,0.0,0.0,2.1,2.7147415264141688,0.0,0.0,2.711,1.0,1.0,1676.2558557654067,1050.0,1676.247998559937,1050.0,0.0034010065861136704,0.0
16028,1677528001000.0,0.0,0.0,0.4,2.7424898043039843,0.0,0.0,2.738,1.0,1.0,1676.2950098816584,1050.0,1676.2932139599368,1050.0,0.0006544169822464833,0.0
16029,1677531601000.0,0.0,0.0,0.8,2.7055510241351044,0.0,0.0,2.724,1.0,1.0,1676.296693739245,1050.0,1676.311452919937,1050.0,0.001291203894508648,0.0
16030,1677535201000.0,0.0,0.0,0.4,2.7630391475335063,0.0,0.0,2.749,1.0,1.0,1676.331516958951,1050.0,1676.3259012999376,1050.0,0.0006593061383337736,0.0
16031,1677538801000.0,0.0,0.0,0.4,2.7630391475335063,0.0,0.0,2.738,1.0,1.0,1676.331516958951,1050.0,1676.3215012999376,1050.0,0.0006593061383337736,0.0
16032,1677542401000.0,0.0,0.0,0.4,2.818856060621934,0.0,0.0,2.82,1.0,1.0,1676.3511814541864,1050.0,1676.3516390299376,1050.0,0.0006726170725579488,0.0
16033,1677546001000.0,0.0,0.0,0.4,2.8247969619298003,0.0,0.0,2.825,1.0,1.0,1676.3750763347105,1050.0,1676.3751575499386,1050.0,0.0006740250441103055,0.0
16034,1677549601000.0,0.0,0.0,0.4,2.9404723488216096,0.0,0.0,2.939,1.0,1.0,1676.4113202394674,1050.0,1676.4107312999388,1050.0,0.000701611188929833,0.0
16035,1677553201000.0,0.0,0.0,0.9,2.9013210439207153,0.0,0.0,2.862,1.0,1.0,1676.4111767394675,1050.0,1676.3757877999387,1050.0,0.0015576064964010028,0.0
16036,1677556801000.0,0.0,0.0,0.4,2.9154305872054014,0.0,0.0,2.931,1.0,1.0,1676.4306961948203,1050.0,1676.436923959938,1050.0,0.0006956280611713627,0.0
16037,1677560401000.0,0.0,0.0,0.9,2.9096132842171727,0.0,0.0,2.862,1.0,1.0,1676.4416367457334,1050.0,1676.398784789938,1050.0,0.001562029896178621,0.0
16038,1677564001000.0,0.0,0.0,0.9,2.9096132842171727,0.0,0.0,2.865,1.0,1.0,1676.4416367457334,1050.0,1676.401484789938,1050.0,0.001562029896178621,0.0
16039,1677567601000.0,0.0,0.0,2.1,2.869262836093074,0.0,0.0,2.841,1.0,1.0,1676.4412960657335,1050.0,1676.381944109938,1050.0,0.003594192036390397,0.0
16040,1677571201000.0,0.0,0.0,2.1,2.869262836093074,0.0,0.0,2.811,1.0,1.0,1676.4412960657335,1050.0,1676.318944109938,1050.0,0.003594192036390397,0.0
16041,1677574801000.0,0.0,0.0,4.9,2.8291126440398884,0.0,0.0,2.836,1.0,1.0,1676.4405123457334,1050.0,1676.4742603899379,1050.0,0.008269098637086952,0.0
16042,1677578401000.0,0.0,0.0,0.4,2.834084483029916,0.0,0.0,2.817,1.0,1.0,1676.532055013148,1050.0,1676.5252212199362,1050.0,0.0006761778218449131,0.0
16043,1677582001000.0,0.0,0.0,0.4,2.834084483029916,0.0,0.0,2.821,1.0,1.0,1676.532055013148,1050.0,1676.526821219936,1050.0,0.0006761778218449131,0.0
16044,1677585601000.0,0.0,0.0,0.4,2.844297521704327,0.0,0.0,2.835,1.0,1.0,1676.535725978618,1050.0,1676.5320069699364,1050.0,0.0006786130417934446,0.0
16045,1677589201000.0,0.0,0.0,0.4,2.874052952471301,0.0,0.0,2.888,1.0,1.0,1676.546683030925,1050.0,1676.5522618499365,1050.0,0.0006857078258687028,0.0
16046,1677592801000.0,0.0,0.0,0.4,2.894594879492872,0.0,0.0,2.885,1.0,1.0,1676.5541676717335,1050.0,1676.5503297199364,1050.0,0.0006906057520378617,0.0
16047,1677596401000.0,0.0,0.0,0.4,2.921696831754655,0.0,0.0,2.924,1.0,1.0,1676.5636158626382,1050.0,1676.5645371299363,1050.0,0.0006970679320751839,0.0
16048,1677600001000.0,0.0,0.0,0.4,2.927022623815991,0.0,0.0,2.922,1.0,1.0,1676.5654873394626,1050.0,1676.5634782899363,1050.0,0.0006983377973408901,0.0
16049,1677603601000.0,0.0,0.0,0.4,2.932266967861993,0.0,0.0,2.894,1.0,1.0,1676.567426127081,1050.0,1676.5521193399363,1050.0,0.0006995881995955544,0.0
16050,1677607201000.0,0.0,0.0,0.4,2.932266967861993,0.0,0.0,2.88,1.0,1.0,1676.567426127081,1050.0,1676.5465193399361,1050.0,0.0006995881995955544,0.0
16051,1677610801000.0,0.0,0.0,0.4,2.932266967861993,0.0,0.0,2.929,1.0,1.0,1676.567426127081,1050.0,1676.5661193399362,1050.0,0.0006995881995955544,0.0
16052,1677614401000.0,0.0,0.0,0.9,2.8932297634942192,0.0,0.0,2.844,1.0,1.0,1676.567283027081,1050.0,1676.5229762399363,1050.0,0.0015531179771344358,0.0
16053,1677618001000.0,0.0,0.0,0.9,2.8932297634942192,0.0,0.0,2.857,1.0,1.0,1676.567283027081,1050.0,1676.5346762399363,1050.0,0.0015531179771344358,0.0
16054,1677621601000.0,0.0,0.0,2.1,2.853098470068951,0.0,0.0,2.834,1.0,1.0,1676.566944267081,1050.0,1676.5268374799361,1050.0,0.003573675842549796,0.0
16055,1677625201000.0,0.0,0.0,2.1,2.853098470068951,0.0,0.0,2.815,1.0,1.0,1676.566944267081,1050.0,1676.4869374799362,1050.0,0.003573675842549796,0.0
16056,1677628801000.0,0.0,0.0,4.9,2.8130422014581216,0.0,0.0,2.783,1.0,1.0,1676.566165027081,1050.0,1676.4189582399363,1050.0,0.008221510772837379,0.0
16057,1677632401000.0,0.0,0.0,4.9,2.8130422014581216,0.0,0.0,2.782,1.0,1.0,1676.566165027081,1050.0,1676.4140582399364,1050.0,0.008221510772837379,0.0
16058,1677636001000.0,0.0,0.0,4.9,2.8130422014581216,0.0,0.0,2.808,1.0,1.0,1676.566165027081,1050.0,1676.5414582399362,1050.0,0.008221510772837379,0.0
16059,1677639601000.0,0.0,0.0,1.9,2.8130422014581216,0.0,0.0,2.815,1.0,1.0,1676.6221888227067,1050.0,1676.6259086399361,1050.0,0.003187826224895328,0.0
16060,1677643201000.0,0.0,0.0,1.0,2.8130422014581216,0.0,0.0,2.869,1.0,1.0,1676.6479950613946,1050.0,1676.7039528599364,1050.0,0.001677777452240424,0.0
16061,1677646801000.0,0.0,0.0,0.4,2.884834954356258,0.0,0.0,2.901,1.0,1.0,1676.7085249316792,1050.0,1676.7149909499367,1050.0,0.0006882138216536608,0.0
16062,1677650401000.0,0.0,0.0,0.4,2.884834954356258,0.0,0.0,2.843,1.0,1.0,1676.7085249316792,1050.0,1676.6917909499368,1050.0,0.0006882138216536608,0.0
16063,1677654001000.0,0.0,0.0,0.4,2.884834954356258,0.0,0.0,2.85,1.0,1.0,1676.7085249316792,1050.0,1676.6945909499368,1050.0,0.0006882138216536608,0.0
16064,1677657601000.0,0.0,0.0,0.4,2.884834954356258,0.0,0.0,2.839,1.0,1.0,1676.7085249316792,1050.0,1676.6901909499368,1050.0,0.0006882138216536608,0.0
16065,1677661201000.0,0.0,0.0,0.4,2.937443686734095,0.0,0.0,2.93,1.0,1.0,1676.7252996846305,1050.0,1676.722322209937,1050.0,0.0007007572885759138,0.0
16066,1677664801000.0,0.0,0.0,0.4,2.965454898316781,0.0,0.0,2.933,1.0,1.0,1676.7349071392637,1050.0,1676.721925179937,1050.0,0.0007074355965729247,0.0
16067,1677668401000.0,0.0,0.0,0.4,2.965454898316781,0.0,0.0,2.957,1.0,1.0,1676.7349071392637,1050.0,1676.7315251799369,1050.0,0.0007074355965729247,0.0
16068,1677672001000.0,0.0,0.0,0.4,2.977068380303189,0.0,0.0,2.995,1.0,1.0,1676.7387329420583,1050.0,1676.745905589937,1050.0,0.0007102044753459071,0.0
16069,1677675601000.0,0.0,0.0,0.4,2.998205229705305,0.0,0.0,2.97,1.0,1.0,1676.7464472518193,1050.0,1676.7351651599372,1050.0,0.0007152435562620339,0.0
16070,1677679201000.0,0.0,0.0,0.4,2.998205229705305,0.0,0.0,2.96,1.0,1.0,1676.7464472518193,1050.0,1676.731165159937,1050.0,0.0007152435562620339,0.0
16071,1677682801000.0,0.0,0.0,0.4,2.998205229705305,0.0,0.0,2.972,1.0,1.0,1676.7464472518193,1050.0,1676.7359651599372,1050.0,0.0007152435562620339,0.0
16072,1677686401000.0,0.0,0.0,0.4,3.0264481160335817,0.0,0.0,3.035,1.0,1.0,1676.7562412863508,1050.0,1676.7596620399374,1050.0,0.0007219768840608085,0.0
16073,1677690001000.0,0.0,0.0,0.4,3.0264481160335817,0.0,0.0,3.011,1.0,1.0,1676.7562412863508,1050.0,1676.7500620399373,1050.0,0.0007219768840608085,0.0
16074,1677693601000.0,0.0,0.0,0.4,3.037877065268889,0.0,0.0,3.015,1.0,1.0,1676.760190836045,1050.0,1676.7510400099375,1050.0,0.0007247016196762594,0.0
16075,1677697201000.0,0.0,0.0,0.4,3.037877065268889,0.0,0.0,3.008,1.0,1.0,1676.760190836045,1050.0,1676.7482400099375,1050.0,0.0007247016196762594,0.0
16076,1677700801000.0,0.0,0.0,0.9,2.997389806786173,0.0,0.0,2.966,1.0,1.0,1676.760042586045,1050.0,1676.7317917599376,1050.0,0.0016088472754557082,0.0
16077,1677704401000.0,0.0,0.0,0.9,2.997389806786173,0.0,0.0,2.992,1.0,1.0,1676.760042586045,1050.0,1676.7551917599376,1050.0,0.0016088472754557082,0.0
16078,1677708001000.0,0.0,0.0,0.4,3.0253278545400772,0.0,0.0,3.03,1.0,1.0,1676.7845685317536,1050.0,1676.7864373899376,1050.0,0.0007216974467242745,0.0
16079,1677711601000.0,0.0,0.0,0.4,3.0253278545400772,0.0,0.0,3.027,1.0,1.0,1676.7845685317536,1050.0,1676.7852373899375,1050.0,0.0007216974467242745,0.0
16080,1677715201000.0,0.0,0.0,0.4,3.0253278545400772,0.0,0.0,3.031,1.0,1.0,1676.7845685317536,1050.0,1676.7868373899375,1050.0,0.0007216974467242745,0.0
16081,1677718801000.0,0.0,0.0,0.4,3.0253278545400772,0.0,0.0,2.98,1.0,1.0,1676.7845685317536,1050.0,1676.7664373899377,1050.0,0.0007216974467242745,0.0
16082,1677722401000.0,0.0,0.0,0.9,2.984590157573368,0.0,0.0,2.918,1.0,1.0,1676.7844209317536,1050.0,1676.7244897899377,1050.0,0.0016019537802739157,0.0
16083,1677726001000.0,0.0,0.0,2.1,2.9431100675314434,0.0,0.0,2.912,1.0,1.0,1676.7840714917536,1050.0,1676.7187403499377,1050.0,0.003685943376309337,0.0
16084,1677729601000.0,0.0,0.0,2.1,2.9431100675314434,0.0,0.0,2.905,1.0,1.0,1676.7840714917536,1050.0,1676.7040403499375,1050.0,0.003685943376309337,0.0
16085,1677733201000.0,0.0,0.0,2.1,2.9431100675314434,0.0,0.0,2.914,1.0,1.0,1676.7840714917536,1050.0,1676.7229403499375,1050.0,0.003685943376309337,0.0
16086,1677736801000.0,0.0,0.0,4.9,2.901904314656333,0.0,0.0,2.86,1.0,1.0,1676.7832676117537,1050.0,1676.5779364699376,1050.0,0.008480124662782841,0.0
16087,1677740401000.0,0.0,0.0,4.9,2.901904314656333,0.0,0.0,2.892,1.0,1.0,1676.7832676117537,1050.0,1676.7347364699376,1050.0,0.008480124662782841,0.0
16088,1677744001000.0,0.0,0.0,4.9,2.901904314656333,0.0,0.0,2.855,1.0,1.0,1676.7832676117537,1050.0,1676.5534364699377,1050.0,0.008480124662782841,0.0
16089,1677747601000.0,0.0,0.0,4.9,2.901904314656333,0.0,0.0,2.857,1.0,1.0,1676.7832676117537,1050.0,1676.5632364699377,1050.0,0.008480124662782841,0.0
16090,1677751201000.0,0.0,0.0,4.9,2.901904314656333,0.0,0.0,2.837,1.0,1.0,1676.7832676117537,1050.0,1676.4652364699377,1050.0,0.008480124662782841,0.0
16091,1677754801000.0,0.0,0.0,11.4,2.8597658896329854,0.0,0.0,2.832,1.0,1.0,1676.7814294117536,1050.0,1676.4648982699375,1050.0,0.019442803080931777,0.0
16092,1677758401000.0,0.0,0.0,11.4,2.8597658896329854,0.0,0.0,2.846,1.0,1.0,1676.7814294117536,1050.0,1676.6244982699375,1050.0,0.019442803080931777,0.0
16093,1677762001000.0,0.0,0.0,11.4,2.8597658896329854,0.0,0.0,2.815,1.0,1.0,1676.7814294117536,1050.0,1676.2710982699375,1050.0,0.019442803080931777,0.0
16094,1677765601000.0,0.0,0.0,0.7,2.8597658896329854,0.0,0.0,2.873,1.0,1.0,1676.9901532626807,1050.0,1676.9994171399376,1050.0,0.0011937077381452734,0.0
16095,1677769201000.0,0.0,0.0,0.4,2.883088734688915,0.0,0.0,2.851,1.0,1.0,1677.0059920838132,1050.0,1676.9931565899376,1050.0,0.0006876752374883165,0.0
16096,1677772801000.0,0.0,0.0,0.4,2.883088734688915,0.0,0.0,2.835,1.0,1.0,1677.0059920838132,1050.0,1676.9867565899376,1050.0,0.0006876752374883165,0.0
16097,1677776401000.0,0.0,0.0,0.9,2.8447061043061845,0.0,0.0,2.786,1.0,1.0,1677.0058513838133,1050.0,1676.9530158899377,1050.0,0.00152667057885513,0.0
16098,1677780001000.0,0.0,0.0,0.6,2.8447061043061845,0.0,0.0,2.849,1.0,1.0,1677.0115536325213,1050.0,1677.0141299699376,1050.0,0.0010177769252016269,0.0
16099,1677783601000.0,0.0,0.0,0.4,2.892973846440332,0.0,0.0,2.905,1.0,1.0,1677.0318002485137,1050.0,1677.0366107099376,1050.0,0.000690022418420839,0.0
16100,1677787201000.0,0.0,0.0,0.4,2.907988966467015,0.0,0.0,2.903,1.0,1.0,1677.0373312465242,1050.0,1677.0353356599373,1050.0,0.0006936014869282695,0.0
16101,1677790801000.0,0.0,0.0,0.4,2.907988966467015,0.0,0.0,2.883,1.0,1.0,1677.0373312465242,1050.0,1677.0273356599373,1050.0,0.0006936014869282695,0.0
16102,1677794401000.0,0.0,0.0,0.4,2.907988966467015,0.0,0.0,2.895,1.0,1.0,1677.0373312465242,1050.0,1677.0321356599375,1050.0,0.0006936014869282695,0.0
16103,1677798001000.0,0.0,0.0,0.4,2.907988966467015,0.0,0.0,2.886,1.0,1.0,1677.0373312465242,1050.0,1677.0285356599375,1050.0,0.0006936014869282695,0.0
16104,1677801601000.0,0.0,0.0,0.4,2.907988966467015,0.0,0.0,2.893,1.0,1.0,1677.0373312465242,1050.0,1677.0313356599374,1050.0,0.0006936014869282695,0.0
16105,1677805201000.0,0.0,0.0,0.4,2.907988966467015,0.0,0.0,2.873,1.0,1.0,1677.0373312465242,1050.0,1677.0233356599374,1050.0,0.0006936014869282695,0.0
16106,1677808801000.0,0.0,0.0,62.0,2.6589983159126906,0.0,0.0,2.571,1.0,1.0,1677.0209617765242,1050.0,1671.5650661899374,1050.0,0.09830401607618985,0.0
16107,1677812401000.0,0.0,0.0,62.0,2.6589983159126906,0.0,0.0,2.584,1.0,1.0,1677.0209617765242,1050.0,1672.3710661899374,1050.0,0.09830401607618985,0.0
16108,1677816001000.0,0.0,0.0,62.0,2.6589983159126906,0.0,0.0,2.612,1.0,1.0,1677.0209617765242,1050.0,1674.1070661899375,1050.0,0.09830401607618985,0.0
16109,1677819601000.0,0.0,0.0,62.0,2.6589983159126906,0.0,0.0,2.638,1.0,1.0,1677.0209617765242,1050.0,1675.7190661899374,1050.0,0.09830401607618985,0.0
16110,1677823201000.0,0.0,0.0,62.0,2.6589983159126906,0.0,0.0,2.618,1.0,1.0,1677.0209617765242,1050.0,1674.4790661899374,1050.0,0.09830401607618985,0.0
16111,1677826801000.0,0.0,0.0,62.0,2.6589983159126906,0.0,0.0,2.646,1.0,1.0,1677.0209617765242,1050.0,1676.2150661899375,1050.0,0.09830401607618985,0.0
16112,1677830401000.0,0.0,0.0,62.0,2.6589983159126906,0.0,0.0,2.65,1.0,1.0,1677.0209617765242,1050.0,1676.4630661899373,1050.0,0.09830401607618985,0.0
16113,1677834001000.0,0.0,0.0,18.9,2.6589983159126906,0.0,0.0,2.685,1.0,1.0,1677.7852964906874,1050.0,1678.2767283199375,1050.0,0.029953217658937086,0.0
16114,1677837601000.0,0.0,0.0,1.0,2.6589983159126906,0.0,0.0,2.692,1.0,1.0,1678.4328017958505,1050.0,1678.465803479938,1050.0,0.0015842149373318237,0.0
16115,1677841201000.0,0.0,0.0,0.4,2.726294575006167,0.0,0.0,2.743,1.0,1.0,1678.4903761499402,1050.0,1678.4970583199377,1050.0,0.0006497015684438159,0.0
16116,1677844801000.0,0.0,0.0,0.4,2.791311438809447,0.0,0.0,2.803,1.0,1.0,1678.5137612054612,1050.0,1678.5184366299375,1050.0,0.0006651864294052152,0.0
16117,1677848401000.0,0.0,0.0,0.9,2.832687342919292,0.0,0.0,2.782,1.0,1.0,1678.5383862085646,1050.0,1678.4927675999372,1050.0,0.0015188324732840445,0.0
16118,1677852001000.0,0.0,0.0,1.5,2.7934374326796965,0.0,0.0,2.816,1.0,1.0,1678.5490233489566,1050.0,1678.582867199937,1050.0,0.002496296557761272,0.0
16119,1677855601000.0,0.0,0.0,0.4,2.870109771680581,0.0,0.0,2.874,1.0,1.0,1678.6419807386094,1050.0,1678.6435368299371,1050.0,0.0006839123064032323,0.0
16120,1677859201000.0,0.0,0.0,0.9,2.8317154540802587,0.0,0.0,2.818,1.0,1.0,1678.6418406886094,1050.0,1678.6294967799372,1050.0,0.0015182177918469934,0.0
16121,1677862801000.0,0.0,0.0,0.9,2.8317154540802587,0.0,0.0,2.799,1.0,1.0,1678.6418406886094,1050.0,1678.6123967799372,1050.0,0.0015182177918469934,0.0
16122,1677866401000.0,0.0,0.0,0.4,2.8456524429201453,0.0,0.0,2.851,1.0,1.0,1678.6611002171055,1050.0,1678.6632392399374,1050.0,0.0006780766987576253,0.0
16123,1677870001000.0,0.0,0.0,0.9,2.853082366239061,0.0,0.0,2.81,1.0,1.0,1678.675568159552,1050.0,1678.636794029937,1050.0,0.001529642879374472,0.0
16124,1677873601000.0,0.0,0.0,2.1,2.8136067283881685,0.0,0.0,2.784,1.0,1.0,1678.6752340795522,1050.0,1678.613059949937,1050.0,0.0035197839401347525,0.0
16125,1677877201000.0,0.0,0.0,1.9,2.8136067283881685,0.0,0.0,2.822,1.0,1.0,1678.6788560938746,1050.0,1678.694803309937,1050.0,0.0031845595508224896,0.0
16126,1677880801000.0,0.0,0.0,1.2,2.8136067283881685,0.0,0.0,2.792,1.0,1.0,1678.6915331440032,1050.0,1678.6656050699373,1050.0,0.00201128558011031,0.0
16127,1677884401000.0,0.0,0.0,0.7,2.8136067283881685,0.0,0.0,2.837,1.0,1.0,1678.7037878598092,1050.0,1678.7201631499374,1050.0,0.001173241356882073,0.0
16128,1677888001000.0,0.0,0.0,0.4,2.856071989745275,0.0,0.0,2.875,1.0,1.0,1678.7251071558355,1050.0,1678.7326783599374,1050.0,0.0006805335733815642,0.0
16129,1677891601000.0,0.0,0.0,0.4,2.9090048047355004,0.0,0.0,2.926,1.0,1.0,1678.743257751831,1050.0,1678.7500558299366,1050.0,0.0006931387015382526,0.0
16130,1677895201000.0,0.0,0.0,0.4,2.9686839738120847,0.0,0.0,2.952,1.0,1.0,1678.7612141894617,1050.0,1678.754540599937,1050.0,0.0007073510988268627,0.0
16131,1677898801000.0,0.0,0.0,0.4,2.9742629803590632,0.0,0.0,2.908,1.0,1.0,1678.7631859920807,1050.0,1678.7366807999372,1050.0,0.0007086795815340434,0.0
16132,1677902401000.0,0.0,0.0,0.4,2.9742629803590632,0.0,0.0,2.916,1.0,1.0,1678.7631859920807,1050.0,1678.739880799937,1050.0,0.0007086795815340434,0.0
16133,1677906001000.0,0.0,0.0,0.4,2.9742629803590632,0.0,0.0,2.919,1.0,1.0,1678.7631859920807,1050.0,1678.741080799937,1050.0,0.0007086795815340434,0.0
16134,1677909601000.0,0.0,0.0,0.4,2.9742629803590632,0.0,0.0,2.913,1.0,1.0,1678.7631859920807,1050.0,1678.7386807999371,1050.0,0.0007086795815340434,0.0
16135,1677913201000.0,0.0,0.0,0.9,2.9346724357151395,0.0,0.0,2.922,1.0,1.0,1678.7630408420807,1050.0,1678.751635649937,1050.0,0.0015733043484319124,0.0
16136,1677916801000.0,0.0,0.0,0.8,2.9346724357151395,0.0,0.0,2.943,1.0,1.0,1678.7649440585092,1050.0,1678.771606109937,1050.0,0.001398491168689955,0.0
16137,1677920401000.0,0.0,0.0,0.4,2.9605003924597444,0.0,0.0,2.965,1.0,1.0,1678.7820915969207,1050.0,1678.783891439937,1050.0,0.0007053924168665881,0.0
16138,1677924001000.0,0.0,0.0,0.4,2.9605003924597444,0.0,0.0,2.956,1.0,1.0,1678.7820915969207,1050.0,1678.780291439937,1050.0,0.0007053924168665881,0.0
16139,1677927601000.0,0.0,0.0,0.4,2.9605003924597444,0.0,0.0,2.94,1.0,1.0,1678.7820915969207,1050.0,1678.7738914399367,1050.0,0.0007053924168665881,0.0
16140,1677931201000.0,0.0,0.0,0.4,2.9605003924597444,0.0,0.0,2.971,1.0,1.0,1678.7820915969207,1050.0,1678.7862914399368,1050.0,0.0007053924168665881,0.0
16141,1677934801000.0,0.0,0.0,0.4,3.0217554021379285,0.0,0.0,3.013,1.0,1.0,1678.800372860792,1050.0,1678.796870699937,1050.0,0.0007199796833470196,0.0
16142,1677938401000.0,0.0,0.0,0.4,3.0217554021379285,0.0,0.0,2.978,1.0,1.0,1678.800372860792,1050.0,1678.782870699937,1050.0,0.0007199796833470196,0.0
16143,1677942001000.0,0.0,0.0,0.4,3.0217554021379285,0.0,0.0,2.967,1.0,1.0,1678.800372860792,1050.0,1678.7784706999369,1050.0,0.0007199796833470196,0.0
16144,1677945601000.0,0.0,0.0,0.9,2.9813357342835243,0.0,0.0,2.947,1.0,1.0,1678.800225410792,1050.0,1678.7693232499369,1050.0,0.0015982855614631627,0.0
16145,1677949201000.0,0.0,0.0,0.9,2.9813357342835243,0.0,0.0,2.952,1.0,1.0,1678.800225410792,1050.0,1678.7738232499369,1050.0,0.0015982855614631627,0.0
16146,1677952801000.0,0.0,0.0,0.9,2.9813357342835243,0.0,0.0,2.931,1.0,1.0,1678.800225410792,1050.0,1678.7549232499368,1050.0,0.0015982855614631627,0.0
16147,1677956401000.0,0.0,0.0,1.2,2.940001028978653,0.0,0.0,2.935,1.0,1.0,1678.8176090047116,1050.0,1678.8116077699372,1050.0,0.002101479765193767,0.0
16148,1677960001000.0,0.0,0.0,1.2,2.940001028978653,0.0,0.0,2.922,1.0,1.0,1678.8176090047116,1050.0,1678.7960077699372,1050.0,0.002101479765193767,0.0
16149,1677963601000.0,0.0,0.0,2.8,2.8988575838479944,0.0,0.0,2.872,1.0,1.0,1678.8171501247116,1050.0,1678.7419488899372,1050.0,0.00483483340289407,0.0
16150,1677967201000.0,0.0,0.0,15.2,2.815625081235156,0.0,0.0,2.797,1.0,1.0,1678.8136820547115,1050.0,1678.530580819937,1050.0,0.025492704576004062,0.0
16151,1677970801000.0,0.0,0.0,0.4,2.95,0.0,0.0,2.895,1.0,1.0,1679.6296010299377,1050.0,1679.6076010299378,1050.0,0.0007025358443768984,0.0
16152,1677974401000.0,0.0,0.0,0.9,2.910555555555556,0.0,0.0,2.872,1.0,1.0,1679.6294570799378,1050.0,1679.5947570799378,1050.0,0.0015595701712412464,0.0
16153,1677978001000.0,0.0,0.0,0.6,2.910555555555556,0.0,0.0,2.912,1.0,1.0,1679.635202513271,1050.0,1679.6360691799377,1050.0,0.0010397098910050592,0.0
16154,1677981601000.0,0.0,0.0,0.4,2.9955781249999998,0.0,0.0,2.983,1.0,1.0,1679.6618241499373,1050.0,1679.6567928999373,1050.0,0.0007133764861307213,0.0
16155,1677985201000.0,0.0,0.0,0.5,2.9552569444444448,0.0,0.0,2.965,1.0,1.0,1679.6694562221587,1050.0,1679.6743277499365,1050.0,0.000879713842951959,0.0
16156,1677988801000.0,0.0,0.0,0.4,2.9903745117187492,0.0,0.0,2.976,1.0,1.0,1679.6825484446235,1050.0,1679.6767986399361,1050.0,0.0007121284946343745,0.0
16157,1677992401000.0,0.0,0.0,0.4,3.000898162841796,0.0,0.0,3.012,1.0,1.0,1679.6864373650728,1050.0,1679.690878099936,1050.0,0.0007146329448368496,0.0
16158,1677996001000.0,0.0,0.0,0.4,3.0064236221313463,0.0,0.0,3.008,1.0,1.0,1679.6883871087887,1050.0,1679.689017659936,1050.0,0.0007159479449176258,0.0
16159,1677999601000.0,0.0,0.0,0.4,3.0064236221313463,0.0,0.0,2.981,1.0,1.0,1679.6883871087887,1050.0,1679.678217659936,1050.0,0.0007159479449176258,0.0
16160,1678003201000.0,0.0,0.0,0.4,3.0064236221313463,0.0,0.0,2.998,1.0,1.0,1679.6883871087887,1050.0,1679.6850176599362,1050.0,0.0007159479449176258,0.0
16161,1678006801000.0,0.0,0.0,0.4,3.017363287448882,0.0,0.0,2.994,1.0,1.0,1679.692341764916,1050.0,1679.6829964499364,1050.0,0.0007185514185957233,0.0
16162,1678010401000.0,0.0,0.0,0.4,3.017363287448882,0.0,0.0,3.019,1.0,1.0,1679.692341764916,1050.0,1679.6929964499363,1050.0,0.0007185514185957233,0.0
16163,1678014001000.0,0.0,0.0,4.9,3.160816326530612,0.0,0.0,3.126,1.0,1.0,1679.7269732999364,1050.0,1679.5563732999365,1050.0,0.009220546104330743,0.0
16164,1678017601000.0,0.0,0.0,0.6,3.1147368421052635,0.0,0.0,3.152,1.0,1.0,1680.0360180452,1050.0,1680.058375939937,1050.0,0.0011123821663285782,0.0
16165,1678021201000.0,0.0,0.0,0.4,3.1332952302631574,0.0,0.0,3.142,1.0,1.0,1680.0463427220416,1050.0,1680.0498246299362,1050.0,0.0007460020954389951,0.0
16166,1678024801000.0,0.0,0.0,0.4,3.232196285351105,0.0,0.0,3.219,1.0,1.0,1680.0787065540767,1050.0,1680.0734280399363,1050.0,0.0007695344921025748,0.0
16167,1678028401000.0,0.0,0.0,0.4,3.232196285351105,0.0,0.0,3.2,1.0,1.0,1680.0787065540767,1050.0,1680.0658280399362,1050.0,0.0007695344921025748,0.0
16168,1678032001000.0,0.0,0.0,0.9,3.1887539046004916,0.0,0.0,3.142,1.0,1.0,1680.0785488540766,1050.0,1680.0364703399362,1050.0,0.0017081811538501503,0.0
16169,1678035601000.0,0.0,0.0,0.9,3.1887539046004916,0.0,0.0,3.139,1.0,1.0,1680.0785488540766,1050.0,1680.0337703399362,1050.0,0.0017081811538501503,0.0
16170,1678039201000.0,0.0,0.0,0.9,3.1887539046004916,0.0,0.0,3.131,1.0,1.0,1680.0785488540766,1050.0,1680.0265703399361,1050.0,0.0017081811538501503,0.0
16171,1678042801000.0,0.0,0.0,0.9,3.1887539046004916,0.0,0.0,3.137,1.0,1.0,1680.0785488540766,1050.0,1680.0319703399362,1050.0,0.0017081811538501503,0.0
16172,1678046401000.0,0.0,0.0,0.9,3.1887539046004916,0.0,0.0,3.133,1.0,1.0,1680.0785488540766,1050.0,1680.0283703399361,1050.0,0.0017081811538501503,0.0
16173,1678050001000.0,0.0,0.0,0.9,3.1887539046004916,0.0,0.0,3.142,1.0,1.0,1680.0785488540766,1050.0,1680.0364703399362,1050.0,0.0017081811538501503,0.0
16174,1678053601000.0,0.0,0.0,0.9,3.1887539046004916,0.0,0.0,3.16,1.0,1.0,1680.0785488540766,1050.0,1680.0526703399362,1050.0,0.0017081811538501503,0.0
16175,1678057201000.0,0.0,0.0,2.1,3.144323101971639,0.0,0.0,3.13,1.0,1.0,1680.0781755340765,1050.0,1680.048097019936,1050.0,0.003930220992271032,0.0
16176,1678060801000.0,0.0,0.0,2.1,3.144323101971639,0.0,0.0,3.107,1.0,1.0,1680.0781755340765,1050.0,1679.999797019936,1050.0,0.003930220992271032,0.0
16177,1678064401000.0,0.0,0.0,2.1,3.144323101971639,0.0,0.0,3.107,1.0,1.0,1680.0781755340765,1050.0,1679.999797019936,1050.0,0.003930220992271032,0.0
16178,1678068001000.0,0.0,0.0,4.9,3.1001384722735597,0.0,0.0,3.09,1.0,1.0,1680.0773167740765,1050.0,1680.027638259936,1050.0,0.009041654430111663,0.0
16179,1678071601000.0,0.0,0.0,4.9,3.1001384722735597,0.0,0.0,3.075,1.0,1.0,1680.0773167740765,1050.0,1679.9541382599361,1050.0,0.009041654430111663,0.0
16180,1678075201000.0,0.0,0.0,4.9,3.1001384722735597,0.0,0.0,3.112,1.0,1.0,1680.0773167740765,1050.0,1680.135438259936,1050.0,0.009041654430111663,0.0
16181,1678078801000.0,0.0,0.0,1.1,3.1001384722735597,0.0,0.0,3.091,1.0,1.0,1680.1639037494365,1050.0,1680.1538514299355,1050.0,0.0020296545544698677,0.0
16182,1678082401000.0,0.0,0.0,0.4,3.1218485009928045,0.0,0.0,3.135,1.0,1.0,1680.1863220003313,1050.0,1680.1915825999342,1050.0,0.0007432148351918769,0.0
16183,1678086001000.0,0.0,0.0,0.4,3.163253376133626,0.0,0.0,3.153,1.0,1.0,1680.2002045403879,1050.0,1680.1961031899343,1050.0,0.0007530658233669057,0.0
16184,1678089601000.0,0.0,0.0,0.4,3.163253376133626,0.0,0.0,3.171,1.0,1.0,1680.2002045403879,1050.0,1680.2033031899343,1050.0,0.0007530658233669057,0.0
16185,1678093201000.0,0.0,0.0,0.4,3.168690032100219,0.0,0.0,3.142,1.0,1.0,1680.2022155127745,1050.0,1680.1915394999344,1050.0,0.0007543592081583297,0.0
16186,1678096801000.0,0.0,0.0,0.4,3.174267524075164,0.0,0.0,3.19,1.0,1.0,1680.2042826995644,1050.0,1680.2105756899343,1050.0,0.0007556860928779698,0.0
16187,1678100401000.0,0.0,0.0,0.4,3.2417262666737137,0.0,0.0,3.243,1.0,1.0,1680.2268201566042,1050.0,1680.2273296499347,1050.0,0.000771735393765842,0.0
16188,1678104001000.0,0.0,0.0,0.4,3.2417262666737137,0.0,0.0,3.212,1.0,1.0,1680.2268201566042,1050.0,1680.2149296499347,1050.0,0.000771735393765842,0.0
16189,1678107601000.0,0.0,0.0,0.4,3.2417262666737137,0.0,0.0,3.196,1.0,1.0,1680.2268201566042,1050.0,1680.2085296499347,1050.0,0.000771735393765842,0.0
16190,1678111201000.0,0.0,0.0,0.4,3.2417262666737137,0.0,0.0,3.219,1.0,1.0,1680.2268201566042,1050.0,1680.2177296499347,1050.0,0.000771735393765842,0.0
16191,1678114801000.0,0.0,0.0,0.4,3.2417262666737137,0.0,0.0,3.235,1.0,1.0,1680.2268201566042,1050.0,1680.2241296499346,1050.0,0.000771735393765842,0.0
16192,1678118401000.0,0.0,0.0,0.4,3.2417262666737137,0.0,0.0,3.245,1.0,1.0,1680.2268201566042,1050.0,1680.2281296499348,1050.0,0.000771735393765842,0.0
16193,1678122001000.0,0.0,0.0,0.4,3.266863133336857,0.0,0.0,3.198,1.0,1.0,1680.2327436232692,1050.0,1680.2051983699346,1050.0,0.0007777168123249791,0.0
16194,1678125601000.0,0.0,0.0,0.9,3.2230502814830477,0.0,0.0,3.176,1.0,1.0,1680.2325842232692,1050.0,1680.1902389699344,1050.0,0.0017263950720701488,0.0
16195,1678129201000.0,0.0,0.0,0.9,3.2230502814830477,0.0,0.0,3.159,1.0,1.0,1680.2325842232692,1050.0,1680.1749389699344,1050.0,0.0017263950720701488,0.0
16196,1678132801000.0,0.0,0.0,2.1,3.178450120635592,0.0,0.0,3.141,1.0,1.0,1680.2322068232693,1050.0,1680.1535615699345,1050.0,0.003972513576533775,0.0
16197,1678136401000.0,0.0,0.0,2.1,3.178450120635592,0.0,0.0,3.122,1.0,1.0,1680.2322068232693,1050.0,1680.1136615699345,1050.0,0.003972513576533775,0.0
16198,1678140001000.0,0.0,0.0,2.1,3.178450120635592,0.0,0.0,3.15,1.0,1.0,1680.2322068232693,1050.0,1680.1724615699345,1050.0,0.003972513576533775,0.0
16199,1678143601000.0,0.0,0.0,2.1,3.178450120635592,0.0,0.0,3.117,1.0,1.0,1680.2322068232693,1050.0,1680.1031615699346,1050.0,0.003972513576533775,0.0
16200,1678147201000.0,0.0,0.0,2.1,3.178450120635592,0.0,0.0,3.114,1.0,1.0,1680.2322068232693,1050.0,1680.0968615699346,1050.0,0.003972513576533775,0.0
16201,1678150801000.0,0.0,0.0,4.9,3.1336214802723967,0.0,0.0,3.144,1.0,1.0,1680.2313388232692,1050.0,1680.2821935699344,1050.0,0.009138470934656097,0.0
16202,1678154401000.0,0.0,0.0,4.9,3.1336214802723967,0.0,0.0,3.136,1.0,1.0,1680.2313388232692,1050.0,1680.2429935699345,1050.0,0.009138470934656097,0.0
16203,1678158001000.0,0.0,0.0,4.9,3.1336214802723967,0.0,0.0,3.093,1.0,1.0,1680.2313388232692,1050.0,1680.0322935699344,1050.0,0.009138470934656097,0.0
16204,1678161601000.0,0.0,0.0,4.9,3.1336214802723967,0.0,0.0,3.109,1.0,1.0,1680.2313388232692,1050.0,1680.1106935699345,1050.0,0.009138470934656097,0.0
16205,1678165201000.0,0.0,0.0,4.9,3.1336214802723967,0.0,0.0,3.09,1.0,1.0,1680.2313388232692,1050.0,1680.0175935699344,1050.0,0.009138470934656097,0.0
16206,1678168801000.0,0.0,0.0,4.9,3.1336214802723967,0.0,0.0,3.084,1.0,1.0,1680.2313388232692,1050.0,1679.9881935699345,1050.0,0.009138470934656097,0.0
16207,1678172401000.0,0.0,0.0,4.9,3.1336214802723967,0.0,0.0,3.057,1.0,1.0,1680.2313388232692,1050.0,1679.8558935699346,1050.0,0.009138470934656097,0.0
16208,1678176001000.0,0.0,0.0,11.4,3.088223267836381,0.0,0.0,3.051,1.0,1.0,1680.2293537232692,1050.0,1679.8050084699346,1050.0,0.020952940249092365,0.0
16209,1678179601000.0,0.0,0.0,11.4,3.088223267836381,0.0,0.0,3.033,1.0,1.0,1680.2293537232692,1050.0,1679.5998084699345,1050.0,0.020952940249092365,0.0
16210,1678183201000.0,0.0,0.0,26.6,3.0400956862155915,0.0,0.0,2.989,1.0,1.0,1680.2247876432693,1050.0,1678.8656423899347,1050.0,0.048128408679626984,0.0
16211,1678186801000.0,0.0,0.0,62.0,2.9846571815053986,0.0,0.0,2.942,1.0,1.0,1680.2143694232693,1050.0,1677.5696241699345,1050.0,0.11013400945788386,0.0
16212,1678190401000.0,0.0,0.0,62.0,2.9846571815053986,0.0,0.0,2.908,1.0,1.0,1680.2143694232693,1050.0,1675.4616241699346,1050.0,0.11013400945788386,0.0
16213,1678194001000.0,0.0,0.0,62.0,2.9846571815053986,0.0,0.0,2.963,1.0,1.0,1680.2143694232693,1050.0,1678.8716241699346,1050.0,0.11013400945788386,0.0
16214,1678197601000.0,0.0,0.0,62.0,2.9846571815053986,0.0,0.0,2.905,1.0,1.0,1680.2143694232693,1050.0,1675.2756241699346,1050.0,0.11013400945788386,0.0
16215,1678201201000.0,0.0,0.0,62.0,2.9846571815053986,0.0,0.0,2.931,1.0,1.0,1680.2143694232693,1050.0,1676.8876241699345,1050.0,0.11013400945788386,0.0
16216,1678204801000.0,0.0,0.0,3.2,2.9846571815053986,0.0,0.0,2.978,1.0,1.0,1681.7192251107515,1050.0,1681.697922129934,1050.0,0.005679249447950082,0.0
16217,1678208401000.0,0.0,0.0,3.2,2.9846571815053986,0.0,0.0,2.944,1.0,1.0,1681.7192251107515,1050.0,1681.5891221299341,1050.0,0.005679249447950082,0.0
16218,1678212001000.0,0.0,0.0,3.2,2.9846571815053986,0.0,0.0,2.958,1.0,1.0,1681.7192251107515,1050.0,1681.6339221299343,1050.0,0.005679249447950082,0.0
16219,1678215601000.0,0.0,0.0,3.2,2.9846571815053986,0.0,0.0,2.931,1.0,1.0,1681.7192251107515,1050.0,1681.5475221299341,1050.0,0.005679249447950082,0.0
16220,1678219201000.0,0.0,0.0,3.2,2.9846571815053986,0.0,0.0,2.935,1.0,1.0,1681.7192251107515,1050.0,1681.5603221299343,1050.0,0.005679249447950082,0.0
16221,1678222801000.0,0.0,0.0,7.5,2.941853730775637,0.0,0.0,2.897,1.0,1.0,1681.7179738107516,1050.0,1681.3815708299344,1050.0,0.013119859170453387,0.0
16222,1678226401000.0,0.0,0.0,17.5,2.8979373131895585,0.0,0.0,2.866,1.0,1.0,1681.7151088107516,1050.0,1681.1562058299344,1050.0,0.03015606074722152,0.0
16223,1678230001000.0,0.0,0.0,40.8,2.850002524039639,0.0,0.0,2.839,1.0,1.0,1681.7085521907516,1050.0,1681.2596492099342,1050.0,0.06914402785746668,0.0
16224,1678233601000.0,0.0,0.0,0.4,2.920563209886148,0.0,0.0,2.926,1.0,1.0,1682.793018133889,1050.0,1682.7951928499347,1050.0,0.0006942180478321376,0.0
16225,1678237201000.0,0.0,0.0,0.4,2.925672407414611,0.0,0.0,2.9,1.0,1.0,1682.7949030029006,1050.0,1682.7846340399346,1050.0,0.0006954317254452887,0.0
16226,1678240801000.0,0.0,0.0,0.4,2.925672407414611,0.0,0.0,2.867,1.0,1.0,1682.7949030029006,1050.0,1682.7714340399348,1050.0,0.0006954317254452887,0.0
16227,1678244401000.0,0.0,0.0,0.9,2.8864099588509387,0.0,0.0,2.863,1.0,1.0,1682.7947602529007,1050.0,1682.7736912899347,1050.0,0.001543722992443497,0.0
16228,1678248001000.0,0.0,0.0,0.9,2.8864099588509387,0.0,0.0,2.887,1.0,1.0,1682.7947602529007,1050.0,1682.7952912899348,1050.0,0.001543722992443497,0.0
16229,1678251601000.0,0.0,0.0,0.9,2.8864099588509387,0.0,0.0,2.875,1.0,1.0,1682.7947602529007,1050.0,1682.7844912899347,1050.0,0.001543722992443497,0.0
16230,1678255201000.0,0.0,0.0,2.1,2.846175696650402,0.0,0.0,2.848,1.0,1.0,1682.7944223329007,1050.0,1682.7982533699349,1050.0,0.0035518117267585307,0.0
16231,1678258801000.0,0.0,0.0,0.4,2.8700555915182906,0.0,0.0,2.865,1.0,1.0,1682.8492567165422,1050.0,1682.847234479935,1050.0,0.0006821895853270049,0.0
16232,1678262401000.0,0.0,0.0,0.4,2.8700555915182906,0.0,0.0,2.831,1.0,1.0,1682.8492567165422,1050.0,1682.833634479935,1050.0,0.0006821895853270049,0.0
16233,1678266001000.0,0.0,0.0,0.4,2.8700555915182906,0.0,0.0,2.819,1.0,1.0,1682.8492567165422,1050.0,1682.8288344799348,1050.0,0.0006821895853270049,0.0
16234,1678269601000.0,0.0,0.0,0.4,2.8700555915182906,0.0,0.0,2.832,1.0,1.0,1682.8492567165422,1050.0,1682.8340344799349,1050.0,0.0006821895853270049,0.0
16235,1678273201000.0,0.0,0.0,0.9,2.8316913740081295,0.0,0.0,2.81,1.0,1.0,1682.8491166665422,1050.0,1682.8295944299348,1050.0,0.0015144092309686895,0.0
16236,1678276801000.0,0.0,0.0,0.9,2.8316913740081295,0.0,0.0,2.789,1.0,1.0,1682.8491166665422,1050.0,1682.8106944299348,1050.0,0.0015144092309686895,0.0
16237,1678280401000.0,0.0,0.0,2.1,2.7924391602891983,0.0,0.0,2.762,1.0,1.0,1682.8487851065422,1050.0,1682.7848628699348,1050.0,0.0034846400273783693,0.0
16238,1678284001000.0,0.0,0.0,4.9,2.7533310686953705,0.0,0.0,2.732,1.0,1.0,1682.8480223865422,1050.0,1682.7435001499348,1050.0,0.008016958190600306,0.0
16239,1678287601000.0,0.0,0.0,4.9,2.7533310686953705,0.0,0.0,2.705,1.0,1.0,1682.8480223865422,1050.0,1682.6112001499348,1050.0,0.008016958190600306,0.0
16240,1678291201000.0,0.0,0.0,1.9,2.7533310686953705,0.0,0.0,2.744,1.0,1.0,1682.9031975804558,1050.0,1682.8854685499346,1050.0,0.003108514523023304,0.0
16241,1678294801000.0,0.0,0.0,1.9,2.7533310686953705,0.0,0.0,2.7,1.0,1.0,1682.9031975804558,1050.0,1682.8018685499346,1050.0,0.003108514523023304,0.0
16242,1678298401000.0,0.0,0.0,4.4,2.71507477966391,0.0,0.0,2.684,1.0,1.0,1682.9025260804558,1050.0,1682.7657970499347,1050.0,0.0070986458486960976,0.0
16243,1678302001000.0,0.0,0.0,10.3,2.6760804884001166,0.0,0.0,2.627,1.0,1.0,1682.9009643504558,1050.0,1682.3954353199344,1050.0,0.01637863998798043,0.0
16244,1678305601000.0,0.0,0.0,10.3,2.6760804884001166,0.0,0.0,2.632,1.0,1.0,1682.9009643504558,1050.0,1682.4469353199345,1050.0,0.01637863998798043,0.0
16245,1678309201000.0,0.0,0.0,10.3,2.6760804884001166,0.0,0.0,2.659,1.0,1.0,1682.9009643504558,1050.0,1682.7250353199345,1050.0,0.01637863998798043,0.0
16246,1678312801000.0,0.0,0.0,10.3,2.6760804884001166,0.0,0.0,2.652,1.0,1.0,1682.9009643504558,1050.0,1682.6529353199346,1050.0,0.01637863998798043,0.0
16247,1678316401000.0,0.0,0.0,56.0,2.5900737326878787,0.0,0.0,2.598,1.0,1.0,1682.8892163004557,1050.0,1683.3330872699346,1050.0,0.08618756815696754,0.0
16248,1678320001000.0,0.0,0.0,0.8,2.5900737326878787,0.0,0.0,2.604,1.0,1.0,1683.9276437660833,1050.0,1683.938784779933,1050.0,0.0012304916982752113,0.0
16249,1678323601000.0,0.0,0.0,0.4,2.5900737326878787,0.0,0.0,2.573,1.0,1.0,1683.934309993008,1050.0,1683.9274804999327,1050.0,0.000615243413550647,0.0
16250,1678327201000.0,0.0,0.0,0.4,2.5900737326878787,0.0,0.0,2.535,1.0,1.0,1683.934309993008,1050.0,1683.9122804999326,1050.0,0.000615243413550647,0.0
16251,1678330801000.0,0.0,0.0,0.5,2.5972442396127273,0.0,0.0,2.584,1.0,1.0,1683.935924389739,1050.0,1683.9293022699328,1050.0,0.0007711826210234135,0.0
16252,1678334401000.0,0.0,0.0,0.5,2.5972442396127273,0.0,0.0,2.559,1.0,1.0,1683.935924389739,1050.0,1683.9168022699328,1050.0,0.0007711826210234135,0.0
16253,1678338001000.0,0.0,0.0,1.2,2.5609350998386367,0.0,0.0,2.548,1.0,1.0,1683.9357469397391,1050.0,1683.9202248199329,1050.0,0.001824964001976459,0.0
16254,1678341601000.0,0.0,0.0,1.2,2.5609350998386367,0.0,0.0,2.512,1.0,1.0,1683.9357469397391,1050.0,1683.8770248199328,1050.0,0.001824964001976459,0.0
16255,1678345201000.0,0.0,0.0,1.2,2.5609350998386367,0.0,0.0,2.541,1.0,1.0,1683.9357469397391,1050.0,1683.9118248199327,1050.0,0.001824964001976459,0.0
16256,1678348801000.0,0.0,0.0,1.2,2.5609350998386367,0.0,0.0,2.553,1.0,1.0,1683.9357469397391,1050.0,1683.9262248199327,1050.0,0.001824964001976459,0.0
16257,1678352401000.0,0.0,0.0,0.9,2.5609350998386367,0.0,0.0,2.534,1.0,1.0,1683.9407890697878,1050.0,1683.9165474799331,1050.0,0.001368718903191348,0.0
16258,1678356001000.0,0.0,0.0,2.1,2.5255436142165584,0.0,0.0,2.497,1.0,1.0,1683.9404891897877,1050.0,1683.880547599933,1050.0,0.0031495421743832352,0.0
16259,1678359601000.0,0.0,0.0,2.1,2.5255436142165584,0.0,0.0,2.531,1.0,1.0,1683.9404891897877,1050.0,1683.951947599933,1050.0,0.0031495421743832352,0.0
16260,1678363201000.0,0.0,0.0,2.1,2.5255436142165584,0.0,0.0,2.516,1.0,1.0,1683.9404891897877,1050.0,1683.920447599933,1050.0,0.0031495421743832352,0.0
16261,1678366801000.0,0.0,0.0,2.1,2.5255436142165584,0.0,0.0,2.495,1.0,1.0,1683.9404891897877,1050.0,1683.876347599933,1050.0,0.0031495421743832352,0.0
16262,1678370401000.0,0.0,0.0,1.6,2.4903758346642393,0.0,0.0,2.524,1.0,1.0,1684.0316279253955,1050.0,1684.0854265899327,1050.0,0.002366108373137577,0.0
16263,1678374001000.0,0.0,0.0,0.5,2.592180886786103,0.0,0.0,2.561,1.0,1.0,1684.1171638133249,1050.0,1684.1015733699319,1050.0,0.0007695963625584877,0.0
16264,1678377601000.0,0.0,0.0,1.2,2.5559087028275433,0.0,0.0,2.526,1.0,1.0,1684.1169867133249,1050.0,1684.0810962699318,1050.0,0.0018211860978723925,0.0
16265,1678381201000.0,0.0,0.0,1.2,2.5559087028275433,0.0,0.0,2.521,1.0,1.0,1684.1169867133249,1050.0,1684.075096269932,1050.0,0.0018211860978723925,0.0
16266,1678384801000.0,0.0,0.0,1.2,2.5559087028275433,0.0,0.0,2.543,1.0,1.0,1684.1169867133249,1050.0,1684.1014962699319,1050.0,0.0018211860978723925,0.0
16267,1678388401000.0,0.0,0.0,2.8,2.520532301211805,0.0,0.0,2.473,1.0,1.0,1684.1165876733248,1050.0,1683.9834972299318,1050.0,0.0041906186870015105,0.0
16268,1678392001000.0,0.0,0.0,15.2,2.4483414765390163,0.0,0.0,2.43,1.0,1.0,1684.1135719433248,1050.0,1683.8347814999318,1050.0,0.02209755390810747,0.0
16269,1678395601000.0,0.0,0.0,219.6,2.301598317137491,0.0,0.0,2.277,1.0,1.0,1684.0667503233249,1050.0,1678.6649598799318,1050.0,0.30012527136846273,0.0
16270,1678399201000.0,0.0,0.0,12.6,2.301580939232907,0.0,0.0,2.29,1.0,1.0,1687.4280043742672,1050.0,1687.2820845399326,1050.0,0.017185870898882225,0.0
16271,1678402801000.0,0.0,0.0,8.6,2.301580939232907,0.0,0.0,2.281,1.0,1.0,1687.4887538173355,1050.0,1687.3117577399325,1050.0,0.011729616587148873,0.0
16272,1678406401000.0,0.0,0.0,0.3,2.3452891381238468,0.0,0.0,2.365,1.0,1.0,1687.7553190513697,1050.0,1687.7612323099327,1050.0,0.00041687721762454074,0.0
16273,1678410001000.0,0.0,0.0,1.2,2.3256600373852443,0.0,0.0,2.292,1.0,1.0,1687.758221234795,1050.0,1687.7178291899327,1050.0,0.0016535496670965692,0.0
16274,1678413601000.0,0.0,0.0,1.8,2.293282873165105,0.0,0.0,2.317,1.0,1.0,1687.7733444216296,1050.0,1687.8160352499324,1050.0,0.002445772227260617,0.0
16275,1678417201000.0,0.0,0.0,1.2,2.293282873165105,0.0,0.0,2.263,1.0,1.0,1687.7826361577304,1050.0,1687.7462967099323,1050.0,0.0016305058417136991,0.0
16276,1678420801000.0,0.0,0.0,1.2,2.293282873165105,0.0,0.0,2.256,1.0,1.0,1687.7826361577304,1050.0,1687.7378967099323,1050.0,0.0016305058417136991,0.0
16277,1678424401000.0,0.0,0.0,2.5,2.229990684276635,0.0,0.0,2.246,1.0,1.0,1687.8406011206234,1050.0,1687.880624409932,1050.0,0.003303023228016995,0.0
16278,1678428001000.0,0.0,0.0,0.5,2.260465992682252,0.0,0.0,2.267,1.0,1.0,1687.9082441262715,1050.0,1687.9115111299304,1050.0,0.0006696057088850701,0.0
16279,1678431601000.0,0.0,0.0,0.5,2.267079595609351,0.0,0.0,2.238,1.0,1.0,1687.911259867735,1050.0,1687.8967200699303,1050.0,0.0006715636211192168,0.0
16280,1678435201000.0,0.0,0.0,0.5,2.267079595609351,0.0,0.0,2.237,1.0,1.0,1687.911259867735,1050.0,1687.8962200699302,1050.0,0.0006715636211192168,0.0
16281,1678438801000.0,0.0,0.0,2.8,2.204121356358813,0.0,0.0,2.199,1.0,1.0,1687.9107560677348,1050.0,1687.8964162699301,1050.0,0.0036563187808473304,0.0
16282,1678442401000.0,0.0,0.0,2.8,2.204121356358813,0.0,0.0,2.162,1.0,1.0,1687.9107560677348,1050.0,1687.7928162699302,1050.0,0.0036563187808473304,0.0
16283,1678446001000.0,0.0,0.0,15.2,2.1416539340660967,0.0,0.0,2.112,1.0,1.0,1687.9081179077348,1050.0,1687.45737810993,1050.0,0.019286085215441864,0.0
16284,1678449601000.0,0.0,0.0,15.2,2.1416539340660967,0.0,0.0,2.137,1.0,1.0,1687.9081179077348,1050.0,1687.8373781099301,1050.0,0.019286085215441864,0.0
16285,1678453201000.0,0.0,0.0,15.2,2.1416539340660967,0.0,0.0,2.146,1.0,1.0,1687.9081179077348,1050.0,1687.97417810993,1050.0,0.019286085215441864,0.0
16286,1678456801000.0,0.0,0.0,0.5,2.215943266602207,0.0,0.0,2.223,1.0,1.0,1688.352974353232,1050.0,1688.3565027199309,1050.0,0.0006562440734441454,0.0
16287,1678460401000.0,0.0,0.0,6.5,2.1237956358924777,0.0,0.0,2.124,1.0,1.0,1688.3517046832321,1050.0,1688.3530330499311,1050.0,0.008176419400655109,0.0
16288,1678464001000.0,0.0,0.0,0.4,2.16707259354886,0.0,0.0,2.185,1.0,1.0,1688.4610381873515,1050.0,1688.468209149932,1050.0,0.0005133840922679086,0.0
16289,1678467601000.0,0.0,0.0,0.4,2.2255289813884143,0.0,0.0,2.193,1.0,1.0,1688.4853325024878,1050.0,1688.4723209099325,1050.0,0.0005272249485495925,0.0
16290,1678471201000.0,0.0,0.0,0.5,2.2228115925553658,0.0,0.0,2.214,1.0,1.0,1688.4919712262101,1050.0,1688.4875654299324,1050.0,0.0006582239153145407,0.0
16291,1678474801000.0,0.0,0.0,1.2,2.1914214968980694,0.0,0.0,2.171,1.0,1.0,1688.49181939621,1050.0,1688.4673135999324,1050.0,0.0015574288048478926,0.0
16292,1678478401000.0,0.0,0.0,0.5,2.2086717388833046,0.0,0.0,2.221,1.0,1.0,1688.517116889374,1050.0,1688.5232810199323,1050.0,0.0006540270503600733,0.0
16293,1678482001000.0,0.0,0.0,0.5,2.2215218259979896,0.0,0.0,2.193,1.0,1.0,1688.5229637329319,1050.0,1688.508702819933,1050.0,0.0006578299122111793,0.0
16294,1678485601000.0,0.0,0.0,1.2,2.190300760832496,0.0,0.0,2.197,1.0,1.0,1688.5228119729318,1050.0,1688.5308510599327,1050.0,0.0015566037333708995,0.0
16295,1678489201000.0,0.0,0.0,0.5,2.210576964339819,0.0,0.0,2.219,1.0,1.0,1688.5416196321028,1050.0,1688.5458311499328,1050.0,0.0006545817226647504,0.0
16296,1678492801000.0,0.0,0.0,0.5,2.2505673885766226,0.0,0.0,2.238,1.0,1.0,1688.5558556642216,1050.0,1688.5495719699331,1050.0,0.0006664178093449342,0.0
16297,1678496401000.0,0.0,0.0,0.4,2.257140433145974,0.0,0.0,2.243,1.0,1.0,1688.5603147631916,1050.0,1688.5546585899333,1050.0,0.0005346899162349488,0.0
16298,1678500001000.0,0.0,0.0,0.4,2.2768543335595304,0.0,0.0,2.284,1.0,1.0,1688.569126603357,1050.0,1688.5719848699332,1050.0,0.0005393570917974887,0.0
16299,1678503601000.0,0.0,0.0,0.5,2.2972725360488586,0.0,0.0,2.284,1.0,1.0,1688.5765680779577,1050.0,1688.5699318099332,1050.0,0.0006802393742392612,0.0
16300,1678507201000.0,0.0,0.0,1.2,2.2650302233536914,0.0,0.0,2.216,1.0,1.0,1688.5764111379578,1050.0,1688.5175748699335,1050.0,0.0016096613988541405,0.0
16301,1678510801000.0,0.0,0.0,6.5,2.202513272003758,0.0,0.0,2.176,1.0,1.0,1688.5752513079578,1050.0,1688.4029150399333,1050.0,0.008478352538292325,0.0
16302,1678514401000.0,0.0,0.0,6.5,2.202513272003758,0.0,0.0,2.191,1.0,1.0,1688.5752513079578,1050.0,1688.5004150399334,1050.0,0.008478352538292325,0.0
16303,1678518001000.0,0.0,0.0,15.2,2.170166859738449,0.0,0.0,2.144,1.0,1.0,1688.5733842879579,1050.0,1688.1756480199335,1050.0,0.01953515113702581,0.0
16304,1678521601000.0,0.0,0.0,82.8,2.0978687955075417,0.0,0.0,2.029,1.0,1.0,1688.559312587958,1050.0,1682.8569763199334,1050.0,0.10287085266895303,0.0
16305,1678525201000.0,0.0,0.0,82.8,2.0978687955075417,0.0,0.0,2.045,1.0,1.0,1688.559312587958,1050.0,1684.1817763199335,1050.0,0.10287085266895303,0.0
16306,1678528801000.0,0.0,0.0,4.9,2.0978687955075417,0.0,0.0,2.119,1.0,1.0,1690.002645037921,1050.0,1690.106187939934,1050.0,0.006082568644593037,0.0
16307,1678532401000.0,0.0,0.0,0.8,2.0978687955075417,0.0,0.0,2.092,1.0,1.0,1690.0795150763408,1050.0,1690.0748200399348,1050.0,0.0009930272637676606,0.0
16308,1678536001000.0,0.0,0.0,1.9,2.0684184402137022,0.0,0.0,2.065,1.0,1.0,1690.0792899063408,1050.0,1690.0727948699348,1050.0,0.002325331752111951,0.0
16309,1678539601000.0,0.0,0.0,1.0,2.0684184402137022,0.0,0.0,2.062,1.0,1.0,1690.0913259301485,1050.0,1690.0849074899347,1050.0,0.001223850101162634,0.0
16310,1678543201000.0,0.0,0.0,1.0,2.0684184402137022,0.0,0.0,2.054,1.0,1.0,1690.0913259301485,1050.0,1690.076907489935,1050.0,0.001223850101162634,0.0
16311,1678546801000.0,0.0,0.0,1.0,2.0684184402137022,0.0,0.0,2.053,1.0,1.0,1690.0913259301485,1050.0,1690.0759074899347,1050.0,0.001223850101162634,0.0
16312,1678550401000.0,0.0,0.0,2.3,2.039921060962479,0.0,0.0,2.002,1.0,1.0,1690.0910635901485,1050.0,1690.0038451499347,1050.0,0.002776074343738131,0.0
16313,1678554001000.0,0.0,0.0,5.4,2.0112626741136483,0.0,0.0,2.017,1.0,1.0,1690.0904466901484,1050.0,1690.1214282499348,1050.0,0.00642617586619899,0.0
16314,1678557601000.0,0.0,0.0,0.6,2.0573906874393333,0.0,0.0,2.067,1.0,1.0,1690.2362921323981,1050.0,1690.2420577199346,1050.0,0.0007303324500897093,0.0
16315,1678561201000.0,0.0,0.0,0.6,2.151570683431812,0.0,0.0,2.138,1.0,1.0,1690.2777686399934,1050.0,1690.2696262299344,1050.0,0.0007637457192008071,0.0
16316,1678564801000.0,0.0,0.0,0.6,2.151570683431812,0.0,0.0,2.134,1.0,1.0,1690.2777686399934,1050.0,1690.2672262299343,1050.0,0.0007637457192008071,0.0
16317,1678568401000.0,0.0,0.0,0.6,2.161380455621208,0.0,0.0,2.155,1.0,1.0,1690.281767443307,1050.0,1690.2779391699344,1050.0,0.000767226091147091,0.0
16318,1678572001000.0,0.0,0.0,0.6,2.166586970414139,0.0,0.0,2.157,1.0,1.0,1690.2846042921828,1050.0,1690.2788521099344,1050.0,0.0007690729590433952,0.0
16319,1678575601000.0,0.0,0.0,0.6,2.166586970414139,0.0,0.0,2.153,1.0,1.0,1690.2846042921828,1050.0,1690.2764521099343,1050.0,0.0007690729590433952,0.0
16320,1678579201000.0,0.0,0.0,0.6,2.1717246469427596,0.0,0.0,2.18,1.0,1.0,1690.2873996381,1050.0,1690.2923648499343,1050.0,0.0007708954042044227,0.0
16321,1678582801000.0,0.0,0.0,0.5,2.1717246469427596,0.0,0.0,2.158,1.0,1.0,1690.2888053134056,1050.0,1690.2819429899344,1050.0,0.0006424123025946705,0.0
16322,1678586401000.0,0.0,0.0,0.6,2.1844599058514027,0.0,0.0,2.183,1.0,1.0,1690.297077803445,1050.0,1690.2962018599342,1050.0,0.0007754115893130902,0.0
16323,1678590001000.0,0.0,0.0,0.6,2.1844599058514027,0.0,0.0,2.185,1.0,1.0,1690.297077803445,1050.0,1690.2974018599343,1050.0,0.0007754115893130902,0.0
16324,1678593601000.0,0.0,0.0,0.4,2.1906759435108416,0.0,0.0,2.196,1.0,1.0,1690.3027402173384,1050.0,1690.304869839934,1050.0,0.0005184103158299715,0.0
16325,1678597201000.0,0.0,0.0,0.5,2.197205566106505,0.0,0.0,2.18,1.0,1.0,1690.3041064329873,1050.0,1690.295503649934,1050.0,0.0006499438644633069,0.0
16326,1678600801000.0,0.0,0.0,0.5,2.203523339663903,0.0,0.0,2.184,1.0,1.0,1690.3069768197659,1050.0,1690.297215149934,1050.0,0.0006518115850795723,0.0
16327,1678604401000.0,0.0,0.0,1.2,2.1723013915266263,0.0,0.0,2.147,1.0,1.0,1690.3068263197658,1050.0,1690.2764646499338,1050.0,0.0015421825370649093,0.0
16328,1678608001000.0,0.0,0.0,1.2,2.1723013915266263,0.0,0.0,2.148,1.0,1.0,1690.3068263197658,1050.0,1690.277664649934,1050.0,0.0015421825370649093,0.0
16329,1678611601000.0,0.0,0.0,1.2,2.1723013915266263,0.0,0.0,2.164,1.0,1.0,1690.3068263197658,1050.0,1690.296864649934,1050.0,0.0015421825370649093,0.0
16330,1678615201000.0,0.0,0.0,1.2,2.1723013915266263,0.0,0.0,2.145,1.0,1.0,1690.3068263197658,1050.0,1690.274064649934,1050.0,0.0015421825370649093,0.0
16331,1678618801000.0,0.0,0.0,1.2,2.1723013915266263,0.0,0.0,2.163,1.0,1.0,1690.3068263197658,1050.0,1690.2956646499338,1050.0,0.0015421825370649093,0.0
16332,1678622401000.0,0.0,0.0,1.2,2.1723013915266263,0.0,0.0,2.166,1.0,1.0,1690.3068263197658,1050.0,1690.2992646499338,1050.0,0.0015421825370649093,0.0
16333,1678626001000.0,0.0,0.0,1.2,2.1723013915266263,0.0,0.0,2.134,1.0,1.0,1690.3068263197658,1050.0,1690.2608646499339,1050.0,0.0015421825370649093,0.0
16334,1678629601000.0,0.0,0.0,1.2,2.1723013915266263,0.0,0.0,2.137,1.0,1.0,1690.3068263197658,1050.0,1690.2644646499339,1050.0,0.0015421825370649093,0.0
16335,1678633201000.0,0.0,0.0,2.8,2.14241488208284,0.0,0.0,2.117,1.0,1.0,1690.3064871197657,1050.0,1690.2353254499337,1050.0,0.0035489195098893996,0.0
16336,1678636801000.0,0.0,0.0,2.8,2.14241488208284,0.0,0.0,2.118,1.0,1.0,1690.3064871197657,1050.0,1690.2381254499337,1050.0,0.0035489195098893996,0.0
16337,1678640401000.0,0.0,0.0,2.8,2.14241488208284,0.0,0.0,2.144,1.0,1.0,1690.3064871197657,1050.0,1690.3109254499338,1050.0,0.0035489195098893996,0.0
16338,1678644001000.0,0.0,0.0,0.5,2.2321600674871744,0.0,0.0,2.244,1.0,1.0,1690.4046180436771,1050.0,1690.4105380099336,1050.0,0.0006602443118235433,0.0
16339,1678647601000.0,0.0,0.0,0.5,2.2880383752652085,0.0,0.0,2.289,1.0,1.0,1690.4291203575665,1050.0,1690.429601169934,1050.0,0.0006767625887742733,0.0
16340,1678651201000.0,0.0,0.0,0.5,2.301053815095475,0.0,0.0,2.261,1.0,1.0,1690.435043517482,1050.0,1690.4150166099341,1050.0,0.0006806099482850902,0.0
16341,1678654801000.0,0.0,0.0,0.4,2.314299373434371,0.0,0.0,2.332,1.0,1.0,1690.4426274193077,1050.0,1690.449707669934,1050.0,0.0005476197383799925,0.0
16342,1678658401000.0,0.0,0.0,0.4,2.3277877744363735,0.0,0.0,2.346,1.0,1.0,1690.4487359297086,1050.0,1690.456020819934,1050.0,0.0005508094330127422,0.0
16343,1678662001000.0,0.0,0.0,1.2,2.4699999999999998,0.0,0.0,2.449,1.0,1.0,1690.4930156799342,1050.0,1690.4678156799341,1050.0,0.0017533346618458802,0.0
16344,1678665601000.0,0.0,0.0,0.0,2.5327312128,0.0,0.0,2.781,1.0,1.0,1690.5518061699333,1050.0,1690.5518061699333,1050.0,0.0,0.0
16345,1678669201000.0,0.0,0.0,0.0,2.5327312128,0.0,0.0,2.922,1.0,1.0,1690.5518061699333,1050.0,1690.5518061699333,1050.0,0.0,0.0
16346,1678672801000.0,0.0,0.0,0.4,2.846,0.0,0.0,2.842,1.0,1.0,1690.5516923299333,1050.0,1690.5500923299332,1050.0,0.0006733896426621815,0.0
16347,1678676401000.0,0.0,0.0,0.4,2.861375,0.0,0.0,2.848,1.0,1.0,1690.5588699899333,1050.0,1690.5535199899334,1050.0,0.000677024633875551,0.0
16348,1678680001000.0,0.0,0.0,0.4,2.861375,0.0,0.0,2.843,1.0,1.0,1690.5588699899333,1050.0,1690.5515199899332,1050.0,0.000677024633875551,0.0
16349,1678683601000.0,0.0,0.0,0.4,2.9067644042968745,0.0,0.0,2.868,1.0,1.0,1690.5717775016524,1050.0,1690.5562717399337,1050.0,0.0006877588855984635,0.0
16350,1678687201000.0,0.0,0.0,0.4,2.9067644042968745,0.0,0.0,2.874,1.0,1.0,1690.5717775016524,1050.0,1690.5586717399335,1050.0,0.0006877588855984635,0.0
16351,1678690801000.0,0.0,0.0,0.4,2.924041233062743,0.0,0.0,2.887,1.0,1.0,1690.5775122131588,1050.0,1690.5626957199338,1050.0,0.0006918443459560372,0.0
16352,1678694401000.0,0.0,0.0,0.4,2.924041233062743,0.0,0.0,2.901,1.0,1.0,1690.5775122131588,1050.0,1690.5682957199338,1050.0,0.0006918443459560372,0.0
16353,1678698001000.0,0.0,0.0,0.9,2.885129436916775,0.0,0.0,2.823,1.0,1.0,1690.5773695131588,1050.0,1690.5214530199337,1050.0,0.001535934728602722,0.0
16354,1678701601000.0,0.0,0.0,4.9,2.8050237741275708,0.0,0.0,2.738,1.0,1.0,1690.576254713159,1050.0,1690.2478382199338,1050.0,0.00813013696064077,0.0
16355,1678705201000.0,0.0,0.0,0.4,2.815513372946758,0.0,0.0,2.825,1.0,1.0,1690.7135547191144,1050.0,1690.7173493699356,1050.0,0.0006661124505894226,0.0
16356,1678708801000.0,0.0,0.0,0.4,2.825288772282551,0.0,0.0,2.798,1.0,1.0,1690.7171513988487,1050.0,1690.7062358899357,1050.0,0.0006684237561427685,0.0
16357,1678712401000.0,0.0,0.0,0.4,2.8486343381050254,0.0,0.0,2.839,1.0,1.0,1690.724461165178,1050.0,1690.7206074299359,1050.0,0.0006739440762906721,0.0
16358,1678716001000.0,0.0,0.0,1.3,2.8883214285714285,0.0,0.0,2.883,1.0,1.0,1690.768534777079,1050.0,1690.7616169199362,1050.0,0.0022207758069249348,0.0
16359,1678719601000.0,0.0,0.0,0.4,3.163,0.0,0.0,3.153,1.0,1.0,1690.9110444599364,1050.0,1690.9070444599365,1050.0,0.0007482356946838058,0.0
16360,1678723201000.0,0.0,0.0,1.4,3.128857142857143,0.0,0.0,3.096,1.0,1.0,1690.9667258199352,1050.0,1690.9207258199351,1050.0,0.002590470843165753,0.0
16361,1678726801000.0,0.0,0.0,0.4,3.1318030303030304,0.0,0.0,3.141,1.0,1.0,1691.1128325720567,1050.0,1691.1165113599354,1050.0,0.0007407673739994727,0.0
16362,1678730401000.0,0.0,0.0,0.4,3.1318030303030304,0.0,0.0,3.121,1.0,1.0,1691.1128325720567,1050.0,1691.1085113599356,1050.0,0.0007407673739994727,0.0
16363,1678734001000.0,0.0,0.0,0.4,3.1318030303030304,0.0,0.0,3.13,1.0,1.0,1691.1128325720567,1050.0,1691.1121113599356,1050.0,0.0007407673739994727,0.0
16364,1678737601000.0,0.0,0.0,0.4,3.1318030303030304,0.0,0.0,3.129,1.0,1.0,1691.1128325720567,1050.0,1691.1117113599355,1050.0,0.0007407673739994727,0.0
16365,1678741201000.0,0.0,0.0,0.4,3.137602272727272,0.0,0.0,3.133,1.0,1.0,1691.1148891890266,1050.0,1691.1130482799356,1050.0,0.0007421381699813212,0.0
16366,1678744801000.0,0.0,0.0,0.4,3.160221812855112,0.0,0.0,3.156,1.0,1.0,1691.1230835650779,1050.0,1691.1213948399359,1050.0,0.0007474847557974335,0.0
16367,1678748401000.0,0.0,0.0,0.4,3.194192309953948,0.0,0.0,3.203,1.0,1.0,1691.1353882339172,1050.0,1691.1389113099356,1050.0,0.0007555142733521058,0.0
16368,1678752001000.0,0.0,0.0,0.4,3.194192309953948,0.0,0.0,3.148,1.0,1.0,1691.1353882339172,1050.0,1691.1169113099356,1050.0,0.0007555142733521058,0.0
16369,1678755601000.0,0.0,0.0,0.9,3.157397436651316,0.0,0.0,3.103,1.0,1.0,1691.1373485029217,1050.0,1691.0883908099354,1050.0,0.0016803234199172293,0.0
16370,1678759201000.0,0.0,0.0,0.4,3.1685360581163646,0.0,0.0,3.166,1.0,1.0,1691.152119003182,1050.0,1691.1511045799355,1050.0,0.0007494384502758981,0.0
16371,1678762801000.0,0.0,0.0,0.4,3.1685360581163646,0.0,0.0,3.119,1.0,1.0,1691.152119003182,1050.0,1691.1323045799354,1050.0,0.0007494384502758981,0.0
16372,1678766401000.0,0.0,0.0,0.4,3.1685360581163646,0.0,0.0,3.127,1.0,1.0,1691.152119003182,1050.0,1691.1355045799355,1050.0,0.0007494384502758981,0.0
16373,1678770001000.0,0.0,0.0,0.4,3.1685360581163646,0.0,0.0,3.134,1.0,1.0,1691.152119003182,1050.0,1691.1383045799355,1050.0,0.0007494384502758981,0.0
16374,1678773601000.0,0.0,0.0,0.9,3.126016025829496,0.0,0.0,3.097,1.0,1.0,1691.1519644031819,1050.0,1691.1258499799353,1050.0,0.0016636082874074642,0.0
16375,1678777201000.0,0.0,0.0,0.9,3.126016025829496,0.0,0.0,3.122,1.0,1.0,1691.1519644031819,1050.0,1691.1483499799353,1050.0,0.0016636082874074642,0.0
16376,1678780801000.0,0.0,0.0,0.9,3.126016025829496,0.0,0.0,3.077,1.0,1.0,1691.1519644031819,1050.0,1691.1078499799353,1050.0,0.0016636082874074642,0.0
16377,1678784401000.0,0.0,0.0,1.3,3.082578296784069,0.0,0.0,3.074,1.0,1.0,1691.1676875257551,1050.0,1691.1565357399359,1050.0,0.0023695768405333027,0.0
16378,1678788001000.0,0.0,0.0,0.8,3.082578296784069,0.0,0.0,3.099,1.0,1.0,1691.1777432273634,1050.0,1691.1908805899361,1050.0,0.0014581924622075137,0.0
16379,1678791601000.0,0.0,0.0,0.8,3.082578296784069,0.0,0.0,3.088,1.0,1.0,1691.1777432273634,1050.0,1691.182080589936,1050.0,0.0014581924622075137,0.0
16380,1678795201000.0,0.0,0.0,0.8,3.082578296784069,0.0,0.0,3.07,1.0,1.0,1691.1777432273634,1050.0,1691.1676805899363,1050.0,0.0014581924622075137,0.0
16381,1678798801000.0,0.0,0.0,0.4,3.257939500027007,0.0,0.0,3.232,1.0,1.0,1691.2395834899478,1050.0,1691.229207689937,1050.0,0.0007705447606196882,0.0
16382,1678802401000.0,0.0,0.0,2.1,3.1754199285752867,0.0,0.0,3.182,1.0,1.0,1691.2411876399449,1050.0,1691.2550057899368,1050.0,0.003942892296345707,0.0
16383,1678806001000.0,0.0,0.0,0.4,3.219326199637887,0.0,0.0,3.201,1.0,1.0,1691.2982058097919,1050.0,1691.2908753299366,1050.0,0.0007613858250612823,0.0
16384,1678809601000.0,0.0,0.0,0.4,3.219326199637887,0.0,0.0,3.173,1.0,1.0,1691.2982058097919,1050.0,1691.2796753299367,1050.0,0.0007613858250612823,0.0
16385,1678813201000.0,0.0,0.0,4.9,3.0880674448683987,0.0,0.0,3.086,1.0,1.0,1691.2968214297916,1050.0,1691.2866909499364,1050.0,0.008946703079039215,0.0
16386,1678816801000.0,0.0,0.0,3.0,3.0880674448683987,0.0,0.0,3.07,1.0,1.0,1691.336002574542,1050.0,1691.2818002399367,1050.0,0.005477446421351689,0.0
16387,1678820401000.0,0.0,0.0,7.0,3.044028904943599,0.0,0.0,2.979,1.0,1.0,1691.334798174542,1050.0,1690.8795958399367,1050.0,0.012598453220263157,0.0
16388,1678824001000.0,0.0,0.0,0.4,3.0103296842426523,0.0,0.0,3.019,1.0,1.0,1692.829867093633,1050.0,1692.833335219936,1050.0,0.0007113129896298425,0.0
16389,1678827601000.0,0.0,0.0,0.4,3.0103296842426523,0.0,0.0,2.997,1.0,1.0,1692.829867093633,1050.0,1692.824535219936,1050.0,0.0007113129896298425,0.0
16390,1678831201000.0,0.0,0.0,0.9,2.970146526330068,0.0,0.0,2.978,1.0,1.0,1692.8297201936332,1050.0,1692.8367883199362,1050.0,0.001579090821604489,0.0
16391,1678834801000.0,0.0,0.0,0.4,3.1062604181951885,0.0,0.0,3.113,1.0,1.0,1692.885225587215,1050.0,1692.887921419937,1050.0,0.0007339565308375145,0.0
16392,1678838401000.0,0.0,0.0,0.9,3.1865145087760482,0.0,0.0,3.142,1.0,1.0,1692.9251412778353,1050.0,1692.885078219937,1050.0,0.001694028275658872,0.0
16393,1678842001000.0,0.0,0.0,4.9,3.098094501611927,0.0,0.0,3.105,1.0,1.0,1692.9239099978354,1050.0,1692.957746939937,1050.0,0.00896712661936345,0.0
16394,1678845601000.0,0.0,0.0,0.4,3.2211791823624747,0.0,0.0,3.175,1.0,1.0,1693.0784647428811,1050.0,1693.0599930699361,1050.0,0.0007610230120909744,0.0
16395,1678849201000.0,0.0,0.0,0.4,3.2211791823624747,0.0,0.0,3.16,1.0,1.0,1693.0784647428811,1050.0,1693.053993069936,1050.0,0.0007610230120909744,0.0
16396,1678852801000.0,0.0,0.0,0.9,3.1783018588277665,0.0,0.0,3.14,1.0,1.0,1693.078307542881,1050.0,1693.043835869936,1050.0,0.001689509374847709,0.0
16397,1678856401000.0,0.0,0.0,0.9,3.1783018588277665,0.0,0.0,3.143,1.0,1.0,1693.078307542881,1050.0,1693.046535869936,1050.0,0.001689509374847709,0.0
16398,1678860001000.0,0.0,0.0,2.1,3.220002570112797,0.0,0.0,3.192,1.0,1.0,1693.1332620171734,1050.0,1693.0744566199364,1050.0,0.003993782148713282,0.0
16399,1678863601000.0,0.0,0.0,4.9,3.1748582443340556,0.0,0.0,3.162,1.0,1.0,1693.1323825371733,1050.0,1693.0693771399365,1050.0,0.009188180178755348,0.0
16400,1678867201000.0,0.0,0.0,0.7,3.1748582443340556,0.0,0.0,3.196,1.0,1.0,1693.2198355909727,1050.0,1693.234634819939,1050.0,0.0013125293741070366,0.0
16401,1678870801000.0,0.0,0.0,0.4,3.2978026786559136,0.0,0.0,3.308,1.0,1.0,1693.270113441402,1050.0,1693.2741923699396,1050.0,0.0007790375918118487,0.0
16402,1678874401000.0,0.0,0.0,4.9,3.224410716315106,0.0,0.0,3.167,1.0,1.0,1693.2872904798835,1050.0,1693.0059779699395,1050.0,0.009330733537524135,0.0
16403,1678878001000.0,0.0,0.0,11.4,3.177422149995089,0.0,0.0,3.128,1.0,1.0,1693.2852481798834,1050.0,1692.7218356699393,1050.0,0.0213919140610714,0.0
16404,1678881601000.0,0.0,0.0,26.6,3.1274666357121808,0.0,0.0,3.14,1.0,1.0,1693.2805513798835,1050.0,1693.6139388699394,1050.0,0.04912984587353263,0.0
16405,1678885201000.0,0.0,0.0,18.9,3.0803428438766494,0.0,0.0,3.054,1.0,1.0,1693.688702479208,1050.0,1693.1908227299393,1050.0,0.03437377817071633,0.0
16406,1678888801000.0,0.0,0.0,17.7,3.0339268708170923,0.0,0.0,3.0,1.0,1.0,1693.9155952234019,1050.0,1693.3150896099394,1050.0,0.03170199611178398,0.0
16407,1678892401000.0,0.0,0.0,175.4,2.9012189601679736,0.0,0.0,2.869,1.0,1.0,1693.870077893402,1050.0,1688.2188722799394,1050.0,0.300420801013457,0.0
16408,1678896001000.0,0.0,0.0,175.4,2.9012189601679736,0.0,0.0,2.833,1.0,1.0,1693.870077893402,1050.0,1681.9044722799395,1050.0,0.300420801013457,0.0
16409,1678899601000.0,0.0,0.0,175.4,2.9012189601679736,0.0,0.0,2.558,1.0,1.0,1693.870077893402,1050.0,1633.6694722799393,1050.0,0.300420801013457,0.0
16410,1678903201000.0,0.0,0.0,175.4,2.9012189601679736,0.0,0.0,2.608,1.0,1.0,1693.870077893402,1050.0,1642.4394722799393,1050.0,0.300420801013457,0.0
16411,1678906801000.0,0.0,0.0,175.4,2.9012189601679736,0.0,0.0,2.683,1.0,1.0,1693.870077893402,1050.0,1655.5944722799393,1050.0,0.300420801013457,0.0
16412,1678910401000.0,0.0,0.0,175.4,2.9012189601679736,0.0,0.0,2.656,1.0,1.0,1693.870077893402,1050.0,1650.8586722799394,1050.0,0.300420801013457,0.0
16413,1678914001000.0,0.0,0.0,175.4,2.9012189601679736,0.0,0.0,2.67,1.0,1.0,1693.870077893402,1050.0,1653.3142722799394,1050.0,0.300420801013457,0.0
16414,1678917601000.0,0.0,0.0,175.4,2.9012189601679736,0.0,0.0,2.684,1.0,1.0,1693.870077893402,1050.0,1655.7698722799394,1050.0,0.300420801013457,0.0
16415,1678921201000.0,0.0,0.0,175.4,2.9012189601679736,0.0,0.0,2.63,1.0,1.0,1693.870077893402,1050.0,1646.2982722799393,1050.0,0.300420801013457,0.0
16416,1678924801000.0,0.0,0.0,175.4,2.9012189601679736,0.0,0.0,2.651,1.0,1.0,1693.870077893402,1050.0,1649.9816722799394,1050.0,0.300420801013457,0.0
16417,1678928401000.0,0.0,0.0,175.4,2.9012189601679736,0.0,0.0,2.565,1.0,1.0,1693.870077893402,1050.0,1634.8972722799392,1050.0,0.300420801013457,0.0
16418,1678932001000.0,0.0,0.0,175.4,2.9012189601679736,0.0,0.0,2.583,1.0,1.0,1693.870077893402,1050.0,1638.0544722799393,1050.0,0.300420801013457,0.0
16419,1678935601000.0,0.0,0.0,175.4,2.9012189601679736,0.0,0.0,2.597,1.0,1.0,1693.870077893402,1050.0,1640.5100722799393,1050.0,0.300420801013457,0.0
16420,1678939201000.0,0.0,0.0,175.4,2.9012189601679736,0.0,0.0,2.534,1.0,1.0,1693.870077893402,1050.0,1629.4598722799392,1050.0,0.300420801013457,0.0
16421,1678942801000.0,0.0,0.0,175.4,2.9012189601679736,0.0,0.0,2.536,1.0,1.0,1693.870077893402,1050.0,1629.8106722799394,1050.0,0.300420801013457,0.0
16422,1678946401000.0,0.0,0.0,162.9,2.9012189601679736,0.0,0.0,2.714,1.0,1.0,1690.0235986913021,1050.0,1659.5256300799392,1050.0,0.27964613569735663,0.0
16423,1678950001000.0,0.0,0.0,162.9,2.9012189601679736,0.0,0.0,2.803,1.0,1.0,1690.0235986913021,1050.0,1674.0237300799392,1050.0,0.27964613569735663,0.0
16424,1678953601000.0,0.0,0.0,162.9,2.9012189601679736,0.0,0.0,2.804,1.0,1.0,1690.0235986913021,1050.0,1674.1866300799393,1050.0,0.27964613569735663,0.0
16425,1678957201000.0,0.0,0.0,95.6,2.9012189601679736,0.0,0.0,2.934,1.0,1.0,1691.3352043419975,1050.0,1694.4690717499393,1050.0,0.16398673183176718,0.0
16426,1678960801000.0,0.0,0.0,0.4,2.9012189601679736,0.0,0.0,2.943,1.0,1.0,1694.1548549740057,1050.0,1694.1715673899384,1050.0,0.0006849949877132073,0.0
16427,1678964401000.0,0.0,0.0,0.4,2.9615703634061408,0.0,0.0,2.951,1.0,1.0,1694.177104485301,1050.0,1694.1728763399385,1050.0,0.0006992351285034936,0.0
16428,1678968001000.0,0.0,0.0,0.4,2.999263695359449,0.0,0.0,2.934,1.0,1.0,1694.1906620280818,1050.0,1694.164556549938,1050.0,0.0007081289638957379,0.0
16429,1678971601000.0,0.0,0.0,0.9,2.959117197937533,0.0,0.0,2.92,1.0,1.0,1694.1905156780817,1050.0,1694.155310199938,1050.0,0.0015719633969724237,0.0
16430,1678975201000.0,0.0,0.0,0.8,2.876817444519139,0.0,0.0,2.918,1.0,1.0,1694.3511250455533,1050.0,1694.384071089938,1050.0,0.0013583099285594867,0.0
16431,1678978801000.0,0.0,0.0,0.4,2.9158148691524413,0.0,0.0,2.897,1.0,1.0,1694.3715316575997,1050.0,1694.3640057099387,1050.0,0.000688353130272416,0.0
16432,1678982401000.0,0.0,0.0,0.4,2.920861151864331,0.0,0.0,2.918,1.0,1.0,1694.3733914606844,1050.0,1694.3722469999386,1050.0,0.0006895436782907259,0.0
16433,1678986001000.0,0.0,0.0,0.9,2.8814938452730363,0.0,0.0,2.867,1.0,1.0,1694.3732489606844,1050.0,1694.3602044999386,1050.0,0.0015305626799387152,0.0
16434,1678989601000.0,0.0,0.0,0.9,2.8814938452730363,0.0,0.0,2.817,1.0,1.0,1694.3732489606844,1050.0,1694.3152044999385,1050.0,0.0015305626799387152,0.0
16435,1678993201000.0,0.0,0.0,0.9,2.8814938452730363,0.0,0.0,2.849,1.0,1.0,1694.3732489606844,1050.0,1694.3440044999386,1050.0,0.0015305626799387152,0.0
16436,1678996801000.0,0.0,0.0,0.4,2.886870383954777,0.0,0.0,2.854,1.0,1.0,1694.3847495635207,1050.0,1694.3716014099389,1050.0,0.0006815147231934057,0.0
16437,1679000401000.0,0.0,0.0,2.1,2.808594358848529,0.0,0.0,2.779,1.0,1.0,1694.3842752335206,1050.0,1694.3221270799388,1050.0,0.00348093891084361,0.0
16438,1679004001000.0,0.0,0.0,1.2,2.808594358848529,0.0,0.0,2.813,1.0,1.0,1694.4005858805565,1050.0,1694.4058726499381,1050.0,0.0019890888014930247,0.0
16439,1679007601000.0,0.0,0.0,0.4,2.813445769136396,0.0,0.0,2.809,1.0,1.0,1694.4168682475924,1050.0,1694.4150899399378,1050.0,0.0006641684987581907,0.0
16440,1679011201000.0,0.0,0.0,0.4,2.813445769136396,0.0,0.0,2.808,1.0,1.0,1694.4168682475924,1050.0,1694.414689939938,1050.0,0.0006641684987581907,0.0
16441,1679014801000.0,0.0,0.0,0.9,2.7759758973939537,0.0,0.0,2.725,1.0,1.0,1694.4167309475924,1050.0,1694.370852639938,1050.0,0.0014744768875466399,0.0
16442,1679018401000.0,0.0,0.0,0.4,2.85823629410163,0.0,0.0,2.869,1.0,1.0,1694.4628796175784,1050.0,1694.4671850999378,1050.0,0.000674723849895538,0.0
16443,1679022001000.0,0.0,0.0,0.9,2.834822082921833,0.0,0.0,2.787,1.0,1.0,1694.4682118145672,1050.0,1694.4251719399376,1050.0,0.0015056876587241953,0.0
16444,1679025601000.0,0.0,0.0,0.9,2.834822082921833,0.0,0.0,2.807,1.0,1.0,1694.4682118145672,1050.0,1694.4431719399377,1050.0,0.0015056876587241953,0.0
16445,1679029201000.0,0.0,0.0,2.1,2.795495178395071,0.0,0.0,2.769,1.0,1.0,1694.4678798945672,1050.0,1694.4122400199376,1050.0,0.003464532992502003,0.0
16446,1679032801000.0,0.0,0.0,2.1,2.795495178395071,0.0,0.0,2.746,1.0,1.0,1694.4678798945672,1050.0,1694.3639400199374,1050.0,0.003464532992502003,0.0
16447,1679036401000.0,0.0,0.0,1.2,2.795495178395071,0.0,0.0,2.82,1.0,1.0,1694.4842809740117,1050.0,1694.5136867599376,1050.0,0.0019797139765414767,0.0
16448,1679040001000.0,0.0,0.0,0.9,2.795495178395071,0.0,0.0,2.806,1.0,1.0,1694.4897480004931,1050.0,1694.4992023399375,1050.0,0.0014847806919601567,0.0
16449,1679043601000.0,0.0,0.0,0.9,2.795495178395071,0.0,0.0,2.747,1.0,1.0,1694.4897480004931,1050.0,1694.4461023399376,1050.0,0.0014847806919601567,0.0
16450,1679047201000.0,0.0,0.0,0.4,2.823488708789065,0.0,0.0,2.819,1.0,1.0,1694.5121300334529,1050.0,1694.5103345499372,1050.0,0.0006665018582624898,0.0
16451,1679050801000.0,0.0,0.0,0.4,2.9090202820349638,0.0,0.0,2.891,1.0,1.0,1694.5393919427518,1050.0,1694.5321838299378,1050.0,0.0006866810640972675,0.0
16452,1679054401000.0,0.0,0.0,0.0,3.0952942540381487,0.0,0.0,3.12,1.0,1.0,1694.6061911599377,1050.0,1694.6061911599377,1050.0,0.0,0.0
16453,1679058001000.0,0.0,0.0,4.6,2.9467017543859653,0.0,0.0,2.96,1.0,1.0,1694.7464416701132,1050.0,1694.8076135999377,1050.0,0.00799814517198079,0.0
16454,1679061601000.0,0.0,0.0,0.9,2.9467017543859653,0.0,0.0,2.917,1.0,1.0,1694.8391455188837,1050.0,1694.8124139399363,1050.0,0.0015647688961865675,0.0
16455,1679065201000.0,0.0,0.0,4.9,2.8647411385606874,0.0,0.0,2.847,1.0,1.0,1694.8380069988839,1050.0,1694.7510754199366,1050.0,0.0082823441066227,0.0
16456,1679068801000.0,0.0,0.0,1.9,2.8647411385606874,0.0,0.0,2.847,1.0,1.0,1694.8949183832015,1050.0,1694.861210219936,1050.0,0.0032114133473581446,0.0
16457,1679072401000.0,0.0,0.0,1.9,2.8647411385606874,0.0,0.0,2.833,1.0,1.0,1694.8949183832015,1050.0,1694.8346102199362,1050.0,0.0032114133473581446,0.0
16458,1679076001000.0,0.0,0.0,0.4,2.9069209692409026,0.0,0.0,2.922,1.0,1.0,1694.9421960176333,1050.0,1694.9482276299368,1050.0,0.0006860224439679146,0.0
16459,1679079601000.0,0.0,0.0,0.4,2.9328494096929085,0.0,0.0,2.947,1.0,1.0,1694.951573643814,1050.0,1694.957233879937,1050.0,0.0006921376292510485,0.0
16460,1679083201000.0,0.0,0.0,0.4,2.9704870397337877,0.0,0.0,2.975,1.0,1.0,1694.9649130058308,1050.0,1694.9667181899372,1050.0,0.0007010144025851158,0.0
16461,1679086801000.0,0.0,0.0,0.4,2.9704870397337877,0.0,0.0,2.93,1.0,1.0,1694.9649130058308,1050.0,1694.9487181899374,1050.0,0.0007010144025851158,0.0
16462,1679090401000.0,0.0,0.0,0.3,2.9892435198668936,0.0,0.0,3.016,1.0,1.0,1694.9722410358972,1050.0,1694.9802679799373,1050.0,0.0005290783142336286,0.0
16463,1679094001000.0,0.0,0.0,0.4,3.006837109943845,0.0,0.0,2.989,1.0,1.0,1694.9761518939147,1050.0,1694.969017049937,1050.0,0.0007095880627191355,0.0
16464,1679097601000.0,0.0,0.0,0.4,3.0280695543181686,0.0,0.0,3.038,1.0,1.0,1694.9840020316647,1050.0,1694.9879742099374,1050.0,0.0007145954299718754,0.0
16465,1679101201000.0,0.0,0.0,0.4,3.0262631951819934,0.0,0.0,3.037,1.0,1.0,1695.0114773080106,1050.0,1695.0157720299378,1050.0,0.0007141575701866645,0.0
16466,1679104801000.0,0.0,0.0,0.9,3.052336149786157,0.0,0.0,3.059,1.0,1.0,1695.0324699147457,1050.0,1695.038467379938,1050.0,0.001620678413874698,0.0
16467,1679108401000.0,0.0,0.0,0.9,3.052336149786157,0.0,0.0,3.016,1.0,1.0,1695.0324699147457,1050.0,1694.999767379938,1050.0,0.001620678413874698,0.0
16468,1679112001000.0,0.0,0.0,0.9,3.052336149786157,0.0,0.0,3.03,1.0,1.0,1695.0324699147457,1050.0,1695.012367379938,1050.0,0.001620678413874698,0.0
16469,1679115601000.0,0.0,0.0,2.1,3.0098583499083533,0.0,0.0,2.972,1.0,1.0,1695.0321125547457,1050.0,1694.9526100199382,1050.0,0.00372895739732093,0.0
16470,1679119201000.0,0.0,0.0,1.7,3.0098583499083533,0.0,0.0,3.013,1.0,1.0,1695.0400480147823,1050.0,1695.0453888199381,1050.0,0.0030186656656501472,0.0
16471,1679122801000.0,0.0,0.0,1.7,3.0098583499083533,0.0,0.0,3.013,1.0,1.0,1695.0400480147823,1050.0,1695.0453888199381,1050.0,0.0030186656656501472,0.0
16472,1679126401000.0,0.0,0.0,0.4,3.0429558663675853,0.0,0.0,3.042,1.0,1.0,1695.0992912264844,1050.0,1695.0989088799374,1050.0,0.0007180596162401468,0.0
16473,1679130001000.0,0.0,0.0,1.0,2.961039212641445,0.0,0.0,2.974,1.0,1.0,1695.1204200825791,1050.0,1695.1333808699376,1050.0,0.001746801688871871,0.0
16474,1679133601000.0,0.0,0.0,0.4,2.966279409481084,0.0,0.0,2.974,1.0,1.0,1695.1341541437307,1050.0,1695.1372423799382,1050.0,0.0006999515412346703,0.0
16475,1679137201000.0,0.0,0.0,0.3,3.008407107629476,0.0,0.0,3.033,1.0,1.0,1695.151653392227,1050.0,1695.159031259938,1050.0,0.0005324137993687906,0.0
16476,1679140801000.0,0.0,0.0,0.4,3.106338971391638,0.0,0.0,3.098,1.0,1.0,1695.1831124684943,1050.0,1695.1797768799377,1050.0,0.00073298015973466,0.0
16477,1679144401000.0,0.0,0.0,0.9,3.064483987285173,0.0,0.0,3.03,1.0,1.0,1695.1829609184942,1050.0,1695.1519253299375,1050.0,0.0016269840200979133,0.0
16478,1679148001000.0,0.0,0.0,2.1,3.0219217088365027,0.0,0.0,2.973,1.0,1.0,1695.1826021184943,1050.0,1695.0798665299376,1050.0,0.003743570504219382,0.0
16479,1679151601000.0,0.0,0.0,2.1,3.0219217088365027,0.0,0.0,2.987,1.0,1.0,1695.1826021184943,1050.0,1695.1092665299377,1050.0,0.003743570504219382,0.0
16480,1679155201000.0,0.0,0.0,10.6,2.891084044682581,0.0,0.0,2.896,1.0,1.0,1695.4735457235731,1050.0,1695.5256548499378,1050.0,0.01807488589304816,0.0
16481,1679158801000.0,0.0,0.0,0.4,2.9047751475982673,0.0,0.0,2.911,1.0,1.0,1696.0222093789775,1050.0,1696.0246993199382,1050.0,0.0006850795069863837,0.0
16482,1679162401000.0,0.0,0.0,0.9,2.871258382532756,0.0,0.0,2.878,1.0,1.0,1696.0239313542177,1050.0,1696.0299988099382,1050.0,0.0015236415574726816,0.0
16483,1679166001000.0,0.0,0.0,0.4,2.9079603321898873,0.0,0.0,2.916,1.0,1.0,1696.0467313328145,1050.0,1696.0499471999385,1050.0,0.0006858208039833213,0.0
16484,1679169601000.0,0.0,0.0,0.4,2.9236082651426076,0.0,0.0,2.904,1.0,1.0,1696.0523145159957,1050.0,1696.0444712099386,1050.0,0.0006895089827407643,0.0
16485,1679173201000.0,0.0,0.0,0.4,2.9236082651426076,0.0,0.0,2.917,1.0,1.0,1696.0523145159957,1050.0,1696.0496712099387,1050.0,0.0006895089827407643,0.0
16486,1679176801000.0,0.0,0.0,0.4,2.9236082651426076,0.0,0.0,2.886,1.0,1.0,1696.0523145159957,1050.0,1696.0372712099386,1050.0,0.0006895089827407643,0.0
16487,1679180401000.0,0.0,0.0,0.4,2.9236082651426076,0.0,0.0,2.871,1.0,1.0,1696.0523145159957,1050.0,1696.0312712099387,1050.0,0.0006895089827407643,0.0
16488,1679184001000.0,0.0,0.0,0.9,2.8843814511744927,0.0,0.0,2.866,1.0,1.0,1696.0521718659957,1050.0,1696.0356285599387,1050.0,0.0015305798660668487,0.0
16489,1679187601000.0,0.0,0.0,0.4,2.9256216690239834,0.0,0.0,2.91,1.0,1.0,1696.076964437547,1050.0,1696.0707157699376,1050.0,0.0006899737996251079,0.0
16490,1679191201000.0,0.0,0.0,0.4,2.9256216690239834,0.0,0.0,2.913,1.0,1.0,1696.076964437547,1050.0,1696.0719157699375,1050.0,0.0006899737996251079,0.0
16491,1679194801000.0,0.0,0.0,0.4,2.9256216690239834,0.0,0.0,2.893,1.0,1.0,1696.076964437547,1050.0,1696.0639157699375,1050.0,0.0006899737996251079,0.0
16492,1679198401000.0,0.0,0.0,0.4,2.9256216690239834,0.0,0.0,2.925,1.0,1.0,1696.076964437547,1050.0,1696.0767157699374,1050.0,0.0006899737996251079,0.0
16493,1679202001000.0,0.0,0.0,0.4,2.9307162517679872,0.0,0.0,2.917,1.0,1.0,1696.0788433606447,1050.0,1696.0733568599376,1050.0,0.0006911745319482925,0.0
16494,1679205601000.0,0.0,0.0,0.4,2.9307162517679872,0.0,0.0,2.894,1.0,1.0,1696.0788433606447,1050.0,1696.0641568599374,1050.0,0.0006911745319482925,0.0
16495,1679209201000.0,0.0,0.0,0.9,2.8914294452302167,0.0,0.0,2.86,1.0,1.0,1696.0787003606447,1050.0,1696.0504138599374,1050.0,0.0015342958437918356,0.0
16496,1679212801000.0,0.0,0.0,0.9,2.8914294452302167,0.0,0.0,2.839,1.0,1.0,1696.0787003606447,1050.0,1696.0315138599376,1050.0,0.0015342958437918356,0.0
16497,1679216401000.0,0.0,0.0,0.9,2.8914294452302167,0.0,0.0,2.84,1.0,1.0,1696.0787003606447,1050.0,1696.0324138599376,1050.0,0.0015342958437918356,0.0
16498,1679220001000.0,0.0,0.0,0.9,2.8914294452302167,0.0,0.0,2.868,1.0,1.0,1696.0787003606447,1050.0,1696.0576138599374,1050.0,0.0015342958437918356,0.0
16499,1679223601000.0,0.0,0.0,2.1,2.8511840479558073,0.0,0.0,2.816,1.0,1.0,1696.0783618406447,1050.0,1696.0044753399375,1050.0,0.003530194497740872,0.0
16500,1679227201000.0,0.0,0.0,0.9,2.8511840479558073,0.0,0.0,2.868,1.0,1.0,1696.100596583097,1050.0,1696.1157309399368,1050.0,0.0015129206653955135,0.0
16501,1679230801000.0,0.0,0.0,0.4,2.8958895193273615,0.0,0.0,2.867,1.0,1.0,1696.1262802076678,1050.0,1696.114724399937,1050.0,0.0006829419608952227,0.0
16502,1679234401000.0,0.0,0.0,0.4,2.8958895193273615,0.0,0.0,2.861,1.0,1.0,1696.1262802076678,1050.0,1696.1123243999368,1050.0,0.0006829419608952227,0.0
16503,1679238001000.0,0.0,0.0,0.4,2.8958895193273615,0.0,0.0,2.888,1.0,1.0,1696.1262802076678,1050.0,1696.1231243999368,1050.0,0.0006829419608952227,0.0
16504,1679241601000.0,0.0,0.0,0.4,2.9061878546216406,0.0,0.0,2.879,1.0,1.0,1696.1299828117856,1050.0,1696.119107669937,1050.0,0.00068536913658088,0.0
16505,1679245201000.0,0.0,0.0,0.4,2.968487873294828,0.0,0.0,2.969,1.0,1.0,1696.1527936192551,1050.0,1696.1529984699373,1050.0,0.000700051996367771,0.0
16506,1679248801000.0,0.0,0.0,0.4,2.968487873294828,0.0,0.0,2.921,1.0,1.0,1696.1527936192551,1050.0,1696.1337984699371,1050.0,0.000700051996367771,0.0
16507,1679252401000.0,0.0,0.0,0.4,2.968487873294828,0.0,0.0,2.962,1.0,1.0,1696.1527936192551,1050.0,1696.150198469937,1050.0,0.000700051996367771,0.0
16508,1679256001000.0,0.0,0.0,0.4,2.968487873294828,0.0,0.0,2.93,1.0,1.0,1696.1527936192551,1050.0,1696.1373984699371,1050.0,0.000700051996367771,0.0
16509,1679259601000.0,0.0,0.0,2.1,2.888331023484729,0.0,0.0,2.863,1.0,1.0,1696.1523058092553,1050.0,1696.0991106599374,1050.0,0.003576032133755823,0.0
16510,1679263201000.0,0.0,0.0,2.1,2.888331023484729,0.0,0.0,2.874,1.0,1.0,1696.1523058092553,1050.0,1696.1222106599373,1050.0,0.003576032133755823,0.0
16511,1679266801000.0,0.0,0.0,0.4,2.913120362899464,0.0,0.0,2.922,1.0,1.0,1696.2048295550967,1050.0,1696.208381409937,1050.0,0.0006869737220742512,0.0
16512,1679270401000.0,0.0,0.0,0.9,2.914604817183035,0.0,0.0,2.869,1.0,1.0,1696.2177271954015,1050.0,1696.1766828599368,1050.0,0.001546466761553041,0.0
16513,1679274001000.0,0.0,0.0,0.4,2.9352499835800647,0.0,0.0,2.928,1.0,1.0,1696.327706923369,1050.0,1696.324806929937,1050.0,0.0006921422014390675,0.0
16514,1679277601000.0,0.0,0.0,0.4,3.0611656187598233,0.0,0.0,3.077,1.0,1.0,1696.3671460274409,1050.0,1696.373479779937,1050.0,0.0007218167661236479,0.0
16515,1679281201000.0,0.0,0.0,0.4,3.0848922465607247,0.0,0.0,3.092,1.0,1.0,1696.3751892385612,1050.0,1696.378032339937,1050.0,0.0007274080088250799,0.0
16516,1679284801000.0,0.0,0.0,4.9,2.959562632372304,0.0,0.0,2.889,1.0,1.0,1696.373862448561,1050.0,1696.0281055499368,1050.0,0.00854873870650906,0.0
16517,1679288401000.0,0.0,0.0,1.6,2.8710622894219657,0.0,0.0,2.902,1.0,1.0,1697.067470013012,1050.0,1697.116970349937,1050.0,0.002706845628854063,0.0
16518,1679292001000.0,0.0,0.0,0.4,2.931023615012418,0.0,0.0,2.91,1.0,1.0,1697.1568920059428,1050.0,1697.148482559938,1050.0,0.0006908079338612272,0.0
16519,1679295601000.0,0.0,0.0,0.9,2.89156605111663,0.0,0.0,2.861,1.0,1.0,1697.1567490059429,1050.0,1697.1292395599378,1050.0,0.0015333936877246301,0.0
16520,1679299201000.0,0.0,0.0,0.4,2.961324877129284,0.0,0.0,2.95,1.0,1.0,1697.1986154707897,1050.0,1697.194085519938,1050.0,0.0006979324282109046,0.0
16521,1679302801000.0,0.0,0.0,0.4,2.961324877129284,0.0,0.0,2.931,1.0,1.0,1697.1986154707897,1050.0,1697.186485519938,1050.0,0.0006979324282109046,0.0
16522,1679306401000.0,0.0,0.0,0.4,2.961324877129284,0.0,0.0,2.952,1.0,1.0,1697.1986154707897,1050.0,1697.194885519938,1050.0,0.0006979324282109046,0.0
16523,1679310001000.0,0.0,0.0,0.4,3.0350088532779713,0.0,0.0,2.991,1.0,1.0,1697.2236650912491,1050.0,1697.2060615499379,1050.0,0.0007152878941538441,0.0
16524,1679313601000.0,0.0,0.0,0.3,3.0402566399584785,0.0,0.0,3.071,1.0,1.0,1697.2276468219254,1050.0,1697.2368698299379,1050.0,0.0005373922547723143,0.0
16525,1679317201000.0,0.0,0.0,0.4,3.181386781676827,0.0,0.0,3.152,1.0,1.0,1697.2710007326089,1050.0,1697.259246019938,1050.0,0.0007497651890130959,0.0
16526,1679320801000.0,0.0,0.0,0.5,3.0955498631765384,0.0,0.0,3.087,1.0,1.0,1697.3077990715271,1050.0,1697.3035241399389,1050.0,0.0009118999703147205,0.0
16527,1679324401000.0,0.0,0.0,0.9,3.0954744261434888,0.0,0.0,3.067,1.0,1.0,1697.3233905834686,1050.0,1697.2977635999396,1050.0,0.0016413648683480729,0.0
16528,1679328001000.0,0.0,0.0,0.4,3.1011058196076164,0.0,0.0,3.083,1.0,1.0,1697.3354877877832,1050.0,1697.3282454599403,1050.0,0.0007308174116242472,0.0
16529,1679331601000.0,0.0,0.0,0.4,3.1296979630514157,0.0,0.0,3.119,1.0,1.0,1697.3456111651608,1050.0,1697.3413319799402,1050.0,0.0007375511368961568,0.0
16530,1679335201000.0,0.0,0.0,0.4,3.152310683621736,0.0,0.0,3.08,1.0,1.0,1697.353803433389,1050.0,1697.3248791599403,1050.0,0.0007428765121909825,0.0
16531,1679338801000.0,0.0,0.0,0.4,3.111389473510055,0.0,0.0,3.114,1.0,1.0,1697.4178166693443,1050.0,1697.4188608799402,1050.0,0.0007332053294020895,0.0
16532,1679342401000.0,0.0,0.0,2.1,3.0269313282876293,0.0,0.0,2.978,1.0,1.0,1697.4173054693445,1050.0,1697.3145496799405,1050.0,0.0037448397450186256,0.0
16533,1679346001000.0,0.0,0.0,0.9,3.0269313282876293,0.0,0.0,3.044,1.0,1.0,1697.4410222354,1050.0,1697.456384039941,1050.0,0.0016049088950797557,0.0
16534,1679349601000.0,0.0,0.0,0.4,3.0689235843410065,0.0,0.0,3.074,1.0,1.0,1697.478652943677,1050.0,1697.4806835099405,1050.0,0.0007231722364270191,0.0
16535,1679353201000.0,0.0,0.0,0.9,3.027854926373781,0.0,0.0,3.043,1.0,1.0,1697.478503193677,1050.0,1697.4921337599405,1050.0,0.0016053631481102067,0.0
16536,1679356801000.0,0.0,0.0,0.5,3.027854926373781,0.0,0.0,2.991,1.0,1.0,1697.4864393031273,1050.0,1697.4680118399403,1050.0,0.0008918642459426105,0.0
16537,1679360401000.0,0.0,0.0,0.4,3.0293324423549883,0.0,0.0,2.974,1.0,1.0,1697.5250326368812,1050.0,1697.5028996599392,1050.0,0.000713823333173313,0.0
16538,1679364001000.0,0.0,0.0,0.9,2.988592196602217,0.0,0.0,2.964,1.0,1.0,1697.5248848368813,1050.0,1697.5027518599393,1050.0,0.0015845028258307137,0.0
16539,1679367601000.0,0.0,0.0,0.4,2.9939441474516624,0.0,0.0,2.983,1.0,1.0,1697.5369188789189,1050.0,1697.5325412199381,1050.0,0.0007054795955610585,0.0
16540,1679371201000.0,0.0,0.0,0.4,2.9939441474516624,0.0,0.0,2.945,1.0,1.0,1697.5369188789189,1050.0,1697.5173412199383,1050.0,0.0007054795955610585,0.0
16541,1679374801000.0,0.0,0.0,0.9,2.9539751766451836,0.0,0.0,2.932,1.0,1.0,1697.536772778919,1050.0,1697.5169951199382,1050.0,0.0015661384787726829,0.0
16542,1679378401000.0,0.0,0.0,0.9,2.9539751766451836,0.0,0.0,2.944,1.0,1.0,1697.536772778919,1050.0,1697.5277951199382,1050.0,0.0015661384787726829,0.0
16543,1679382001000.0,0.0,0.0,0.9,2.9539751766451836,0.0,0.0,2.892,1.0,1.0,1697.536772778919,1050.0,1697.4809951199384,1050.0,0.0015661384787726829,0.0
16544,1679385601000.0,0.0,0.0,4.9,2.8717913589756456,0.0,0.0,2.845,1.0,1.0,1697.535631458919,1050.0,1697.4043537999382,1050.0,0.008289533013741166,0.0
16545,1679389201000.0,0.0,0.0,4.9,2.8717913589756456,0.0,0.0,2.831,1.0,1.0,1697.535631458919,1050.0,1697.3357537999382,1050.0,0.008289533013741166,0.0
16546,1679392801000.0,0.0,0.0,4.9,2.8717913589756456,0.0,0.0,2.864,1.0,1.0,1697.535631458919,1050.0,1697.4974537999383,1050.0,0.008289533013741166,0.0
16547,1679396401000.0,0.0,0.0,2.4,2.8717913589756456,0.0,0.0,2.88,1.0,1.0,1697.5829303114795,1050.0,1697.6026310499378,1050.0,0.004060066308676256,0.0
16548,1679400001000.0,0.0,0.0,1.9,2.8717913589756456,0.0,0.0,2.864,1.0,1.0,1697.5923900819917,1050.0,1697.577586499938,1050.0,0.0032142012499185328,0.0
16549,1679403601000.0,0.0,0.0,0.4,2.9552751373925688,0.0,0.0,2.955,1.0,1.0,1697.658331834895,1050.0,1697.658221779938,1050.0,0.0006963180003831261,0.0
16550,1679407201000.0,0.0,0.0,0.4,2.995024336271822,0.0,0.0,2.976,1.0,1.0,1697.6718126144467,1050.0,1697.6642028799379,1050.0,0.0007056780501431376,0.0
16551,1679410801000.0,0.0,0.0,0.9,2.9550108161208097,0.0,0.0,2.902,1.0,1.0,1697.6716664644466,1050.0,1697.6239567299378,1050.0,0.0015665630681387268,0.0
16552,1679414401000.0,0.0,0.0,0.9,2.9550108161208097,0.0,0.0,2.924,1.0,1.0,1697.6716664644466,1050.0,1697.6437567299379,1050.0,0.0015665630681387268,0.0
16553,1679418001000.0,0.0,0.0,0.9,2.9550108161208097,0.0,0.0,2.944,1.0,1.0,1697.6716664644466,1050.0,1697.661756729938,1050.0,0.0015665630681387268,0.0
16554,1679421601000.0,0.0,0.0,2.1,2.9138617783374894,0.0,0.0,2.878,1.0,1.0,1697.6713205044466,1050.0,1697.596010769938,1050.0,0.0036044136816132896,0.0
16555,1679425201000.0,0.0,0.0,4.9,2.872797905001781,0.0,0.0,2.844,1.0,1.0,1697.6705247444465,1050.0,1697.5294150099378,1050.0,0.008291779546934008,0.0
16556,1679428801000.0,0.0,0.0,1.2,2.872797905001781,0.0,0.0,2.888,1.0,1.0,1697.7405024559405,1050.0,1697.7587449699383,1050.0,0.0020305561898389135,0.0
16557,1679432401000.0,0.0,0.0,0.4,2.877848428751335,0.0,0.0,2.886,1.0,1.0,1697.7606948114383,1050.0,1697.7639554399377,1050.0,0.0006780339390695962,0.0
16558,1679436001000.0,0.0,0.0,0.4,2.877848428751335,0.0,0.0,2.846,1.0,1.0,1697.7606948114383,1050.0,1697.7479554399376,1050.0,0.0006780339390695962,0.0
16559,1679439601000.0,0.0,0.0,0.9,2.8390437461117046,0.0,0.0,2.823,1.0,1.0,1697.7605544114383,1050.0,1697.7461150399379,1050.0,0.0015050057352677293,0.0
16560,1679443201000.0,0.0,0.0,0.6,2.8390437461117046,0.0,0.0,2.856,1.0,1.0,1697.7661555476052,1050.0,1697.7763292999382,1050.0,0.0010033338467143563,0.0
16561,1679446801000.0,0.0,0.0,1.4,2.7995901769050167,0.0,0.0,2.779,1.0,1.0,1697.7659339476052,1050.0,1697.7371076999382,1050.0,0.002308578685257081,0.0
16562,1679450401000.0,0.0,0.0,1.4,2.7995901769050167,0.0,0.0,2.808,1.0,1.0,1697.7659339476052,1050.0,1697.7777076999382,1050.0,0.002308578685257081,0.0
16563,1679454001000.0,0.0,0.0,0.4,2.7995901769050167,0.0,0.0,2.807,1.0,1.0,1697.7840619706988,1050.0,1697.7870258999367,1050.0,0.0006595868672852069,0.0
16564,1679457601000.0,0.0,0.0,0.4,2.826790987254536,0.0,0.0,2.805,1.0,1.0,1697.7928157048384,1050.0,1697.7840993099367,1050.0,0.0006659919776091158,0.0
16565,1679461201000.0,0.0,0.0,0.4,2.826790987254536,0.0,0.0,2.828,1.0,1.0,1697.7928157048384,1050.0,1697.7932993099366,1050.0,0.0006659919776091158,0.0
16566,1679464801000.0,0.0,0.0,0.4,2.826790987254536,0.0,0.0,2.816,1.0,1.0,1697.7928157048384,1050.0,1697.7884993099367,1050.0,0.0006659919776091158,0.0
16567,1679468401000.0,0.0,0.0,0.4,2.826790987254536,0.0,0.0,2.814,1.0,1.0,1697.7928157048384,1050.0,1697.7876993099367,1050.0,0.0006659919776091158,0.0
16568,1679472001000.0,0.0,0.0,0.9,2.7891293276686824,0.0,0.0,2.767,1.0,1.0,1697.7926777548385,1050.0,1697.7727613599366,1050.0,0.0014785176233775052,0.0
16569,1679475601000.0,0.0,0.0,0.9,2.7891293276686824,0.0,0.0,2.755,1.0,1.0,1697.7926777548385,1050.0,1697.7619613599365,1050.0,0.0014785176233775052,0.0
16570,1679479201000.0,0.0,0.0,0.9,2.7891293276686824,0.0,0.0,2.755,1.0,1.0,1697.7926777548385,1050.0,1697.7619613599365,1050.0,0.0014785176233775052,0.0
16571,1679482801000.0,0.0,0.0,0.9,2.7891293276686824,0.0,0.0,2.79,1.0,1.0,1697.7926777548385,1050.0,1697.7934613599366,1050.0,0.0014785176233775052,0.0
16572,1679486401000.0,0.0,0.0,0.9,2.7891293276686824,0.0,0.0,2.769,1.0,1.0,1697.7926777548385,1050.0,1697.7745613599366,1050.0,0.0014785176233775052,0.0
16573,1679490001000.0,0.0,0.0,0.4,2.794096995751511,0.0,0.0,2.809,1.0,1.0,1697.8038035882375,1050.0,1697.809764789937,1050.0,0.0006582850126372208,0.0
16574,1679493601000.0,0.0,0.0,0.4,2.8190230175465003,0.0,0.0,2.821,1.0,1.0,1697.8129916469554,1050.0,1697.8137824399369,1050.0,0.0006641539513281543,0.0
16575,1679497201000.0,0.0,0.0,0.4,2.8292004473699057,0.0,0.0,2.824,1.0,1.0,1697.8166489688847,1050.0,1697.8145687899366,1050.0,0.0006665502895352407,0.0
16576,1679500801000.0,0.0,0.0,0.4,2.8292004473699057,0.0,0.0,2.783,1.0,1.0,1697.8166489688847,1050.0,1697.7981687899367,1050.0,0.0006665502895352407,0.0
16577,1679504401000.0,0.0,0.0,0.9,2.7913113099421807,0.0,0.0,2.787,1.0,1.0,1697.8165109188847,1050.0,1697.8126307399366,1050.0,0.0014796535213268316,0.0
16578,1679508001000.0,0.0,0.0,1.0,2.7528477042609345,0.0,0.0,2.782,1.0,1.0,1697.840346304197,1050.0,1697.8694985999362,1050.0,0.0016213819575281285,0.0
16579,1679511601000.0,0.0,0.0,0.4,2.876188189347064,0.0,0.0,2.846,1.0,1.0,1697.934877195674,1050.0,1697.9228019199352,1050.0,0.0006775732633744835,0.0
16580,1679515201000.0,0.0,0.0,62.0,2.63045121412482,0.0,0.0,2.587,1.0,1.0,1697.9186834456739,1050.0,1695.224708169935,1050.0,0.09605169956948469,0.0
16581,1679518801000.0,0.0,0.0,0.4,2.7331967479744117,0.0,0.0,2.735,1.0,1.0,1700.3468347491257,1050.0,1700.347556049936,1050.0,0.0006429739373444186,0.0
16582,1679522401000.0,0.0,0.0,0.4,2.7331967479744117,0.0,0.0,2.688,1.0,1.0,1700.3468347491257,1050.0,1700.328756049936,1050.0,0.0006429739373444186,0.0
16583,1679526001000.0,0.0,0.0,0.4,2.7331967479744117,0.0,0.0,2.7,1.0,1.0,1700.3468347491257,1050.0,1700.3335560499359,1050.0,0.0006429739373444186,0.0
16584,1679529601000.0,0.0,0.0,0.4,2.7331967479744117,0.0,0.0,2.681,1.0,1.0,1700.3468347491257,1050.0,1700.325956049936,1050.0,0.0006429739373444186,0.0
16585,1679533201000.0,0.0,0.0,0.4,2.7331967479744117,0.0,0.0,2.676,1.0,1.0,1700.3468347491257,1050.0,1700.323956049936,1050.0,0.0006429739373444186,0.0
16586,1679536801000.0,0.0,0.0,2.1,2.6590374758046496,0.0,0.0,2.623,1.0,1.0,1700.346385679126,1050.0,1700.2707069799362,1050.0,0.0032840242119016815,0.0
16587,1679540401000.0,0.0,0.0,0.8,2.6590374758046496,0.0,0.0,2.694,1.0,1.0,1700.3819876905795,1050.0,1700.4099577099357,1050.0,0.0012510306484326357,0.0
16588,1679544001000.0,0.0,0.0,0.4,2.6795751480840684,0.0,0.0,2.67,1.0,1.0,1700.4030649291683,1050.0,1700.3992348699346,1050.0,0.0006303388186837192,0.0
16589,1679547601000.0,0.0,0.0,0.4,2.6795751480840684,0.0,0.0,2.68,1.0,1.0,1700.4030649291683,1050.0,1700.4032348699347,1050.0,0.0006303388186837192,0.0
16590,1679551201000.0,0.0,0.0,0.4,2.7086326374397656,0.0,0.0,2.719,1.0,1.0,1700.4135626849106,1050.0,1700.4177096299347,1050.0,0.0006371703206513838,0.0
16591,1679554801000.0,0.0,0.0,0.4,2.713474478079824,0.0,0.0,2.71,1.0,1.0,1700.4153448711668,1050.0,1700.4139550799348,1050.0,0.0006383086311857325,0.0
16592,1679558401000.0,0.0,0.0,0.4,2.713474478079824,0.0,0.0,2.714,1.0,1.0,1700.4153448711668,1050.0,1700.4155550799348,1050.0,0.0006383086311857325,0.0
16593,1679562001000.0,0.0,0.0,0.4,2.718355858559868,0.0,0.0,2.709,1.0,1.0,1700.4171427733588,1050.0,1700.4134004299349,1050.0,0.0006394562346334063,0.0
16594,1679565601000.0,0.0,0.0,0.4,2.7232668939199005,0.0,0.0,2.73,1.0,1.0,1700.4189524375029,1050.0,1700.421645679935,1050.0,0.0006406108071228385,0.0
16595,1679569201000.0,0.0,0.0,0.4,2.7232668939199005,0.0,0.0,2.721,1.0,1.0,1700.4189524375029,1050.0,1700.418045679935,1050.0,0.0006406108071228385,0.0
16596,1679572801000.0,0.0,0.0,0.4,2.7232668939199005,0.0,0.0,2.713,1.0,1.0,1700.4189524375029,1050.0,1700.4148456799348,1050.0,0.0006406108071228385,0.0
16597,1679576401000.0,0.0,0.0,0.4,2.7232668939199005,0.0,0.0,2.684,1.0,1.0,1700.4189524375029,1050.0,1700.4032456799348,1050.0,0.0006406108071228385,0.0
16598,1679580001000.0,0.0,0.0,0.9,2.687007508408845,0.0,0.0,2.657,1.0,1.0,1700.418819537503,1050.0,1700.391812779935,1050.0,0.0014221830114922605,0.0
16599,1679583601000.0,0.0,0.0,0.8,2.687007508408845,0.0,0.0,2.712,1.0,1.0,1700.4205917366621,1050.0,1700.440585729935,1050.0,0.0012641613593561902,0.0
16600,1679587201000.0,0.0,0.0,0.4,2.761278624312656,0.0,0.0,2.75,1.0,1.0,1700.4623280196602,1050.0,1700.4578165699352,1050.0,0.0006495359712034106,0.0
16601,1679590801000.0,0.0,0.0,0.9,2.7244571663611805,0.0,0.0,2.708,1.0,1.0,1700.4621932696602,1050.0,1700.4473818199351,1050.0,0.0014419676364637772,0.0
16602,1679594401000.0,0.0,0.0,0.9,2.7244571663611805,0.0,0.0,2.702,1.0,1.0,1700.4621932696602,1050.0,1700.441981819935,1050.0,0.0014419676364637772,0.0
16603,1679598001000.0,0.0,0.0,2.1,2.68648164272622,0.0,0.0,2.643,1.0,1.0,1700.4618743096603,1050.0,1700.3705628599353,1050.0,0.0033176935837008386,0.0
16604,1679601601000.0,0.0,0.0,2.1,2.68648164272622,0.0,0.0,2.677,1.0,1.0,1700.4618743096603,1050.0,1700.4419628599353,1050.0,0.0033176935837008386,0.0
16605,1679605201000.0,0.0,0.0,2.1,2.68648164272622,0.0,0.0,2.673,1.0,1.0,1700.4618743096603,1050.0,1700.4335628599351,1050.0,0.0033176935837008386,0.0
16606,1679608801000.0,0.0,0.0,2.1,2.68648164272622,0.0,0.0,2.675,1.0,1.0,1700.4618743096603,1050.0,1700.4377628599352,1050.0,0.0033176935837008386,0.0
16607,1679612401000.0,0.0,0.0,2.1,2.68648164272622,0.0,0.0,2.671,1.0,1.0,1700.4618743096603,1050.0,1700.4293628599353,1050.0,0.0033176935837008386,0.0
16608,1679616001000.0,0.0,0.0,0.4,2.68648164272622,0.0,0.0,2.708,1.0,1.0,1700.4928956670265,1050.0,1700.501503009936,1050.0,0.0006319301067523566,0.0
16609,1679619601000.0,0.0,0.0,0.4,2.7057148947688425,0.0,0.0,2.7,1.0,1.0,1700.4998719778434,1050.0,1700.4975860199359,1050.0,0.0006364516550352546,0.0
16610,1679623201000.0,0.0,0.0,0.4,2.7107861710766317,0.0,0.0,2.72,1.0,1.0,1700.5016459883666,1050.0,1700.505331519936,1050.0,0.0006376438805505694,0.0
16611,1679626801000.0,0.0,0.0,0.4,2.740139921561245,0.0,0.0,2.717,1.0,1.0,1700.5124584485604,1050.0,1700.503202479936,1050.0,0.0006445445096147488,0.0
16612,1679630401000.0,0.0,0.0,0.4,2.740139921561245,0.0,0.0,2.7,1.0,1.0,1700.5124584485604,1050.0,1700.496402479936,1050.0,0.0006445445096147488,0.0
16613,1679634001000.0,0.0,0.0,0.4,2.740139921561245,0.0,0.0,2.687,1.0,1.0,1700.5124584485604,1050.0,1700.491202479936,1050.0,0.0006445445096147488,0.0
16614,1679637601000.0,0.0,0.0,0.4,2.740139921561245,0.0,0.0,2.695,1.0,1.0,1700.5124584485604,1050.0,1700.4944024799358,1050.0,0.0006445445096147488,0.0
16615,1679641201000.0,0.0,0.0,0.9,2.7033955206938867,0.0,0.0,2.678,1.0,1.0,1700.5123247485603,1050.0,1700.4894687799358,1050.0,0.001430778203259569,0.0
16616,1679644801000.0,0.0,0.0,0.9,2.7033955206938867,0.0,0.0,2.67,1.0,1.0,1700.5123247485603,1050.0,1700.4822687799358,1050.0,0.001430778203259569,0.0
16617,1679648401000.0,0.0,0.0,2.1,2.666026651725951,0.0,0.0,2.605,1.0,1.0,1700.5120081885602,1050.0,1700.3838522199358,1050.0,0.003292335450537844,0.0
16618,1679652001000.0,0.0,0.0,11.4,2.5907417516337277,0.0,0.0,2.549,1.0,1.0,1700.5096146085602,1050.0,1700.0337586399357,1050.0,0.01736800292977057,0.0
16619,1679655601000.0,0.0,0.0,11.4,2.5907417516337277,0.0,0.0,2.57,1.0,1.0,1700.5096146085602,1050.0,1700.2731586399357,1050.0,0.01736800292977057,0.0
16620,1679659201000.0,0.0,0.0,11.4,2.5907417516337277,0.0,0.0,2.571,1.0,1.0,1700.5096146085602,1050.0,1700.2845586399358,1050.0,0.01736800292977057,0.0
16621,1679662801000.0,0.0,0.0,11.4,2.5907417516337277,0.0,0.0,2.593,1.0,1.0,1700.5096146085602,1050.0,1700.5353586399358,1050.0,0.01736800292977057,0.0
16622,1679666401000.0,0.0,0.0,11.4,2.5907417516337277,0.0,0.0,2.59,1.0,1.0,1700.5096146085602,1050.0,1700.5011586399357,1050.0,0.01736800292977057,0.0
16623,1679670001000.0,0.0,0.0,4.2,2.5907417516337277,0.0,0.0,2.572,1.0,1.0,1700.631996236798,1050.0,1700.5532808799362,1050.0,0.006398277452699741,0.0
16624,1679673601000.0,0.0,0.0,4.2,2.5907417516337277,0.0,0.0,2.565,1.0,1.0,1700.631996236798,1050.0,1700.5238808799363,1050.0,0.006398277452699741,0.0
16625,1679677201000.0,0.0,0.0,4.2,2.5907417516337277,0.0,0.0,2.562,1.0,1.0,1700.631996236798,1050.0,1700.5112808799363,1050.0,0.006398277452699741,0.0
16626,1679680801000.0,0.0,0.0,22.9,2.5149919369808584,0.0,0.0,2.512,1.0,1.0,1700.6273250167978,1050.0,1700.5588096599363,1050.0,0.033865923773918415,0.0
16627,1679684401000.0,0.0,0.0,22.9,2.5149919369808584,0.0,0.0,2.515,1.0,1.0,1700.6273250167978,1050.0,1700.627509659936,1050.0,0.033865923773918415,0.0
16628,1679688001000.0,0.0,0.0,2.7,2.5149919369808584,0.0,0.0,2.538,1.0,1.0,1700.965773249784,1050.0,1701.0278950199356,1050.0,0.0039921310214695,0.0
16629,1679691601000.0,0.0,0.0,1.5,2.5149919369808584,0.0,0.0,2.512,1.0,1.0,1700.985879085407,1050.0,1700.9813911799358,1050.0,0.002217824352251351,0.0
16630,1679695201000.0,0.0,0.0,1.5,2.5149919369808584,0.0,0.0,2.51,1.0,1.0,1700.985879085407,1050.0,1700.978391179936,1050.0,0.002217824352251351,0.0
16631,1679698801000.0,0.0,0.0,1.5,2.5149919369808584,0.0,0.0,2.523,1.0,1.0,1700.985879085407,1050.0,1700.9978911799358,1050.0,0.002217824352251351,0.0
16632,1679702401000.0,0.0,0.0,0.5,2.522595162188515,0.0,0.0,2.531,1.0,1.0,1701.0059342410286,1050.0,1701.0101366599345,1050.0,0.0007415009881532456,0.0
16633,1679706001000.0,0.0,0.0,0.5,2.5500645550327192,0.0,0.0,2.534,1.0,1.0,1701.0173625774507,1050.0,1701.0093302999344,1050.0,0.000749570407432161,0.0
16634,1679709601000.0,0.0,0.0,0.5,2.5500645550327192,0.0,0.0,2.512,1.0,1.0,1701.0173625774507,1050.0,1700.9983302999344,1050.0,0.000749570407432161,0.0
16635,1679713201000.0,0.0,0.0,0.5,2.5500645550327192,0.0,0.0,2.522,1.0,1.0,1701.0173625774507,1050.0,1701.0033302999343,1050.0,0.000749570407432161,0.0
16636,1679716801000.0,0.0,0.0,0.5,2.5500645550327192,0.0,0.0,2.532,1.0,1.0,1701.0173625774507,1050.0,1701.0083302999344,1050.0,0.000749570407432161,0.0
16637,1679720401000.0,0.0,0.0,0.5,2.5500645550327192,0.0,0.0,2.509,1.0,1.0,1701.0173625774507,1050.0,1700.9968302999343,1050.0,0.000749570407432161,0.0
16638,1679724001000.0,0.0,0.0,1.2,2.5144435645969665,0.0,0.0,2.492,1.0,1.0,1701.0171883474507,1050.0,1700.9902560699343,1050.0,0.0017738399695112533,0.0
16639,1679727601000.0,0.0,0.0,1.2,2.5144435645969665,0.0,0.0,2.5,1.0,1.0,1701.0171883474507,1050.0,1700.9998560699344,1050.0,0.0017738399695112533,0.0
16640,1679731201000.0,0.0,0.0,1.2,2.5144435645969665,0.0,0.0,2.497,1.0,1.0,1701.0171883474507,1050.0,1700.9962560699344,1050.0,0.0017738399695112533,0.0
16641,1679734801000.0,0.0,0.0,1.2,2.5144435645969665,0.0,0.0,2.478,1.0,1.0,1701.0171883474507,1050.0,1700.9734560699344,1050.0,0.0017738399695112533,0.0
16642,1679738401000.0,0.0,0.0,2.8,2.479332956255843,0.0,0.0,2.464,1.0,1.0,1701.0167958674506,1050.0,1700.9738635899341,1050.0,0.004081166214455954,0.0
16643,1679742001000.0,0.0,0.0,2.8,2.479332956255843,0.0,0.0,2.441,1.0,1.0,1701.0167958674506,1050.0,1700.9094635899341,1050.0,0.004081166214455954,0.0
16644,1679745601000.0,0.0,0.0,2.8,2.479332956255843,0.0,0.0,2.43,1.0,1.0,1701.0167958674506,1050.0,1700.8786635899341,1050.0,0.004081166214455954,0.0
16645,1679749201000.0,0.0,0.0,6.5,2.4444203503871322,0.0,0.0,2.42,1.0,1.0,1701.0159012074505,1050.0,1700.8571689299342,1050.0,0.009340731186720764,0.0
16646,1679752801000.0,0.0,0.0,6.5,2.4444203503871322,0.0,0.0,2.455,1.0,1.0,1701.0159012074505,1050.0,1701.0846689299342,1050.0,0.009340731186720764,0.0
16647,1679756401000.0,0.0,0.0,0.5,2.4444203503871322,0.0,0.0,2.459,1.0,1.0,1701.123001595128,1050.0,1701.1302914199343,1050.0,0.000718472546692691,0.0
16648,1679760001000.0,0.0,0.0,0.5,2.493516432720597,0.0,0.0,2.486,1.0,1.0,1701.1452545162947,1050.0,1701.1414962999345,1050.0,0.0007328934510738197,0.0
16649,1679763601000.0,0.0,0.0,0.5,2.493516432720597,0.0,0.0,2.469,1.0,1.0,1701.1452545162947,1050.0,1701.1329962999343,1050.0,0.0007328934510738197,0.0
16650,1679767201000.0,0.0,0.0,0.5,2.493516432720597,0.0,0.0,2.467,1.0,1.0,1701.1452545162947,1050.0,1701.1319962999344,1050.0,0.0007328934510738197,0.0
16651,1679770801000.0,0.0,0.0,0.5,2.493516432720597,0.0,0.0,2.437,1.0,1.0,1701.1452545162947,1050.0,1701.1169962999345,1050.0,0.0007328934510738197,0.0
16652,1679774401000.0,0.0,0.0,2.8,2.423806505842964,0.0,0.0,2.381,1.0,1.0,1701.1447005262949,1050.0,1701.0248423099345,1050.0,0.003989465572364692,0.0
16653,1679778001000.0,0.0,0.0,2.8,2.423806505842964,0.0,0.0,2.403,1.0,1.0,1701.1447005262949,1050.0,1701.0864423099345,1050.0,0.003989465572364692,0.0
16654,1679781601000.0,0.0,0.0,2.8,2.423806505842964,0.0,0.0,2.404,1.0,1.0,1701.1447005262949,1050.0,1701.0892423099347,1050.0,0.003989465572364692,0.0
16655,1679785201000.0,0.0,0.0,2.8,2.423806505842964,0.0,0.0,2.378,1.0,1.0,1701.1447005262949,1050.0,1701.0164423099345,1050.0,0.003989465572364692,0.0
16656,1679788801000.0,0.0,0.0,2.2,2.3897628025169686,0.0,0.0,2.408,1.0,1.0,1701.2126112154722,1050.0,1701.252733049935,1050.0,0.0030904298092294296,0.0
16657,1679792401000.0,0.0,0.0,0.5,2.3897628025169686,0.0,0.0,2.423,1.0,1.0,1701.2606033511938,1050.0,1701.2772219499354,1050.0,0.0007023505974950407,0.0
16658,1679796001000.0,0.0,0.0,0.5,2.4157727653436654,0.0,0.0,2.406,1.0,1.0,1701.2725177726068,1050.0,1701.2676313899349,1050.0,0.0007099899457926115,0.0
16659,1679799601000.0,0.0,0.0,0.5,2.4157727653436654,0.0,0.0,2.424,1.0,1.0,1701.2725177726068,1050.0,1701.276631389935,1050.0,0.0007099899457926115,0.0
16660,1679803201000.0,0.0,0.0,0.5,2.422663659206199,0.0,0.0,2.415,1.0,1.0,1701.2756659195384,1050.0,1701.2718340899353,1050.0,0.0007120138457681256,0.0
16661,1679806801000.0,0.0,0.0,0.5,2.422663659206199,0.0,0.0,2.422,1.0,1.0,1701.2756659195384,1050.0,1701.2753340899353,1050.0,0.0007120138457681256,0.0
16662,1679810401000.0,0.0,0.0,0.5,2.422663659206199,0.0,0.0,2.428,1.0,1.0,1701.2756659195384,1050.0,1701.2783340899352,1050.0,0.0007120138457681256,0.0
16663,1679814001000.0,0.0,0.0,0.5,2.422663659206199,0.0,0.0,2.407,1.0,1.0,1701.2756659195384,1050.0,1701.2678340899354,1050.0,0.0007120138457681256,0.0
16664,1679817601000.0,0.0,0.0,0.5,2.422663659206199,0.0,0.0,2.414,1.0,1.0,1701.2756659195384,1050.0,1701.2713340899352,1050.0,0.0007120138457681256,0.0
16665,1679821201000.0,0.0,0.0,0.5,2.457512726139874,0.0,0.0,2.449,1.0,1.0,1701.291599753005,1050.0,1701.287343389935,1050.0,0.0007222491213430602,0.0
16666,1679824801000.0,0.0,0.0,0.5,2.457512726139874,0.0,0.0,2.422,1.0,1.0,1701.291599753005,1050.0,1701.2738433899349,1050.0,0.0007222491213430602,0.0
16667,1679828401000.0,0.0,0.0,0.5,2.457512726139874,0.0,0.0,2.431,1.0,1.0,1701.291599753005,1050.0,1701.278343389935,1050.0,0.0007222491213430602,0.0
16668,1679832001000.0,0.0,0.0,0.5,2.457512726139874,0.0,0.0,2.446,1.0,1.0,1701.291599753005,1050.0,1701.285843389935,1050.0,0.0007222491213430602,0.0
16669,1679835601000.0,0.0,0.0,0.5,2.457512726139874,0.0,0.0,2.456,1.0,1.0,1701.291599753005,1050.0,1701.290843389935,1050.0,0.0007222491213430602,0.0
16670,1679839201000.0,0.0,0.0,0.4,2.4855016493077278,0.0,0.0,2.501,1.0,1.0,1701.3060214296584,1050.0,1701.3122207699353,1050.0,0.0005843749726387464,0.0
16671,1679842801000.0,0.0,0.0,1.2,2.4572087456602656,0.0,0.0,2.439,1.0,1.0,1701.3074259447276,1050.0,1701.2855754499353,1050.0,0.001733167356954871,0.0
16672,1679846401000.0,0.0,0.0,1.2,2.4572087456602656,0.0,0.0,2.421,1.0,1.0,1701.3074259447276,1050.0,1701.2639754499353,1050.0,0.001733167356954871,0.0
16673,1679850001000.0,0.0,0.0,1.2,2.4572087456602656,0.0,0.0,2.41,1.0,1.0,1701.3074259447276,1050.0,1701.2507754499352,1050.0,0.001733167356954871,0.0
16674,1679853601000.0,0.0,0.0,1.2,2.4572087456602656,0.0,0.0,2.438,1.0,1.0,1701.3074259447276,1050.0,1701.2843754499352,1050.0,0.001733167356954871,0.0
16675,1679857201000.0,0.0,0.0,1.2,2.4572087456602656,0.0,0.0,2.451,1.0,1.0,1701.3074259447276,1050.0,1701.2999754499353,1050.0,0.001733167356954871,0.0
16676,1679860801000.0,0.0,0.0,1.2,2.4572087456602656,0.0,0.0,2.45,1.0,1.0,1701.3074259447276,1050.0,1701.2987754499352,1050.0,0.001733167356954871,0.0
16677,1679864401000.0,0.0,0.0,1.2,2.4572087456602656,0.0,0.0,2.427,1.0,1.0,1701.3074259447276,1050.0,1701.2711754499353,1050.0,0.001733167356954871,0.0
16678,1679868001000.0,0.0,0.0,1.2,2.4572087456602656,0.0,0.0,2.435,1.0,1.0,1701.3074259447276,1050.0,1701.2807754499352,1050.0,0.001733167356954871,0.0
16679,1679871601000.0,0.0,0.0,0.5,2.464325247396159,0.0,0.0,2.474,1.0,1.0,1701.3222659136336,1050.0,1701.3271032899356,1050.0,0.000724238228338469,0.0
16680,1679875201000.0,0.0,0.0,0.5,2.4784370890626173,0.0,0.0,2.468,1.0,1.0,1701.3287230344667,1050.0,1701.3235044899354,1050.0,0.0007283827797376249,0.0
16681,1679878801000.0,0.0,0.0,0.5,2.4784370890626173,0.0,0.0,2.471,1.0,1.0,1701.3287230344667,1050.0,1701.3250044899355,1050.0,0.0007283827797376249,0.0
16682,1679882401000.0,0.0,0.0,0.5,2.4784370890626173,0.0,0.0,2.441,1.0,1.0,1701.3287230344667,1050.0,1701.3100044899354,1050.0,0.0007283827797376249,0.0
16683,1679886001000.0,0.0,0.0,0.5,2.4784370890626173,0.0,0.0,2.43,1.0,1.0,1701.3287230344667,1050.0,1701.3045044899354,1050.0,0.0007283827797376249,0.0
16684,1679889601000.0,0.0,0.0,1.2,2.4437654537760904,0.0,0.0,2.43,1.0,1.0,1701.3285537044667,1050.0,1701.3120351599355,1050.0,0.001723663861484046,0.0
16685,1679893201000.0,0.0,0.0,1.2,2.4437654537760904,0.0,0.0,2.425,1.0,1.0,1701.3285537044667,1050.0,1701.3060351599354,1050.0,0.001723663861484046,0.0
16686,1679896801000.0,0.0,0.0,1.2,2.4437654537760904,0.0,0.0,2.4,1.0,1.0,1701.3285537044667,1050.0,1701.2760351599354,1050.0,0.001723663861484046,0.0
16687,1679900401000.0,0.0,0.0,1.2,2.4437654537760904,0.0,0.0,2.426,1.0,1.0,1701.3285537044667,1050.0,1701.3072351599353,1050.0,0.001723663861484046,0.0
16688,1679904001000.0,0.0,0.0,1.2,2.4437654537760904,0.0,0.0,2.417,1.0,1.0,1701.3285537044667,1050.0,1701.2964351599353,1050.0,0.001723663861484046,0.0
16689,1679907601000.0,0.0,0.0,1.1,2.4437654537760904,0.0,0.0,2.443,1.0,1.0,1701.3301525590891,1050.0,1701.3293105599355,1050.0,0.0015800237215041878,0.0
16690,1679911201000.0,0.0,0.0,0.5,2.4506592722656544,0.0,0.0,2.455,1.0,1.0,1701.3428941760687,1050.0,1701.345064539936,1050.0,0.0007202132152944004,0.0
16691,1679914801000.0,0.0,0.0,0.5,2.4990296710068263,0.0,0.0,2.499,1.0,1.0,1701.363682375439,1050.0,1701.3636675399357,1050.0,0.0007344196002578615,0.0
16692,1679918401000.0,0.0,0.0,0.5,2.532482245362485,0.0,0.0,2.521,1.0,1.0,1701.377903352617,1050.0,1701.3721622299358,1050.0,0.0007442444857113024,0.0
16693,1679922001000.0,0.0,0.0,1.2,2.4966176022343687,0.0,0.0,2.481,1.0,1.0,1701.377730382617,1050.0,1701.358989259936,1050.0,0.0017608912290203158,0.0
16694,1679925601000.0,0.0,0.0,1.2,2.4966176022343687,0.0,0.0,2.474,1.0,1.0,1701.377730382617,1050.0,1701.3505892599358,1050.0,0.0017608912290203158,0.0
16695,1679929201000.0,0.0,0.0,15.2,2.3916277054395554,0.0,0.0,2.343,1.0,1.0,1701.374394702617,1050.0,1700.6352535799358,1050.0,0.021366691091548564,0.0
16696,1679932801000.0,0.0,0.0,35.5,2.354099749934683,0.0,0.0,2.326,1.0,1.0,1701.3696729226172,1050.0,1700.372131799936,1050.0,0.04911956669541638,0.0
16697,1679936401000.0,0.0,0.0,1.6,2.354099749934683,0.0,0.0,2.338,1.0,1.0,1702.3010170598313,1050.0,1702.2752574599358,1050.0,0.002212628414216067,0.0
16698,1679940001000.0,0.0,0.0,1.6,2.354099749934683,0.0,0.0,2.316,1.0,1.0,1702.3010170598313,1050.0,1702.2400574599358,1050.0,0.002212628414216067,0.0
16699,1679943601000.0,0.0,0.0,1.6,2.354099749934683,0.0,0.0,2.32,1.0,1.0,1702.3010170598313,1050.0,1702.2464574599358,1050.0,0.002212628414216067,0.0
16700,1679947201000.0,0.0,0.0,3.7,2.321691783755539,0.0,0.0,2.302,1.0,1.0,1702.3005346898312,1050.0,1702.2276750899357,1050.0,0.005046264995423201,0.0
16701,1679950801000.0,0.0,0.0,1.6,2.321691783755539,0.0,0.0,2.347,1.0,1.0,1702.3386905239447,1050.0,1702.3791836699359,1050.0,0.0021821197360353435,0.0
16702,1679954401000.0,0.0,0.0,0.5,2.3282150702533233,0.0,0.0,2.321,1.0,1.0,1702.3582406350636,1050.0,1702.354633099937,1050.0,0.0006838205421982109,0.0
16703,1679958001000.0,0.0,0.0,0.5,2.3282150702533233,0.0,0.0,2.325,1.0,1.0,1702.3582406350636,1050.0,1702.356633099937,1050.0,0.0006838205421982109,0.0
16704,1679961601000.0,0.0,0.0,0.5,2.334929042151994,0.0,0.0,2.342,1.0,1.0,1702.361303841013,1050.0,1702.3648393199371,1050.0,0.000685791270303116,0.0
16705,1679965201000.0,0.0,0.0,0.5,2.334929042151994,0.0,0.0,2.298,1.0,1.0,1702.361303841013,1050.0,1702.3428393199372,1050.0,0.000685791270303116,0.0
16706,1679968801000.0,0.0,0.0,0.5,2.334929042151994,0.0,0.0,2.309,1.0,1.0,1702.361303841013,1050.0,1702.3483393199372,1050.0,0.000685791270303116,0.0
16707,1679972401000.0,0.0,0.0,0.5,2.334929042151994,0.0,0.0,2.33,1.0,1.0,1702.361303841013,1050.0,1702.358839319937,1050.0,0.000685791270303116,0.0
16708,1679976001000.0,0.0,0.0,0.5,2.334929042151994,0.0,0.0,2.299,1.0,1.0,1702.361303841013,1050.0,1702.343339319937,1050.0,0.000685791270303116,0.0
16709,1679979601000.0,0.0,0.0,0.5,2.334929042151994,0.0,0.0,2.307,1.0,1.0,1702.361303841013,1050.0,1702.347339319937,1050.0,0.000685791270303116,0.0
16710,1679983201000.0,0.0,0.0,0.5,2.334929042151994,0.0,0.0,2.324,1.0,1.0,1702.361303841013,1050.0,1702.355839319937,1050.0,0.000685791270303116,0.0
16711,1679986801000.0,0.0,0.0,0.5,2.334929042151994,0.0,0.0,2.344,1.0,1.0,1702.361303841013,1050.0,1702.365839319937,1050.0,0.000685791270303116,0.0
16712,1679990401000.0,0.0,0.0,0.5,2.3600726731048307,0.0,0.0,2.344,1.0,1.0,1702.3717921164891,1050.0,1702.3637557799368,1050.0,0.0006931719275525145,0.0
16713,1679994001000.0,0.0,0.0,0.5,2.3808636973906436,0.0,0.0,2.389,1.0,1.0,1702.381101588632,1050.0,1702.3851697399366,1050.0,0.0006992745910915199,0.0
16714,1679997601000.0,0.0,0.0,0.5,2.3808636973906436,0.0,0.0,2.335,1.0,1.0,1702.381101588632,1050.0,1702.3581697399366,1050.0,0.0006992745910915199,0.0
16715,1680001201000.0,0.0,0.0,1.2,2.3471098739127685,0.0,0.0,2.327,1.0,1.0,1702.380938978632,1050.0,1702.3568071299367,1050.0,0.00165446627379718,0.0
16716,1680004801000.0,0.0,0.0,0.5,2.3658395546085966,0.0,0.0,2.371,1.0,1.0,1702.4045710272408,1050.0,1702.4071512499365,1050.0,0.000694852326783003,0.0
16717,1680008401000.0,0.0,0.0,0.5,2.3658395546085966,0.0,0.0,2.347,1.0,1.0,1702.4045710272408,1050.0,1702.3951512499364,1050.0,0.000694852326783003,0.0
16718,1680012001000.0,0.0,0.0,0.5,2.3658395546085966,0.0,0.0,2.335,1.0,1.0,1702.4045710272408,1050.0,1702.3891512499365,1050.0,0.000694852326783003,0.0
16719,1680015601000.0,0.0,0.0,0.5,2.3658395546085966,0.0,0.0,2.339,1.0,1.0,1702.4045710272408,1050.0,1702.3911512499365,1050.0,0.000694852326783003,0.0
16720,1680019201000.0,0.0,0.0,0.5,2.3658395546085966,0.0,0.0,2.349,1.0,1.0,1702.4045710272408,1050.0,1702.3961512499366,1050.0,0.000694852326783003,0.0
16721,1680022801000.0,0.0,0.0,0.5,2.3658395546085966,0.0,0.0,2.322,1.0,1.0,1702.4045710272408,1050.0,1702.3826512499365,1050.0,0.000694852326783003,0.0
16722,1680026401000.0,0.0,0.0,1.2,2.332683147753582,0.0,0.0,2.307,1.0,1.0,1702.4044093972407,1050.0,1702.3735896199364,1050.0,0.0016442742757553125,0.0
16723,1680030001000.0,0.0,0.0,0.5,2.381687041569318,0.0,0.0,2.39,1.0,1.0,1702.4483914807206,1050.0,1702.452547959936,1050.0,0.000699488763796776,0.0
16724,1680033601000.0,0.0,0.0,0.5,2.4011673349649545,0.0,0.0,2.412,1.0,1.0,1702.4560390574181,1050.0,1702.4614553899357,1050.0,0.0007052068540619659,0.0
16725,1680037201000.0,0.0,0.0,0.5,2.4079004009789724,0.0,0.0,2.398,1.0,1.0,1702.4591088904253,1050.0,1702.4541586899359,1050.0,0.0007071830355292108,0.0
16726,1680040801000.0,0.0,0.0,0.5,2.4079004009789724,0.0,0.0,2.375,1.0,1.0,1702.4591088904253,1050.0,1702.4426586899358,1050.0,0.0007071830355292108,0.0
16727,1680044401000.0,0.0,0.0,0.5,2.4079004009789724,0.0,0.0,2.382,1.0,1.0,1702.4591088904253,1050.0,1702.4461586899358,1050.0,0.0007071830355292108,0.0
16728,1680048001000.0,0.0,0.0,0.5,2.4079004009789724,0.0,0.0,2.395,1.0,1.0,1702.4591088904253,1050.0,1702.4526586899358,1050.0,0.0007071830355292108,0.0
16729,1680051601000.0,0.0,0.0,0.5,2.4079004009789724,0.0,0.0,2.387,1.0,1.0,1702.4591088904253,1050.0,1702.4486586899359,1050.0,0.0007071830355292108,0.0
16730,1680055201000.0,0.0,0.0,0.5,2.4147402405873835,0.0,0.0,2.397,1.0,1.0,1702.4622318302295,1050.0,1702.4533617099357,1050.0,0.0007091905463275448,0.0
16731,1680058801000.0,0.0,0.0,0.5,2.4147402405873835,0.0,0.0,2.403,1.0,1.0,1702.4622318302295,1050.0,1702.456361709936,1050.0,0.0007091905463275448,0.0
16732,1680062401000.0,0.0,0.0,0.5,2.4147402405873835,0.0,0.0,2.392,1.0,1.0,1702.4622318302295,1050.0,1702.4508617099357,1050.0,0.0007091905463275448,0.0
16733,1680066001000.0,0.0,0.0,0.5,2.459010521108075,0.0,0.0,2.466,1.0,1.0,1702.4793765804898,1050.0,1702.4828713199358,1050.0,0.0007221851127639249,0.0
16734,1680069601000.0,0.0,0.0,0.5,2.466206312664845,0.0,0.0,2.458,1.0,1.0,1702.4826754162682,1050.0,1702.4785722599358,1050.0,0.000724297036403569,0.0
16735,1680073201000.0,0.0,0.0,0.5,2.480394272559344,0.0,0.0,2.477,1.0,1.0,1702.4891704362153,1050.0,1702.4874732999356,1050.0,0.0007284611014364962,0.0
16736,1680076801000.0,0.0,0.0,0.5,2.480394272559344,0.0,0.0,2.463,1.0,1.0,1702.4891704362153,1050.0,1702.4804732999357,1050.0,0.0007284611014364962,0.0
16737,1680080401000.0,0.0,0.0,0.3,2.480394272559344,0.0,0.0,2.505,1.0,1.0,1702.4924416417034,1050.0,1702.4998233599356,1050.0,0.00043707582105342814,0.0
16738,1680084001000.0,0.0,0.0,0.5,2.4886365635356062,0.0,0.0,2.48,1.0,1.0,1702.4923916217035,1050.0,1702.4880733399357,1050.0,0.0007308803774344812,0.0
16739,1680087601000.0,0.0,0.0,0.5,2.4955819381213638,0.0,0.0,2.487,1.0,1.0,1702.4955640889964,1050.0,1702.4912731199356,1050.0,0.0007329187783983293,0.0
16740,1680091201000.0,0.0,0.0,0.5,2.4955819381213638,0.0,0.0,2.494,1.0,1.0,1702.4955640889964,1050.0,1702.4947731199356,1050.0,0.0007329187783983293,0.0
16741,1680094801000.0,0.0,0.0,0.5,2.4955819381213638,0.0,0.0,2.484,1.0,1.0,1702.4955640889964,1050.0,1702.4897731199358,1050.0,0.0007329187783983293,0.0
16742,1680098401000.0,0.0,0.0,0.5,2.4955819381213638,0.0,0.0,2.479,1.0,1.0,1702.4955640889964,1050.0,1702.4872731199357,1050.0,0.0007329187783983293,0.0
16743,1680102001000.0,0.0,0.0,0.5,2.4955819381213638,0.0,0.0,2.455,1.0,1.0,1702.4955640889964,1050.0,1702.4752731199358,1050.0,0.0007329187783983293,0.0
16744,1680105601000.0,0.0,0.0,0.5,2.4955819381213638,0.0,0.0,2.504,1.0,1.0,1702.4955640889964,1050.0,1702.4997731199358,1050.0,0.0007329187783983293,0.0
16745,1680109201000.0,0.0,0.0,0.5,2.4955819381213638,0.0,0.0,2.478,1.0,1.0,1702.4955640889964,1050.0,1702.4867731199356,1050.0,0.0007329187783983293,0.0
16746,1680112801000.0,0.0,0.0,0.4,2.4955819381213638,0.0,0.0,2.503,1.0,1.0,1702.4971807751842,1050.0,1702.5001479999357,1050.0,0.0005863344659366945,0.0
16747,1680116401000.0,0.0,0.0,0.4,2.5157694977236913,0.0,0.0,2.529,1.0,1.0,1702.505053839025,1050.0,1702.5103460399357,1050.0,0.0005910747793789661,0.0
16748,1680120001000.0,0.0,0.0,0.4,2.530237019180529,0.0,0.0,2.536,1.0,1.0,1702.5116377476081,1050.0,1702.513942939936,1050.0,0.0005944715943388174,0.0
16749,1680123601000.0,0.0,0.0,0.5,2.5444053269049904,0.0,0.0,2.55,1.0,1.0,1702.5164669933883,1050.0,1702.5192643299358,1050.0,0.0007472483750475441,0.0
16750,1680127201000.0,0.0,0.0,0.5,2.5444053269049904,0.0,0.0,2.535,1.0,1.0,1702.5164669933883,1050.0,1702.5117643299359,1050.0,0.0007472483750475441,0.0
16751,1680130801000.0,0.0,0.0,0.5,2.5444053269049904,0.0,0.0,2.552,1.0,1.0,1702.5164669933883,1050.0,1702.5202643299358,1050.0,0.0007472483750475441,0.0
16752,1680134401000.0,0.0,0.0,0.5,2.5737581303668864,0.0,0.0,2.557,1.0,1.0,1702.529931675119,1050.0,1702.5215526099357,1050.0,0.0007558628140635876,0.0
16753,1680138001000.0,0.0,0.0,1.2,2.537732554319536,0.0,0.0,2.491,1.0,1.0,1702.529755835119,1050.0,1702.4736767699355,1050.0,0.0017886789083986867,0.0
16754,1680141601000.0,0.0,0.0,1.2,2.537732554319536,0.0,0.0,2.513,1.0,1.0,1702.529755835119,1050.0,1702.5000767699355,1050.0,0.0017886789083986867,0.0
16755,1680145201000.0,0.0,0.0,0.5,2.5631037195550332,0.0,0.0,2.556,1.0,1.0,1702.5607428397132,1050.0,1702.5571909799357,1050.0,0.0007527201981880583,0.0
16756,1680148801000.0,0.0,0.0,2.8,2.4915185213491133,0.0,0.0,2.5,1.0,1.0,1702.560173369713,1050.0,1702.5839215099356,1050.0,0.00409750678354592,0.0
16757,1680152401000.0,0.0,0.0,0.5,2.5059066676856805,0.0,0.0,2.513,1.0,1.0,1702.624894923779,1050.0,1702.6284415899363,1050.0,0.0007358951097087835,0.0
16758,1680156001000.0,0.0,0.0,0.5,2.5059066676856805,0.0,0.0,2.493,1.0,1.0,1702.624894923779,1050.0,1702.6184415899363,1050.0,0.0007358951097087835,0.0
16759,1680159601000.0,0.0,0.0,0.5,2.5059066676856805,0.0,0.0,2.487,1.0,1.0,1702.624894923779,1050.0,1702.6154415899362,1050.0,0.0007358951097087835,0.0
16760,1680163201000.0,0.0,0.0,0.5,2.5059066676856805,0.0,0.0,2.497,1.0,1.0,1702.624894923779,1050.0,1702.6204415899363,1050.0,0.0007358951097087835,0.0
16761,1680166801000.0,0.0,0.0,0.5,2.5059066676856805,0.0,0.0,2.457,1.0,1.0,1702.624894923779,1050.0,1702.6004415899363,1050.0,0.0007358951097087835,0.0
16762,1680170401000.0,0.0,0.0,1.2,2.470377778202367,0.0,0.0,2.479,1.0,1.0,1702.6247237737791,1050.0,1702.6350704399363,1050.0,0.0017411078862242077,0.0
16763,1680174001000.0,0.0,0.0,1.2,2.470377778202367,0.0,0.0,2.474,1.0,1.0,1702.6247237737791,1050.0,1702.6290704399362,1050.0,0.0017411078862242077,0.0
16764,1680177601000.0,0.0,0.0,0.5,2.47742666692142,0.0,0.0,2.487,1.0,1.0,1702.6394101833957,1050.0,1702.644196849935,1050.0,0.0007275253503777908,0.0
16765,1680181201000.0,0.0,0.0,0.5,2.4914736000917115,0.0,0.0,2.507,1.0,1.0,1702.645833809981,1050.0,1702.653597009935,1050.0,0.0007316476364660595,0.0
16766,1680184801000.0,0.0,0.0,0.5,2.4914736000917115,0.0,0.0,2.47,1.0,1.0,1702.645833809981,1050.0,1702.6350970099352,1050.0,0.0007316476364660595,0.0
16767,1680188401000.0,0.0,0.0,1.2,2.4561973333715468,0.0,0.0,2.451,1.0,1.0,1702.645663639981,1050.0,1702.6394268399351,1050.0,0.0017310923012276746,0.0
16768,1680192001000.0,0.0,0.0,1.2,2.4561973333715468,0.0,0.0,2.438,1.0,1.0,1702.645663639981,1050.0,1702.6238268399352,1050.0,0.0017310923012276746,0.0
16769,1680195601000.0,0.0,0.0,1.2,2.4561973333715468,0.0,0.0,2.42,1.0,1.0,1702.645663639981,1050.0,1702.6022268399352,1050.0,0.0017310923012276746,0.0
16770,1680199201000.0,0.0,0.0,2.8,2.421798857159234,0.0,0.0,2.387,1.0,1.0,1702.645280279981,1050.0,1702.5478434799352,1050.0,0.003982647988153345,0.0
16771,1680202801000.0,0.0,0.0,2.8,2.421798857159234,0.0,0.0,2.397,1.0,1.0,1702.645280279981,1050.0,1702.5758434799352,1050.0,0.003982647988153345,0.0
16772,1680206401000.0,0.0,0.0,2.8,2.421798857159234,0.0,0.0,2.413,1.0,1.0,1702.645280279981,1050.0,1702.6206434799353,1050.0,0.003982647988153345,0.0
16773,1680210001000.0,0.0,0.0,2.8,2.421798857159234,0.0,0.0,2.429,1.0,1.0,1702.645280279981,1050.0,1702.6654434799352,1050.0,0.003982647988153345,0.0
16774,1680213601000.0,0.0,0.0,2.8,2.421798857159234,0.0,0.0,2.42,1.0,1.0,1702.645280279981,1050.0,1702.6402434799352,1050.0,0.003982647988153345,0.0
16775,1680217201000.0,0.0,0.0,2.8,2.421798857159234,0.0,0.0,2.407,1.0,1.0,1702.645280279981,1050.0,1702.6038434799352,1050.0,0.003982647988153345,0.0
16776,1680220801000.0,0.0,0.0,2.8,2.421798857159234,0.0,0.0,2.431,1.0,1.0,1702.645280279981,1050.0,1702.6710434799352,1050.0,0.003982647988153345,0.0
16777,1680224401000.0,0.0,0.0,0.5,2.4286793142955405,0.0,0.0,2.436,1.0,1.0,1702.6968236870825,1050.0,1702.7004840299348,1050.0,0.0007131860706230686,0.0
16778,1680228001000.0,0.0,0.0,0.4,2.447684553146394,0.0,0.0,2.45,1.0,1.0,1702.7060367011934,1050.0,1702.7069628799347,1050.0,0.0005750104834040561,0.0
16779,1680231601000.0,0.0,0.0,0.4,2.447684553146394,0.0,0.0,2.444,1.0,1.0,1702.7060367011934,1050.0,1702.7045628799349,1050.0,0.0005750104834040561,0.0
16780,1680235201000.0,0.0,0.0,0.4,2.447684553146394,0.0,0.0,2.417,1.0,1.0,1702.7060367011934,1050.0,1702.6937628799349,1050.0,0.0005750104834040561,0.0
16781,1680238801000.0,0.0,0.0,0.4,2.447684553146394,0.0,0.0,2.441,1.0,1.0,1702.7060367011934,1050.0,1702.7033628799347,1050.0,0.0005750104834040561,0.0
16782,1680242401000.0,0.0,0.0,0.4,2.447684553146394,0.0,0.0,2.417,1.0,1.0,1702.7060367011934,1050.0,1702.6937628799349,1050.0,0.0005750104834040561,0.0
16783,1680246001000.0,0.0,0.0,0.4,2.447684553146394,0.0,0.0,2.419,1.0,1.0,1702.7060367011934,1050.0,1702.694562879935,1050.0,0.0005750104834040561,0.0
16784,1680249601000.0,0.0,0.0,0.9,2.4150820236206196,0.0,0.0,2.394,1.0,1.0,1702.7059172511933,1050.0,1702.6869434299347,1050.0,0.0012765409453486377,0.0
16785,1680253201000.0,0.0,0.0,0.9,2.4150820236206196,0.0,0.0,2.388,1.0,1.0,1702.7059172511933,1050.0,1702.681543429935,1050.0,0.0012765409453486377,0.0
16786,1680256801000.0,0.0,0.0,0.9,2.4150820236206196,0.0,0.0,2.382,1.0,1.0,1702.7059172511933,1050.0,1702.6761434299349,1050.0,0.0012765409453486377,0.0
16787,1680260401000.0,0.0,0.0,0.9,2.4150820236206196,0.0,0.0,2.39,1.0,1.0,1702.7059172511933,1050.0,1702.683343429935,1050.0,0.0012765409453486377,0.0
16788,1680264001000.0,0.0,0.0,0.9,2.4150820236206196,0.0,0.0,2.393,1.0,1.0,1702.7059172511933,1050.0,1702.6860434299347,1050.0,0.0012765409453486377,0.0
16789,1680267601000.0,0.0,0.0,0.7,2.4150820236206196,0.0,0.0,2.419,1.0,1.0,1702.709052226469,1050.0,1702.7117948099346,1050.0,0.0009928633516829279,0.0
16790,1680271201000.0,0.0,0.0,0.5,2.453658286840821,0.0,0.0,2.451,1.0,1.0,1702.727534443355,1050.0,1702.7262052999345,1050.0,0.0007205081955883669,0.0
16791,1680274801000.0,0.0,0.0,0.5,2.4679569832626957,0.0,0.0,2.472,1.0,1.0,1702.733885851566,1050.0,1702.7359073599346,1050.0,0.0007247042546605657,0.0
16792,1680278401000.0,0.0,0.0,0.5,2.4823045139745705,0.0,0.0,2.485,1.0,1.0,1702.7404604969215,1050.0,1702.7418082399342,1050.0,0.0007289145267770709,0.0
16793,1680282001000.0,0.0,0.0,0.5,2.5162346650111047,0.0,0.0,2.505,1.0,1.0,1702.7548233124396,1050.0,1702.749205979934,1050.0,0.0007388716891478742,0.0
16794,1680285601000.0,0.0,0.0,0.5,2.5162346650111047,0.0,0.0,2.502,1.0,1.0,1702.7548233124396,1050.0,1702.7477059799342,1050.0,0.0007388716891478742,0.0
16795,1680289201000.0,0.0,0.0,0.5,2.5162346650111047,0.0,0.0,2.499,1.0,1.0,1702.7548233124396,1050.0,1702.746205979934,1050.0,0.0007388716891478742,0.0
16796,1680292801000.0,0.0,0.0,0.5,2.5162346650111047,0.0,0.0,2.512,1.0,1.0,1702.7548233124396,1050.0,1702.752705979934,1050.0,0.0007388716891478742,0.0
16797,1680296401000.0,0.0,0.0,0.5,2.5162346650111047,0.0,0.0,2.502,1.0,1.0,1702.7548233124396,1050.0,1702.7477059799342,1050.0,0.0007388716891478742,0.0
16798,1680300001000.0,0.0,0.0,0.3,2.5374426876423986,0.0,0.0,2.557,1.0,1.0,1702.7679828262276,1050.0,1702.7738500199348,1050.0,0.000447056095704382,0.0
16799,1680303601000.0,0.0,0.0,0.5,2.5821729100346436,0.0,0.0,2.581,1.0,1.0,1702.7846698149517,1050.0,1702.7840833599344,1050.0,0.0007582206240778696,0.0
16800,1680307201000.0,0.0,0.0,0.5,2.5821729100346436,0.0,0.0,2.556,1.0,1.0,1702.7846698149517,1050.0,1702.7715833599343,1050.0,0.0007582206240778696,0.0
16801,1680310801000.0,0.0,0.0,0.5,2.5821729100346436,0.0,0.0,2.551,1.0,1.0,1702.7846698149517,1050.0,1702.7690833599345,1050.0,0.0007582206240778696,0.0
16802,1680314401000.0,0.0,0.0,0.5,2.5821729100346436,0.0,0.0,2.557,1.0,1.0,1702.7846698149517,1050.0,1702.7720833599344,1050.0,0.0007582206240778696,0.0
16803,1680318001000.0,0.0,0.0,0.5,2.5821729100346436,0.0,0.0,2.543,1.0,1.0,1702.7846698149517,1050.0,1702.7650833599344,1050.0,0.0007582206240778696,0.0
16804,1680321601000.0,0.0,0.0,0.5,2.5821729100346436,0.0,0.0,2.565,1.0,1.0,1702.7846698149517,1050.0,1702.7760833599343,1050.0,0.0007582206240778696,0.0
16805,1680325201000.0,0.0,0.0,0.5,2.5821729100346436,0.0,0.0,2.559,1.0,1.0,1702.7846698149517,1050.0,1702.7730833599344,1050.0,0.0007582206240778696,0.0
16806,1680328801000.0,0.0,0.0,0.5,2.5821729100346436,0.0,0.0,2.573,1.0,1.0,1702.7846698149517,1050.0,1702.7800833599345,1050.0,0.0007582206240778696,0.0
16807,1680332401000.0,0.0,0.0,1.2,2.545905379181102,0.0,0.0,2.538,1.0,1.0,1702.7844934149516,1050.0,1702.7750069599342,1050.0,0.001794170939911671,0.0
16808,1680336001000.0,0.0,0.0,1.2,2.545905379181102,0.0,0.0,2.527,1.0,1.0,1702.7844934149516,1050.0,1702.7618069599343,1050.0,0.001794170939911671,0.0
16809,1680339601000.0,0.0,0.0,1.2,2.545905379181102,0.0,0.0,2.516,1.0,1.0,1702.7844934149516,1050.0,1702.7486069599342,1050.0,0.001794170939911671,0.0
16810,1680343201000.0,0.0,0.0,1.2,2.545905379181102,0.0,0.0,2.534,1.0,1.0,1702.7844934149516,1050.0,1702.7702069599343,1050.0,0.001794170939911671,0.0
16811,1680346801000.0,0.0,0.0,1.2,2.545905379181102,0.0,0.0,2.529,1.0,1.0,1702.7844934149516,1050.0,1702.7642069599342,1050.0,0.001794170939911671,0.0
16812,1680350401000.0,0.0,0.0,1.2,2.545905379181102,0.0,0.0,2.528,1.0,1.0,1702.7844934149516,1050.0,1702.7630069599343,1050.0,0.001794170939911671,0.0
16813,1680354001000.0,0.0,0.0,1.2,2.545905379181102,0.0,0.0,2.538,1.0,1.0,1702.7844934149516,1050.0,1702.7750069599342,1050.0,0.001794170939911671,0.0
16814,1680357601000.0,0.0,0.0,1.2,2.545905379181102,0.0,0.0,2.546,1.0,1.0,1702.7844934149516,1050.0,1702.7846069599343,1050.0,0.001794170939911671,0.0
16815,1680361201000.0,0.0,0.0,1.2,2.545905379181102,0.0,0.0,2.526,1.0,1.0,1702.7844934149516,1050.0,1702.7606069599342,1050.0,0.001794170939911671,0.0
16816,1680364801000.0,0.0,0.0,1.2,2.545905379181102,0.0,0.0,2.533,1.0,1.0,1702.7844934149516,1050.0,1702.7690069599344,1050.0,0.001794170939911671,0.0
16817,1680368401000.0,0.0,0.0,1.2,2.545905379181102,0.0,0.0,2.527,1.0,1.0,1702.7844934149516,1050.0,1702.7618069599343,1050.0,0.001794170939911671,0.0
16818,1680372001000.0,0.0,0.0,0.4,2.545905379181102,0.0,0.0,2.559,1.0,1.0,1702.7979640716067,1050.0,1702.8032019199343,1050.0,0.0005980522488043192,0.0
16819,1680375601000.0,0.0,0.0,0.5,2.553143227508661,0.0,0.0,2.548,1.0,1.0,1702.7995966236886,1050.0,1702.7970250099343,1050.0,0.0007496898732449297,0.0
16820,1680379201000.0,0.0,0.0,0.5,2.553143227508661,0.0,0.0,2.543,1.0,1.0,1702.7995966236886,1050.0,1702.7945250099342,1050.0,0.0007496898732449297,0.0
16821,1680382801000.0,0.0,0.0,0.5,2.553143227508661,0.0,0.0,2.553,1.0,1.0,1702.7995966236886,1050.0,1702.7995250099343,1050.0,0.0007496898732449297,0.0
16822,1680386401000.0,0.0,0.0,0.5,2.553143227508661,0.0,0.0,2.556,1.0,1.0,1702.7995966236886,1050.0,1702.8010250099342,1050.0,0.0007496898732449297,0.0
16823,1680390001000.0,0.0,0.0,0.5,2.5677715619031183,0.0,0.0,2.579,1.0,1.0,1702.8063048308857,1050.0,1702.8119190499342,1050.0,0.00075398228049142,0.0
16824,1680393601000.0,0.0,0.0,0.5,2.5677715619031183,0.0,0.0,2.579,1.0,1.0,1702.8063048308857,1050.0,1702.8119190499342,1050.0,0.00075398228049142,0.0
16825,1680397201000.0,0.0,0.0,0.5,2.5750629371418707,0.0,0.0,2.541,1.0,1.0,1702.809647098505,1050.0,1702.792615629934,1050.0,0.0007561217842316192,0.0
16826,1680400801000.0,0.0,0.0,0.5,2.5750629371418707,0.0,0.0,2.543,1.0,1.0,1702.809647098505,1050.0,1702.793615629934,1050.0,0.0007561217842316192,0.0
16827,1680404401000.0,0.0,0.0,0.5,2.5750629371418707,0.0,0.0,2.544,1.0,1.0,1702.809647098505,1050.0,1702.794115629934,1050.0,0.0007561217842316192,0.0
16828,1680408001000.0,0.0,0.0,0.5,2.5750629371418707,0.0,0.0,2.573,1.0,1.0,1702.809647098505,1050.0,1702.808615629934,1050.0,0.0007561217842316192,0.0
16829,1680411601000.0,0.0,0.0,0.5,2.5750629371418707,0.0,0.0,2.546,1.0,1.0,1702.809647098505,1050.0,1702.795115629934,1050.0,0.0007561217842316192,0.0
16830,1680415201000.0,0.0,0.0,0.5,2.5750629371418707,0.0,0.0,2.56,1.0,1.0,1702.809647098505,1050.0,1702.802115629934,1050.0,0.0007561217842316192,0.0
16831,1680418801000.0,0.0,0.0,0.5,2.5750629371418707,0.0,0.0,2.578,1.0,1.0,1702.809647098505,1050.0,1702.811115629934,1050.0,0.0007561217842316192,0.0
16832,1680422401000.0,0.0,0.0,0.5,2.602661594422644,0.0,0.0,2.597,1.0,1.0,1702.821133547145,1050.0,1702.8183027499338,1050.0,0.000764220487738792,0.0
16833,1680426001000.0,0.0,0.0,0.5,2.602661594422644,0.0,0.0,2.588,1.0,1.0,1702.821133547145,1050.0,1702.8138027499338,1050.0,0.000764220487738792,0.0
16834,1680429601000.0,0.0,0.0,0.5,2.6385753426371745,0.0,0.0,2.636,1.0,1.0,1702.8362683812522,1050.0,1702.8349807099337,1050.0,0.0007747589687954712,0.0
16835,1680433201000.0,0.0,0.0,0.5,2.6385753426371745,0.0,0.0,2.619,1.0,1.0,1702.8362683812522,1050.0,1702.8264807099335,1050.0,0.0007747589687954712,0.0
16836,1680436801000.0,0.0,0.0,0.5,2.6463452055823047,0.0,0.0,2.643,1.0,1.0,1702.8396470327248,1050.0,1702.8379744299336,1050.0,0.0007770388745040324,0.0
16837,1680440401000.0,0.0,0.0,0.5,2.6463452055823047,0.0,0.0,2.605,1.0,1.0,1702.8396470327248,1050.0,1702.8189744299336,1050.0,0.0007770388745040324,0.0
16838,1680444001000.0,0.0,0.0,1.2,2.6088105023259605,0.0,0.0,2.605,1.0,1.0,1702.8394662927249,1050.0,1702.8348936899338,1050.0,0.0018384425923641322,0.0
16839,1680447601000.0,0.0,0.0,1.2,2.6088105023259605,0.0,0.0,2.565,1.0,1.0,1702.8394662927249,1050.0,1702.7868936899338,1050.0,0.0018384425923641322,0.0
16840,1680451201000.0,0.0,0.0,0.9,2.5362880927371005,0.0,0.0,2.584,1.0,1.0,1702.9736834233963,1050.0,1703.016624139933,1050.0,0.0013403960998825794,0.0
16841,1680454801000.0,0.0,0.0,0.4,2.54897285564226,0.0,0.0,2.55,1.0,1.0,1702.9935822421903,1050.0,1702.9939930999335,1050.0,0.0005987040426273924,0.0
16842,1680458401000.0,0.0,0.0,0.5,2.5681891422569043,0.0,0.0,2.579,1.0,1.0,1702.998258781062,1050.0,1703.0036642099337,1050.0,0.000754019896677731,0.0
16843,1680462001000.0,0.0,0.0,0.5,2.5881480912124855,0.0,0.0,2.567,1.0,1.0,1703.0062304755402,1050.0,1702.995656429934,1050.0,0.0007598762837437718,0.0
16844,1680465601000.0,0.0,0.0,1.2,2.5518950380052026,0.0,0.0,2.531,1.0,1.0,1703.0060536555402,1050.0,1702.980979609934,1050.0,0.0017981580506029348,0.0
16845,1680469201000.0,0.0,0.0,0.5,2.5869348091212485,0.0,0.0,2.578,1.0,1.0,1703.0402068744952,1050.0,1703.0357394699345,1050.0,0.0007595049132365821,0.0
16846,1680472801000.0,0.0,0.0,0.5,2.5869348091212485,0.0,0.0,2.56,1.0,1.0,1703.0402068744952,1050.0,1703.0267394699347,1050.0,0.0007595049132365821,0.0
16847,1680476401000.0,0.0,0.0,1.2,2.5502228371338536,0.0,0.0,2.56,1.0,1.0,1703.040030194495,1050.0,1703.0517627899344,1050.0,0.0017969439063690873,0.0
16848,1680480001000.0,0.0,0.0,1.2,2.5502228371338536,0.0,0.0,2.559,1.0,1.0,1703.040030194495,1050.0,1703.0505627899345,1050.0,0.0017969439063690873,0.0
16849,1680483601000.0,0.0,0.0,0.5,2.5629337022803123,0.0,0.0,2.562,1.0,1.0,1703.057646691075,1050.0,1703.0571798399349,1050.0,0.0007524506605104994,0.0
16850,1680487201000.0,0.0,0.0,2.1,2.4933683242438693,0.0,0.0,2.486,1.0,1.0,1703.058906430847,1050.0,1703.0434329499349,1050.0,0.003074511081877682,0.0
16851,1680490801000.0,0.0,0.0,0.5,2.5253995580366757,0.0,0.0,2.524,1.0,1.0,1703.112425848953,1050.0,1703.1117260699348,1050.0,0.0007414071789118196,0.0
16852,1680494401000.0,0.0,0.0,0.5,2.5840138969607134,0.0,0.0,2.59,1.0,1.0,1703.1389110984148,1050.0,1703.1419041499346,1050.0,0.0007586033881682002,0.0
16853,1680498001000.0,0.0,0.0,0.5,2.599125002905857,0.0,0.0,2.581,1.0,1.0,1703.1456581913876,1050.0,1703.1365956899347,1050.0,0.0007630366170988369,0.0
16854,1680501601000.0,0.0,0.0,0.5,2.621603000627665,0.0,0.0,2.611,1.0,1.0,1703.1559822102495,1050.0,1703.1506807099356,1050.0,0.0007696309169596764,0.0
16855,1680505201000.0,0.0,0.0,0.5,2.6439462481355758,0.0,0.0,2.647,1.0,1.0,1703.1662361740039,1050.0,1703.1677630499362,1050.0,0.0007761856100655629,0.0
16856,1680508801000.0,0.0,0.0,0.5,2.6725643895972846,0.0,0.0,2.665,1.0,1.0,1703.1781241747346,1050.0,1703.1743419799361,1050.0,0.0007845815865243868,0.0
16857,1680512401000.0,0.0,0.0,0.5,2.680338633758371,0.0,0.0,2.67,1.0,1.0,1703.181703636815,1050.0,1703.1765343199359,1050.0,0.0007868622085462245,0.0
16858,1680516001000.0,0.0,0.0,0.5,2.680338633758371,0.0,0.0,2.652,1.0,1.0,1703.181703636815,1050.0,1703.1675343199358,1050.0,0.0007868622085462245,0.0
16859,1680519601000.0,0.0,0.0,0.5,2.680338633758371,0.0,0.0,2.664,1.0,1.0,1703.181703636815,1050.0,1703.1735343199357,1050.0,0.0007868622085462245,0.0
16860,1680523201000.0,0.0,0.0,0.5,2.680338633758371,0.0,0.0,2.65,1.0,1.0,1703.181703636815,1050.0,1703.1665343199359,1050.0,0.0007868622085462245,0.0
16861,1680526801000.0,0.0,0.0,0.5,2.680338633758371,0.0,0.0,2.643,1.0,1.0,1703.181703636815,1050.0,1703.1630343199358,1050.0,0.0007868622085462245,0.0
16862,1680530401000.0,0.0,0.0,0.5,2.680338633758371,0.0,0.0,2.646,1.0,1.0,1703.181703636815,1050.0,1703.1645343199357,1050.0,0.0007868622085462245,0.0
16863,1680534001000.0,0.0,0.0,1.2,2.642807764065988,0.0,0.0,2.602,1.0,1.0,1703.181520516815,1050.0,1703.1325511999357,1050.0,0.0018620266123583014,0.0
16864,1680537601000.0,0.0,0.0,1.2,2.642807764065988,0.0,0.0,2.594,1.0,1.0,1703.181520516815,1050.0,1703.1229511999359,1050.0,0.0018620266123583014,0.0
16865,1680541201000.0,0.0,0.0,2.8,2.6063461845997096,0.0,0.0,2.576,1.0,1.0,1703.181107876815,1050.0,1703.096138559936,1050.0,0.004284787614851238,0.0
16866,1680544801000.0,0.0,0.0,2.8,2.6063461845997096,0.0,0.0,2.557,1.0,1.0,1703.181107876815,1050.0,1703.042938559936,1050.0,0.004284787614851238,0.0
16867,1680548401000.0,0.0,0.0,0.7,2.6063461845997096,0.0,0.0,2.621,1.0,1.0,1703.217629849157,1050.0,1703.2278875199372,1050.0,0.0010711739341151465,0.0
16868,1680552001000.0,0.0,0.0,0.5,2.6138077107598257,0.0,0.0,2.588,1.0,1.0,1703.2245339153176,1050.0,1703.2116300599378,1050.0,0.0007673115489803593,0.0
16869,1680555601000.0,0.0,0.0,2.8,2.541644234064255,0.0,0.0,2.51,1.0,1.0,1703.2239529453177,1050.0,1703.1353490899378,1050.0,0.004178313628735347,0.0
16870,1680559201000.0,0.0,0.0,2.8,2.541644234064255,0.0,0.0,2.532,1.0,1.0,1703.2239529453177,1050.0,1703.1969490899378,1050.0,0.004178313628735347,0.0
16871,1680562801000.0,0.0,0.0,0.5,2.541644234064255,0.0,0.0,2.57,1.0,1.0,1703.2814808169699,1050.0,1703.2956586999378,1050.0,0.0007461022334503305,0.0
16872,1680566401000.0,0.0,0.0,0.5,2.562191924263132,0.0,0.0,2.544,1.0,1.0,1703.2909488020698,1050.0,1703.2818528399382,1050.0,0.0007521298478293243,0.0
16873,1680570001000.0,0.0,0.0,0.5,2.562191924263132,0.0,0.0,2.541,1.0,1.0,1703.2909488020698,1050.0,1703.2803528399381,1050.0,0.0007521298478293243,0.0
16874,1680573601000.0,0.0,0.0,0.5,2.562191924263132,0.0,0.0,2.532,1.0,1.0,1703.2909488020698,1050.0,1703.2758528399384,1050.0,0.0007521298478293243,0.0
16875,1680577201000.0,0.0,0.0,0.5,2.562191924263132,0.0,0.0,2.553,1.0,1.0,1703.2909488020698,1050.0,1703.2863528399382,1050.0,0.0007521298478293243,0.0
16876,1680580801000.0,0.0,0.0,0.5,2.562191924263132,0.0,0.0,2.546,1.0,1.0,1703.2909488020698,1050.0,1703.2828528399382,1050.0,0.0007521298478293243,0.0
16877,1680584401000.0,0.0,0.0,0.5,2.562191924263132,0.0,0.0,2.533,1.0,1.0,1703.2909488020698,1050.0,1703.2763528399382,1050.0,0.0007521298478293243,0.0
16878,1680588001000.0,0.0,0.0,0.5,2.562191924263132,0.0,0.0,2.542,1.0,1.0,1703.2909488020698,1050.0,1703.2808528399382,1050.0,0.0007521298478293243,0.0
16879,1680591601000.0,0.0,0.0,0.5,2.562191924263132,0.0,0.0,2.574,1.0,1.0,1703.2909488020698,1050.0,1703.2968528399383,1050.0,0.0007521298478293243,0.0
16880,1680595201000.0,0.0,0.0,0.5,2.562191924263132,0.0,0.0,2.562,1.0,1.0,1703.2909488020698,1050.0,1703.2908528399382,1050.0,0.0007521298478293243,0.0
16881,1680598801000.0,0.0,0.0,0.5,2.562191924263132,0.0,0.0,2.573,1.0,1.0,1703.2909488020698,1050.0,1703.2963528399382,1050.0,0.0007521298478293243,0.0
16882,1680602401000.0,0.0,0.0,0.5,2.562191924263132,0.0,0.0,2.573,1.0,1.0,1703.2909488020698,1050.0,1703.2963528399382,1050.0,0.0007521298478293243,0.0
16883,1680606001000.0,0.0,0.0,0.4,2.5767890927347272,0.0,0.0,2.571,1.0,1.0,1703.2993358570322,1050.0,1703.2970202199383,1050.0,0.0006051288903810181,0.0
16884,1680609601000.0,0.0,0.0,0.5,2.6178942664184204,0.0,0.0,2.626,1.0,1.0,1703.315374653148,1050.0,1703.3194275199387,1050.0,0.0007684702156086366,0.0
16885,1680613201000.0,0.0,0.0,0.5,2.648389496927827,0.0,0.0,2.65,1.0,1.0,1703.3289986684028,1050.0,1703.329803919939,1050.0,0.0007774157250297026,0.0
16886,1680616801000.0,0.0,0.0,0.5,2.648389496927827,0.0,0.0,2.647,1.0,1.0,1703.3289986684028,1050.0,1703.328303919939,1050.0,0.0007774157250297026,0.0
16887,1680620401000.0,0.0,0.0,0.4,2.7003443248555437,0.0,0.0,2.689,1.0,1.0,1703.3503368498812,1050.0,1703.3457991199389,1050.0,0.0006341254095383501,0.0
16888,1680624001000.0,0.0,0.0,0.4,2.7253278036522426,0.0,0.0,2.699,1.0,1.0,1703.3591572914002,1050.0,1703.3486261699393,1050.0,0.0006399889986762223,0.0
16889,1680627601000.0,0.0,0.0,0.4,2.7253278036522426,0.0,0.0,2.712,1.0,1.0,1703.3591572914002,1050.0,1703.3538261699393,1050.0,0.0006399889986762223,0.0
16890,1680631201000.0,0.0,0.0,0.4,2.7253278036522426,0.0,0.0,2.705,1.0,1.0,1703.3591572914002,1050.0,1703.3510261699394,1050.0,0.0006399889986762223,0.0
16891,1680634801000.0,0.0,0.0,0.4,2.7253278036522426,0.0,0.0,2.708,1.0,1.0,1703.3591572914002,1050.0,1703.3522261699393,1050.0,0.0006399889986762223,0.0
16892,1680638401000.0,0.0,0.0,0.4,2.763532328312171,0.0,0.0,2.727,1.0,1.0,1703.3714075312637,1050.0,1703.356794599939,1050.0,0.0006489559038254431,0.0
16893,1680642001000.0,0.0,0.0,0.4,2.7732994346755957,0.0,0.0,2.768,1.0,1.0,1703.375002973809,1050.0,1703.3728831999388,1050.0,0.0006512481232456451,0.0
16894,1680645601000.0,0.0,0.0,0.4,2.7732994346755957,0.0,0.0,2.749,1.0,1.0,1703.375002973809,1050.0,1703.3652831999386,1050.0,0.0006512481232456451,0.0
16895,1680649201000.0,0.0,0.0,0.4,2.7732994346755957,0.0,0.0,2.764,1.0,1.0,1703.375002973809,1050.0,1703.3712831999387,1050.0,0.0006512481232456451,0.0
16896,1680652801000.0,0.0,0.0,0.4,2.7732994346755957,0.0,0.0,2.759,1.0,1.0,1703.375002973809,1050.0,1703.3692831999388,1050.0,0.0006512481232456451,0.0
16897,1680656401000.0,0.0,0.0,0.4,2.8230120497509414,0.0,0.0,2.819,1.0,1.0,1703.3906933998392,1050.0,1703.3890885799387,1050.0,0.0006629159266137406,0.0
16898,1680660001000.0,0.0,0.0,0.4,2.853791207096785,0.0,0.0,2.846,1.0,1.0,1703.4018623827778,1050.0,1703.398745899939,1050.0,0.0006701392713296209,0.0
16899,1680663601000.0,0.0,0.0,0.4,2.853791207096785,0.0,0.0,2.828,1.0,1.0,1703.4018623827778,1050.0,1703.391545899939,1050.0,0.0006701392713296209,0.0
16900,1680667201000.0,0.0,0.0,0.4,2.853791207096785,0.0,0.0,2.819,1.0,1.0,1703.4018623827778,1050.0,1703.387945899939,1050.0,0.0006701392713296209,0.0
16901,1680670801000.0,0.0,0.0,0.4,2.853791207096785,0.0,0.0,2.801,1.0,1.0,1703.4018623827778,1050.0,1703.380745899939,1050.0,0.0006701392713296209,0.0
16902,1680674401000.0,0.0,0.0,0.4,2.853791207096785,0.0,0.0,2.797,1.0,1.0,1703.4018623827778,1050.0,1703.3791458999392,1050.0,0.0006701392713296209,0.0
16903,1680678001000.0,0.0,0.0,0.9,2.8155738698207937,0.0,0.0,2.788,1.0,1.0,1703.4017231327778,1050.0,1703.376906649939,1050.0,0.0014876211808558747,0.0
16904,1680681601000.0,0.0,0.0,0.9,2.8155738698207937,0.0,0.0,2.774,1.0,1.0,1703.4017231327778,1050.0,1703.364306649939,1050.0,0.0014876211808558747,0.0
16905,1680685201000.0,0.0,0.0,0.9,2.8155738698207937,0.0,0.0,2.752,1.0,1.0,1703.4017231327778,1050.0,1703.3445066499391,1050.0,0.0014876211808558747,0.0
16906,1680688801000.0,0.0,0.0,2.1,2.776388801351769,0.0,0.0,2.756,1.0,1.0,1703.4013934927777,1050.0,1703.358577009939,1050.0,0.003422808332264896,0.0
16907,1680692401000.0,0.0,0.0,2.1,2.776388801351769,0.0,0.0,2.753,1.0,1.0,1703.4013934927777,1050.0,1703.352277009939,1050.0,0.003422808332264896,0.0
16908,1680696001000.0,0.0,0.0,2.1,2.776388801351769,0.0,0.0,2.75,1.0,1.0,1703.4013934927777,1050.0,1703.3459770099391,1050.0,0.003422808332264896,0.0
16909,1680699601000.0,0.0,0.0,3.8,2.737309486293615,0.0,0.0,2.742,1.0,1.0,1703.4208916578548,1050.0,1703.438715609939,1050.0,0.006106403942123902,0.0
16910,1680703201000.0,0.0,0.0,2.7,2.737309486293615,0.0,0.0,2.733,1.0,1.0,1703.441148062932,1050.0,1703.4295124499392,1050.0,0.004338709101513214,0.0
16911,1680706801000.0,0.0,0.0,2.7,2.737309486293615,0.0,0.0,2.683,1.0,1.0,1703.441148062932,1050.0,1703.2945124499392,1050.0,0.004338709101513214,0.0
16912,1680710401000.0,0.0,0.0,6.3,2.698846922697264,0.0,0.0,2.685,1.0,1.0,1703.440186862932,1050.0,1703.3529512499392,1050.0,0.009981410409428654,0.0
16913,1680714001000.0,0.0,0.0,6.3,2.698846922697264,0.0,0.0,2.681,1.0,1.0,1703.440186862932,1050.0,1703.3277512499392,1050.0,0.009981410409428654,0.0
16914,1680717601000.0,0.0,0.0,6.3,2.698846922697264,0.0,0.0,2.692,1.0,1.0,1703.440186862932,1050.0,1703.3970512499393,1050.0,0.009981410409428654,0.0
16915,1680721201000.0,0.0,0.0,6.3,2.698846922697264,0.0,0.0,2.687,1.0,1.0,1703.440186862932,1050.0,1703.3655512499392,1050.0,0.009981410409428654,0.0
16916,1680724801000.0,0.0,0.0,6.3,2.698846922697264,0.0,0.0,2.686,1.0,1.0,1703.440186862932,1050.0,1703.3592512499392,1050.0,0.009981410409428654,0.0
16917,1680728401000.0,0.0,0.0,6.3,2.698846922697264,0.0,0.0,2.682,1.0,1.0,1703.440186862932,1050.0,1703.3340512499392,1050.0,0.009981410409428654,0.0
16918,1680732001000.0,0.0,0.0,6.3,2.698846922697264,0.0,0.0,2.694,1.0,1.0,1703.440186862932,1050.0,1703.4096512499393,1050.0,0.009981410409428654,0.0
16919,1680735601000.0,0.0,0.0,6.3,2.698846922697264,0.0,0.0,2.7,1.0,1.0,1703.440186862932,1050.0,1703.4474512499391,1050.0,0.009981410409428654,0.0
16920,1680739201000.0,0.0,0.0,3.0,2.698846922697264,0.0,0.0,2.711,1.0,1.0,1703.499195408031,1050.0,1703.5356546399391,1050.0,0.004752887932038304,0.0
16921,1680742801000.0,0.0,0.0,3.0,2.698846922697264,0.0,0.0,2.676,1.0,1.0,1703.499195408031,1050.0,1703.4306546399393,1050.0,0.004752887932038304,0.0
16922,1680746401000.0,0.0,0.0,3.0,2.698846922697264,0.0,0.0,2.692,1.0,1.0,1703.499195408031,1050.0,1703.4786546399391,1050.0,0.004752887932038304,0.0
16923,1680750001000.0,0.0,0.0,3.0,2.698846922697264,0.0,0.0,2.707,1.0,1.0,1703.499195408031,1050.0,1703.5236546399392,1050.0,0.004752887932038304,0.0
16924,1680753601000.0,0.0,0.0,0.9,2.698846922697264,0.0,0.0,2.72,1.0,1.0,1703.5367463003668,1050.0,1703.5557840699391,1050.0,0.0014258349493796387,0.0
16925,1680757201000.0,0.0,0.0,0.4,2.7036351920229476,0.0,0.0,2.696,1.0,1.0,1703.5474479467484,1050.0,1703.5443938699393,1050.0,0.0006348247465091942,0.0
16926,1680760801000.0,0.0,0.0,0.4,2.7036351920229476,0.0,0.0,2.717,1.0,1.0,1703.5474479467484,1050.0,1703.5527938699393,1050.0,0.0006348247465091942,0.0
16927,1680764401000.0,0.0,0.0,0.4,2.7036351920229476,0.0,0.0,2.709,1.0,1.0,1703.5474479467484,1050.0,1703.5495938699391,1050.0,0.0006348247465091942,0.0
16928,1680768001000.0,0.0,0.0,0.4,2.7036351920229476,0.0,0.0,2.669,1.0,1.0,1703.5474479467484,1050.0,1703.5335938699393,1050.0,0.0006348247465091942,0.0
16929,1680771601000.0,0.0,0.0,0.4,2.7036351920229476,0.0,0.0,2.687,1.0,1.0,1703.5474479467484,1050.0,1703.5407938699393,1050.0,0.0006348247465091942,0.0
16930,1680775201000.0,0.0,0.0,0.4,2.7036351920229476,0.0,0.0,2.661,1.0,1.0,1703.5474479467484,1050.0,1703.5303938699392,1050.0,0.0006348247465091942,0.0
16931,1680778801000.0,0.0,0.0,0.4,2.7036351920229476,0.0,0.0,2.657,1.0,1.0,1703.5474479467484,1050.0,1703.5287938699394,1050.0,0.0006348247465091942,0.0
16932,1680782401000.0,0.0,0.0,0.4,2.7036351920229476,0.0,0.0,2.69,1.0,1.0,1703.5474479467484,1050.0,1703.5419938699392,1050.0,0.0006348247465091942,0.0
16933,1680786001000.0,0.0,0.0,0.4,2.7036351920229476,0.0,0.0,2.702,1.0,1.0,1703.5474479467484,1050.0,1703.5467938699392,1050.0,0.0006348247465091942,0.0
16934,1680789601000.0,0.0,0.0,0.4,2.70847639401721,0.0,0.0,2.723,1.0,1.0,1703.5492299775462,1050.0,1703.5550394199395,1050.0,0.0006359608155387231,0.0
16935,1680793201000.0,0.0,0.0,0.4,2.7133572955129073,0.0,0.0,2.709,1.0,1.0,1703.5510277881447,1050.0,1703.5492848699396,1050.0,0.0006371061978779407,0.0
16936,1680796801000.0,0.0,0.0,0.4,2.7133572955129073,0.0,0.0,2.703,1.0,1.0,1703.5510277881447,1050.0,1703.5468848699395,1050.0,0.0006371061978779407,0.0
16937,1680800401000.0,0.0,0.0,0.4,2.7133572955129073,0.0,0.0,2.707,1.0,1.0,1703.5510277881447,1050.0,1703.5484848699396,1050.0,0.0006371061978779407,0.0
16938,1680804001000.0,0.0,0.0,0.4,2.7133572955129073,0.0,0.0,2.697,1.0,1.0,1703.5510277881447,1050.0,1703.5444848699394,1050.0,0.0006371061978779407,0.0
16939,1680807601000.0,0.0,0.0,0.4,2.7133572955129073,0.0,0.0,2.68,1.0,1.0,1703.5510277881447,1050.0,1703.5376848699395,1050.0,0.0006371061978779407,0.0
16940,1680811201000.0,0.0,0.0,0.4,2.7133572955129073,0.0,0.0,2.677,1.0,1.0,1703.5510277881447,1050.0,1703.5364848699396,1050.0,0.0006371061978779407,0.0
16941,1680814801000.0,0.0,0.0,0.4,2.7133572955129073,0.0,0.0,2.662,1.0,1.0,1703.5510277881447,1050.0,1703.5304848699395,1050.0,0.0006371061978779407,0.0
16942,1680818401000.0,0.0,0.0,0.4,2.7133572955129073,0.0,0.0,2.664,1.0,1.0,1703.5510277881447,1050.0,1703.5312848699396,1050.0,0.0006371061978779407,0.0
16943,1680822001000.0,0.0,0.0,0.4,2.7133572955129073,0.0,0.0,2.672,1.0,1.0,1703.5510277881447,1050.0,1703.5344848699394,1050.0,0.0006371061978779407,0.0
16944,1680825601000.0,0.0,0.0,0.4,2.7133572955129073,0.0,0.0,2.678,1.0,1.0,1703.5510277881447,1050.0,1703.5368848699395,1050.0,0.0006371061978779407,0.0
16945,1680829201000.0,0.0,0.0,0.4,2.7133572955129073,0.0,0.0,2.697,1.0,1.0,1703.5510277881447,1050.0,1703.5444848699394,1050.0,0.0006371061978779407,0.0
16946,1680832801000.0,0.0,0.0,0.4,2.7133572955129073,0.0,0.0,2.684,1.0,1.0,1703.5510277881447,1050.0,1703.5392848699396,1050.0,0.0006371061978779407,0.0
16947,1680836401000.0,0.0,0.0,0.4,2.7133572955129073,0.0,0.0,2.662,1.0,1.0,1703.5510277881447,1050.0,1703.5304848699395,1050.0,0.0006371061978779407,0.0
16948,1680840001000.0,0.0,0.0,0.4,2.7133572955129073,0.0,0.0,2.688,1.0,1.0,1703.5510277881447,1050.0,1703.5408848699394,1050.0,0.0006371061978779407,0.0
16949,1680843601000.0,0.0,0.0,0.4,2.7133572955129073,0.0,0.0,2.688,1.0,1.0,1703.5510277881447,1050.0,1703.5408848699394,1050.0,0.0006371061978779407,0.0
16950,1680847201000.0,0.0,0.0,0.4,2.7133572955129073,0.0,0.0,2.675,1.0,1.0,1703.5510277881447,1050.0,1703.5356848699396,1050.0,0.0006371061978779407,0.0
16951,1680850801000.0,0.0,0.0,0.4,2.7133572955129073,0.0,0.0,2.679,1.0,1.0,1703.5510277881447,1050.0,1703.5372848699394,1050.0,0.0006371061978779407,0.0
16952,1680854401000.0,0.0,0.0,0.9,2.6770476868946256,0.0,0.0,2.635,1.0,1.0,1703.5508953881447,1050.0,1703.5130524699396,1050.0,0.0014143063906853265,0.0
16953,1680858001000.0,0.0,0.0,0.9,2.6770476868946256,0.0,0.0,2.647,1.0,1.0,1703.5508953881447,1050.0,1703.5238524699396,1050.0,0.0014143063906853265,0.0
16954,1680861601000.0,0.0,0.0,0.9,2.6770476868946256,0.0,0.0,2.664,1.0,1.0,1703.5508953881447,1050.0,1703.5391524699396,1050.0,0.0014143063906853265,0.0
16955,1680865201000.0,0.0,0.0,0.9,2.6770476868946256,0.0,0.0,2.669,1.0,1.0,1703.5508953881447,1050.0,1703.5436524699396,1050.0,0.0014143063906853265,0.0
16956,1680868801000.0,0.0,0.0,0.9,2.6770476868946256,0.0,0.0,2.655,1.0,1.0,1703.5508953881447,1050.0,1703.5310524699396,1050.0,0.0014143063906853265,0.0
16957,1680872401000.0,0.0,0.0,0.9,2.6770476868946256,0.0,0.0,2.664,1.0,1.0,1703.5508953881447,1050.0,1703.5391524699396,1050.0,0.0014143063906853265,0.0
16958,1680876001000.0,0.0,0.0,0.9,2.6770476868946256,0.0,0.0,2.642,1.0,1.0,1703.5508953881447,1050.0,1703.5193524699396,1050.0,0.0014143063906853265,0.0
16959,1680879601000.0,0.0,0.0,0.9,2.6770476868946256,0.0,0.0,2.676,1.0,1.0,1703.5508953881447,1050.0,1703.5499524699396,1050.0,0.0014143063906853265,0.0
16960,1680883201000.0,0.0,0.0,0.6,2.6770476868946256,0.0,0.0,2.687,1.0,1.0,1703.5562002320767,1050.0,1703.5621716199398,1050.0,0.0009428679910401299,0.0
16961,1680886801000.0,0.0,0.0,0.4,2.681785765170969,0.0,0.0,2.672,1.0,1.0,1703.5614781160086,1050.0,1703.5575638099403,1050.0,0.0006296892245149361,0.0
16962,1680890401000.0,0.0,0.0,0.4,2.681785765170969,0.0,0.0,2.674,1.0,1.0,1703.5614781160086,1050.0,1703.5583638099401,1050.0,0.0006296892245149361,0.0
16963,1680894001000.0,0.0,0.0,0.4,2.681785765170969,0.0,0.0,2.664,1.0,1.0,1703.5614781160086,1050.0,1703.5543638099402,1050.0,0.0006296892245149361,0.0
16964,1680897601000.0,0.0,0.0,0.4,2.681785765170969,0.0,0.0,2.651,1.0,1.0,1703.5614781160086,1050.0,1703.5491638099402,1050.0,0.0006296892245149361,0.0
16965,1680901201000.0,0.0,0.0,0.4,2.681785765170969,0.0,0.0,2.646,1.0,1.0,1703.5614781160086,1050.0,1703.5471638099402,1050.0,0.0006296892245149361,0.0
16966,1680904801000.0,0.0,0.0,0.4,2.681785765170969,0.0,0.0,2.642,1.0,1.0,1703.5614781160086,1050.0,1703.5455638099402,1050.0,0.0006296892245149361,0.0
16967,1680908401000.0,0.0,0.0,0.4,2.681785765170969,0.0,0.0,2.653,1.0,1.0,1703.5614781160086,1050.0,1703.5499638099402,1050.0,0.0006296892245149361,0.0
16968,1680912001000.0,0.0,0.0,0.4,2.681785765170969,0.0,0.0,2.643,1.0,1.0,1703.5614781160086,1050.0,1703.5459638099403,1050.0,0.0006296892245149361,0.0
16969,1680915601000.0,0.0,0.0,0.9,2.6457936734093197,0.0,0.0,2.614,1.0,1.0,1703.5613472660086,1050.0,1703.5327329599402,1050.0,0.0013977860614705323,0.0
16970,1680919201000.0,0.0,0.0,0.9,2.6457936734093197,0.0,0.0,2.628,1.0,1.0,1703.5613472660086,1050.0,1703.5453329599402,1050.0,0.0013977860614705323,0.0
16971,1680922801000.0,0.0,0.0,0.9,2.6457936734093197,0.0,0.0,2.652,1.0,1.0,1703.5613472660086,1050.0,1703.5669329599402,1050.0,0.0013977860614705323,0.0
16972,1680926401000.0,0.0,0.0,0.4,2.6590762040455918,0.0,0.0,2.672,1.0,1.0,1703.5794226915582,1050.0,1703.58459220994,1050.0,0.0006243503927382272,0.0
16973,1680930001000.0,0.0,0.0,0.5,2.666645722427355,0.0,0.0,2.673,1.0,1.0,1703.5811347411536,1050.0,1703.5843118799398,1050.0,0.0007826588555268699,0.0
16974,1680933601000.0,0.0,0.0,0.4,2.6818324600738483,0.0,0.0,2.703,1.0,1.0,1703.5899027439693,1050.0,1703.5983697599397,1050.0,0.0006296896819485079,0.0
16975,1680937201000.0,0.0,0.0,0.4,2.6914682587915393,0.0,0.0,2.704,1.0,1.0,1703.5934489434565,1050.0,1703.5984616399398,1050.0,0.0006319508355613244,0.0
16976,1680940801000.0,0.0,0.0,0.4,2.6963511940936544,0.0,0.0,2.703,1.0,1.0,1703.5952479075775,1050.0,1703.59790742994,1050.0,0.0006330966695065436,0.0
16977,1680944401000.0,0.0,0.0,0.4,2.7057600466776806,0.0,0.0,2.694,1.0,1.0,1703.598702768611,1050.0,1703.59399874994,1050.0,0.0006353045567081972,0.0
16978,1680948001000.0,0.0,0.0,0.4,2.7057600466776806,0.0,0.0,2.688,1.0,1.0,1703.598702768611,1050.0,1703.59159874994,1050.0,0.0006353045567081972,0.0
16979,1680951601000.0,0.0,0.0,0.4,2.7057600466776806,0.0,0.0,2.68,1.0,1.0,1703.598702768611,1050.0,1703.5883987499399,1050.0,0.0006353045567081972,0.0
16980,1680955201000.0,0.0,0.0,0.4,2.7057600466776806,0.0,0.0,2.676,1.0,1.0,1703.598702768611,1050.0,1703.58679874994,1050.0,0.0006353045567081972,0.0
16981,1680958801000.0,0.0,0.0,0.4,2.7057600466776806,0.0,0.0,2.67,1.0,1.0,1703.598702768611,1050.0,1703.58439874994,1050.0,0.0006353045567081972,0.0
16982,1680962401000.0,0.0,0.0,0.4,2.7057600466776806,0.0,0.0,2.664,1.0,1.0,1703.598702768611,1050.0,1703.5819987499399,1050.0,0.0006353045567081972,0.0
16983,1680966001000.0,0.0,0.0,0.4,2.7057600466776806,0.0,0.0,2.666,1.0,1.0,1703.598702768611,1050.0,1703.58279874994,1050.0,0.0006353045567081972,0.0
16984,1680969601000.0,0.0,0.0,0.4,2.7057600466776806,0.0,0.0,2.667,1.0,1.0,1703.598702768611,1050.0,1703.58319874994,1050.0,0.0006353045567081972,0.0
16985,1680973201000.0,0.0,0.0,0.4,2.7057600466776806,0.0,0.0,2.662,1.0,1.0,1703.598702768611,1050.0,1703.5811987499399,1050.0,0.0006353045567081972,0.0
16986,1680976801000.0,0.0,0.0,0.9,2.669782242967858,0.0,0.0,2.638,1.0,1.0,1703.598570718611,1050.0,1703.5699666999399,1050.0,0.0014104285246362488,0.0
16987,1680980401000.0,0.0,0.0,0.9,2.669782242967858,0.0,0.0,2.609,1.0,1.0,1703.598570718611,1050.0,1703.5438666999398,1050.0,0.0014104285246362488,0.0
16988,1680984001000.0,0.0,0.0,2.1,2.632763818414796,0.0,0.0,2.612,1.0,1.0,1703.598258118611,1050.0,1703.55465409994,1050.0,0.0032453684384350524,0.0
16989,1680987601000.0,0.0,0.0,2.1,2.632763818414796,0.0,0.0,2.618,1.0,1.0,1703.598258118611,1050.0,1703.5672540999399,1050.0,0.0032453684384350524,0.0
16990,1680991201000.0,0.0,0.0,2.1,2.632763818414796,0.0,0.0,2.621,1.0,1.0,1703.598258118611,1050.0,1703.5735540999399,1050.0,0.0032453684384350524,0.0
16991,1680994801000.0,0.0,0.0,2.1,2.632763818414796,0.0,0.0,2.619,1.0,1.0,1703.598258118611,1050.0,1703.56935409994,1050.0,0.0032453684384350524,0.0
16992,1680998401000.0,0.0,0.0,2.1,2.632763818414796,0.0,0.0,2.628,1.0,1.0,1703.598258118611,1050.0,1703.58825409994,1050.0,0.0032453684384350524,0.0
16993,1681002001000.0,0.0,0.0,2.1,2.632763818414796,0.0,0.0,2.627,1.0,1.0,1703.598258118611,1050.0,1703.58615409994,1050.0,0.0032453684384350524,0.0
16994,1681005601000.0,0.0,0.0,2.1,2.632763818414796,0.0,0.0,2.626,1.0,1.0,1703.598258118611,1050.0,1703.58405409994,1050.0,0.0032453684384350524,0.0
16995,1681009201000.0,0.0,0.0,2.1,2.632763818414796,0.0,0.0,2.622,1.0,1.0,1703.598258118611,1050.0,1703.57565409994,1050.0,0.0032453684384350524,0.0
16996,1681012801000.0,0.0,0.0,2.1,2.632763818414796,0.0,0.0,2.599,1.0,1.0,1703.598258118611,1050.0,1703.5273540999399,1050.0,0.0032453684384350524,0.0
16997,1681016401000.0,0.0,0.0,2.1,2.632763818414796,0.0,0.0,2.606,1.0,1.0,1703.598258118611,1050.0,1703.54205409994,1050.0,0.0032453684384350524,0.0
16998,1681020001000.0,0.0,0.0,2.1,2.632763818414796,0.0,0.0,2.599,1.0,1.0,1703.598258118611,1050.0,1703.5273540999399,1050.0,0.0032453684384350524,0.0
16999,1681023601000.0,0.0,0.0,4.9,2.5957559221777693,0.0,0.0,2.572,1.0,1.0,1703.5975390786111,1050.0,1703.48113505994,1050.0,0.007466084991852148,0.0
17000,1681027201000.0,0.0,0.0,4.9,2.5957559221777693,0.0,0.0,2.569,1.0,1.0,1703.5975390786111,1050.0,1703.46643505994,1050.0,0.007466084991852148,0.0
17001,1681030801000.0,0.0,0.0,4.9,2.5957559221777693,0.0,0.0,2.554,1.0,1.0,1703.5975390786111,1050.0,1703.39293505994,1050.0,0.007466084991852148,0.0
17002,1681034401000.0,0.0,0.0,4.9,2.5957559221777693,0.0,0.0,2.556,1.0,1.0,1703.5975390786111,1050.0,1703.4027350599401,1050.0,0.007466084991852148,0.0
17003,1681038001000.0,0.0,0.0,4.9,2.5957559221777693,0.0,0.0,2.554,1.0,1.0,1703.5975390786111,1050.0,1703.39293505994,1050.0,0.007466084991852148,0.0
17004,1681041601000.0,0.0,0.0,4.9,2.5957559221777693,0.0,0.0,2.565,1.0,1.0,1703.5975390786111,1050.0,1703.44683505994,1050.0,0.007466084991852148,0.0
17005,1681045201000.0,0.0,0.0,4.9,2.5957559221777693,0.0,0.0,2.563,1.0,1.0,1703.5975390786111,1050.0,1703.4370350599402,1050.0,0.007466084991852148,0.0
17006,1681048801000.0,0.0,0.0,4.9,2.5957559221777693,0.0,0.0,2.564,1.0,1.0,1703.5975390786111,1050.0,1703.44193505994,1050.0,0.007466084991852148,0.0
17007,1681052401000.0,0.0,0.0,4.9,2.5957559221777693,0.0,0.0,2.554,1.0,1.0,1703.5975390786111,1050.0,1703.39293505994,1050.0,0.007466084991852148,0.0
17008,1681056001000.0,0.0,0.0,4.9,2.5957559221777693,0.0,0.0,2.564,1.0,1.0,1703.5975390786111,1050.0,1703.44193505994,1050.0,0.007466084991852148,0.0
17009,1681059601000.0,0.0,0.0,4.9,2.5957559221777693,0.0,0.0,2.562,1.0,1.0,1703.5975390786111,1050.0,1703.43213505994,1050.0,0.007466084991852148,0.0
17010,1681063201000.0,0.0,0.0,4.9,2.5957559221777693,0.0,0.0,2.561,1.0,1.0,1703.5975390786111,1050.0,1703.4272350599401,1050.0,0.007466084991852148,0.0
17011,1681066801000.0,0.0,0.0,4.9,2.5957559221777693,0.0,0.0,2.588,1.0,1.0,1703.5975390786111,1050.0,1703.5595350599401,1050.0,0.007466084991852148,0.0
17012,1681070401000.0,0.0,0.0,0.5,2.615992131983997,0.0,0.0,2.625,1.0,1.0,1703.6859708259321,1050.0,1703.6904747599401,1050.0,0.0007677448123599288,0.0
17013,1681074001000.0,0.0,0.0,0.4,2.6235952791903983,0.0,0.0,2.633,1.0,1.0,1703.6911810816164,1050.0,1703.6949429699403,1050.0,0.0006159790714006667,0.0
17014,1681077601000.0,0.0,0.0,0.5,2.652104580305126,0.0,0.0,2.662,1.0,1.0,1703.7012030900928,1050.0,1703.7061507999401,1050.0,0.0007783361822762302,0.0
17015,1681081201000.0,0.0,0.0,0.5,2.6596627481830755,0.0,0.0,2.653,1.0,1.0,1703.7046753540315,1050.0,1703.70134397994,1050.0,0.0007805527526742259,0.0
17016,1681084801000.0,0.0,0.0,0.5,2.6596627481830755,0.0,0.0,2.632,1.0,1.0,1703.7046753540315,1050.0,1703.69084397994,1050.0,0.0007805527526742259,0.0
17017,1681088401000.0,0.0,0.0,0.5,2.6596627481830755,0.0,0.0,2.622,1.0,1.0,1703.7046753540315,1050.0,1703.6858439799398,1050.0,0.0007805527526742259,0.0
17018,1681092001000.0,0.0,0.0,1.2,2.621942811742948,0.0,0.0,2.595,1.0,1.0,1703.7044937040314,1050.0,1703.67216232994,1050.0,0.0018467588632410572,0.0
17019,1681095601000.0,0.0,0.0,1.2,2.621942811742948,0.0,0.0,2.594,1.0,1.0,1703.7044937040314,1050.0,1703.6709623299398,1050.0,0.0018467588632410572,0.0
17020,1681099201000.0,0.0,0.0,1.2,2.621942811742948,0.0,0.0,2.609,1.0,1.0,1703.7044937040314,1050.0,1703.6889623299398,1050.0,0.0018467588632410572,0.0
17021,1681102801000.0,0.0,0.0,1.2,2.621942811742948,0.0,0.0,2.591,1.0,1.0,1703.7044937040314,1050.0,1703.6673623299398,1050.0,0.0018467588632410572,0.0
17022,1681106401000.0,0.0,0.0,1.2,2.621942811742948,0.0,0.0,2.591,1.0,1.0,1703.7044937040314,1050.0,1703.6673623299398,1050.0,0.0018467588632410572,0.0
17023,1681110001000.0,0.0,0.0,1.2,2.621942811742948,0.0,0.0,2.6,1.0,1.0,1703.7044937040314,1050.0,1703.6781623299398,1050.0,0.0018467588632410572,0.0
17024,1681113601000.0,0.0,0.0,1.2,2.621942811742948,0.0,0.0,2.61,1.0,1.0,1703.7044937040314,1050.0,1703.6901623299398,1050.0,0.0018467588632410572,0.0
17025,1681117201000.0,0.0,0.0,1.2,2.621942811742948,0.0,0.0,2.613,1.0,1.0,1703.7044937040314,1050.0,1703.6937623299398,1050.0,0.0018467588632410572,0.0
17026,1681120801000.0,0.0,0.0,1.2,2.621942811742948,0.0,0.0,2.617,1.0,1.0,1703.7044937040314,1050.0,1703.69856232994,1050.0,0.0018467588632410572,0.0
17027,1681124401000.0,0.0,0.0,1.1,2.621942811742948,0.0,0.0,2.638,1.0,1.0,1703.706273022857,1050.0,1703.7239359299397,1050.0,0.0016928605233107277,0.0
17028,1681128001000.0,0.0,0.0,1.0,2.621942811742948,0.0,0.0,2.617,1.0,1.0,1703.7080523416826,1050.0,1703.7031095299396,1050.0,0.0015389625048371324,0.0
17029,1681131601000.0,0.0,0.0,1.0,2.621942811742948,0.0,0.0,2.608,1.0,1.0,1703.7080523416826,1050.0,1703.6941095299396,1050.0,0.0015389625048371324,0.0
17030,1681135201000.0,0.0,0.0,1.0,2.621942811742948,0.0,0.0,2.602,1.0,1.0,1703.7080523416826,1050.0,1703.6881095299395,1050.0,0.0015389625048371324,0.0
17031,1681138801000.0,0.0,0.0,1.0,2.621942811742948,0.0,0.0,2.608,1.0,1.0,1703.7080523416826,1050.0,1703.6941095299396,1050.0,0.0015389625048371324,0.0
17032,1681142401000.0,0.0,0.0,1.0,2.621942811742948,0.0,0.0,2.612,1.0,1.0,1703.7080523416826,1050.0,1703.6981095299395,1050.0,0.0015389625048371324,0.0
17033,1681146001000.0,0.0,0.0,0.4,2.621942811742948,0.0,0.0,2.652,1.0,1.0,1703.7201281146363,1050.0,1703.732150989939,1050.0,0.0006155806387389299,0.0
17034,1681149601000.0,0.0,0.0,0.5,2.663467788401886,0.0,0.0,2.67,1.0,1.0,1703.73648490414,1050.0,1703.739751009939,1050.0,0.0007816548544922851,0.0
17035,1681153201000.0,0.0,0.0,0.5,2.6708806730411316,0.0,0.0,2.688,1.0,1.0,1703.7398840864596,1050.0,1703.748443749939,1050.0,0.0007838287692822458,0.0
17036,1681156801000.0,0.0,0.0,0.5,2.678528403824679,0.0,0.0,2.678,1.0,1.0,1703.7434003718515,1050.0,1703.7431361699391,1050.0,0.0007860715420057021,0.0
17037,1681160401000.0,0.0,0.0,0.5,2.678528403824679,0.0,0.0,2.676,1.0,1.0,1703.7434003718515,1050.0,1703.7421361699392,1050.0,0.0007860715420057021,0.0
17038,1681164001000.0,0.0,0.0,0.5,2.678528403824679,0.0,0.0,2.674,1.0,1.0,1703.7434003718515,1050.0,1703.7411361699392,1050.0,0.0007860715420057021,0.0
17039,1681167601000.0,0.0,0.0,0.4,2.683646302868509,0.0,0.0,2.689,1.0,1.0,1703.7470137610867,1050.0,1703.7491552399392,1050.0,0.0006300574630371342,0.0
17040,1681171201000.0,0.0,0.0,0.4,2.683646302868509,0.0,0.0,2.698,1.0,1.0,1703.7470137610867,1050.0,1703.7527552399392,1050.0,0.0006300574630371342,0.0
17041,1681174801000.0,0.0,0.0,0.4,2.698460159022652,0.0,0.0,2.699,1.0,1.0,1703.7523768435485,1050.0,1703.7525927799395,1050.0,0.0006335334161697713,0.0
17042,1681178401000.0,0.0,0.0,0.4,2.698460159022652,0.0,0.0,2.699,1.0,1.0,1703.7523768435485,1050.0,1703.7525927799395,1050.0,0.0006335334161697713,0.0
17043,1681182001000.0,0.0,0.0,0.4,2.714616004587681,0.0,0.0,2.691,1.0,1.0,1703.7576757217748,1050.0,1703.7482293199398,1050.0,0.0006373244372179088,0.0
17044,1681185601000.0,0.0,0.0,0.4,2.714616004587681,0.0,0.0,2.69,1.0,1.0,1703.7576757217748,1050.0,1703.7478293199397,1050.0,0.0006373244372179088,0.0
17045,1681189201000.0,0.0,0.0,0.4,2.714616004587681,0.0,0.0,2.688,1.0,1.0,1703.7576757217748,1050.0,1703.7470293199397,1050.0,0.0006373244372179088,0.0
17046,1681192801000.0,0.0,0.0,0.4,2.714616004587681,0.0,0.0,2.679,1.0,1.0,1703.7576757217748,1050.0,1703.7434293199397,1050.0,0.0006373244372179088,0.0
17047,1681196401000.0,0.0,0.0,0.4,2.714616004587681,0.0,0.0,2.686,1.0,1.0,1703.7576757217748,1050.0,1703.7462293199399,1050.0,0.0006373244372179088,0.0
17048,1681200001000.0,0.0,0.0,0.4,2.714616004587681,0.0,0.0,2.689,1.0,1.0,1703.7576757217748,1050.0,1703.7474293199398,1050.0,0.0006373244372179088,0.0
17049,1681203601000.0,0.0,0.0,0.4,2.714616004587681,0.0,0.0,2.668,1.0,1.0,1703.7576757217748,1050.0,1703.7390293199398,1050.0,0.0006373244372179088,0.0
17050,1681207201000.0,0.0,0.0,0.4,2.714616004587681,0.0,0.0,2.679,1.0,1.0,1703.7576757217748,1050.0,1703.7434293199397,1050.0,0.0006373244372179088,0.0
17051,1681210801000.0,0.0,0.0,0.4,2.714616004587681,0.0,0.0,2.668,1.0,1.0,1703.7576757217748,1050.0,1703.7390293199398,1050.0,0.0006373244372179088,0.0
17052,1681214401000.0,0.0,0.0,0.4,2.714616004587681,0.0,0.0,2.668,1.0,1.0,1703.7576757217748,1050.0,1703.7390293199398,1050.0,0.0006373244372179088,0.0
17053,1681218001000.0,0.0,0.0,0.4,2.714616004587681,0.0,0.0,2.667,1.0,1.0,1703.7576757217748,1050.0,1703.7386293199397,1050.0,0.0006373244372179088,0.0
17054,1681221601000.0,0.0,0.0,0.4,2.714616004587681,0.0,0.0,2.673,1.0,1.0,1703.7576757217748,1050.0,1703.7410293199398,1050.0,0.0006373244372179088,0.0
17055,1681225201000.0,0.0,0.0,0.9,2.678162668705636,0.0,0.0,2.633,1.0,1.0,1703.757543271775,1050.0,1703.7168968699398,1050.0,0.0014147238328327013,0.0
17056,1681228801000.0,0.0,0.0,0.9,2.678162668705636,0.0,0.0,2.646,1.0,1.0,1703.757543271775,1050.0,1703.7285968699398,1050.0,0.0014147238328327013,0.0
17057,1681232401000.0,0.0,0.0,0.9,2.678162668705636,0.0,0.0,2.635,1.0,1.0,1703.757543271775,1050.0,1703.7186968699398,1050.0,0.0014147238328327013,0.0
17058,1681236001000.0,0.0,0.0,0.9,2.678162668705636,0.0,0.0,2.635,1.0,1.0,1703.757543271775,1050.0,1703.7186968699398,1050.0,0.0014147238328327013,0.0
17059,1681239601000.0,0.0,0.0,0.9,2.678162668705636,0.0,0.0,2.645,1.0,1.0,1703.757543271775,1050.0,1703.7276968699398,1050.0,0.0014147238328327013,0.0
17060,1681243201000.0,0.0,0.0,0.9,2.678162668705636,0.0,0.0,2.633,1.0,1.0,1703.757543271775,1050.0,1703.7168968699398,1050.0,0.0014147238328327013,0.0
17061,1681246801000.0,0.0,0.0,0.9,2.678162668705636,0.0,0.0,2.63,1.0,1.0,1703.757543271775,1050.0,1703.7141968699398,1050.0,0.0014147238328327013,0.0
17062,1681250401000.0,0.0,0.0,0.9,2.678162668705636,0.0,0.0,2.63,1.0,1.0,1703.757543271775,1050.0,1703.7141968699398,1050.0,0.0014147238328327013,0.0
17063,1681254001000.0,0.0,0.0,0.9,2.678162668705636,0.0,0.0,2.637,1.0,1.0,1703.757543271775,1050.0,1703.7204968699398,1050.0,0.0014147238328327013,0.0
17064,1681257601000.0,0.0,0.0,0.9,2.678162668705636,0.0,0.0,2.629,1.0,1.0,1703.757543271775,1050.0,1703.7132968699398,1050.0,0.0014147238328327013,0.0
17065,1681261201000.0,0.0,0.0,2.1,2.640926858016701,0.0,0.0,2.6,1.0,1.0,1703.757229711775,1050.0,1703.6712833099398,1050.0,0.0032551271420126456,0.0
17066,1681264801000.0,0.0,0.0,4.9,2.603825796292872,0.0,0.0,2.578,1.0,1.0,1703.7565084317748,1050.0,1703.6299620299396,1050.0,0.007488597307592316,0.0
17067,1681268401000.0,0.0,0.0,11.4,2.5662935440206205,0.0,0.0,2.525,1.0,1.0,1703.754858731775,1050.0,1703.2841123299397,1050.0,0.01717133556620475,0.0
17068,1681272001000.0,0.0,0.0,11.4,2.5662935440206205,0.0,0.0,2.53,1.0,1.0,1703.754858731775,1050.0,1703.3411123299397,1050.0,0.01717133556620475,0.0
17069,1681275601000.0,0.0,0.0,11.4,2.5662935440206205,0.0,0.0,2.554,1.0,1.0,1703.754858731775,1050.0,1703.6147123299397,1050.0,0.01717133556620475,0.0
17070,1681279201000.0,0.0,0.0,11.4,2.5662935440206205,0.0,0.0,2.556,1.0,1.0,1703.754858731775,1050.0,1703.63751232994,1050.0,0.01717133556620475,0.0
17071,1681282801000.0,0.0,0.0,11.4,2.5662935440206205,0.0,0.0,2.569,1.0,1.0,1703.754858731775,1050.0,1703.7857123299398,1050.0,0.01717133556620475,0.0
17072,1681286401000.0,0.0,0.0,11.4,2.5662935440206205,0.0,0.0,2.569,1.0,1.0,1703.754858731775,1050.0,1703.7857123299398,1050.0,0.01717133556620475,0.0
17073,1681290001000.0,0.0,0.0,11.4,2.5662935440206205,0.0,0.0,2.549,1.0,1.0,1703.754858731775,1050.0,1703.55771232994,1050.0,0.01717133556620475,0.0
17074,1681293601000.0,0.0,0.0,11.4,2.5662935440206205,0.0,0.0,2.573,1.0,1.0,1703.754858731775,1050.0,1703.83131232994,1050.0,0.01717133556620475,0.0
17075,1681297201000.0,0.0,0.0,4.2,2.5662935440206205,0.0,0.0,2.57,1.0,1.0,1703.8804847348265,1050.0,1703.8960518499398,1050.0,0.006325815091757475,0.0
17076,1681300801000.0,0.0,0.0,4.2,2.5662935440206205,0.0,0.0,2.559,1.0,1.0,1703.8804847348265,1050.0,1703.8498518499398,1050.0,0.006325815091757475,0.0
17077,1681304401000.0,0.0,0.0,1.3,2.5662935440206205,0.0,0.0,2.577,1.0,1.0,1703.9375834471666,1050.0,1703.9515018399397,1050.0,0.001957924773557441,0.0
17078,1681308001000.0,0.0,0.0,0.5,2.5919456758474233,0.0,0.0,2.578,1.0,1.0,1703.9650592678627,1050.0,1703.958086429939,1050.0,0.0007605630355358039,0.0
17079,1681311601000.0,0.0,0.0,0.5,2.6111782703389697,0.0,0.0,2.591,1.0,1.0,1703.9714184351087,1050.0,1703.9613292999393,1050.0,0.0007662036587259839,0.0
17080,1681315201000.0,0.0,0.0,0.5,2.6111782703389697,0.0,0.0,2.588,1.0,1.0,1703.9714184351087,1050.0,1703.9598292999392,1050.0,0.0007662036587259839,0.0
17081,1681318801000.0,0.0,0.0,0.5,2.6111782703389697,0.0,0.0,2.583,1.0,1.0,1703.9714184351087,1050.0,1703.9573292999391,1050.0,0.0007662036587259839,0.0
17082,1681322401000.0,0.0,0.0,0.5,2.6111782703389697,0.0,0.0,2.591,1.0,1.0,1703.9714184351087,1050.0,1703.9613292999393,1050.0,0.0007662036587259839,0.0
17083,1681326001000.0,0.0,0.0,0.5,2.6111782703389697,0.0,0.0,2.567,1.0,1.0,1703.9714184351087,1050.0,1703.9493292999393,1050.0,0.0007662036587259839,0.0
17084,1681329601000.0,0.0,0.0,1.2,2.574324279307904,0.0,0.0,2.56,1.0,1.0,1703.9712400751087,1050.0,1703.9540509399392,1050.0,0.0018129350205660266,0.0
17085,1681333201000.0,0.0,0.0,1.2,2.574324279307904,0.0,0.0,2.569,1.0,1.0,1703.9712400751087,1050.0,1703.9648509399392,1050.0,0.0018129350205660266,0.0
17086,1681336801000.0,0.0,0.0,1.2,2.574324279307904,0.0,0.0,2.58,1.0,1.0,1703.9712400751087,1050.0,1703.978050939939,1050.0,0.0018129350205660266,0.0
17087,1681340401000.0,0.0,0.0,1.2,2.574324279307904,0.0,0.0,2.569,1.0,1.0,1703.9712400751087,1050.0,1703.9648509399392,1050.0,0.0018129350205660266,0.0
17088,1681344001000.0,0.0,0.0,1.2,2.574324279307904,0.0,0.0,2.574,1.0,1.0,1703.9712400751087,1050.0,1703.970850939939,1050.0,0.0018129350205660266,0.0
17089,1681347601000.0,0.0,0.0,1.2,2.574324279307904,0.0,0.0,2.555,1.0,1.0,1703.9712400751087,1050.0,1703.948050939939,1050.0,0.0018129350205660266,0.0
17090,1681351201000.0,0.0,0.0,1.2,2.574324279307904,0.0,0.0,2.557,1.0,1.0,1703.9712400751087,1050.0,1703.9504509399392,1050.0,0.0018129350205660266,0.0
17091,1681354801000.0,0.0,0.0,1.2,2.574324279307904,0.0,0.0,2.56,1.0,1.0,1703.9712400751087,1050.0,1703.9540509399392,1050.0,0.0018129350205660266,0.0
17092,1681358401000.0,0.0,0.0,1.2,2.574324279307904,0.0,0.0,2.564,1.0,1.0,1703.9712400751087,1050.0,1703.958850939939,1050.0,0.0018129350205660266,0.0
17093,1681362001000.0,0.0,0.0,1.2,2.574324279307904,0.0,0.0,2.552,1.0,1.0,1703.9712400751087,1050.0,1703.944450939939,1050.0,0.0018129350205660266,0.0
17094,1681365601000.0,0.0,0.0,1.2,2.574324279307904,0.0,0.0,2.571,1.0,1.0,1703.9712400751087,1050.0,1703.9672509399393,1050.0,0.0018129350205660266,0.0
17095,1681369201000.0,0.0,0.0,1.2,2.574324279307904,0.0,0.0,2.546,1.0,1.0,1703.9712400751087,1050.0,1703.937250939939,1050.0,0.0018129350205660266,0.0
17096,1681372801000.0,0.0,0.0,1.2,2.574324279307904,0.0,0.0,2.575,1.0,1.0,1703.9712400751087,1050.0,1703.9720509399392,1050.0,0.0018129350205660266,0.0
17097,1681376401000.0,0.0,0.0,0.4,2.574324279307904,0.0,0.0,2.62,1.0,1.0,1703.9991718916617,1050.0,1704.0174421799386,1050.0,0.000604301767693952,0.0
17098,1681380001000.0,0.0,0.0,0.5,2.630718696220338,0.0,0.0,2.64,1.0,1.0,1704.0179589380487,1050.0,1704.0225995899384,1050.0,0.0007719163646197172,0.0
17099,1681383601000.0,0.0,0.0,0.5,2.630718696220338,0.0,0.0,2.629,1.0,1.0,1704.0179589380487,1050.0,1704.0170995899384,1050.0,0.0007719163646197172,0.0
17100,1681387201000.0,0.0,0.0,0.5,2.630718696220338,0.0,0.0,2.599,1.0,1.0,1704.0179589380487,1050.0,1704.0020995899386,1050.0,0.0007719163646197172,0.0
17101,1681390801000.0,0.0,0.0,0.4,2.630718696220338,0.0,0.0,2.643,1.0,1.0,1704.0196605884266,1050.0,1704.0245731099385,1050.0,0.000617532475021305,0.0
17102,1681394401000.0,0.0,0.0,0.5,2.6380312177322027,0.0,0.0,2.62,1.0,1.0,1704.0213092588046,1050.0,1704.0122936499386,1050.0,0.0007740605130342128,0.0
17103,1681398001000.0,0.0,0.0,0.5,2.6380312177322027,0.0,0.0,2.639,1.0,1.0,1704.0213092588046,1050.0,1704.0217936499384,1050.0,0.0007740605130342128,0.0
17104,1681401601000.0,0.0,0.0,0.5,2.6460187306393212,0.0,0.0,2.623,1.0,1.0,1704.0247967352582,1050.0,1704.0132873699386,1050.0,0.0007764026485145139,0.0
17105,1681405201000.0,0.0,0.0,0.5,2.6460187306393212,0.0,0.0,2.637,1.0,1.0,1704.0247967352582,1050.0,1704.0202873699386,1050.0,0.0007764026485145139,0.0
17106,1681408801000.0,0.0,0.0,0.5,2.6460187306393212,0.0,0.0,2.657,1.0,1.0,1704.0247967352582,1050.0,1704.0302873699386,1050.0,0.0007764026485145139,0.0
17107,1681412401000.0,0.0,0.0,0.5,2.6460187306393212,0.0,0.0,2.657,1.0,1.0,1704.0247967352582,1050.0,1704.0302873699386,1050.0,0.0007764026485145139,0.0
17108,1681416001000.0,0.0,0.0,0.5,2.6460187306393212,0.0,0.0,2.634,1.0,1.0,1704.0247967352582,1050.0,1704.0187873699385,1050.0,0.0007764026485145139,0.0
17109,1681419601000.0,0.0,0.0,0.5,2.6460187306393212,0.0,0.0,2.62,1.0,1.0,1704.0247967352582,1050.0,1704.0117873699385,1050.0,0.0007764026485145139,0.0
17110,1681423201000.0,0.0,0.0,0.5,2.6460187306393212,0.0,0.0,2.622,1.0,1.0,1704.0247967352582,1050.0,1704.0127873699385,1050.0,0.0007764026485145139,0.0
17111,1681426801000.0,0.0,0.0,0.5,2.6460187306393212,0.0,0.0,2.634,1.0,1.0,1704.0247967352582,1050.0,1704.0187873699385,1050.0,0.0007764026485145139,0.0
17112,1681430401000.0,0.0,0.0,0.5,2.6460187306393212,0.0,0.0,2.635,1.0,1.0,1704.0247967352582,1050.0,1704.0192873699384,1050.0,0.0007764026485145139,0.0
17113,1681434001000.0,0.0,0.0,0.4,2.693513771477231,0.0,0.0,2.71,1.0,1.0,1704.0433355385296,1050.0,1704.0499300299387,1050.0,0.0006322641485231944,0.0
17114,1681437601000.0,0.0,0.0,0.4,2.71754379537985,0.0,0.0,2.712,1.0,1.0,1704.0521753580908,1050.0,1704.049957839939,1050.0,0.0006379015466023002,0.0
17115,1681441201000.0,0.0,0.0,0.4,2.7334794136758735,0.0,0.0,2.72,1.0,1.0,1704.057585045409,1050.0,1704.0521932799386,1050.0,0.0006416401505828298,0.0
17116,1681444801000.0,0.0,0.0,0.4,2.748202252644508,0.0,0.0,2.743,1.0,1.0,1704.0630087309967,1050.0,1704.060927829939,1050.0,0.0006450940460684196,0.0
17117,1681448401000.0,0.0,0.0,0.4,2.748202252644508,0.0,0.0,2.741,1.0,1.0,1704.0630087309967,1050.0,1704.060127829939,1050.0,0.0006450940460684196,0.0
17118,1681452001000.0,0.0,0.0,0.4,2.748202252644508,0.0,0.0,2.727,1.0,1.0,1704.0630087309967,1050.0,1704.054527829939,1050.0,0.0006450940460684196,0.0
17119,1681455601000.0,0.0,0.0,0.4,2.748202252644508,0.0,0.0,2.738,1.0,1.0,1704.0630087309967,1050.0,1704.058927829939,1050.0,0.0006450940460684196,0.0
17120,1681459201000.0,0.0,0.0,0.4,2.748202252644508,0.0,0.0,2.697,1.0,1.0,1704.0630087309967,1050.0,1704.0425278299388,1050.0,0.0006450940460684196,0.0
17121,1681462801000.0,0.0,0.0,0.4,2.748202252644508,0.0,0.0,2.698,1.0,1.0,1704.0630087309967,1050.0,1704.042927829939,1050.0,0.0006450940460684196,0.0
17122,1681466401000.0,0.0,0.0,0.4,2.748202252644508,0.0,0.0,2.718,1.0,1.0,1704.0630087309967,1050.0,1704.050927829939,1050.0,0.0006450940460684196,0.0
17123,1681470001000.0,0.0,0.0,0.4,2.763225950334401,0.0,0.0,2.751,1.0,1.0,1704.0684518500725,1050.0,1704.0635614699388,1050.0,0.0006486185334478608,0.0
17124,1681473601000.0,0.0,0.0,0.4,2.763225950334401,0.0,0.0,2.736,1.0,1.0,1704.0684518500725,1050.0,1704.0575614699387,1050.0,0.0006486185334478608,0.0
17125,1681477201000.0,0.0,0.0,0.9,2.7264337557041785,0.0,0.0,2.67,1.0,1.0,1704.0683170000725,1050.0,1704.0175266199387,1050.0,0.001439960097640649,0.0
17126,1681480801000.0,0.0,0.0,0.9,2.7264337557041785,0.0,0.0,2.721,1.0,1.0,1704.0683170000725,1050.0,1704.0634266199388,1050.0,0.001439960097640649,0.0
17127,1681484401000.0,0.0,0.0,0.9,2.7264337557041785,0.0,0.0,2.714,1.0,1.0,1704.0683170000725,1050.0,1704.0571266199388,1050.0,0.001439960097640649,0.0
17128,1681488001000.0,0.0,0.0,2.1,2.6884716095875048,0.0,0.0,2.646,1.0,1.0,1704.0679978000726,1050.0,1703.978807419939,1050.0,0.0033131250557034077,0.0
17129,1681491601000.0,0.0,0.0,2.1,2.6884716095875048,0.0,0.0,2.667,1.0,1.0,1704.0679978000726,1050.0,1704.0229074199387,1050.0,0.0033131250557034077,0.0
17130,1681495201000.0,0.0,0.0,0.4,2.698015280392971,0.0,0.0,2.711,1.0,1.0,1704.102544962096,1050.0,1704.1077388499389,1050.0,0.0006332988090110462,0.0
17131,1681498801000.0,0.0,0.0,0.4,2.712709571415784,0.0,0.0,2.712,1.0,1.0,1704.107759368505,1050.0,1704.1074755399386,1050.0,0.0006367460171464834,0.0
17132,1681502401000.0,0.0,0.0,0.4,2.722399133921378,0.0,0.0,2.737,1.0,1.0,1704.111325833507,1050.0,1704.1171661799383,1050.0,0.0006390190811248345,0.0
17133,1681506001000.0,0.0,0.0,0.4,2.7322245128307743,0.0,0.0,2.732,1.0,1.0,1704.1149462250708,1050.0,1704.1148564199384,1050.0,0.000641323994929604,0.0
17134,1681509601000.0,0.0,0.0,0.4,2.7322245128307743,0.0,0.0,2.719,1.0,1.0,1704.1149462250708,1050.0,1704.1096564199383,1050.0,0.000641323994929604,0.0
17135,1681513201000.0,0.0,0.0,0.4,2.74212628846731,0.0,0.0,2.76,1.0,1.0,1704.1185967753254,1050.0,1704.1257462599385,1050.0,0.0006436468198061305,0.0
17136,1681516801000.0,0.0,0.0,0.4,2.7580532779471456,0.0,0.0,2.738,1.0,1.0,1704.1241015011176,1050.0,1704.1160801899387,1050.0,0.0006473831983287249,0.0
17137,1681520401000.0,0.0,0.0,0.4,2.7743974766339514,0.0,0.0,2.726,1.0,1.0,1704.1295721505921,1050.0,1704.1102131599387,1050.0,0.0006512174947196517,0.0
17138,1681524001000.0,0.0,0.0,0.9,2.7375099896150896,0.0,0.0,2.713,1.0,1.0,1704.129436750592,1050.0,1704.1073777599386,1050.0,0.0014457581317012156,0.0
17139,1681527601000.0,0.0,0.0,0.9,2.7375099896150896,0.0,0.0,2.708,1.0,1.0,1704.129436750592,1050.0,1704.1028777599386,1050.0,0.0014457581317012156,0.0
17140,1681531201000.0,0.0,0.0,0.9,2.7375099896150896,0.0,0.0,2.721,1.0,1.0,1704.129436750592,1050.0,1704.1145777599384,1050.0,0.0014457581317012156,0.0
17141,1681534801000.0,0.0,0.0,0.9,2.7375099896150896,0.0,0.0,2.726,1.0,1.0,1704.129436750592,1050.0,1704.1190777599384,1050.0,0.0014457581317012156,0.0
17142,1681538401000.0,0.0,0.0,0.9,2.7375099896150896,0.0,0.0,2.731,1.0,1.0,1704.129436750592,1050.0,1704.1235777599384,1050.0,0.0014457581317012156,0.0
17143,1681542001000.0,0.0,0.0,0.9,2.7375099896150896,0.0,0.0,2.731,1.0,1.0,1704.129436750592,1050.0,1704.1235777599384,1050.0,0.0014457581317012156,0.0
17144,1681545601000.0,0.0,0.0,0.4,2.7581613639016482,0.0,0.0,2.764,1.0,1.0,1704.1457833054988,1050.0,1704.1481187599381,1050.0,0.0006474003318076921,0.0
17145,1681549201000.0,0.0,0.0,0.4,2.768340767194677,0.0,0.0,2.767,1.0,1.0,1704.1494438568159,1050.0,1704.148907549938,1050.0,0.0006497882629188653,0.0
17146,1681552801000.0,0.0,0.0,0.4,2.768340767194677,0.0,0.0,2.776,1.0,1.0,1704.1494438568159,1050.0,1704.152507549938,1050.0,0.0006497882629188653,0.0
17147,1681556401000.0,0.0,0.0,0.4,2.778191681547005,0.0,0.0,2.782,1.0,1.0,1704.1530726225567,1050.0,1704.1545959499379,1050.0,0.0006520990927819854,0.0
17148,1681560001000.0,0.0,0.0,0.4,2.798556742989481,0.0,0.0,2.793,1.0,1.0,1704.1602942171335,1050.0,1704.1580715199377,1050.0,0.0006568764106254682,0.0
17149,1681563601000.0,0.0,0.0,0.4,2.8132348759486865,0.0,0.0,2.818,1.0,1.0,1704.165696120317,1050.0,1704.1676021699377,1050.0,0.0006603195645478049,0.0
17150,1681567201000.0,0.0,0.0,0.4,2.8181761569615147,0.0,0.0,2.804,1.0,1.0,1704.167515982722,1050.0,1704.1618455199375,1050.0,0.0006614786705018,0.0
17151,1681570801000.0,0.0,0.0,0.4,2.8181761569615147,0.0,0.0,2.799,1.0,1.0,1704.167515982722,1050.0,1704.1598455199376,1050.0,0.0006614786705018,0.0
17152,1681574401000.0,0.0,0.0,0.4,2.8181761569615147,0.0,0.0,2.797,1.0,1.0,1704.167515982722,1050.0,1704.1590455199375,1050.0,0.0006614786705018,0.0
17153,1681578001000.0,0.0,0.0,0.4,2.8181761569615147,0.0,0.0,2.812,1.0,1.0,1704.167515982722,1050.0,1704.1650455199374,1050.0,0.0006614786705018,0.0
17154,1681581601000.0,0.0,0.0,0.4,2.8181761569615147,0.0,0.0,2.768,1.0,1.0,1704.167515982722,1050.0,1704.1474455199375,1050.0,0.0006614786705018,0.0
17155,1681585201000.0,0.0,0.0,0.4,2.8181761569615147,0.0,0.0,2.784,1.0,1.0,1704.167515982722,1050.0,1704.1538455199375,1050.0,0.0006614786705018,0.0
17156,1681588801000.0,0.0,0.0,0.9,2.780300514205118,0.0,0.0,2.77,1.0,1.0,1704.1673784827221,1050.0,1704.1581080199376,1050.0,0.001468324352630469,0.0
17157,1681592401000.0,0.0,0.0,0.9,2.780300514205118,0.0,0.0,2.757,1.0,1.0,1704.1673784827221,1050.0,1704.1464080199376,1050.0,0.001468324352630469,0.0
17158,1681596001000.0,0.0,0.0,0.9,2.780300514205118,0.0,0.0,2.747,1.0,1.0,1704.1673784827221,1050.0,1704.1374080199375,1050.0,0.001468324352630469,0.0
17159,1681599601000.0,0.0,0.0,0.9,2.780300514205118,0.0,0.0,2.765,1.0,1.0,1704.1673784827221,1050.0,1704.1536080199376,1050.0,0.001468324352630469,0.0
17160,1681603201000.0,0.0,0.0,0.9,2.780300514205118,0.0,0.0,2.751,1.0,1.0,1704.1673784827221,1050.0,1704.1410080199375,1050.0,0.001468324352630469,0.0
17161,1681606801000.0,0.0,0.0,0.9,2.780300514205118,0.0,0.0,2.728,1.0,1.0,1704.1673784827221,1050.0,1704.1203080199375,1050.0,0.001468324352630469,0.0
17162,1681610401000.0,0.0,0.0,2.1,2.741843077516479,0.0,0.0,2.712,1.0,1.0,1704.1670529227222,1050.0,1704.1043824599376,1050.0,0.0033787007282587715,0.0
17163,1681614001000.0,0.0,0.0,2.1,2.741843077516479,0.0,0.0,2.717,1.0,1.0,1704.1670529227222,1050.0,1704.1148824599375,1050.0,0.0033787007282587715,0.0
17164,1681617601000.0,0.0,0.0,2.1,2.741843077516479,0.0,0.0,2.705,1.0,1.0,1704.1670529227222,1050.0,1704.0896824599376,1050.0,0.0033787007282587715,0.0
17165,1681621201000.0,0.0,0.0,2.1,2.741843077516479,0.0,0.0,2.742,1.0,1.0,1704.1670529227222,1050.0,1704.1673824599375,1050.0,0.0033787007282587715,0.0
17166,1681624801000.0,0.0,0.0,2.1,2.741843077516479,0.0,0.0,2.758,1.0,1.0,1704.1670529227222,1050.0,1704.2009824599377,1050.0,0.0033787007282587715,0.0
17167,1681628401000.0,0.0,0.0,0.4,2.767636923327264,0.0,0.0,2.781,1.0,1.0,1704.246296919268,1050.0,1704.251642149937,1050.0,0.0006495861374803081,0.0
17168,1681632001000.0,0.0,0.0,0.4,2.7957103846857927,0.0,0.0,2.807,1.0,1.0,1704.2550021938112,1050.0,1704.259518039937,1050.0,0.0006561718477779441,0.0
17169,1681635601000.0,0.0,0.0,0.4,2.7957103846857927,0.0,0.0,2.788,1.0,1.0,1704.2550021938112,1050.0,1704.2519180399368,1050.0,0.0006561718477779441,0.0
17170,1681639201000.0,0.0,0.0,0.4,2.7957103846857927,0.0,0.0,2.752,1.0,1.0,1704.2550021938112,1050.0,1704.2375180399367,1050.0,0.0006561718477779441,0.0
17171,1681642801000.0,0.0,0.0,0.4,2.7957103846857927,0.0,0.0,2.746,1.0,1.0,1704.2550021938112,1050.0,1704.2351180399369,1050.0,0.0006561718477779441,0.0
17172,1681646401000.0,0.0,0.0,0.9,2.7580935043047967,0.0,0.0,2.721,1.0,1.0,1704.2548657938112,1050.0,1704.2214816399369,1050.0,0.0014565216762447758,0.0
17173,1681650001000.0,0.0,0.0,0.9,2.7580935043047967,0.0,0.0,2.74,1.0,1.0,1704.2548657938112,1050.0,1704.238581639937,1050.0,0.0014565216762447758,0.0
17174,1681653601000.0,0.0,0.0,0.9,2.7580935043047967,0.0,0.0,2.732,1.0,1.0,1704.2548657938112,1050.0,1704.231381639937,1050.0,0.0014565216762447758,0.0
17175,1681657201000.0,0.0,0.0,0.9,2.7580935043047967,0.0,0.0,2.742,1.0,1.0,1704.2548657938112,1050.0,1704.240381639937,1050.0,0.0014565216762447758,0.0
17176,1681660801000.0,0.0,0.0,0.9,2.7580935043047967,0.0,0.0,2.77,1.0,1.0,1704.2548657938112,1050.0,1704.265581639937,1050.0,0.0014565216762447758,0.0
17177,1681664401000.0,0.0,0.0,0.7,2.7580935043047967,0.0,0.0,2.79,1.0,1.0,1704.25859155295,1050.0,1704.2809260999368,1050.0,0.0011328477160582196,0.0
17178,1681668001000.0,0.0,0.0,0.4,2.8271045287472654,0.0,0.0,2.825,1.0,1.0,1704.2973193714347,1050.0,1704.2964775599357,1050.0,0.000663523786985697,0.0
17179,1681671601000.0,0.0,0.0,0.4,2.8271045287472654,0.0,0.0,2.842,1.0,1.0,1704.2973193714347,1050.0,1704.3032775599359,1050.0,0.000663523786985697,0.0
17180,1681675201000.0,0.0,0.0,0.4,2.8370587974203363,0.0,0.0,2.816,1.0,1.0,1704.300987118904,1050.0,1704.2925635999359,1050.0,0.0006658586291653432,0.0
17181,1681678801000.0,0.0,0.0,0.4,2.847033073548939,0.0,0.0,2.86,1.0,1.0,1704.3046624693554,1050.0,1704.3098492399358,1050.0,0.0006681981540609981,0.0
17182,1681682401000.0,0.0,0.0,0.4,2.862263952903458,0.0,0.0,2.849,1.0,1.0,1704.3101825210972,1050.0,1704.3048769399359,1050.0,0.0006717706629363583,0.0
17183,1681686001000.0,0.0,0.0,0.4,2.862263952903458,0.0,0.0,2.841,1.0,1.0,1704.3101825210972,1050.0,1704.3016769399358,1050.0,0.0006717706629363583,0.0
17184,1681689601000.0,0.0,0.0,0.4,2.862263952903458,0.0,0.0,2.842,1.0,1.0,1704.3101825210972,1050.0,1704.302076939936,1050.0,0.0006717706629363583,0.0
17185,1681693201000.0,0.0,0.0,2.1,2.7844788481720872,0.0,0.0,2.736,1.0,1.0,1704.3097122710972,1050.0,1704.2079066899357,1050.0,0.0034309524489943535,0.0
17186,1681696801000.0,0.0,0.0,0.4,2.7844788481720872,0.0,0.0,2.789,1.0,1.0,1704.3407217192048,1050.0,1704.342530179936,1050.0,0.000653502861883937,0.0
17187,1681700401000.0,0.0,0.0,0.4,2.8290804487936816,0.0,0.0,2.825,1.0,1.0,1704.357054119454,1050.0,1704.3554219399366,1050.0,0.0006639642654585213,0.0
17188,1681704001000.0,0.0,0.0,0.4,2.8290804487936816,0.0,0.0,2.808,1.0,1.0,1704.357054119454,1050.0,1704.3486219399365,1050.0,0.0006639642654585213,0.0
17189,1681707601000.0,0.0,0.0,0.4,2.8290804487936816,0.0,0.0,2.782,1.0,1.0,1704.357054119454,1050.0,1704.3382219399366,1050.0,0.0006639642654585213,0.0
17190,1681711201000.0,0.0,0.0,0.4,2.8290804487936816,0.0,0.0,2.786,1.0,1.0,1704.357054119454,1050.0,1704.3398219399364,1050.0,0.0006639642654585213,0.0
17191,1681714801000.0,0.0,0.0,0.9,2.791257977241637,0.0,0.0,2.758,1.0,1.0,1704.356916069454,1050.0,1704.3269838899364,1050.0,0.0014739472441669616,0.0
17192,1681718401000.0,0.0,0.0,0.9,2.791257977241637,0.0,0.0,2.742,1.0,1.0,1704.356916069454,1050.0,1704.3125838899366,1050.0,0.0014739472441669616,0.0
17193,1681722001000.0,0.0,0.0,0.9,2.791257977241637,0.0,0.0,2.772,1.0,1.0,1704.356916069454,1050.0,1704.3395838899364,1050.0,0.0014739472441669616,0.0
17194,1681725601000.0,0.0,0.0,0.9,2.791257977241637,0.0,0.0,2.747,1.0,1.0,1704.356916069454,1050.0,1704.3170838899366,1050.0,0.0014739472441669616,0.0
17195,1681729201000.0,0.0,0.0,0.9,2.791257977241637,0.0,0.0,2.759,1.0,1.0,1704.356916069454,1050.0,1704.3278838899364,1050.0,0.0014739472441669616,0.0
17196,1681732801000.0,0.0,0.0,2.1,2.752824847389273,0.0,0.0,2.72,1.0,1.0,1704.3565891894539,1050.0,1704.2876570099363,1050.0,0.0033918560330539337,0.0
17197,1681736401000.0,0.0,0.0,2.1,2.752824847389273,0.0,0.0,2.738,1.0,1.0,1704.3565891894539,1050.0,1704.3254570099364,1050.0,0.0033918560330539337,0.0
17198,1681740001000.0,0.0,0.0,2.1,2.752824847389273,0.0,0.0,2.725,1.0,1.0,1704.3565891894539,1050.0,1704.2981570099364,1050.0,0.0033918560330539337,0.0
17199,1681743601000.0,0.0,0.0,2.1,2.752824847389273,0.0,0.0,2.718,1.0,1.0,1704.3565891894539,1050.0,1704.2834570099365,1050.0,0.0033918560330539337,0.0
17200,1681747201000.0,0.0,0.0,2.1,2.752824847389273,0.0,0.0,2.725,1.0,1.0,1704.3565891894539,1050.0,1704.2981570099364,1050.0,0.0033918560330539337,0.0
17201,1681750801000.0,0.0,0.0,2.1,2.752824847389273,0.0,0.0,2.728,1.0,1.0,1704.3565891894539,1050.0,1704.3044570099364,1050.0,0.0033918560330539337,0.0
17202,1681754401000.0,0.0,0.0,2.1,2.752824847389273,0.0,0.0,2.719,1.0,1.0,1704.3565891894539,1050.0,1704.2855570099364,1050.0,0.0033918560330539337,0.0
17203,1681758001000.0,0.0,0.0,2.1,2.752824847389273,0.0,0.0,2.741,1.0,1.0,1704.3565891894539,1050.0,1704.3317570099364,1050.0,0.0033918560330539337,0.0
17204,1681761601000.0,0.0,0.0,2.1,2.752824847389273,0.0,0.0,2.738,1.0,1.0,1704.3565891894539,1050.0,1704.3254570099364,1050.0,0.0033918560330539337,0.0
17205,1681765201000.0,0.0,0.0,2.1,2.752824847389273,0.0,0.0,2.733,1.0,1.0,1704.3565891894539,1050.0,1704.3149570099365,1050.0,0.0033918560330539337,0.0
17206,1681768801000.0,0.0,0.0,2.1,2.752824847389273,0.0,0.0,2.733,1.0,1.0,1704.3565891894539,1050.0,1704.3149570099365,1050.0,0.0033918560330539337,0.0
17207,1681772401000.0,0.0,0.0,2.1,2.752824847389273,0.0,0.0,2.757,1.0,1.0,1704.3565891894539,1050.0,1704.3653570099364,1050.0,0.0033918560330539337,0.0
17208,1681776001000.0,0.0,0.0,2.1,2.752824847389273,0.0,0.0,2.758,1.0,1.0,1704.3565891894539,1050.0,1704.3674570099363,1050.0,0.0033918560330539337,0.0
17209,1681779601000.0,0.0,0.0,2.1,2.752824847389273,0.0,0.0,2.735,1.0,1.0,1704.3565891894539,1050.0,1704.3191570099364,1050.0,0.0033918560330539337,0.0
17210,1681783201000.0,0.0,0.0,2.1,2.752824847389273,0.0,0.0,2.761,1.0,1.0,1704.3565891894539,1050.0,1704.3737570099363,1050.0,0.0033918560330539337,0.0
17211,1681786801000.0,0.0,0.0,1.0,2.752824847389273,0.0,0.0,2.783,1.0,1.0,1704.3807765973252,1050.0,1704.410951749936,1050.0,0.0016151466181665646,0.0
17212,1681790401000.0,0.0,0.0,0.4,2.7675979824923487,0.0,0.0,2.778,1.0,1.0,1704.3983579329329,1050.0,1704.4025187399359,1050.0,0.0006495190445615888,0.0
17213,1681794001000.0,0.0,0.0,0.4,2.7822522738639592,0.0,0.0,2.791,1.0,1.0,1704.4037521594817,1050.0,1704.407251249936,1050.0,0.0006529561485273292,0.0
17214,1681797601000.0,0.0,0.0,0.4,2.808218068895451,0.0,0.0,2.822,1.0,1.0,1704.4127572074942,1050.0,1704.418269979936,1050.0,0.0006590464796793539,0.0
17215,1681801201000.0,0.0,0.0,0.4,2.896942659597409,0.0,0.0,2.9,1.0,1.0,1704.4439274637748,1050.0,1704.4451503999358,1050.0,0.0006798563714344258,0.0
17216,1681804801000.0,0.0,0.0,0.4,2.920228497349028,0.0,0.0,2.902,1.0,1.0,1704.4511659488755,1050.0,1704.443874549936,1050.0,0.0006853181964232632,0.0
17217,1681808401000.0,0.0,0.0,0.4,2.920228497349028,0.0,0.0,2.884,1.0,1.0,1704.4511659488755,1050.0,1704.436674549936,1050.0,0.0006853181964232632,0.0
17218,1681812001000.0,0.0,0.0,0.4,2.925421373011771,0.0,0.0,2.928,1.0,1.0,1704.4530842891406,1050.0,1704.454115739936,1050.0,0.0006865360859684437,0.0
17219,1681815601000.0,0.0,0.0,0.4,2.94156839173934,0.0,0.0,2.951,1.0,1.0,1704.458766016632,1050.0,1704.4625386599362,1050.0,0.0006903231572128595,0.0
17220,1681819201000.0,0.0,0.0,0.4,2.978283207564326,0.0,0.0,2.974,1.0,1.0,1704.4722350829616,1050.0,1704.4705217999358,1050.0,0.0006989338157026335,0.0
17221,1681822801000.0,0.0,0.0,0.4,2.978283207564326,0.0,0.0,2.974,1.0,1.0,1704.4722350829616,1050.0,1704.4705217999358,1050.0,0.0006989338157026335,0.0
17222,1681826401000.0,0.0,0.0,0.4,2.978283207564326,0.0,0.0,2.946,1.0,1.0,1704.4722350829616,1050.0,1704.4593217999359,1050.0,0.0006989338157026335,0.0
17223,1681830001000.0,0.0,0.0,0.4,2.978283207564326,0.0,0.0,2.914,1.0,1.0,1704.4722350829616,1050.0,1704.446521799936,1050.0,0.0006989338157026335,0.0
17224,1681833601000.0,0.0,0.0,0.9,2.9381258700285895,0.0,0.0,2.894,1.0,1.0,1704.4720897829616,1050.0,1704.4323764999358,1050.0,0.0015513972325369339,0.0
17225,1681837201000.0,0.0,0.0,0.9,2.9381258700285895,0.0,0.0,2.892,1.0,1.0,1704.4720897829616,1050.0,1704.4305764999358,1050.0,0.0015513972325369339,0.0
17226,1681840801000.0,0.0,0.0,2.1,2.897482515726538,0.0,0.0,2.859,1.0,1.0,1704.4717457429615,1050.0,1704.3909324599358,1050.0,0.003569852828726983,0.0
17227,1681844401000.0,0.0,0.0,2.1,2.897482515726538,0.0,0.0,2.889,1.0,1.0,1704.4717457429615,1050.0,1704.4539324599357,1050.0,0.003569852828726983,0.0
17228,1681848001000.0,0.0,0.0,2.1,2.897482515726538,0.0,0.0,2.883,1.0,1.0,1704.4717457429615,1050.0,1704.4413324599357,1050.0,0.003569852828726983,0.0
17229,1681851601000.0,0.0,0.0,0.4,3.0043898915179605,0.0,0.0,2.947,1.0,1.0,1704.5442985465422,1050.0,1704.521342589935,1050.0,0.0007050306393514774,0.0
17230,1681855201000.0,0.0,0.0,0.4,3.0043898915179605,0.0,0.0,2.995,1.0,1.0,1704.5442985465422,1050.0,1704.540542589935,1050.0,0.0007050306393514774,0.0
17231,1681858801000.0,0.0,0.0,0.4,3.0043898915179605,0.0,0.0,2.996,1.0,1.0,1704.5442985465422,1050.0,1704.540942589935,1050.0,0.0007050306393514774,0.0
17232,1681862401000.0,0.0,0.0,0.4,3.00979241863847,0.0,0.0,3.021,1.0,1.0,1704.5462990473904,1050.0,1704.550782079935,1050.0,0.0007062976043116072,0.0
17233,1681866001000.0,0.0,0.0,0.4,3.00979241863847,0.0,0.0,2.971,1.0,1.0,1704.5462990473904,1050.0,1704.530782079935,1050.0,0.0007062976043116072,0.0
17234,1681869601000.0,0.0,0.0,0.4,3.043978191696152,0.0,0.0,3.005,1.0,1.0,1704.5582078766136,1050.0,1704.5426165999352,1050.0,0.0007143148711801561,0.0
17235,1681873201000.0,0.0,0.0,0.4,3.043978191696152,0.0,0.0,2.982,1.0,1.0,1704.5582078766136,1050.0,1704.533416599935,1050.0,0.0007143148711801561,0.0
17236,1681876801000.0,0.0,0.0,0.9,3.0034347518649565,0.0,0.0,2.985,1.0,1.0,1704.5580593266136,1050.0,1704.5414680499352,1050.0,0.001585801822289537,0.0
17237,1681880401000.0,0.0,0.0,0.7,3.0034347518649565,0.0,0.0,3.02,1.0,1.0,1704.5621118962408,1050.0,1704.5737075699353,1050.0,0.0012333984849438244,0.0
17238,1681884001000.0,0.0,0.0,0.4,3.073481624396334,0.0,0.0,3.077,1.0,1.0,1704.5912974096946,1050.0,1704.592704759936,1050.0,0.000721224290905817,0.0
17239,1681887601000.0,0.0,0.0,0.4,3.073481624396334,0.0,0.0,3.03,1.0,1.0,1704.5912974096946,1050.0,1704.573904759936,1050.0,0.000721224290905817,0.0
17240,1681891201000.0,0.0,0.0,0.4,3.073481624396334,0.0,0.0,3.021,1.0,1.0,1704.5912974096946,1050.0,1704.570304759936,1050.0,0.000721224290905817,0.0
17241,1681894801000.0,0.0,0.0,0.4,2.8981221492134077,0.0,0.0,2.886,1.0,1.0,1706.0024605596213,1050.0,1705.997611699936,1050.0,0.0006795118333563797,0.0
17242,1681898401000.0,0.0,0.0,0.9,2.8591653996504034,0.0,0.0,2.833,1.0,1.0,1706.0023191596213,1050.0,1705.9787702999358,1050.0,0.0015083501533297732,0.0
17243,1681902001000.0,0.0,0.0,0.4,2.8899370248689014,0.0,0.0,2.857,1.0,1.0,1706.028226239883,1050.0,1706.0150514299355,1050.0,0.0006775824644445361,0.0
17244,1681905601000.0,0.0,0.0,0.4,2.8899370248689014,0.0,0.0,2.868,1.0,1.0,1706.028226239883,1050.0,1706.0194514299355,1050.0,0.0006775824644445361,0.0
17245,1681909201000.0,0.0,0.0,0.4,2.905598432366567,0.0,0.0,2.916,1.0,1.0,1706.0338158928823,1050.0,1706.0379765199357,1050.0,0.0006812522484135806,0.0
17246,1681912801000.0,0.0,0.0,0.4,2.979584462975925,0.0,0.0,2.987,1.0,1.0,1706.0603815451261,1050.0,1706.0633477599358,1050.0,0.000698588278634642,0.0
17247,1681916401000.0,0.0,0.0,0.4,3.038729200807283,0.0,0.0,3.013,1.0,1.0,1706.0818734302593,1050.0,1706.0715817499363,1050.0,0.0007124462777856245,0.0
17248,1681920001000.0,0.0,0.0,0.9,2.997768533692126,0.0,0.0,2.983,1.0,1.0,1706.0817251802594,1050.0,1706.0684334999364,1050.0,0.001581396506687188,0.0
17249,1681923601000.0,0.0,0.0,0.9,2.997768533692126,0.0,0.0,2.97,1.0,1.0,1706.0817251802594,1050.0,1706.0567334999364,1050.0,0.001581396506687188,0.0
17250,1681927201000.0,0.0,0.0,2.1,2.9561865144394823,0.0,0.0,2.941,1.0,1.0,1706.0813741802594,1050.0,1706.0494824999366,1050.0,0.00363874301324328,0.0
17251,1681930801000.0,0.0,0.0,2.1,2.9561865144394823,0.0,0.0,2.893,1.0,1.0,1706.0813741802594,1050.0,1705.9486824999365,1050.0,0.00363874301324328,0.0
17252,1681934401000.0,0.0,0.0,0.6,2.914937077616921,0.0,0.0,2.939,1.0,1.0,1706.1900727265065,1050.0,1706.2045104799363,1050.0,0.0010250688211866665,0.0
17253,1681938001000.0,0.0,0.0,0.4,2.930660954619638,0.0,0.0,2.902,1.0,1.0,1706.199539761784,1050.0,1706.1880753799362,1050.0,0.000687061714957164,0.0
17254,1681941601000.0,0.0,0.0,0.4,2.939139835497519,0.0,0.0,2.955,1.0,1.0,1706.2314307941356,1050.0,1706.2377748599365,1050.0,0.000689036617765164,0.0
17255,1681945201000.0,0.0,0.0,0.4,2.954637118100515,0.0,0.0,2.903,1.0,1.0,1706.2371518371767,1050.0,1706.2164969899366,1050.0,0.0006926673973589508,0.0
17256,1681948801000.0,0.0,0.0,4.9,2.8341540504571845,0.0,0.0,2.837,1.0,1.0,1706.2358812871767,1050.0,1706.2498264399364,1050.0,0.008139176417251082,0.0
17257,1681952401000.0,0.0,0.0,0.4,2.94170023227335,0.0,0.0,2.916,1.0,1.0,1706.4209451228455,1050.0,1706.4106650299361,1050.0,0.0006895602730805854,0.0
17258,1681956001000.0,0.0,0.0,0.4,2.9520813806537585,0.0,0.0,2.943,1.0,1.0,1706.424779002198,1050.0,1706.4211464499365,1050.0,0.0006919921503671405,0.0
17259,1681959601000.0,0.0,0.0,0.4,2.9520813806537585,0.0,0.0,2.918,1.0,1.0,1706.424779002198,1050.0,1706.4111464499365,1050.0,0.0006919921503671405,0.0
17260,1681963201000.0,0.0,0.0,0.4,3.0108169437262218,0.0,0.0,3.0,1.0,1.0,1706.446113377427,1050.0,1706.4417865999367,1050.0,0.0007057514257551707,0.0
17261,1681966801000.0,0.0,0.0,4.3,2.88786260765112,0.0,0.0,2.914,1.0,1.0,1706.4561267728366,1050.0,1706.5685175599367,1050.0,0.007276957794621856,0.0
17262,1681970401000.0,0.0,0.0,0.4,2.9257798961515826,0.0,0.0,2.907,1.0,1.0,1706.6808884283973,1050.0,1706.6733764699368,1050.0,0.0006857239489793073,0.0
17263,1681974001000.0,0.0,0.0,0.4,2.9700949779125163,0.0,0.0,2.964,1.0,1.0,1706.6957988611016,1050.0,1706.6933608699367,1050.0,0.0006961041281977716,0.0
17264,1681977601000.0,0.0,0.0,0.4,2.9700949779125163,0.0,0.0,2.969,1.0,1.0,1706.6957988611016,1050.0,1706.6953608699366,1050.0,0.0006961041281977716,0.0
17265,1681981201000.0,0.0,0.0,0.4,2.996442460578848,0.0,0.0,2.952,1.0,1.0,1706.7054377341683,1050.0,1706.6876607499369,1050.0,0.000702275247814747,0.0
17266,1681984801000.0,0.0,0.0,0.4,2.996442460578848,0.0,0.0,2.944,1.0,1.0,1706.7054377341683,1050.0,1706.6844607499368,1050.0,0.000702275247814747,0.0
17267,1681988401000.0,0.0,0.0,0.9,2.956196649146155,0.0,0.0,2.897,1.0,1.0,1706.7052915341683,1050.0,1706.6520145499367,1050.0,0.0015588965461283183,0.0
17268,1681992001000.0,0.0,0.0,4.9,2.874648364128885,0.0,0.0,2.857,1.0,1.0,1706.7041490141683,1050.0,1706.6176720299368,1050.0,0.008253203692255512,0.0
17269,1681995601000.0,0.0,0.0,0.4,2.8931772048224973,0.0,0.0,2.906,1.0,1.0,1706.881215551866,1050.0,1706.886344669937,1050.0,0.0006780031740842798,0.0
17270,1681999201000.0,0.0,0.0,0.4,2.8931772048224973,0.0,0.0,2.886,1.0,1.0,1706.881215551866,1050.0,1706.878344669937,1050.0,0.0006780031740842798,0.0
17271,1682002801000.0,0.0,0.0,0.4,2.8931772048224973,0.0,0.0,2.836,1.0,1.0,1706.881215551866,1050.0,1706.858344669937,1050.0,0.0006780031740842798,0.0
17272,1682006401000.0,0.0,0.0,2.1,2.814652800918571,0.0,0.0,2.758,1.0,1.0,1706.880740201866,1050.0,1706.761769319937,1050.0,0.003462907948231905,0.0
17273,1682010001000.0,0.0,0.0,11.4,2.735269375607807,0.0,0.0,2.688,1.0,1.0,1706.8782130718662,1050.0,1706.3393421899373,1050.0,0.01826848022496618,0.0
17274,1682013601000.0,0.0,0.0,17.9,2.6928297324033457,0.0,0.0,2.674,1.0,1.0,1707.0298911099571,1050.0,1706.6928388999372,1050.0,0.02823714596976264,0.0
17275,1682017201000.0,0.0,0.0,17.9,2.6928297324033457,0.0,0.0,2.699,1.0,1.0,1707.0298911099571,1050.0,1707.1403388999372,1050.0,0.02823714596976264,0.0
17276,1682020801000.0,0.0,0.0,17.9,2.6928297324033457,0.0,0.0,2.696,1.0,1.0,1707.0298911099571,1050.0,1707.0866388999373,1050.0,0.02823714596976264,0.0
17277,1682024401000.0,0.0,0.0,17.9,2.6928297324033457,0.0,0.0,2.684,1.0,1.0,1707.0298911099571,1050.0,1706.8718388999373,1050.0,0.02823714596976264,0.0
17278,1682028001000.0,0.0,0.0,15.7,2.6928297324033457,0.0,0.0,2.705,1.0,1.0,1707.0692692786697,1050.0,1707.2603424799372,1050.0,0.024766087445647157,0.0
17279,1682031601000.0,0.0,0.0,2.0,2.6928297324033457,0.0,0.0,2.693,1.0,1.0,1707.3609832247441,1050.0,1707.3613237599375,1050.0,0.003154376559920348,0.0
17280,1682035201000.0,0.0,0.0,2.0,2.6928297324033457,0.0,0.0,2.698,1.0,1.0,1707.3609832247441,1050.0,1707.3713237599375,1050.0,0.003154376559920348,0.0
17281,1682038801000.0,0.0,0.0,0.4,2.7143562825182457,0.0,0.0,2.727,1.0,1.0,1707.3967148629447,1050.0,1707.4017723499373,1050.0,0.0006359052372280408,0.0
17282,1682042401000.0,0.0,0.0,0.4,2.719267211888684,0.0,0.0,2.702,1.0,1.0,1707.3985245646927,1050.0,1707.3916176799373,1050.0,0.0006370550689287894,0.0
17283,1682046001000.0,0.0,0.0,0.4,2.719267211888684,0.0,0.0,2.707,1.0,1.0,1707.3985245646927,1050.0,1707.3936176799373,1050.0,0.0006370550689287894,0.0
17284,1682049601000.0,0.0,0.0,0.4,2.719267211888684,0.0,0.0,2.707,1.0,1.0,1707.3985245646927,1050.0,1707.3936176799373,1050.0,0.0006370550689287894,0.0
17285,1682053201000.0,0.0,0.0,0.4,2.719267211888684,0.0,0.0,2.704,1.0,1.0,1707.3985245646927,1050.0,1707.3924176799371,1050.0,0.0006370550689287894,0.0
17286,1682056801000.0,0.0,0.0,0.4,2.719267211888684,0.0,0.0,2.693,1.0,1.0,1707.3985245646927,1050.0,1707.3880176799373,1050.0,0.0006370550689287894,0.0
17287,1682060401000.0,0.0,0.0,0.4,2.719267211888684,0.0,0.0,2.681,1.0,1.0,1707.3985245646927,1050.0,1707.3832176799372,1050.0,0.0006370550689287894,0.0
17288,1682064001000.0,0.0,0.0,0.4,2.719267211888684,0.0,0.0,2.723,1.0,1.0,1707.3985245646927,1050.0,1707.4000176799373,1050.0,0.0006370550689287894,0.0
17289,1682067601000.0,0.0,0.0,0.4,2.719267211888684,0.0,0.0,2.718,1.0,1.0,1707.3985245646927,1050.0,1707.3980176799373,1050.0,0.0006370550689287894,0.0
17290,1682071201000.0,0.0,0.0,0.4,2.719267211888684,0.0,0.0,2.719,1.0,1.0,1707.3985245646927,1050.0,1707.3984176799372,1050.0,0.0006370550689287894,0.0
17291,1682074801000.0,0.0,0.0,0.4,2.719267211888684,0.0,0.0,2.693,1.0,1.0,1707.3985245646927,1050.0,1707.3880176799373,1050.0,0.0006370550689287894,0.0
17292,1682078401000.0,0.0,0.0,0.4,2.719267211888684,0.0,0.0,2.668,1.0,1.0,1707.3985245646927,1050.0,1707.3780176799373,1050.0,0.0006370550689287894,0.0
17293,1682082001000.0,0.0,0.0,0.9,2.683007649728304,0.0,0.0,2.669,1.0,1.0,1707.3983918646927,1050.0,1707.3857849799372,1050.0,0.0014142609576422943,0.0
17294,1682085601000.0,0.0,0.0,0.9,2.683007649728304,0.0,0.0,2.647,1.0,1.0,1707.3983918646927,1050.0,1707.3659849799371,1050.0,0.0014142609576422943,0.0
17295,1682089201000.0,0.0,0.0,0.9,2.683007649728304,0.0,0.0,2.648,1.0,1.0,1707.3983918646927,1050.0,1707.3668849799371,1050.0,0.0014142609576422943,0.0
17296,1682092801000.0,0.0,0.0,0.9,2.683007649728304,0.0,0.0,2.632,1.0,1.0,1707.3983918646927,1050.0,1707.3524849799373,1050.0,0.0014142609576422943,0.0
17297,1682096401000.0,0.0,0.0,2.1,2.64586042131213,0.0,0.0,2.655,1.0,1.0,1707.3980777046927,1050.0,1707.4172708199371,1050.0,0.0032542539184681443,0.0
17298,1682100001000.0,0.0,0.0,1.2,2.64586042131213,0.0,0.0,2.646,1.0,1.0,1707.4141635655117,1050.0,1707.414331059937,1050.0,0.0018595561483127718,0.0
17299,1682103601000.0,0.0,0.0,0.4,2.64586042131213,0.0,0.0,2.643,1.0,1.0,1707.4284621084619,1050.0,1707.427317939937,1050.0,0.0006198468586015771,0.0
17300,1682107201000.0,0.0,0.0,4.9,2.538070238474459,0.0,0.0,2.51,1.0,1.0,1707.4273242884617,1050.0,1707.289780119937,1050.0,0.007283791228834613,0.0
17301,1682110801000.0,0.0,0.0,11.4,2.5015389621513027,0.0,0.0,2.467,1.0,1.0,1707.4257161884616,1050.0,1707.0319720199368,1050.0,0.016702070197340962,0.0
17302,1682114401000.0,0.0,0.0,11.4,2.5015389621513027,0.0,0.0,2.459,1.0,1.0,1707.4257161884616,1050.0,1706.9407720199367,1050.0,0.016702070197340962,0.0
17303,1682118001000.0,0.0,0.0,11.4,2.5015389621513027,0.0,0.0,2.467,1.0,1.0,1707.4257161884616,1050.0,1707.0319720199368,1050.0,0.016702070197340962,0.0
17304,1682121601000.0,0.0,0.0,11.4,2.5015389621513027,0.0,0.0,2.49,1.0,1.0,1707.4257161884616,1050.0,1707.2941720199367,1050.0,0.016702070197340962,0.0
17305,1682125201000.0,0.0,0.0,11.4,2.5015389621513027,0.0,0.0,2.464,1.0,1.0,1707.4257161884616,1050.0,1706.9977720199367,1050.0,0.016702070197340962,0.0
17306,1682128801000.0,0.0,0.0,11.4,2.5015389621513027,0.0,0.0,2.475,1.0,1.0,1707.4257161884616,1050.0,1707.1231720199366,1050.0,0.016702070197340962,0.0
17307,1682132401000.0,0.0,0.0,11.4,2.5015389621513027,0.0,0.0,2.467,1.0,1.0,1707.4257161884616,1050.0,1707.0319720199368,1050.0,0.016702070197340962,0.0
17308,1682136001000.0,0.0,0.0,11.4,2.5015389621513027,0.0,0.0,2.484,1.0,1.0,1707.4257161884616,1050.0,1707.2257720199368,1050.0,0.016702070197340962,0.0
17309,1682139601000.0,0.0,0.0,11.4,2.5015389621513027,0.0,0.0,2.487,1.0,1.0,1707.4257161884616,1050.0,1707.2599720199366,1050.0,0.016702070197340962,0.0
17310,1682143201000.0,0.0,0.0,11.4,2.5015389621513027,0.0,0.0,2.487,1.0,1.0,1707.4257161884616,1050.0,1707.2599720199366,1050.0,0.016702070197340962,0.0
17311,1682146801000.0,0.0,0.0,11.4,2.5015389621513027,0.0,0.0,2.474,1.0,1.0,1707.4257161884616,1050.0,1707.1117720199368,1050.0,0.016702070197340962,0.0
17312,1682150401000.0,0.0,0.0,11.4,2.5015389621513027,0.0,0.0,2.491,1.0,1.0,1707.4257161884616,1050.0,1707.3055720199368,1050.0,0.016702070197340962,0.0
17313,1682154001000.0,0.0,0.0,11.4,2.5015389621513027,0.0,0.0,2.464,1.0,1.0,1707.4257161884616,1050.0,1706.9977720199367,1050.0,0.016702070197340962,0.0
17314,1682157601000.0,0.0,0.0,11.4,2.5015389621513027,0.0,0.0,2.472,1.0,1.0,1707.4257161884616,1050.0,1707.0889720199368,1050.0,0.016702070197340962,0.0
17315,1682161201000.0,0.0,0.0,11.4,2.5015389621513027,0.0,0.0,2.468,1.0,1.0,1707.4257161884616,1050.0,1707.0433720199367,1050.0,0.016702070197340962,0.0
17316,1682164801000.0,0.0,0.0,11.4,2.5015389621513027,0.0,0.0,2.475,1.0,1.0,1707.4257161884616,1050.0,1707.1231720199366,1050.0,0.016702070197340962,0.0
17317,1682168401000.0,0.0,0.0,11.4,2.5015389621513027,0.0,0.0,2.504,1.0,1.0,1707.4257161884616,1050.0,1707.4537720199367,1050.0,0.016702070197340962,0.0
17318,1682172001000.0,0.0,0.0,11.4,2.5015389621513027,0.0,0.0,2.472,1.0,1.0,1707.4257161884616,1050.0,1707.0889720199368,1050.0,0.016702070197340962,0.0
17319,1682175601000.0,0.0,0.0,11.4,2.5015389621513027,0.0,0.0,2.514,1.0,1.0,1707.4257161884616,1050.0,1707.5677720199367,1050.0,0.016702070197340962,0.0
17320,1682179201000.0,0.0,0.0,1.4,2.5015389621513027,0.0,0.0,2.515,1.0,1.0,1707.6018071669491,1050.0,1707.6206526199373,1050.0,0.0020509199113710143,0.0
17321,1682182801000.0,0.0,0.0,0.5,2.5085233772907816,0.0,0.0,2.513,1.0,1.0,1707.6279861085832,1050.0,1707.6302244199378,1050.0,0.000734505231144435,0.0
17322,1682186401000.0,0.0,0.0,0.5,2.515514026374469,0.0,0.0,2.525,1.0,1.0,1707.631180413125,1050.0,1707.6359233999378,1050.0,0.0007365507421122088,0.0
17323,1682190001000.0,0.0,0.0,0.5,2.515514026374469,0.0,0.0,2.507,1.0,1.0,1707.631180413125,1050.0,1707.6269233999378,1050.0,0.0007365507421122088,0.0
17324,1682193601000.0,0.0,0.0,0.5,2.515514026374469,0.0,0.0,2.518,1.0,1.0,1707.631180413125,1050.0,1707.6324233999378,1050.0,0.0007365507421122088,0.0
17325,1682197201000.0,0.0,0.0,0.5,2.515514026374469,0.0,0.0,2.518,1.0,1.0,1707.631180413125,1050.0,1707.6324233999378,1050.0,0.0007365507421122088,0.0
17326,1682200801000.0,0.0,0.0,0.5,2.515514026374469,0.0,0.0,2.529,1.0,1.0,1707.631180413125,1050.0,1707.6379233999378,1050.0,0.0007365507421122088,0.0
17327,1682204401000.0,0.0,0.0,0.5,2.5295050494948086,0.0,0.0,2.543,1.0,1.0,1707.637573044685,1050.0,1707.6443205199375,1050.0,0.0007406445868325413,0.0
17328,1682208001000.0,0.0,0.0,0.4,2.5295050494948086,0.0,0.0,2.54,1.0,1.0,1707.6392970697354,1050.0,1707.6434950499374,1050.0,0.0005925150712648446,0.0
17329,1682211601000.0,0.0,0.0,0.4,2.5295050494948086,0.0,0.0,2.515,1.0,1.0,1707.6392970697354,1050.0,1707.6334950499374,1050.0,0.0005925150712648446,0.0
17330,1682215201000.0,0.0,0.0,0.4,2.5295050494948086,0.0,0.0,2.495,1.0,1.0,1707.6392970697354,1050.0,1707.6254950499376,1050.0,0.0005925150712648446,0.0
17331,1682218801000.0,0.0,0.0,0.4,2.5295050494948086,0.0,0.0,2.491,1.0,1.0,1707.6392970697354,1050.0,1707.6238950499376,1050.0,0.0005925150712648446,0.0
17332,1682222401000.0,0.0,0.0,0.4,2.5295050494948086,0.0,0.0,2.505,1.0,1.0,1707.6392970697354,1050.0,1707.6294950499375,1050.0,0.0005925150712648446,0.0
17333,1682226001000.0,0.0,0.0,0.4,2.5295050494948086,0.0,0.0,2.51,1.0,1.0,1707.6392970697354,1050.0,1707.6314950499375,1050.0,0.0005925150712648446,0.0
17334,1682229601000.0,0.0,0.0,0.4,2.5295050494948086,0.0,0.0,2.522,1.0,1.0,1707.6392970697354,1050.0,1707.6362950499374,1050.0,0.0005925150712648446,0.0
17335,1682233201000.0,0.0,0.0,0.4,2.5295050494948086,0.0,0.0,2.516,1.0,1.0,1707.6392970697354,1050.0,1707.6338950499376,1050.0,0.0005925150712648446,0.0
17336,1682236801000.0,0.0,0.0,0.4,2.5295050494948086,0.0,0.0,2.538,1.0,1.0,1707.6392970697354,1050.0,1707.6426950499376,1050.0,0.0005925150712648446,0.0
17337,1682240401000.0,0.0,0.0,0.4,2.5295050494948086,0.0,0.0,2.532,1.0,1.0,1707.6392970697354,1050.0,1707.6402950499375,1050.0,0.0005925150712648446,0.0
17338,1682244001000.0,0.0,0.0,0.4,2.5295050494948086,0.0,0.0,2.523,1.0,1.0,1707.6392970697354,1050.0,1707.6366950499375,1050.0,0.0005925150712648446,0.0
17339,1682247601000.0,0.0,0.0,0.4,2.5295050494948086,0.0,0.0,2.514,1.0,1.0,1707.6392970697354,1050.0,1707.6330950499375,1050.0,0.0005925150712648446,0.0
17340,1682251201000.0,0.0,0.0,0.4,2.5295050494948086,0.0,0.0,2.532,1.0,1.0,1707.6392970697354,1050.0,1707.6402950499375,1050.0,0.0005925150712648446,0.0
17341,1682254801000.0,0.0,0.0,0.4,2.5295050494948086,0.0,0.0,2.528,1.0,1.0,1707.6392970697354,1050.0,1707.6386950499375,1050.0,0.0005925150712648446,0.0
17342,1682258401000.0,0.0,0.0,0.4,2.5295050494948086,0.0,0.0,2.517,1.0,1.0,1707.6392970697354,1050.0,1707.6342950499375,1050.0,0.0005925150712648446,0.0
17343,1682262001000.0,0.0,0.0,0.4,2.5295050494948086,0.0,0.0,2.487,1.0,1.0,1707.6392970697354,1050.0,1707.6222950499375,1050.0,0.0005925150712648446,0.0
17344,1682265601000.0,0.0,0.0,0.9,2.495891133108804,0.0,0.0,2.475,1.0,1.0,1707.6391736197354,1050.0,1707.6203715999375,1050.0,0.0013154430130789092,0.0
17345,1682269201000.0,0.0,0.0,0.9,2.495891133108804,0.0,0.0,2.481,1.0,1.0,1707.6391736197354,1050.0,1707.6257715999375,1050.0,0.0013154430130789092,0.0
17346,1682272801000.0,0.0,0.0,0.9,2.495891133108804,0.0,0.0,2.46,1.0,1.0,1707.6391736197354,1050.0,1707.6068715999374,1050.0,0.0013154430130789092,0.0
17347,1682276401000.0,0.0,0.0,2.1,2.461096199903773,0.0,0.0,2.425,1.0,1.0,1707.6388814197353,1050.0,1707.5630793999374,1050.0,0.003026577853217411,0.0
17348,1682280001000.0,0.0,0.0,2.1,2.461096199903773,0.0,0.0,2.435,1.0,1.0,1707.6388814197353,1050.0,1707.5840793999373,1050.0,0.003026577853217411,0.0
17349,1682283601000.0,0.0,0.0,2.1,2.461096199903773,0.0,0.0,2.446,1.0,1.0,1707.6388814197353,1050.0,1707.6071793999374,1050.0,0.003026577853217411,0.0
17350,1682287201000.0,0.0,0.0,2.1,2.461096199903773,0.0,0.0,2.453,1.0,1.0,1707.6388814197353,1050.0,1707.6218793999374,1050.0,0.003026577853217411,0.0
17351,1682290801000.0,0.0,0.0,1.7,2.461096199903773,0.0,0.0,2.475,1.0,1.0,1707.645543819774,1050.0,1707.6691802799376,1050.0,0.002450077274513113,0.0
17352,1682294401000.0,0.0,0.0,0.6,2.461096199903773,0.0,0.0,2.481,1.0,1.0,1707.6638654198796,1050.0,1707.6758076999374,1050.0,0.0008647238779507605,0.0
17353,1682298001000.0,0.0,0.0,0.5,2.4874847791792147,0.0,0.0,2.499,1.0,1.0,1707.6778261295267,1050.0,1707.6835837399371,1050.0,0.0007283237918528023,0.0
17354,1682301601000.0,0.0,0.0,0.5,2.5014945205045174,0.0,0.0,2.48,1.0,1.0,1707.684230360189,1050.0,1707.673483099937,1050.0,0.0007324230311528074,0.0
17355,1682305201000.0,0.0,0.0,0.5,2.5014945205045174,0.0,0.0,2.474,1.0,1.0,1707.684230360189,1050.0,1707.6704830999367,1050.0,0.0007324230311528074,0.0
17356,1682308801000.0,0.0,0.0,0.5,2.5014945205045174,0.0,0.0,2.474,1.0,1.0,1707.684230360189,1050.0,1707.6704830999367,1050.0,0.0007324230311528074,0.0
17357,1682312401000.0,0.0,0.0,0.5,2.5014945205045174,0.0,0.0,2.464,1.0,1.0,1707.684230360189,1050.0,1707.6654830999369,1050.0,0.0007324230311528074,0.0
17358,1682316001000.0,0.0,0.0,0.5,2.5014945205045174,0.0,0.0,2.453,1.0,1.0,1707.684230360189,1050.0,1707.6599830999369,1050.0,0.0007324230311528074,0.0
17359,1682319601000.0,0.0,0.0,1.2,2.4662060502102157,0.0,0.0,2.438,1.0,1.0,1707.6840594901892,1050.0,1707.6502122299369,1050.0,0.0017330180274305366,0.0
17360,1682323201000.0,0.0,0.0,1.2,2.4662060502102157,0.0,0.0,2.444,1.0,1.0,1707.6840594901892,1050.0,1707.6574122299369,1050.0,0.0017330180274305366,0.0
17361,1682326801000.0,0.0,0.0,1.2,2.4662060502102157,0.0,0.0,2.434,1.0,1.0,1707.6840594901892,1050.0,1707.645412229937,1050.0,0.0017330180274305366,0.0
17362,1682330401000.0,0.0,0.0,1.2,2.4662060502102157,0.0,0.0,2.457,1.0,1.0,1707.6840594901892,1050.0,1707.6730122299368,1050.0,0.0017330180274305366,0.0
17363,1682334001000.0,0.0,0.0,1.2,2.4662060502102157,0.0,0.0,2.481,1.0,1.0,1707.6840594901892,1050.0,1707.7018122299369,1050.0,0.0017330180274305366,0.0
17364,1682337601000.0,0.0,0.0,0.5,2.4874365068454067,0.0,0.0,2.5,1.0,1.0,1707.7053578133593,1050.0,1707.7116395599367,1050.0,0.0007282979161084493,0.0
17365,1682341201000.0,0.0,0.0,0.4,2.4874365068454067,0.0,0.0,2.483,1.0,1.0,1707.7069891226747,1050.0,1707.7052145199366,1050.0,0.000582637776313913,0.0
17366,1682344801000.0,0.0,0.0,0.5,2.508486285478608,0.0,0.0,2.512,1.0,1.0,1707.7149813226758,1050.0,1707.7167381799366,1050.0,0.000734456953564848,0.0
17367,1682348401000.0,0.0,0.0,0.5,2.508486285478608,0.0,0.0,2.491,1.0,1.0,1707.7149813226758,1050.0,1707.7062381799365,1050.0,0.000734456953564848,0.0
17368,1682352001000.0,0.0,0.0,0.5,2.508486285478608,0.0,0.0,2.468,1.0,1.0,1707.7149813226758,1050.0,1707.6947381799366,1050.0,0.000734456953564848,0.0
17369,1682355601000.0,0.0,0.0,1.2,2.4732026189494203,0.0,0.0,2.433,1.0,1.0,1707.7148099626759,1050.0,1707.6665668199366,1050.0,0.0017379032643068603,0.0
17370,1682359201000.0,0.0,0.0,0.5,2.4756130424398894,0.0,0.0,2.478,1.0,1.0,1707.7832229711564,1050.0,1707.7844164499365,1050.0,0.0007248030690139006,0.0
17371,1682362801000.0,0.0,0.0,0.5,2.4825678254639336,0.0,0.0,2.476,1.0,1.0,1707.7864006626683,1050.0,1707.7831167499362,1050.0,0.0007268379185185656,0.0
17372,1682366401000.0,0.0,0.0,0.5,2.4825678254639336,0.0,0.0,2.474,1.0,1.0,1707.7864006626683,1050.0,1707.7821167499362,1050.0,0.0007268379185185656,0.0
17373,1682370001000.0,0.0,0.0,0.5,2.4825678254639336,0.0,0.0,2.488,1.0,1.0,1707.7864006626683,1050.0,1707.7891167499363,1050.0,0.0007268379185185656,0.0
17374,1682373601000.0,0.0,0.0,0.5,2.4825678254639336,0.0,0.0,2.474,1.0,1.0,1707.7864006626683,1050.0,1707.7821167499362,1050.0,0.0007268379185185656,0.0
17375,1682377201000.0,0.0,0.0,0.5,2.4825678254639336,0.0,0.0,2.477,1.0,1.0,1707.7864006626683,1050.0,1707.7836167499363,1050.0,0.0007268379185185656,0.0
17376,1682380801000.0,0.0,0.0,0.5,2.4825678254639336,0.0,0.0,2.474,1.0,1.0,1707.7864006626683,1050.0,1707.7821167499362,1050.0,0.0007268379185185656,0.0
17377,1682384401000.0,0.0,0.0,0.5,2.4825678254639336,0.0,0.0,2.444,1.0,1.0,1707.7864006626683,1050.0,1707.7671167499363,1050.0,0.0007268379185185656,0.0
17378,1682388001000.0,0.0,0.0,0.5,2.4825678254639336,0.0,0.0,2.439,1.0,1.0,1707.7864006626683,1050.0,1707.7646167499363,1050.0,0.0007268379185185656,0.0
17379,1682391601000.0,0.0,0.0,0.5,2.4825678254639336,0.0,0.0,2.432,1.0,1.0,1707.7864006626683,1050.0,1707.7611167499363,1050.0,0.0007268379185185656,0.0
17380,1682395201000.0,0.0,0.0,1.2,2.4478199272766394,0.0,0.0,2.418,1.0,1.0,1707.7862310526682,1050.0,1707.7504471399363,1050.0,0.0017199950786120246,0.0
17381,1682398801000.0,0.0,0.0,1.2,2.4478199272766394,0.0,0.0,2.435,1.0,1.0,1707.7862310526682,1050.0,1707.7708471399362,1050.0,0.0017199950786120246,0.0
17382,1682402401000.0,0.0,0.0,1.2,2.4478199272766394,0.0,0.0,2.433,1.0,1.0,1707.7862310526682,1050.0,1707.7684471399361,1050.0,0.0017199950786120246,0.0
17383,1682406001000.0,0.0,0.0,1.2,2.4478199272766394,0.0,0.0,2.415,1.0,1.0,1707.7862310526682,1050.0,1707.7468471399363,1050.0,0.0017199950786120246,0.0
17384,1682409601000.0,0.0,0.0,1.2,2.4478199272766394,0.0,0.0,2.405,1.0,1.0,1707.7862310526682,1050.0,1707.7348471399362,1050.0,0.0017199950786120246,0.0
17385,1682413201000.0,0.0,0.0,2.8,2.4136371116899884,0.0,0.0,2.42,1.0,1.0,1707.7858489726682,1050.0,1707.8036650599363,1050.0,0.00395727831847149,0.0
17386,1682416801000.0,0.0,0.0,2.8,2.4136371116899884,0.0,0.0,2.4,1.0,1.0,1707.7858489726682,1050.0,1707.7476650599363,1050.0,0.00395727831847149,0.0
17387,1682420401000.0,0.0,0.0,2.8,2.4136371116899884,0.0,0.0,2.396,1.0,1.0,1707.7858489726682,1050.0,1707.7364650599363,1050.0,0.00395727831847149,0.0
17388,1682424001000.0,0.0,0.0,2.8,2.4136371116899884,0.0,0.0,2.41,1.0,1.0,1707.7858489726682,1050.0,1707.7756650599363,1050.0,0.00395727831847149,0.0
17389,1682427601000.0,0.0,0.0,2.8,2.4136371116899884,0.0,0.0,2.4,1.0,1.0,1707.7858489726682,1050.0,1707.7476650599363,1050.0,0.00395727831847149,0.0
17390,1682431201000.0,0.0,0.0,2.8,2.4136371116899884,0.0,0.0,2.399,1.0,1.0,1707.7858489726682,1050.0,1707.7448650599363,1050.0,0.00395727831847149,0.0
17391,1682434801000.0,0.0,0.0,6.5,2.379689832727995,0.0,0.0,2.364,1.0,1.0,1707.7849779926682,1050.0,1707.6829940799362,1050.0,0.009057336908369486,0.0
17392,1682438401000.0,0.0,0.0,6.5,2.379689832727995,0.0,0.0,2.337,1.0,1.0,1707.7849779926682,1050.0,1707.5074940799364,1050.0,0.009057336908369486,0.0
17393,1682442001000.0,0.0,0.0,6.5,2.379689832727995,0.0,0.0,2.349,1.0,1.0,1707.7849779926682,1050.0,1707.5854940799363,1050.0,0.009057336908369486,0.0
17394,1682445601000.0,0.0,0.0,6.5,2.379689832727995,0.0,0.0,2.366,1.0,1.0,1707.7849779926682,1050.0,1707.6959940799363,1050.0,0.009057336908369486,0.0
17395,1682449201000.0,0.0,0.0,6.5,2.379689832727995,0.0,0.0,2.359,1.0,1.0,1707.7849779926682,1050.0,1707.6504940799364,1050.0,0.009057336908369486,0.0
17396,1682452801000.0,0.0,0.0,6.5,2.379689832727995,0.0,0.0,2.363,1.0,1.0,1707.7849779926682,1050.0,1707.6764940799362,1050.0,0.009057336908369486,0.0
17397,1682456401000.0,0.0,0.0,0.5,2.397013899636797,0.0,0.0,2.42,1.0,1.0,1707.943061199755,1050.0,1707.9545542499366,1050.0,0.0007017253543431945,0.0
17398,1682460001000.0,0.0,0.0,0.5,2.457523760334303,0.0,0.0,2.472,1.0,1.0,1707.968779320104,1050.0,1707.9760174399369,1050.0,0.0007194287712075676,0.0
17399,1682463601000.0,0.0,0.0,0.5,2.464514256200582,0.0,0.0,2.462,1.0,1.0,1707.9719755880371,1050.0,1707.970718459937,1050.0,0.0007214738565461752,0.0
17400,1682467201000.0,0.0,0.0,0.3,2.464514256200582,0.0,0.0,2.482,1.0,1.0,1707.975223116797,1050.0,1707.9804688399367,1050.0,0.0004328834908453558,0.0
17401,1682470801000.0,0.0,0.0,0.5,2.4785051322322094,0.0,0.0,2.461,1.0,1.0,1707.978372226053,1050.0,1707.9696196599368,1050.0,0.0007255668960848458,0.0
17402,1682474401000.0,0.0,0.0,0.5,2.4785051322322094,0.0,0.0,2.475,1.0,1.0,1707.978372226053,1050.0,1707.976619659937,1050.0,0.0007255668960848458,0.0
17403,1682478001000.0,0.0,0.0,0.5,2.4785051322322094,0.0,0.0,2.488,1.0,1.0,1707.978372226053,1050.0,1707.9831196599368,1050.0,0.0007255668960848458,0.0
17404,1682481601000.0,0.0,0.0,0.5,2.4785051322322094,0.0,0.0,2.468,1.0,1.0,1707.978372226053,1050.0,1707.9731196599369,1050.0,0.0007255668960848458,0.0
17405,1682485201000.0,0.0,0.0,0.5,2.4785051322322094,0.0,0.0,2.472,1.0,1.0,1707.978372226053,1050.0,1707.9751196599368,1050.0,0.0007255668960848458,0.0
17406,1682488801000.0,0.0,0.0,0.5,2.4785051322322094,0.0,0.0,2.473,1.0,1.0,1707.978372226053,1050.0,1707.9756196599367,1050.0,0.0007255668960848458,0.0
17407,1682492401000.0,0.0,0.0,0.5,2.4785051322322094,0.0,0.0,2.452,1.0,1.0,1707.978372226053,1050.0,1707.9651196599368,1050.0,0.0007255668960848458,0.0
17408,1682496001000.0,0.0,0.0,0.5,2.4785051322322094,0.0,0.0,2.436,1.0,1.0,1707.978372226053,1050.0,1707.9571196599368,1050.0,0.0007255668960848458,0.0
17409,1682499601000.0,0.0,0.0,0.5,2.4785051322322094,0.0,0.0,2.476,1.0,1.0,1707.978372226053,1050.0,1707.9771196599368,1050.0,0.0007255668960848458,0.0
17410,1682503201000.0,0.0,0.0,0.5,2.4785051322322094,0.0,0.0,2.487,1.0,1.0,1707.978372226053,1050.0,1707.9826196599367,1050.0,0.0007255668960848458,0.0
17411,1682506801000.0,0.0,0.0,0.5,2.5002618476035954,0.0,0.0,2.513,1.0,1.0,1707.9862499037388,1050.0,1707.9926189799369,1050.0,0.000731932662732065,0.0
17412,1682510401000.0,0.0,0.0,0.5,2.5181742651372945,0.0,0.0,2.526,1.0,1.0,1707.9928040925054,1050.0,1707.9967169599367,1050.0,0.0007371735580804325,0.0
17413,1682514001000.0,0.0,0.0,0.5,2.559788270857076,0.0,0.0,2.554,1.0,1.0,1708.0105000353649,1050.0,1708.0076058999364,1050.0,0.0007493479316444703,0.0
17414,1682517601000.0,0.0,0.0,0.5,2.559788270857076,0.0,0.0,2.564,1.0,1.0,1708.0105000353649,1050.0,1708.0126058999363,1050.0,0.0007493479316444703,0.0
17415,1682521201000.0,0.0,0.0,0.5,2.5670729625142457,0.0,0.0,2.571,1.0,1.0,1708.0138392811934,1050.0,1708.0158027999364,1050.0,0.0007514789703327526,0.0
17416,1682524801000.0,0.0,0.0,0.5,2.5890477599030772,0.0,0.0,2.596,1.0,1.0,1708.0239156198875,1050.0,1708.0273917399359,1050.0,0.0007579073501917105,0.0
17417,1682528401000.0,0.0,0.0,0.5,2.5890477599030772,0.0,0.0,2.59,1.0,1.0,1708.0239156198875,1050.0,1708.024391739936,1050.0,0.0007579073501917105,0.0
17418,1682532001000.0,0.0,0.0,0.5,2.5890477599030772,0.0,0.0,2.589,1.0,1.0,1708.0239156198875,1050.0,1708.0238917399358,1050.0,0.0007579073501917105,0.0
17419,1682535601000.0,0.0,0.0,0.5,2.5890477599030772,0.0,0.0,2.567,1.0,1.0,1708.0239156198875,1050.0,1708.0128917399359,1050.0,0.0007579073501917105,0.0
17420,1682539201000.0,0.0,0.0,35.5,2.406831658590184,0.0,0.0,2.351,1.0,1.0,1708.0155008198876,1050.0,1706.033476939936,1050.0,0.05002444289231398,0.0
17421,1682542801000.0,0.0,0.0,55.6,2.362369853622603,0.0,0.0,2.391,1.0,1.0,1708.4231564713527,1050.0,1710.014992609936,1050.0,0.07688245348576742,0.0
17422,1682546401000.0,0.0,0.0,5.4,2.362369853622603,0.0,0.0,2.413,1.0,1.0,1709.353136529498,1050.0,1709.626539319936,1050.0,0.007462938427961235,0.0
17423,1682550001000.0,0.0,0.0,0.5,2.3758219121735618,0.0,0.0,2.397,1.0,1.0,1709.5511776160236,1050.0,1709.5617666599367,1050.0,0.000694867150887713,0.0
17424,1682553601000.0,0.0,0.0,0.5,2.4017855330294893,0.0,0.0,2.409,1.0,1.0,1709.5630705464516,1050.0,1709.566677779937,1050.0,0.0007024559591889678,0.0
17425,1682557201000.0,0.0,0.0,0.5,2.4705669612193493,0.0,0.0,2.465,1.0,1.0,1709.5903232105466,1050.0,1709.587539729937,1050.0,0.0007225611094299238,0.0
17426,1682560801000.0,0.0,0.0,0.5,2.4705669612193493,0.0,0.0,2.432,1.0,1.0,1709.5903232105466,1050.0,1709.571039729937,1050.0,0.0007225611094299238,0.0
17427,1682564401000.0,0.0,0.0,0.5,2.4705669612193493,0.0,0.0,2.441,1.0,1.0,1709.5903232105466,1050.0,1709.575539729937,1050.0,0.0007225611094299238,0.0
17428,1682568001000.0,0.0,0.0,0.5,2.4705669612193493,0.0,0.0,2.429,1.0,1.0,1709.5903232105466,1050.0,1709.5695397299369,1050.0,0.0007225611094299238,0.0
17429,1682571601000.0,0.0,0.0,0.5,2.4705669612193493,0.0,0.0,2.446,1.0,1.0,1709.5903232105466,1050.0,1709.5780397299368,1050.0,0.0007225611094299238,0.0
17430,1682575201000.0,0.0,0.0,0.5,2.4705669612193493,0.0,0.0,2.44,1.0,1.0,1709.5903232105466,1050.0,1709.5750397299369,1050.0,0.0007225611094299238,0.0
17431,1682578801000.0,0.0,0.0,1.2,2.435819567174729,0.0,0.0,2.417,1.0,1.0,1709.5901544405465,1050.0,1709.5675709599368,1050.0,0.0017097568519667827,0.0
17432,1682582401000.0,0.0,0.0,1.2,2.435819567174729,0.0,0.0,2.407,1.0,1.0,1709.5901544405465,1050.0,1709.5555709599369,1050.0,0.0017097568519667827,0.0
17433,1682586001000.0,0.0,0.0,1.2,2.435819567174729,0.0,0.0,2.41,1.0,1.0,1709.5901544405465,1050.0,1709.5591709599369,1050.0,0.0017097568519667827,0.0
17434,1682589601000.0,0.0,0.0,1.2,2.435819567174729,0.0,0.0,2.401,1.0,1.0,1709.5901544405465,1050.0,1709.5483709599368,1050.0,0.0017097568519667827,0.0
17435,1682593201000.0,0.0,0.0,1.2,2.435819567174729,0.0,0.0,2.41,1.0,1.0,1709.5901544405465,1050.0,1709.5591709599369,1050.0,0.0017097568519667827,0.0
17436,1682596801000.0,0.0,0.0,1.2,2.435819567174729,0.0,0.0,2.404,1.0,1.0,1709.5901544405465,1050.0,1709.5519709599369,1050.0,0.0017097568519667827,0.0
17437,1682600401000.0,0.0,0.0,1.2,2.435819567174729,0.0,0.0,2.402,1.0,1.0,1709.5901544405465,1050.0,1709.5495709599368,1050.0,0.0017097568519667827,0.0
17438,1682604001000.0,0.0,0.0,1.2,2.435819567174729,0.0,0.0,2.405,1.0,1.0,1709.5901544405465,1050.0,1709.5531709599368,1050.0,0.0017097568519667827,0.0
17439,1682607601000.0,0.0,0.0,1.2,2.435819567174729,0.0,0.0,2.407,1.0,1.0,1709.5901544405465,1050.0,1709.5555709599369,1050.0,0.0017097568519667827,0.0
17440,1682611201000.0,0.0,0.0,0.7,2.435819567174729,0.0,0.0,2.438,1.0,1.0,1709.5981220569602,1050.0,1709.5996483599379,1050.0,0.0009973535154395197,0.0
17441,1682614801000.0,0.0,0.0,0.7,2.435819567174729,0.0,0.0,2.433,1.0,1.0,1709.5981220569602,1050.0,1709.5961483599378,1050.0,0.0009973535154395197,0.0
17442,1682618401000.0,0.0,0.0,0.5,2.4426917403048374,0.0,0.0,2.453,1.0,1.0,1709.604447090091,1050.0,1709.6096012199387,1050.0,0.0007144026047845542,0.0
17443,1682622001000.0,0.0,0.0,0.4,2.4746356106038965,0.0,0.0,2.476,1.0,1.0,1709.6183839841797,1050.0,1709.618929739938,1050.0,0.0005789913430474192,0.0
17444,1682625601000.0,0.0,0.0,0.4,2.4746356106038965,0.0,0.0,2.468,1.0,1.0,1709.6183839841797,1050.0,1709.6157297399382,1050.0,0.0005789913430474192,0.0
17445,1682629201000.0,0.0,0.0,0.4,2.4746356106038965,0.0,0.0,2.458,1.0,1.0,1709.6183839841797,1050.0,1709.611729739938,1050.0,0.0005789913430474192,0.0
17446,1682632801000.0,0.0,0.0,0.4,2.4746356106038965,0.0,0.0,2.455,1.0,1.0,1709.6183839841797,1050.0,1709.610529739938,1050.0,0.0005789913430474192,0.0
17447,1682636401000.0,0.0,0.0,0.4,2.4746356106038965,0.0,0.0,2.444,1.0,1.0,1709.6183839841797,1050.0,1709.606129739938,1050.0,0.0005789913430474192,0.0
17448,1682640001000.0,0.0,0.0,0.4,2.4746356106038965,0.0,0.0,2.451,1.0,1.0,1709.6183839841797,1050.0,1709.608929739938,1050.0,0.0005789913430474192,0.0
17449,1682643601000.0,0.0,0.0,0.4,2.4746356106038965,0.0,0.0,2.458,1.0,1.0,1709.6183839841797,1050.0,1709.611729739938,1050.0,0.0005789913430474192,0.0
17450,1682647201000.0,0.0,0.0,0.4,2.4746356106038965,0.0,0.0,2.448,1.0,1.0,1709.6183839841797,1050.0,1709.6077297399381,1050.0,0.0005789913430474192,0.0
17451,1682650801000.0,0.0,0.0,0.4,2.4746356106038965,0.0,0.0,2.442,1.0,1.0,1709.6183839841797,1050.0,1709.605329739938,1050.0,0.0005789913430474192,0.0
17452,1682654401000.0,0.0,0.0,0.4,2.4746356106038965,0.0,0.0,2.444,1.0,1.0,1709.6183839841797,1050.0,1709.606129739938,1050.0,0.0005789913430474192,0.0
17453,1682658001000.0,0.0,0.0,0.4,2.4746356106038965,0.0,0.0,2.466,1.0,1.0,1709.6183839841797,1050.0,1709.6149297399381,1050.0,0.0005789913430474192,0.0
17454,1682661601000.0,0.0,0.0,0.4,2.4746356106038965,0.0,0.0,2.457,1.0,1.0,1709.6183839841797,1050.0,1709.6113297399381,1050.0,0.0005789913430474192,0.0
17455,1682665201000.0,0.0,0.0,0.4,2.4746356106038965,0.0,0.0,2.453,1.0,1.0,1709.6183839841797,1050.0,1709.609729739938,1050.0,0.0005789913430474192,0.0
17456,1682668801000.0,0.0,0.0,0.4,2.4746356106038965,0.0,0.0,2.454,1.0,1.0,1709.6183839841797,1050.0,1709.6101297399382,1050.0,0.0005789913430474192,0.0
17457,1682672401000.0,0.0,0.0,0.4,2.4746356106038965,0.0,0.0,2.436,1.0,1.0,1709.6183839841797,1050.0,1709.6029297399382,1050.0,0.0005789913430474192,0.0
17458,1682676001000.0,0.0,0.0,0.4,2.4746356106038965,0.0,0.0,2.427,1.0,1.0,1709.6183839841797,1050.0,1709.5993297399382,1050.0,0.0005789913430474192,0.0
17459,1682679601000.0,0.0,0.0,0.4,2.4746356106038965,0.0,0.0,2.446,1.0,1.0,1709.6183839841797,1050.0,1709.606929739938,1050.0,0.0005789913430474192,0.0
17460,1682683201000.0,0.0,0.0,0.4,2.4746356106038965,0.0,0.0,2.419,1.0,1.0,1709.6183839841797,1050.0,1709.596129739938,1050.0,0.0005789913430474192,0.0
17461,1682686801000.0,0.0,0.0,0.9,2.441504715823954,0.0,0.0,2.421,1.0,1.0,1709.6182632341797,1050.0,1709.599808989938,1050.0,0.0012852894072883276,0.0
17462,1682690401000.0,0.0,0.0,0.9,2.441504715823954,0.0,0.0,2.407,1.0,1.0,1709.6182632341797,1050.0,1709.587208989938,1050.0,0.0012852894072883276,0.0
17463,1682694001000.0,0.0,0.0,0.9,2.441504715823954,0.0,0.0,2.412,1.0,1.0,1709.6182632341797,1050.0,1709.591708989938,1050.0,0.0012852894072883276,0.0
17464,1682697601000.0,0.0,0.0,0.9,2.441504715823954,0.0,0.0,2.419,1.0,1.0,1709.6182632341797,1050.0,1709.598008989938,1050.0,0.0012852894072883276,0.0
17465,1682701201000.0,0.0,0.0,0.9,2.441504715823954,0.0,0.0,2.432,1.0,1.0,1709.6182632341797,1050.0,1709.609708989938,1050.0,0.0012852894072883276,0.0
17466,1682704801000.0,0.0,0.0,0.9,2.441504715823954,0.0,0.0,2.426,1.0,1.0,1709.6182632341797,1050.0,1709.604308989938,1050.0,0.0012852894072883276,0.0
17467,1682708401000.0,0.0,0.0,0.9,2.441504715823954,0.0,0.0,2.423,1.0,1.0,1709.6182632341797,1050.0,1709.601608989938,1050.0,0.0012852894072883276,0.0
17468,1682712001000.0,0.0,0.0,0.9,2.441504715823954,0.0,0.0,2.43,1.0,1.0,1709.6182632341797,1050.0,1709.607908989938,1050.0,0.0012852894072883276,0.0
17469,1682715601000.0,0.0,0.0,0.9,2.441504715823954,0.0,0.0,2.435,1.0,1.0,1709.6182632341797,1050.0,1709.612408989938,1050.0,0.0012852894072883276,0.0
17470,1682719201000.0,0.0,0.0,0.9,2.441504715823954,0.0,0.0,2.426,1.0,1.0,1709.6182632341797,1050.0,1709.604308989938,1050.0,0.0012852894072883276,0.0
17471,1682722801000.0,0.0,0.0,0.9,2.441504715823954,0.0,0.0,2.436,1.0,1.0,1709.6182632341797,1050.0,1709.613308989938,1050.0,0.0012852894072883276,0.0
17472,1682726401000.0,0.0,0.0,0.9,2.441504715823954,0.0,0.0,2.439,1.0,1.0,1709.6182632341797,1050.0,1709.616008989938,1050.0,0.0012852894072883276,0.0
17473,1682730001000.0,0.0,0.0,0.9,2.441504715823954,0.0,0.0,2.442,1.0,1.0,1709.6182632341797,1050.0,1709.618708989938,1050.0,0.0012852894072883276,0.0
17474,1682733601000.0,0.0,0.0,0.9,2.441504715823954,0.0,0.0,2.444,1.0,1.0,1709.6182632341797,1050.0,1709.6205089899381,1050.0,0.0012852894072883276,0.0
17475,1682737201000.0,0.0,0.0,0.5,2.4485028294943723,0.0,0.0,2.462,1.0,1.0,1709.6279637446858,1050.0,1709.6347123299386,1050.0,0.0007160922965167495,0.0
17476,1682740801000.0,0.0,0.0,0.5,2.462501018617974,0.0,0.0,2.458,1.0,1.0,1709.6343653192478,1050.0,1709.6321148099387,1050.0,0.0007201835282944081,0.0
17477,1682744401000.0,0.0,0.0,0.5,2.462501018617974,0.0,0.0,2.47,1.0,1.0,1709.6343653192478,1050.0,1709.6381148099388,1050.0,0.0007201835282944081,0.0
17478,1682748001000.0,0.0,0.0,0.5,2.462501018617974,0.0,0.0,2.46,1.0,1.0,1709.6343653192478,1050.0,1709.633114809939,1050.0,0.0007201835282944081,0.0
17479,1682751601000.0,0.0,0.0,0.5,2.462501018617974,0.0,0.0,2.462,1.0,1.0,1709.6343653192478,1050.0,1709.6341148099389,1050.0,0.0007201835282944081,0.0
17480,1682755201000.0,0.0,0.0,0.5,2.462501018617974,0.0,0.0,2.458,1.0,1.0,1709.6343653192478,1050.0,1709.6321148099387,1050.0,0.0007201835282944081,0.0
17481,1682758801000.0,0.0,0.0,0.5,2.462501018617974,0.0,0.0,2.458,1.0,1.0,1709.6343653192478,1050.0,1709.6321148099387,1050.0,0.0007201835282944081,0.0
17482,1682762401000.0,0.0,0.0,0.5,2.462501018617974,0.0,0.0,2.462,1.0,1.0,1709.6343653192478,1050.0,1709.6341148099389,1050.0,0.0007201835282944081,0.0
17483,1682766001000.0,0.0,0.0,0.5,2.462501018617974,0.0,0.0,2.452,1.0,1.0,1709.6343653192478,1050.0,1709.6291148099388,1050.0,0.0007201835282944081,0.0
17484,1682769601000.0,0.0,0.0,0.5,2.462501018617974,0.0,0.0,2.458,1.0,1.0,1709.6343653192478,1050.0,1709.6321148099387,1050.0,0.0007201835282944081,0.0
17485,1682773201000.0,0.0,0.0,0.5,2.462501018617974,0.0,0.0,2.455,1.0,1.0,1709.6343653192478,1050.0,1709.6306148099388,1050.0,0.0007201835282944081,0.0
17486,1682776801000.0,0.0,0.0,0.5,2.4765003667024708,0.0,0.0,2.487,1.0,1.0,1709.6407663532902,1050.0,1709.646016169939,1050.0,0.0007242750686113179,0.0
17487,1682780401000.0,0.0,0.0,0.5,2.4835002200214826,0.0,0.0,2.492,1.0,1.0,1709.6439665399496,1050.0,1709.6482164299389,1050.0,0.0007263208798518724,0.0
17488,1682784001000.0,0.0,0.0,0.5,2.4913001320128894,0.0,0.0,2.488,1.0,1.0,1709.6471664359453,1050.0,1709.6455163699388,1050.0,0.0007286006671208173,0.0
17489,1682787601000.0,0.0,0.0,0.5,2.4983800792077338,0.0,0.0,2.495,1.0,1.0,1709.6504060695431,1050.0,1709.6487160299394,1050.0,0.0007306698697985475,0.0
17490,1682791201000.0,0.0,0.0,0.5,2.4983800792077338,0.0,0.0,2.479,1.0,1.0,1709.6504060695431,1050.0,1709.6407160299393,1050.0,0.0007306698697985475,0.0
17491,1682794801000.0,0.0,0.0,0.5,2.4983800792077338,0.0,0.0,2.479,1.0,1.0,1709.6504060695431,1050.0,1709.6407160299393,1050.0,0.0007306698697985475,0.0
17492,1682798401000.0,0.0,0.0,0.5,2.4983800792077338,0.0,0.0,2.489,1.0,1.0,1709.6504060695431,1050.0,1709.6457160299392,1050.0,0.0007306698697985475,0.0
17493,1682802001000.0,0.0,0.0,0.5,2.4983800792077338,0.0,0.0,2.48,1.0,1.0,1709.6504060695431,1050.0,1709.6412160299392,1050.0,0.0007306698697985475,0.0
17494,1682805601000.0,0.0,0.0,0.5,2.4983800792077338,0.0,0.0,2.478,1.0,1.0,1709.6504060695431,1050.0,1709.6402160299392,1050.0,0.0007306698697985475,0.0
17495,1682809201000.0,0.0,0.0,0.5,2.4983800792077338,0.0,0.0,2.465,1.0,1.0,1709.6504060695431,1050.0,1709.6337160299393,1050.0,0.0007306698697985475,0.0
17496,1682812801000.0,0.0,0.0,0.5,2.4983800792077338,0.0,0.0,2.473,1.0,1.0,1709.6504060695431,1050.0,1709.6377160299392,1050.0,0.0007306698697985475,0.0
17497,1682816401000.0,0.0,0.0,0.5,2.4983800792077338,0.0,0.0,2.451,1.0,1.0,1709.6504060695431,1050.0,1709.6267160299392,1050.0,0.0007306698697985475,0.0
17498,1682820001000.0,0.0,0.0,1.2,2.4631583663365557,0.0,0.0,2.437,1.0,1.0,1709.650235409543,1050.0,1709.6188453699392,1050.0,0.0017288858144109305,0.0
17499,1682823601000.0,0.0,0.0,1.2,2.4631583663365557,0.0,0.0,2.439,1.0,1.0,1709.650235409543,1050.0,1709.621245369939,1050.0,0.0017288858144109305,0.0
17500,1682827201000.0,0.0,0.0,1.2,2.4631583663365557,0.0,0.0,2.425,1.0,1.0,1709.650235409543,1050.0,1709.6044453699392,1050.0,0.0017288858144109305,0.0
17501,1682830801000.0,0.0,0.0,1.2,2.4631583663365557,0.0,0.0,2.434,1.0,1.0,1709.650235409543,1050.0,1709.6152453699392,1050.0,0.0017288858144109305,0.0
17502,1682834401000.0,0.0,0.0,1.2,2.4631583663365557,0.0,0.0,2.443,1.0,1.0,1709.650235409543,1050.0,1709.6260453699392,1050.0,0.0017288858144109305,0.0
17503,1682838001000.0,0.0,0.0,1.2,2.4631583663365557,0.0,0.0,2.439,1.0,1.0,1709.650235409543,1050.0,1709.621245369939,1050.0,0.0017288858144109305,0.0
17504,1682841601000.0,0.0,0.0,1.2,2.4631583663365557,0.0,0.0,2.428,1.0,1.0,1709.650235409543,1050.0,1709.6080453699392,1050.0,0.0017288858144109305,0.0
17505,1682845201000.0,0.0,0.0,1.2,2.4631583663365557,0.0,0.0,2.439,1.0,1.0,1709.650235409543,1050.0,1709.621245369939,1050.0,0.0017288858144109305,0.0
17506,1682848801000.0,0.0,0.0,1.2,2.4631583663365557,0.0,0.0,2.439,1.0,1.0,1709.650235409543,1050.0,1709.621245369939,1050.0,0.0017288858144109305,0.0
17507,1682852401000.0,0.0,0.0,1.2,2.4631583663365557,0.0,0.0,2.437,1.0,1.0,1709.650235409543,1050.0,1709.6188453699392,1050.0,0.0017288858144109305,0.0
17508,1682856001000.0,0.0,0.0,1.2,2.4631583663365557,0.0,0.0,2.428,1.0,1.0,1709.650235409543,1050.0,1709.6080453699392,1050.0,0.0017288858144109305,0.0
17509,1682859601000.0,0.0,0.0,1.2,2.4631583663365557,0.0,0.0,2.428,1.0,1.0,1709.650235409543,1050.0,1709.6080453699392,1050.0,0.0017288858144109305,0.0
17510,1682863201000.0,0.0,0.0,1.2,2.4631583663365557,0.0,0.0,2.444,1.0,1.0,1709.650235409543,1050.0,1709.6272453699391,1050.0,0.0017288858144109305,0.0
17511,1682866801000.0,0.0,0.0,1.2,2.4631583663365557,0.0,0.0,2.452,1.0,1.0,1709.650235409543,1050.0,1709.6368453699392,1050.0,0.0017288858144109305,0.0
17512,1682870401000.0,0.0,0.0,0.5,2.4631583663365557,0.0,0.0,2.465,1.0,1.0,1709.668350303107,1050.0,1709.6692711199387,1050.0,0.0007203614566239887,0.0
17513,1682874001000.0,0.0,0.0,0.5,2.47737701188116,0.0,0.0,2.483,1.0,1.0,1709.6748609058793,1050.0,1709.6776723999387,1050.0,0.0007245170027734134,0.0
17514,1682877601000.0,0.0,0.0,0.5,2.47737701188116,0.0,0.0,2.463,1.0,1.0,1709.6748609058793,1050.0,1709.6676723999387,1050.0,0.0007245170027734134,0.0
17515,1682881201000.0,0.0,0.0,0.5,2.47737701188116,0.0,0.0,2.458,1.0,1.0,1709.6748609058793,1050.0,1709.6651723999387,1050.0,0.0007245170027734134,0.0
17516,1682884801000.0,0.0,0.0,1.2,2.44274042161715,0.0,0.0,2.427,1.0,1.0,1709.6746916458794,1050.0,1709.6558031399388,1050.0,0.001714529974774716,0.0
17517,1682888401000.0,0.0,0.0,1.2,2.44274042161715,0.0,0.0,2.43,1.0,1.0,1709.6746916458794,1050.0,1709.6594031399388,1050.0,0.001714529974774716,0.0
17518,1682892001000.0,0.0,0.0,1.2,2.44274042161715,0.0,0.0,2.431,1.0,1.0,1709.6746916458794,1050.0,1709.6606031399388,1050.0,0.001714529974774716,0.0
17519,1682895601000.0,0.0,0.0,1.2,2.44274042161715,0.0,0.0,2.446,1.0,1.0,1709.6746916458794,1050.0,1709.6786031399388,1050.0,0.001714529974774716,0.0
17520,1682899201000.0,0.0,0.0,1.2,2.44274042161715,0.0,0.0,2.426,1.0,1.0,1709.6746916458794,1050.0,1709.654603139939,1050.0,0.001714529974774716,0.0
17521,1682902801000.0,0.0,0.0,1.2,2.44274042161715,0.0,0.0,2.43,1.0,1.0,1709.6746916458794,1050.0,1709.6594031399388,1050.0,0.001714529974774716,0.0
17522,1682906401000.0,0.0,0.0,2.8,2.408603037835922,0.0,0.0,2.376,1.0,1.0,1709.6743103658794,1050.0,1709.5830218599388,1050.0,0.00394466271444256,0.0
17523,1682910001000.0,0.0,0.0,2.8,2.408603037835922,0.0,0.0,2.398,1.0,1.0,1709.6743103658794,1050.0,1709.6446218599388,1050.0,0.00394466271444256,0.0
17524,1682913601000.0,0.0,0.0,2.8,2.408603037835922,0.0,0.0,2.394,1.0,1.0,1709.6743103658794,1050.0,1709.6334218599388,1050.0,0.00394466271444256,0.0
17525,1682917201000.0,0.0,0.0,2.8,2.408603037835922,0.0,0.0,2.401,1.0,1.0,1709.6743103658794,1050.0,1709.6530218599387,1050.0,0.00394466271444256,0.0
17526,1682920801000.0,0.0,0.0,2.8,2.408603037835922,0.0,0.0,2.399,1.0,1.0,1709.6743103658794,1050.0,1709.6474218599387,1050.0,0.00394466271444256,0.0
17527,1682924401000.0,0.0,0.0,2.8,2.408603037835922,0.0,0.0,2.403,1.0,1.0,1709.6743103658794,1050.0,1709.6586218599389,1050.0,0.00394466271444256,0.0
17528,1682928001000.0,0.0,0.0,2.8,2.408603037835922,0.0,0.0,2.4,1.0,1.0,1709.6743103658794,1050.0,1709.6502218599387,1050.0,0.00394466271444256,0.0
17529,1682931601000.0,0.0,0.0,2.8,2.408603037835922,0.0,0.0,2.404,1.0,1.0,1709.6743103658794,1050.0,1709.6614218599389,1050.0,0.00394466271444256,0.0
17530,1682935201000.0,0.0,0.0,2.8,2.408603037835922,0.0,0.0,2.395,1.0,1.0,1709.6743103658794,1050.0,1709.6362218599388,1050.0,0.00394466271444256,0.0
17531,1682938801000.0,0.0,0.0,2.8,2.408603037835922,0.0,0.0,2.392,1.0,1.0,1709.6743103658794,1050.0,1709.6278218599389,1050.0,0.00394466271444256,0.0
17532,1682942401000.0,0.0,0.0,2.8,2.408603037835922,0.0,0.0,2.389,1.0,1.0,1709.6743103658794,1050.0,1709.6194218599387,1050.0,0.00394466271444256,0.0
17533,1682946001000.0,0.0,0.0,2.8,2.408603037835922,0.0,0.0,2.398,1.0,1.0,1709.6743103658794,1050.0,1709.6446218599388,1050.0,0.00394466271444256,0.0
17534,1682949601000.0,0.0,0.0,2.8,2.408603037835922,0.0,0.0,2.386,1.0,1.0,1709.6743103658794,1050.0,1709.6110218599388,1050.0,0.00394466271444256,0.0
17535,1682953201000.0,0.0,0.0,2.8,2.408603037835922,0.0,0.0,2.391,1.0,1.0,1709.6743103658794,1050.0,1709.6250218599387,1050.0,0.00394466271444256,0.0
17536,1682956801000.0,0.0,0.0,2.8,2.408603037835922,0.0,0.0,2.371,1.0,1.0,1709.6743103658794,1050.0,1709.5690218599389,1050.0,0.00394466271444256,0.0
17537,1682960401000.0,0.0,0.0,6.5,2.3746751547600895,0.0,0.0,2.368,1.0,1.0,1709.6734412358794,1050.0,1709.6300527299388,1050.0,0.009028267114439546,0.0
17538,1682964001000.0,0.0,0.0,6.5,2.3746751547600895,0.0,0.0,2.361,1.0,1.0,1709.6734412358794,1050.0,1709.5845527299389,1050.0,0.009028267114439546,0.0
17539,1682967601000.0,0.0,0.0,6.5,2.3746751547600895,0.0,0.0,2.336,1.0,1.0,1709.6734412358794,1050.0,1709.4220527299387,1050.0,0.009028267114439546,0.0
17540,1682971201000.0,0.0,0.0,15.2,2.339946612232933,0.0,0.0,2.326,1.0,1.0,1709.6714280558795,1050.0,1709.459439549939,1050.0,0.02080352278354744,0.0
17541,1682974801000.0,0.0,0.0,15.2,2.339946612232933,0.0,0.0,2.319,1.0,1.0,1709.6714280558795,1050.0,1709.3530395499388,1050.0,0.02080352278354744,0.0
17542,1682978401000.0,0.0,0.0,15.2,2.339946612232933,0.0,0.0,2.33,1.0,1.0,1709.6714280558795,1050.0,1709.5202395499389,1050.0,0.02080352278354744,0.0
17543,1682982001000.0,0.0,0.0,15.2,2.339946612232933,0.0,0.0,2.338,1.0,1.0,1709.6714280558795,1050.0,1709.6418395499388,1050.0,0.02080352278354744,0.0
17544,1682985601000.0,0.0,0.0,15.2,2.339946612232933,0.0,0.0,2.346,1.0,1.0,1709.6714280558795,1050.0,1709.7634395499388,1050.0,0.02080352278354744,0.0
17545,1682989201000.0,0.0,0.0,15.2,2.339946612232933,0.0,0.0,2.332,1.0,1.0,1709.6714280558795,1050.0,1709.550639549939,1050.0,0.02080352278354744,0.0
17546,1682992801000.0,0.0,0.0,15.2,2.339946612232933,0.0,0.0,2.326,1.0,1.0,1709.6714280558795,1050.0,1709.459439549939,1050.0,0.02080352278354744,0.0
17547,1682996401000.0,0.0,0.0,15.2,2.339946612232933,0.0,0.0,2.332,1.0,1.0,1709.6714280558795,1050.0,1709.550639549939,1050.0,0.02080352278354744,0.0
17548,1683000001000.0,0.0,0.0,15.2,2.339946612232933,0.0,0.0,2.343,1.0,1.0,1709.6714280558795,1050.0,1709.7178395499388,1050.0,0.02080352278354744,0.0
17549,1683003601000.0,0.0,0.0,15.2,2.339946612232933,0.0,0.0,2.335,1.0,1.0,1709.6714280558795,1050.0,1709.596239549939,1050.0,0.02080352278354744,0.0
17550,1683007201000.0,0.0,0.0,15.2,2.339946612232933,0.0,0.0,2.342,1.0,1.0,1709.6714280558795,1050.0,1709.7026395499388,1050.0,0.02080352278354744,0.0
17551,1683010801000.0,0.0,0.0,15.2,2.339946612232933,0.0,0.0,2.345,1.0,1.0,1709.6714280558795,1050.0,1709.748239549939,1050.0,0.02080352278354744,0.0
17552,1683014401000.0,0.0,0.0,8.0,2.339946612232933,0.0,0.0,2.356,1.0,1.0,1709.7853161278022,1050.0,1709.9137432299387,1050.0,0.010948493194606558,0.0
17553,1683018001000.0,0.0,0.0,1.9,2.339946612232933,0.0,0.0,2.344,1.0,1.0,1709.881804633181,1050.0,1709.8895060699383,1050.0,0.0026001204008345748,0.0
17554,1683021601000.0,0.0,0.0,1.9,2.339946612232933,0.0,0.0,2.343,1.0,1.0,1709.881804633181,1050.0,1709.8876060699383,1050.0,0.0026001204008345748,0.0
17555,1683025201000.0,0.0,0.0,1.9,2.339946612232933,0.0,0.0,2.337,1.0,1.0,1709.881804633181,1050.0,1709.8762060699385,1050.0,0.0026001204008345748,0.0
17556,1683028801000.0,0.0,0.0,1.9,2.339946612232933,0.0,0.0,2.346,1.0,1.0,1709.881804633181,1050.0,1709.8933060699385,1050.0,0.0026001204008345748,0.0
17557,1683032401000.0,0.0,0.0,1.9,2.339946612232933,0.0,0.0,2.344,1.0,1.0,1709.881804633181,1050.0,1709.8895060699383,1050.0,0.0026001204008345748,0.0
17558,1683036001000.0,0.0,0.0,1.9,2.339946612232933,0.0,0.0,2.337,1.0,1.0,1709.881804633181,1050.0,1709.8762060699385,1050.0,0.0026001204008345748,0.0
17559,1683039601000.0,0.0,0.0,0.4,2.339946612232933,0.0,0.0,2.356,1.0,1.0,1709.9139304748312,1050.0,1709.920351829938,1050.0,0.0005473834841694392,0.0
17560,1683043201000.0,0.0,0.0,0.4,2.3605964682423135,0.0,0.0,2.367,1.0,1.0,1709.923406587235,1050.0,1709.925967999938,1050.0,0.0005522110427048262,0.0
17561,1683046801000.0,0.0,0.0,0.4,2.3605964682423135,0.0,0.0,2.361,1.0,1.0,1709.923406587235,1050.0,1709.923567999938,1050.0,0.0005522110427048262,0.0
17562,1683050401000.0,0.0,0.0,0.4,2.3605964682423135,0.0,0.0,2.366,1.0,1.0,1709.923406587235,1050.0,1709.925567999938,1050.0,0.0005522110427048262,0.0
17563,1683054001000.0,0.0,0.0,0.5,2.3675578809453883,0.0,0.0,2.377,1.0,1.0,1709.9249756104107,1050.0,1709.929696669938,1050.0,0.0006922987600962478,0.0
17564,1683057601000.0,0.0,0.0,0.5,2.398928334856136,0.0,0.0,2.403,1.0,1.0,1709.9372251473656,1050.0,1709.9392609799374,1050.0,0.0007014667847380747,0.0
17565,1683061201000.0,0.0,0.0,0.5,2.4057570009136815,0.0,0.0,2.413,1.0,1.0,1709.9403428603944,1050.0,1709.9439643599376,1050.0,0.0007034622614053665,0.0
17566,1683064801000.0,0.0,0.0,0.5,2.426555512197355,0.0,0.0,2.431,1.0,1.0,1709.9498505760362,1050.0,1709.9520728199375,1050.0,0.0007095399643971763,0.0
17567,1683068401000.0,0.0,0.0,0.5,2.433533307318413,0.0,0.0,2.444,1.0,1.0,1709.953041733597,1050.0,1709.958275079938,1050.0,0.0007115789872367579,0.0
17568,1683072001000.0,0.0,0.0,0.5,2.440519984391048,0.0,0.0,2.442,1.0,1.0,1709.9562370521332,1050.0,1709.9569770599378,1050.0,0.0007136205978576284,0.0
17569,1683075601000.0,0.0,0.0,0.5,2.447911990634629,0.0,0.0,2.437,1.0,1.0,1709.959434735255,1050.0,1709.9539787399376,1050.0,0.0007157807199717659,0.0
17570,1683079201000.0,0.0,0.0,0.5,2.447911990634629,0.0,0.0,2.457,1.0,1.0,1709.959434735255,1050.0,1709.9639787399376,1050.0,0.0007157807199717659,0.0
17571,1683082801000.0,0.0,0.0,0.5,2.4547471943807775,0.0,0.0,2.463,1.0,1.0,1709.962553757128,1050.0,1709.9666801599376,1050.0,0.0007177780557203458,0.0
17572,1683086401000.0,0.0,0.0,0.5,2.4616483166284664,0.0,0.0,2.463,1.0,1.0,1709.965705458252,1050.0,1709.9663812999377,1050.0,0.00071979464522909,0.0
17573,1683090001000.0,0.0,0.0,0.5,2.4616483166284664,0.0,0.0,2.447,1.0,1.0,1709.965705458252,1050.0,1709.9583812999376,1050.0,0.00071979464522909,0.0
17574,1683093601000.0,0.0,0.0,0.5,2.4616483166284664,0.0,0.0,2.425,1.0,1.0,1709.965705458252,1050.0,1709.9473812999377,1050.0,0.00071979464522909,0.0
17575,1683097201000.0,0.0,0.0,0.5,2.4616483166284664,0.0,0.0,2.437,1.0,1.0,1709.965705458252,1050.0,1709.9533812999377,1050.0,0.00071979464522909,0.0
17576,1683100801000.0,0.0,0.0,0.5,2.4616483166284664,0.0,0.0,2.444,1.0,1.0,1709.965705458252,1050.0,1709.9568812999378,1050.0,0.00071979464522909,0.0
17577,1683104401000.0,0.0,0.0,0.5,2.4616483166284664,0.0,0.0,2.463,1.0,1.0,1709.965705458252,1050.0,1709.9663812999377,1050.0,0.00071979464522909,0.0
17578,1683108001000.0,0.0,0.0,0.5,2.4616483166284664,0.0,0.0,2.455,1.0,1.0,1709.965705458252,1050.0,1709.9623812999378,1050.0,0.00071979464522909,0.0
17579,1683111601000.0,0.0,0.0,0.5,2.4616483166284664,0.0,0.0,2.46,1.0,1.0,1709.965705458252,1050.0,1709.9648812999376,1050.0,0.00071979464522909,0.0
17580,1683115201000.0,0.0,0.0,0.5,2.4616483166284664,0.0,0.0,2.432,1.0,1.0,1709.965705458252,1050.0,1709.9508812999377,1050.0,0.00071979464522909,0.0
17581,1683118801000.0,0.0,0.0,0.5,2.4616483166284664,0.0,0.0,2.416,1.0,1.0,1709.965705458252,1050.0,1709.9428812999377,1050.0,0.00071979464522909,0.0
17582,1683122401000.0,0.0,0.0,0.5,2.4616483166284664,0.0,0.0,2.429,1.0,1.0,1709.965705458252,1050.0,1709.9493812999376,1050.0,0.00071979464522909,0.0
17583,1683126001000.0,0.0,0.0,0.5,2.4616483166284664,0.0,0.0,2.428,1.0,1.0,1709.965705458252,1050.0,1709.9488812999377,1050.0,0.00071979464522909,0.0
17584,1683129601000.0,0.0,0.0,0.5,2.4616483166284664,0.0,0.0,2.424,1.0,1.0,1709.965705458252,1050.0,1709.9468812999378,1050.0,0.00071979464522909,0.0
17585,1683133201000.0,0.0,0.0,0.5,2.4616483166284664,0.0,0.0,2.425,1.0,1.0,1709.965705458252,1050.0,1709.9473812999377,1050.0,0.00071979464522909,0.0
17586,1683136801000.0,0.0,0.0,1.2,2.4268534652618614,0.0,0.0,2.399,1.0,1.0,1709.965537318252,1050.0,1709.9321131599377,1050.0,0.0017030893867495656,0.0
17587,1683140401000.0,0.0,0.0,0.5,2.4578848316628465,0.0,0.0,2.463,1.0,1.0,1709.9884383557703,1050.0,1709.9909959399388,1050.0,0.0007186846345072987,0.0
17588,1683144001000.0,0.0,0.0,0.5,2.465130898997708,0.0,0.0,2.424,1.0,1.0,1709.9915623894376,1050.0,1709.9709969399387,1050.0,0.0007208020651146036,0.0
17589,1683147601000.0,0.0,0.0,0.5,2.465130898997708,0.0,0.0,2.46,1.0,1.0,1709.9915623894376,1050.0,1709.9889969399387,1050.0,0.0007208020651146036,0.0
17590,1683151201000.0,0.0,0.0,0.5,2.4793671236391748,0.0,0.0,2.482,1.0,1.0,1709.9980816217585,1050.0,1709.9993980599388,1050.0,0.0007249619605677418,0.0
17591,1683154801000.0,0.0,0.0,0.5,2.4864202741835046,0.0,0.0,2.502,1.0,1.0,1710.0013083370307,1050.0,1710.009098199939,1050.0,0.0007270229157314324,0.0
17592,1683158401000.0,0.0,0.0,0.5,2.507482779223637,0.0,0.0,2.506,1.0,1.0,1710.0109383295508,1050.0,1710.0101969399389,1050.0,0.0007331774092840331,0.0
17593,1683162001000.0,0.0,0.0,0.5,2.507482779223637,0.0,0.0,2.504,1.0,1.0,1710.0109383295508,1050.0,1710.0091969399389,1050.0,0.0007331774092840331,0.0
17594,1683165601000.0,0.0,0.0,0.5,2.5144896675341823,0.0,0.0,2.525,1.0,1.0,1710.014140793706,1050.0,1710.019395959939,1050.0,0.0007352248170202492,0.0
17595,1683169201000.0,0.0,0.0,0.5,2.5214938005205094,0.0,0.0,2.53,1.0,1.0,1710.0173416001994,1050.0,1710.0215946999392,1050.0,0.000737271412160343,0.0
17596,1683172801000.0,0.0,0.0,0.5,2.5214938005205094,0.0,0.0,2.521,1.0,1.0,1710.0173416001994,1050.0,1710.0170946999392,1050.0,0.000737271412160343,0.0
17597,1683176401000.0,0.0,0.0,0.5,2.5214938005205094,0.0,0.0,2.513,1.0,1.0,1710.0173416001994,1050.0,1710.013094699939,1050.0,0.000737271412160343,0.0
17598,1683180001000.0,0.0,0.0,0.5,2.5214938005205094,0.0,0.0,2.518,1.0,1.0,1710.0173416001994,1050.0,1710.0155946999391,1050.0,0.000737271412160343,0.0
17599,1683183601000.0,0.0,0.0,0.5,2.5214938005205094,0.0,0.0,2.507,1.0,1.0,1710.0173416001994,1050.0,1710.0100946999391,1050.0,0.000737271412160343,0.0
17600,1683187201000.0,0.0,0.0,0.5,2.5214938005205094,0.0,0.0,2.491,1.0,1.0,1710.0173416001994,1050.0,1710.002094699939,1050.0,0.000737271412160343,0.0
17601,1683190801000.0,0.0,0.0,0.5,2.5214938005205094,0.0,0.0,2.504,1.0,1.0,1710.0173416001994,1050.0,1710.008594699939,1050.0,0.000737271412160343,0.0
17602,1683194401000.0,0.0,0.0,0.5,2.5214938005205094,0.0,0.0,2.499,1.0,1.0,1710.0173416001994,1050.0,1710.0060946999392,1050.0,0.000737271412160343,0.0
17603,1683198001000.0,0.0,0.0,0.5,2.5214938005205094,0.0,0.0,2.496,1.0,1.0,1710.0173416001994,1050.0,1710.0045946999392,1050.0,0.000737271412160343,0.0
17604,1683201601000.0,0.0,0.0,0.5,2.5214938005205094,0.0,0.0,2.486,1.0,1.0,1710.0173416001994,1050.0,1709.999594699939,1050.0,0.000737271412160343,0.0
17605,1683205201000.0,0.0,0.0,0.5,2.5214938005205094,0.0,0.0,2.481,1.0,1.0,1710.0173416001994,1050.0,1709.9970946999392,1050.0,0.000737271412160343,0.0
17606,1683208801000.0,0.0,0.0,0.5,2.5214938005205094,0.0,0.0,2.471,1.0,1.0,1710.0173416001994,1050.0,1709.9920946999391,1050.0,0.000737271412160343,0.0
17607,1683212401000.0,0.0,0.0,0.5,2.5214938005205094,0.0,0.0,2.474,1.0,1.0,1710.0173416001994,1050.0,1709.9935946999392,1050.0,0.000737271412160343,0.0
17608,1683216001000.0,0.0,0.0,0.5,2.5214938005205094,0.0,0.0,2.463,1.0,1.0,1710.0173416001994,1050.0,1709.9880946999392,1050.0,0.000737271412160343,0.0
17609,1683219601000.0,0.0,0.0,1.2,2.486205750216879,0.0,0.0,2.468,1.0,1.0,1710.0171693301995,1050.0,1709.9953224299393,1050.0,0.0017446882720065597,0.0
17610,1683223201000.0,0.0,0.0,1.2,2.486205750216879,0.0,0.0,2.466,1.0,1.0,1710.0171693301995,1050.0,1709.9929224299392,1050.0,0.0017446882720065597,0.0
17611,1683226801000.0,0.0,0.0,1.2,2.486205750216879,0.0,0.0,2.457,1.0,1.0,1710.0171693301995,1050.0,1709.9821224299392,1050.0,0.0017446882720065597,0.0
17612,1683230401000.0,0.0,0.0,1.2,2.486205750216879,0.0,0.0,2.46,1.0,1.0,1710.0171693301995,1050.0,1709.9857224299392,1050.0,0.0017446882720065597,0.0
17613,1683234001000.0,0.0,0.0,1.2,2.486205750216879,0.0,0.0,2.482,1.0,1.0,1710.0171693301995,1050.0,1710.0121224299392,1050.0,0.0017446882720065597,0.0
17614,1683237601000.0,0.0,0.0,1.2,2.486205750216879,0.0,0.0,2.476,1.0,1.0,1710.0171693301995,1050.0,1710.0049224299394,1050.0,0.0017446882720065597,0.0
17615,1683241201000.0,0.0,0.0,1.2,2.486205750216879,0.0,0.0,2.478,1.0,1.0,1710.0171693301995,1050.0,1710.0073224299392,1050.0,0.0017446882720065597,0.0
17616,1683244801000.0,0.0,0.0,1.2,2.486205750216879,0.0,0.0,2.487,1.0,1.0,1710.0171693301995,1050.0,1710.0181224299392,1050.0,0.0017446882720065597,0.0
17617,1683248401000.0,0.0,0.0,1.2,2.486205750216879,0.0,0.0,2.479,1.0,1.0,1710.0171693301995,1050.0,1710.0085224299394,1050.0,0.0017446882720065597,0.0
17618,1683252001000.0,0.0,0.0,1.2,2.486205750216879,0.0,0.0,2.489,1.0,1.0,1710.0171693301995,1050.0,1710.0205224299393,1050.0,0.0017446882720065597,0.0
17619,1683255601000.0,0.0,0.0,1.2,2.486205750216879,0.0,0.0,2.479,1.0,1.0,1710.0171693301995,1050.0,1710.0085224299394,1050.0,0.0017446882720065597,0.0
17620,1683259201000.0,0.0,0.0,1.2,2.486205750216879,0.0,0.0,2.475,1.0,1.0,1710.0171693301995,1050.0,1710.0037224299392,1050.0,0.0017446882720065597,0.0
17621,1683262801000.0,0.0,0.0,1.2,2.486205750216879,0.0,0.0,2.48,1.0,1.0,1710.0171693301995,1050.0,1710.0097224299393,1050.0,0.0017446882720065597,0.0
17622,1683266401000.0,0.0,0.0,1.2,2.486205750216879,0.0,0.0,2.469,1.0,1.0,1710.0171693301995,1050.0,1709.9965224299392,1050.0,0.0017446882720065597,0.0
17623,1683270001000.0,0.0,0.0,1.2,2.486205750216879,0.0,0.0,2.469,1.0,1.0,1710.0171693301995,1050.0,1709.9965224299392,1050.0,0.0017446882720065597,0.0
17624,1683273601000.0,0.0,0.0,1.2,2.486205750216879,0.0,0.0,2.475,1.0,1.0,1710.0171693301995,1050.0,1710.0037224299392,1050.0,0.0017446882720065597,0.0
17625,1683277201000.0,0.0,0.0,1.2,2.486205750216879,0.0,0.0,2.475,1.0,1.0,1710.0171693301995,1050.0,1710.0037224299392,1050.0,0.0017446882720065597,0.0
17626,1683280801000.0,0.0,0.0,1.2,2.486205750216879,0.0,0.0,2.47,1.0,1.0,1710.0171693301995,1050.0,1709.9977224299394,1050.0,0.0017446882720065597,0.0
17627,1683284401000.0,0.0,0.0,1.2,2.486205750216879,0.0,0.0,2.486,1.0,1.0,1710.0171693301995,1050.0,1710.0169224299393,1050.0,0.0017446882720065597,0.0
17628,1683288001000.0,0.0,0.0,1.1,2.486205750216879,0.0,0.0,2.493,1.0,1.0,1710.018823725178,1050.0,1710.0262973999395,1050.0,0.001599296035397379,0.0
17629,1683291601000.0,0.0,0.0,1.1,2.486205750216879,0.0,0.0,2.469,1.0,1.0,1710.018823725178,1050.0,1709.9998973999395,1050.0,0.001599296035397379,0.0
17630,1683295201000.0,0.0,0.0,0.4,2.486205750216879,0.0,0.0,2.508,1.0,1.0,1710.0304044900272,1050.0,1710.0391221899404,1050.0,0.0005815582562014916,0.0
17631,1683298801000.0,0.0,0.0,0.5,2.514461865228107,0.0,0.0,2.513,1.0,1.0,1710.0416759125549,1050.0,1710.0409449799408,1050.0,0.0007352048492871607,0.0
17632,1683302401000.0,0.0,0.0,0.5,2.514461865228107,0.0,0.0,2.504,1.0,1.0,1710.0416759125549,1050.0,1710.0364449799408,1050.0,0.0007352048492871607,0.0
17633,1683306001000.0,0.0,0.0,0.3,2.5632303807840824,0.0,0.0,2.582,1.0,1.0,1710.065949254177,1050.0,1710.0715801399417,1050.0,0.00044967219806382356,0.0
17634,1683309601000.0,0.0,0.0,0.5,2.5703382284704492,0.0,0.0,2.571,1.0,1.0,1710.065897634177,1050.0,1710.0662285199417,1050.0,0.0007515319240113589,0.0
17635,1683313201000.0,0.0,0.0,0.5,2.5703382284704492,0.0,0.0,2.564,1.0,1.0,1710.065897634177,1050.0,1710.0627285199416,1050.0,0.0007515319240113589,0.0
17636,1683316801000.0,0.0,0.0,0.5,2.5703382284704492,0.0,0.0,2.567,1.0,1.0,1710.065897634177,1050.0,1710.0642285199417,1050.0,0.0007515319240113589,0.0
17637,1683320401000.0,0.0,0.0,0.5,2.5703382284704492,0.0,0.0,2.567,1.0,1.0,1710.065897634177,1050.0,1710.0642285199417,1050.0,0.0007515319240113589,0.0
17638,1683324001000.0,0.0,0.0,0.5,2.5703382284704492,0.0,0.0,2.572,1.0,1.0,1710.065897634177,1050.0,1710.0667285199418,1050.0,0.0007515319240113589,0.0
17639,1683327601000.0,0.0,0.0,0.5,2.5703382284704492,0.0,0.0,2.581,1.0,1.0,1710.065897634177,1050.0,1710.0712285199418,1050.0,0.0007515319240113589,0.0
17640,1683331201000.0,0.0,0.0,0.5,2.5703382284704492,0.0,0.0,2.568,1.0,1.0,1710.065897634177,1050.0,1710.0647285199418,1050.0,0.0007515319240113589,0.0
17641,1683334801000.0,0.0,0.0,0.5,2.5703382284704492,0.0,0.0,2.543,1.0,1.0,1710.065897634177,1050.0,1710.0522285199418,1050.0,0.0007515319240113589,0.0
17642,1683338401000.0,0.0,0.0,0.5,2.5703382284704492,0.0,0.0,2.518,1.0,1.0,1710.065897634177,1050.0,1710.0397285199417,1050.0,0.0007515319240113589,0.0
17643,1683342001000.0,0.0,0.0,1.2,2.5339742618626873,0.0,0.0,2.503,1.0,1.0,1710.065722074177,1050.0,1710.0285529599419,1050.0,0.0017781592104816927,0.0
17644,1683345601000.0,0.0,0.0,1.2,2.5339742618626873,0.0,0.0,2.497,1.0,1.0,1710.065722074177,1050.0,1710.0213529599419,1050.0,0.0017781592104816927,0.0
17645,1683349201000.0,0.0,0.0,1.2,2.5339742618626873,0.0,0.0,2.502,1.0,1.0,1710.065722074177,1050.0,1710.027352959942,1050.0,0.0017781592104816927,0.0
17646,1683352801000.0,0.0,0.0,1.2,2.5339742618626873,0.0,0.0,2.484,1.0,1.0,1710.065722074177,1050.0,1710.005752959942,1050.0,0.0017781592104816927,0.0
17647,1683356401000.0,0.0,0.0,2.8,2.498560397941152,0.0,0.0,2.466,1.0,1.0,1710.065326554177,1050.0,1709.9741574399418,1050.0,0.0040910537191770745,0.0
17648,1683360001000.0,0.0,0.0,2.8,2.498560397941152,0.0,0.0,2.455,1.0,1.0,1710.065326554177,1050.0,1709.9433574399418,1050.0,0.0040910537191770745,0.0
17649,1683363601000.0,0.0,0.0,6.5,2.4635183252669575,0.0,0.0,2.43,1.0,1.0,1710.064424864177,1050.0,1709.8465557499417,1050.0,0.009363898155770977,0.0
17650,1683367201000.0,0.0,0.0,6.5,2.4635183252669575,0.0,0.0,2.406,1.0,1.0,1710.064424864177,1050.0,1709.6905557499417,1050.0,0.009363898155770977,0.0
17651,1683370801000.0,0.0,0.0,6.5,2.4635183252669575,0.0,0.0,2.416,1.0,1.0,1710.064424864177,1050.0,1709.7555557499418,1050.0,0.009363898155770977,0.0
17652,1683374401000.0,0.0,0.0,6.5,2.4635183252669575,0.0,0.0,2.423,1.0,1.0,1710.064424864177,1050.0,1709.8010557499417,1050.0,0.009363898155770977,0.0
17653,1683378001000.0,0.0,0.0,15.2,2.427734810147054,0.0,0.0,2.393,1.0,1.0,1710.062335994177,1050.0,1709.5343668799417,1050.0,0.021579078339727185,0.0
17654,1683381601000.0,0.0,0.0,15.2,2.427734810147054,0.0,0.0,2.381,1.0,1.0,1710.062335994177,1050.0,1709.3519668799418,1050.0,0.021579078339727185,0.0
17655,1683385201000.0,0.0,0.0,35.5,2.389573777865781,0.0,0.0,2.354,1.0,1.0,1710.0575431641769,1050.0,1708.7946740499417,1050.0,0.049606441288093536,0.0
17656,1683388801000.0,0.0,0.0,35.5,2.389573777865781,0.0,0.0,2.352,1.0,1.0,1710.0575431641769,1050.0,1708.7236740499416,1050.0,0.049606441288093536,0.0
17657,1683392401000.0,0.0,0.0,35.5,2.389573777865781,0.0,0.0,2.37,1.0,1.0,1710.0575431641769,1050.0,1709.3626740499417,1050.0,0.049606441288093536,0.0
17658,1683396001000.0,0.0,0.0,35.5,2.389573777865781,0.0,0.0,2.377,1.0,1.0,1710.0575431641769,1050.0,1709.6111740499416,1050.0,0.049606441288093536,0.0
17659,1683399601000.0,0.0,0.0,35.5,2.389573777865781,0.0,0.0,2.397,1.0,1.0,1710.0575431641769,1050.0,1710.3211740499416,1050.0,0.049606441288093536,0.0
17660,1683403201000.0,0.0,0.0,27.3,2.389573777865781,0.0,0.0,2.397,1.0,1.0,1710.1902652656772,1050.0,1710.3930011299415,1050.0,0.03814509149109298,0.0
17661,1683406801000.0,0.0,0.0,27.3,2.389573777865781,0.0,0.0,2.391,1.0,1.0,1710.1902652656772,1050.0,1710.2292011299414,1050.0,0.03814509149109298,0.0
17662,1683410401000.0,0.0,0.0,27.3,2.389573777865781,0.0,0.0,2.395,1.0,1.0,1710.1902652656772,1050.0,1710.3384011299413,1050.0,0.03814509149109298,0.0
17663,1683414001000.0,0.0,0.0,27.3,2.389573777865781,0.0,0.0,2.383,1.0,1.0,1710.1902652656772,1050.0,1710.0108011299415,1050.0,0.03814509149109298,0.0
17664,1683417601000.0,0.0,0.0,27.3,2.389573777865781,0.0,0.0,2.388,1.0,1.0,1710.1902652656772,1050.0,1710.1473011299413,1050.0,0.03814509149109298,0.0
17665,1683421201000.0,0.0,0.0,27.3,2.389573777865781,0.0,0.0,2.388,1.0,1.0,1710.1902652656772,1050.0,1710.1473011299413,1050.0,0.03814509149109298,0.0
17666,1683424801000.0,0.0,0.0,27.3,2.389573777865781,0.0,0.0,2.384,1.0,1.0,1710.1902652656772,1050.0,1710.0381011299414,1050.0,0.03814509149109298,0.0
17667,1683428401000.0,0.0,0.0,27.3,2.389573777865781,0.0,0.0,2.363,1.0,1.0,1710.1902652656772,1050.0,1709.4648011299414,1050.0,0.03814509149109298,0.0
17668,1683432001000.0,0.0,0.0,27.3,2.389573777865781,0.0,0.0,2.367,1.0,1.0,1710.1902652656772,1050.0,1709.5740011299415,1050.0,0.03814509149109298,0.0
17669,1683435601000.0,0.0,0.0,27.3,2.389573777865781,0.0,0.0,2.386,1.0,1.0,1710.1902652656772,1050.0,1710.0927011299414,1050.0,0.03814509149109298,0.0
17670,1683439201000.0,0.0,0.0,27.3,2.389573777865781,0.0,0.0,2.387,1.0,1.0,1710.1902652656772,1050.0,1710.1200011299413,1050.0,0.03814509149109298,0.0
17671,1683442801000.0,0.0,0.0,27.3,2.389573777865781,0.0,0.0,2.383,1.0,1.0,1710.1902652656772,1050.0,1710.0108011299415,1050.0,0.03814509149109298,0.0
17672,1683446401000.0,0.0,0.0,27.3,2.389573777865781,0.0,0.0,2.382,1.0,1.0,1710.1902652656772,1050.0,1709.9835011299415,1050.0,0.03814509149109298,0.0
17673,1683450001000.0,0.0,0.0,27.3,2.389573777865781,0.0,0.0,2.381,1.0,1.0,1710.1902652656772,1050.0,1709.9562011299413,1050.0,0.03814509149109298,0.0
17674,1683453601000.0,0.0,0.0,27.3,2.389573777865781,0.0,0.0,2.378,1.0,1.0,1710.1902652656772,1050.0,1709.8743011299414,1050.0,0.03814509149109298,0.0
17675,1683457201000.0,0.0,0.0,27.3,2.389573777865781,0.0,0.0,2.381,1.0,1.0,1710.1902652656772,1050.0,1709.9562011299413,1050.0,0.03814509149109298,0.0
17676,1683460801000.0,0.0,0.0,27.3,2.389573777865781,0.0,0.0,2.375,1.0,1.0,1710.1902652656772,1050.0,1709.7924011299415,1050.0,0.03814509149109298,0.0
17677,1683464401000.0,0.0,0.0,27.3,2.389573777865781,0.0,0.0,2.371,1.0,1.0,1710.1902652656772,1050.0,1709.6832011299414,1050.0,0.03814509149109298,0.0
17678,1683468001000.0,0.0,0.0,27.3,2.389573777865781,0.0,0.0,2.386,1.0,1.0,1710.1902652656772,1050.0,1710.0927011299414,1050.0,0.03814509149109298,0.0
17679,1683471601000.0,0.0,0.0,27.3,2.389573777865781,0.0,0.0,2.399,1.0,1.0,1710.1902652656772,1050.0,1710.4476011299414,1050.0,0.03814509149109298,0.0
17680,1683475201000.0,0.0,0.0,27.3,2.389573777865781,0.0,0.0,2.383,1.0,1.0,1710.1902652656772,1050.0,1710.0108011299415,1050.0,0.03814509149109298,0.0
17681,1683478801000.0,0.0,0.0,27.3,2.389573777865781,0.0,0.0,2.373,1.0,1.0,1710.1902652656772,1050.0,1709.7378011299413,1050.0,0.03814509149109298,0.0
17682,1683482401000.0,0.0,0.0,27.3,2.389573777865781,0.0,0.0,2.359,1.0,1.0,1710.1902652656772,1050.0,1709.3556011299413,1050.0,0.03814509149109298,0.0
17683,1683486001000.0,0.0,0.0,27.3,2.389573777865781,0.0,0.0,2.36,1.0,1.0,1710.1902652656772,1050.0,1709.3829011299415,1050.0,0.03814509149109298,0.0
17684,1683489601000.0,0.0,0.0,27.3,2.389573777865781,0.0,0.0,2.362,1.0,1.0,1710.1902652656772,1050.0,1709.4375011299414,1050.0,0.03814509149109298,0.0
17685,1683493201000.0,0.0,0.0,27.3,2.389573777865781,0.0,0.0,2.383,1.0,1.0,1710.1902652656772,1050.0,1710.0108011299415,1050.0,0.03814509149109298,0.0
17686,1683496801000.0,0.0,0.0,27.3,2.389573777865781,0.0,0.0,2.377,1.0,1.0,1710.1902652656772,1050.0,1709.8470011299414,1050.0,0.03814509149109298,0.0
17687,1683500401000.0,0.0,0.0,27.3,2.389573777865781,0.0,0.0,2.385,1.0,1.0,1710.1902652656772,1050.0,1710.0654011299414,1050.0,0.03814509149109298,0.0
17688,1683504001000.0,0.0,0.0,27.3,2.389573777865781,0.0,0.0,2.359,1.0,1.0,1710.1902652656772,1050.0,1709.3556011299413,1050.0,0.03814509149109298,0.0
17689,1683507601000.0,0.0,0.0,27.3,2.389573777865781,0.0,0.0,2.366,1.0,1.0,1710.1902652656772,1050.0,1709.5467011299413,1050.0,0.03814509149109298,0.0
17690,1683511201000.0,0.0,0.0,224.9,2.283514736041511,0.0,0.0,2.266,1.0,1.0,1710.1454325556774,1050.0,1706.2063684199416,1050.0,0.3003033861092487,0.0
17691,1683514801000.0,0.0,0.0,224.9,2.283514736041511,0.0,0.0,2.29,1.0,1.0,1710.1454325556774,1050.0,1711.6039684199416,1050.0,0.3003033861092487,0.0
17692,1683518401000.0,0.0,0.0,224.9,2.283514736041511,0.0,0.0,2.255,1.0,1.0,1710.1454325556774,1050.0,1703.7324684199416,1050.0,0.3003033861092487,0.0
17693,1683522001000.0,0.0,0.0,224.9,2.283514736041511,0.0,0.0,2.228,1.0,1.0,1710.1454325556774,1050.0,1697.6601684199416,1050.0,0.3003033861092487,0.0
17694,1683525601000.0,0.0,0.0,224.9,2.283514736041511,0.0,0.0,2.239,1.0,1.0,1710.1454325556774,1050.0,1700.1340684199415,1050.0,0.3003033861092487,0.0
17695,1683529201000.0,0.0,0.0,224.9,2.283514736041511,0.0,0.0,2.237,1.0,1.0,1710.1454325556774,1050.0,1699.6842684199416,1050.0,0.3003033861092487,0.0
17696,1683532801000.0,0.0,0.0,224.9,2.283514736041511,0.0,0.0,2.236,1.0,1.0,1710.1454325556774,1050.0,1699.4593684199417,1050.0,0.3003033861092487,0.0
17697,1683536401000.0,0.0,0.0,224.9,2.283514736041511,0.0,0.0,2.248,1.0,1.0,1710.1454325556774,1050.0,1702.1581684199416,1050.0,0.3003033861092487,0.0
17698,1683540001000.0,0.0,0.0,225.1,2.2812310759625736,0.0,0.0,2.26,1.0,1.0,1709.8623515591169,1050.0,1705.0832363599416,1050.0,0.3003195635782857,0.0
17699,1683543601000.0,0.0,0.0,209.6,2.2812310759625736,0.0,0.0,2.269,1.0,1.0,1709.566363221697,1050.0,1707.0027296999415,1050.0,0.2796884893199956,0.0
17700,1683547201000.0,0.0,0.0,225.2,2.2797594738976703,0.0,0.0,2.267,1.0,1.0,1709.562837641697,1050.0,1706.6894041199414,1050.0,0.30031176521711334,0.0
17701,1683550801000.0,0.0,0.0,209.7,2.2797594738976703,0.0,0.0,2.269,1.0,1.0,1709.3794501562818,1050.0,1707.1231884799404,1050.0,0.27967199537389653,0.0
17702,1683554401000.0,0.0,0.0,209.7,2.2797594738976703,0.0,0.0,2.267,1.0,1.0,1709.3794501562818,1050.0,1706.7037884799404,1050.0,0.27967199537389653,0.0
17703,1683558001000.0,0.0,0.0,209.9,2.2777860632383304,0.0,0.0,2.276,1.0,1.0,1709.1654310536646,1050.0,1708.790536379939,1050.0,0.2797314326553998,0.0
17704,1683561601000.0,0.0,0.0,225.5,2.276152075251512,0.0,0.0,2.262,1.0,1.0,1709.0869532991549,1050.0,1705.895660329939,1050.0,0.3003195899298248,0.0
17705,1683565201000.0,0.0,0.0,225.5,2.276152075251512,0.0,0.0,2.249,1.0,1.0,1709.0869532991549,1050.0,1702.964160329939,1050.0,0.3003195899298248,0.0
17706,1683568801000.0,0.0,0.0,225.5,2.276152075251512,0.0,0.0,2.175,1.0,1.0,1709.0869532991549,1050.0,1686.2771603299389,1050.0,0.3003195899298248,0.0
17707,1683572401000.0,0.0,0.0,225.5,2.276152075251512,0.0,0.0,2.159,1.0,1.0,1709.0869532991549,1050.0,1682.669160329939,1050.0,0.3003195899298248,0.0
17708,1683576001000.0,0.0,0.0,225.5,2.276152075251512,0.0,0.0,2.15,1.0,1.0,1709.0869532991549,1050.0,1680.6396603299388,1050.0,0.3003195899298248,0.0
17709,1683579601000.0,0.0,0.0,225.5,2.276152075251512,0.0,0.0,2.138,1.0,1.0,1709.0869532991549,1050.0,1677.933660329939,1050.0,0.3003195899298248,0.0
17710,1683583201000.0,0.0,0.0,225.5,2.276152075251512,0.0,0.0,2.134,1.0,1.0,1709.0869532991549,1050.0,1677.0316603299389,1050.0,0.3003195899298248,0.0
17711,1683586801000.0,0.0,0.0,225.5,2.276152075251512,0.0,0.0,2.148,1.0,1.0,1709.0869532991549,1050.0,1680.188660329939,1050.0,0.3003195899298248,0.0
